0.535141 0.245743 0.219016 9.99912E-05
9.999E-05 0.576388 0.283844 0.139668
0.649806 0.0341708 0.315923 9.99912E-05
0.159867 0.58921 9.99912E-05 0.250824
9.998E-05 9.998E-05 0.9997 9.998E-05
0.507293 9.99911E-05 0.466532 0.0260753
0.462382 9.99912E-05 0.0794492 0.458069
0.376783 9.99825E-05 9.99825E-05 0.623017
9.999E-05 0.536446 0.361011 0.102443
0.0425847 9.99824E-05 9.99824E-05 0.957215
9.99912E-05 0.413509 0.495475 0.0909154
9.999E-05 0.278582 0.436995 0.284323
9.99827E-05 0.095695 0.904105 9.99827E-05
9.998E-05 9.998E-05 0.9997 9.998E-05
0.295093 0.0719202 0.632887 9.99913E-05
0.213734 0.230953 0.555213 9.99913E-05
0.590962 9.99911E-05 0.284466 0.124471
9.99913E-05 0.0314438 0.809981 0.158476
0.864722 0.135078 9.99824E-05 9.99824E-05
9.99912E-05 0.356344 0.0301074 0.613448
0.598411 9.99825E-05 9.99825E-05 0.401389
9.99824E-05 0.508126 9.99824E-05 0.491674
0.790873 9.99825E-05 0.208927 9.99825E-05
0.46966 0.454913 9.99913E-05 0.0753261
9.998E-05 0.9997 9.998E-05 9.998E-05
0.347289 9.99824E-05 9.99824E-05 0.652511
0.556967 0.152044 9.99912E-05 0.29089
9.99825E-05 0.18431 9.99825E-05 0.81549
0.392277 0.0603029 0.54732 9.99912E-05
9.99826E-05 9.99826E-05 0.222986 0.776814
0.204408 9.99824E-05 0.795392 9.99824E-05
0.202323 9.99913E-05 0.663577 0.134
0.0423319 0.109584 9.99913E-05 0.847984
9.998E-05 9.998E-05 9.998E-05 0.9997
9.99912E-05 0.0404134 0.352904 0.606583
0.292405 0.209772 9.99913E-05 0.497722
0.258528 0.545522 9.99912E-05 0.19585
0.0964794 0.491679 9.99912E-05 0.411742
0.171568 0.543809 9.99912E-05 0.284523
0.943769 0.0560309 9.99825E-05 9.99825E-05
0.678962 0.320838 9.99826E-05 9.99826E-05
0.785122 9.99825E-05 0.214678 9.99825E-05
9.99911E-05 0.434522 0.132423 0.432955
0.505105 0.237192 0.257603 9.99914E-05
9.998E-05 9.998E-05 9.998E-05 0.9997
0.645157 0.328431 9.99913E-05 0.0263117
0.181249 9.99912E-05 0.638098 0.180553
0.346624 0.273125 0.331013 0.0492375
0.887299 0.0629175 9.99912E-05 0.0496838
0.364974 9.99823E-05 0.634826 9.99823E-05
9.99824E-05 9.99824E-05 0.152681 0.847119
0.543863 0.0371418 0.418896 9.99912E-05
0.205616 0.136524 9.99912E-05 0.65776
0.809354 9.99823E-05 0.190446 9.99823E-05
9.99825E-05 0.384083 0.615717 9.99825E-05
0.202934 9.99826E-05 9.99826E-05 0.796866
9.99823E-05 9.99823E-05 0.649645 0.350155
0.00763126 9.99824E-05 0.992169 9.99824E-05
9.99912E-05 0.23308 0.469382 0.297438
9.998E-05 9.998E-05 9.998E-05 0.9997
0.495744 9.99912E-05 0.465991 0.0381651
0.784512 9.99825E-05 9.99825E-05 0.215288
0.0191037 0.64475 0.0580457 0.2781
0.682557 9.99912E-05 0.0425541 0.274789
0.0549889 9.99912E-05 0.657676 0.287235
9.99824E-05 9.99824E-05 0.086893 0.912907
0.130816 9.99826E-05 9.99826E-05 0.868984
0.437681 0.0221908 9.99912E-05 0.540029
0.464368 9.99913E-05 0.00429198 0.53124
9.99825E-05 0.361962 0.637838 9.99825E-05
9.99912E-05 0.20799 0.308772 0.483138
0.962304 9.99825E-05 9.99825E-05 0.0374962
9.99824E-05 9.99824E-05 0.388231 0.611569
0.550717 0.449083 9.99825E-05 9.99825E-05
9.99824E-05 9.99824E-05 0.398458 0.601342
0.0988998 0.349927 0.219521 0.331652
9.99825E-05 0.247176 0.752624 9.99825E-05
9.99912E-05 0.200291 0.755406 0.0442034
9.998E-05 9.998E-05 9.998E-05 0.9997
0.280165 9.99912E-05 0.377313 0.342423
9.99912E-05 0.224093 0.317752 0.458055
0.170687 0.67773 9.99913E-05 0.151483
0.229619 9.99913E-05 0.550243 0.220038
0.0862574 0.153836 9.99912E-05 0.759806
0.465476 0.372965 0.161459 9.99913E-05
9.99912E-05 0.0680811 0.129405 0.802414
0.190042 9.99824E-05 9.99824E-05 0.809758
0.285069 0.187211 0.492212 0.0355088
0.125349 0.474028 0.400523 9.99914E-05
0.120732 9.99824E-05 9.99824E-05 0.879068
9.99826E-05 9.99826E-05 0.434169 0.565631
0.446391 0.266224 0.157587 0.129798
0.50434 9.99825E-05 9.99825E-05 0.49546
0.252857 0.427016 0.320026 9.99912E-05
0.836589 9.99825E-05 9.99825E-05 0.163211
9.99824E-05 0.905384 9.99824E-05 0.0944157
0.138115 0.281766 9.99913E-05 0.580019
0.132704 9.99913E-05 0.00278813 0.864408
9.99824E-05 0.71139 9.99824E-05 0.28841
0.658113 9.99824E-05 9.99824E-05 0.341687
0.490473 0.335827 0.00410078 0.169599
0.0364798 9.99825E-05 9.99825E-05 0.96332
0.449788 0.438868 0.111244 9.99912E-05
0.968201 0.0315988 9.99825E-05 9.99825E-05
0.9997 9.998E-05 9.998E-05 9.998E-05
9.99824E-05 0.927039 9.99824E-05 0.0727611
0.414327 9.99912E-05 0.204714 0.380859
0.260607 0.000307651 9.99913E-05 0.738986
9.99824E-05 9.99824E-05 0.509392 0.490408
9.99824E-05 9.99824E-05 0.628715 0.371085
0.0092793 0.990521 9.99824E-05 9.99824E-05
0.483283 0.0559388 9.99913E-05 0.460678
0.0489002 0.233384 0.204773 0.512942
0.742373 0.124381 0.133146 9.99912E-05
0.139644 9.99826E-05 9.99826E-05 0.860156
0.705821 0.293979 9.99825E-05 9.99825E-05
0.20122 0.181827 9.99912E-05 0.616852
0.670959 0.0113849 0.260853 0.0568031
0.386223 9.99824E-05 0.613577 9.99824E-05
0.201724 0.282391 0.515785 9.99912E-05
0.9997 9.998E-05 9.998E-05 9.998E-05
0.523819 0.446582 9.99913E-05 0.0294985
9.99825E-05 9.99825E-05 0.00373351 0.996067
0.526904 0.233689 9.99912E-05 0.239306
0.399007 9.99912E-05 0.412687 0.188206
0.168843 0.541869 9.99912E-05 0.289188
0.408423 0.591377 9.99824E-05 9.99824E-05
0.363347 9.99912E-05 0.0802276 0.556326
0.3252 0.346534 0.258182 0.0700837
0.744451 9.99912E-05 0.224966 0.0304833
0.226987 0.52623 9.99912E-05 0.246683
0.29445 0.331229 0.00832166 0.365999
9.99824E-05 9.99824E-05 0.268047 0.731753
0.261193 0.0665123 0.251822 0.420473
9.998E-05 0.9997 9.998E-05 9.998E-05
9.99825E-05 0.5005 9.99825E-05 0.4993
0.112296 0.278663 0.608941 9.99913E-05
0.674123 9.99824E-05 9.99824E-05 0.325677
9.99913E-05 0.371591 0.504902 0.123407
0.9997 9.998E-05 9.998E-05 9.998E-05
9.99912E-05 0.458294 0.083961 0.457645
0.436835 0.425443 0.137622 9.99912E-05
0.213444 0.104939 0.516784 0.164832
0.710065 9.99825E-05 9.99825E-05 0.289735
0.114056 0.148486 9.99913E-05 0.737358
0.160951 9.99913E-05 0.586067 0.252882
0.756827 0.242973 9.99826E-05 9.99826E-05
0.106979 0.0337313 0.85919 9.99912E-05
0.439465 9.99913E-05 0.20173 0.358705
0.124949 0.461805 9.99913E-05 0.413146
0.866574 0.133226 9.99825E-05 9.99825E-05
0.108961 9.99825E-05 0.890839 9.99825E-05
9.99825E-05 9.99825E-05 0.218167 0.781633
9.99913E-05 0.115557 0.512374 0.37197
9.99824E-05 9.99824E-05 0.472976 0.526824
0.468886 0.115319 9.99912E-05 0.415695
9.99825E-05 0.186422 0.813378 9.99825E-05
0.722231 9.99912E-05 0.266044 0.0116245
9.99825E-05 0.526976 9.99825E-05 0.472824
9.998E-05 9.998E-05 9.998E-05 0.9997
0.388421 0.109477 0.502002 9.99913E-05
0.9997 9.998E-05 9.998E-05 9.998E-05
9.99823E-05 9.99823E-05 0.836203 0.163597
0.260385 0.177205 0.56231 9.99913E-05
0.632238 0.0574775 0.0203813 0.289903
9.998E-05 0.9997 9.998E-05 9.998E-05
0.234204 9.99912E-05 0.31236 0.453336
0.687736 0.262421 0.049743 9.99913E-05
0.328129 9.99912E-05 0.336041 0.33573
0.570643 9.99824E-05 0.429157 9.99824E-05
0.168197 0.538269 9.99912E-05 0.293434
9.99913E-05 0.0140003 0.391634 0.594266
9.99826E-05 0.359089 9.99826E-05 0.640711
0.595698 0.404102 9.99826E-05 9.99826E-05
0.377698 9.99825E-05 9.99825E-05 0.622102
9.99825E-05 9.99825E-05 0.399944 0.599856
0.200559 9.99912E-05 0.0136601 0.785681
0.238694 9.99825E-05 9.99825E-05 0.761106
9.99825E-05 9.99825E-05 0.426457 0.573344
0.382557 0.125925 9.99912E-05 0.491418
9.99912E-05 0.00389449 0.906164 0.0898419
9.99912E-05 0.220049 0.311679 0.468172
9.99912E-05 0.416508 0.204402 0.37899
0.364764 0.262649 0.0573531 0.315234
0.626333 9.99823E-05 0.373467 9.99823E-05
0.164254 0.209764 0.625882 9.99913E-05
0.342411 0.562278 9.99912E-05 0.0952111
9.99913E-05 0.445828 0.110587 0.443485
9.99912E-05 0.121682 0.129701 0.748517
9.99826E-05 0.524037 0.475763 9.99826E-05
9.99825E-05 9.99825E-05 0.0717661 0.928034
9.99824E-05 0.198618 0.801182 9.99824E-05
0.270439 9.99825E-05 0.729361 9.99825E-05
0.9997 9.998E-05 9.998E-05 9.998E-05
0.188803 0.316553 0.494544 9.99912E-05
0.227916 0.512797 9.99912E-05 0.259188
9.99824E-05 0.603273 9.99824E-05 0.396527
9.99825E-05 9.99825E-05 0.0679719 0.931828
9.99826E-05 0.968797 0.0310033 9.99826E-05
0.268436 9.99825E-05 0.731364 9.99825E-05
9.99824E-05 0.122879 0.876921 9.99824E-05
0.116223 0.127171 0.346235 0.410372
0.232248 0.37908 9.99913E-05 0.388572
0.847538 0.152262 9.99824E-05 9.99824E-05
9.998E-05 9.998E-05 9.998E-05 0.9997
0.0987382 9.99824E-05 9.99824E-05 0.901062
0.335447 9.99824E-05 0.664354 9.99824E-05
0.0199377 9.99912E-05 0.790652 0.18931
0.210358 0.789442 9.99826E-05 9.99826E-05
0.248236 0.338788 0.412876 9.99912E-05
9.99824E-05 0.609333 9.99824E-05 0.390467
9.99825E-05 0.284291 9.99825E-05 0.715509
0.400268 0.0465268 9.99913E-05 0.553105
9.99826E-05 0.208645 0.791155 9.99826E-05
0.14919 0.695007 0.155702 9.99912E-05
0.610386 9.99825E-05 0.389414 9.99825E-05
0.763082 0.103113 9.99913E-05 0.133705
9.99823E-05 0.298679 9.99823E-05 0.701121
9.99912E-05 0.267438 0.407335 0.325127
9.998E-05 9.998E-05 9.998E-05 0.9997
9.998E-05 9.998E-05 9.998E-05 0.9997
0.789597 0.210203 9.99827E-05 9.99827E-05
0.0773073 0.51777 9.99912E-05 0.404823
9.99825E-05 0.618132 9.99825E-05 0.381668
0.934728 9.99824E-05 0.0650721 9.99824E-05
0.289299 9.99912E-05 0.247674 0.462926
0.986397 9.99826E-05 0.0134029 9.99826E-05
9.99912E-05 0.107037 0.561078 0.331785
9.99912E-05 0.401493 0.195494 0.402913
0.0410025 0.501479 0.122764 0.334754
0.230975 0.377249 0.0806575 0.311118
0.300543 9.99912E-05 0.433354 0.266002
0.4329 9.99825E-05 0.5669 9.99825E-05
9.998E-05 9.998E-05 9.998E-05 0.9997
0.468476 9.99912E-05 0.0475712 0.483853
0.436594 0.464733 0.0985732 9.99912E-05
0.443697 9.99912E-05 0.172285 0.383918
0.282104 9.99824E-05 9.99824E-05 0.717696
0.329506 0.40536 0.0989354 0.166198
0.00551756 9.99913E-05 0.1642 0.830182
9.99913E-05 0.156849 0.199357 0.643693
0.339202 0.394104 0.266594 9.99912E-05
0.0917101 0.102331 0.328058 0.477901
0.239968 0.148618 0.257052 0.354362
0.430298 0.160858 0.408743 9.99912E-05
0.398623 9.99914E-05 0.427058 0.174219
9.99912E-05 0.229372 0.510129 0.260399
0.318255 0.191049 9.99912E-05 0.490596
0.514878 9.99912E-05 0.385204 0.0998183
0.169541 0.455113 0.206224 0.169122
0.251691 9.99912E-05 0.153861 0.594348
0.265871 9.99912E-05 0.383848 0.350182
0.657381 0.119203 9.99913E-05 0.223315
0.306501 9.99913E-05 0.285599 0.4078
0.121174 9.99912E-05 0.396052 0.482673
9.99824E-05 0.358452 0.641348 9.99824E-05
9.99912E-05 0.0427034 0.360468 0.596728
0.397495 0.0500233 9.99912E-05 0.552382
9.99912E-05 0.624305 0.257688 0.117907
0.0733056 9.99912E-05 0.287903 0.638691
9.99824E-05 9.99824E-05 0.260384 0.739416
