9.99824E-05 0.303047 9.99824E-05 0.696753
0.207685 0.137328 0.539004 0.115983
0.548928 0.450872 9.99824E-05 9.99824E-05
0.264722 0.0848634 0.221388 0.429027
0.388235 9.99826E-05 0.611565 9.99826E-05
0.9997 9.998E-05 9.998E-05 9.998E-05
0.326905 9.99912E-05 0.293706 0.379289
0.347213 0.317527 0.174549 0.160711
9.999E-05 0.728875 0.102043 0.168982
9.99824E-05 9.99824E-05 0.631745 0.368055
0.393461 9.999E-05 0.352983 0.253457
0.675678 9.99825E-05 9.99825E-05 0.324122
0.521189 0.247266 0.231445 9.99912E-05
0.237908 0.395222 9.99913E-05 0.36677
0.724177 9.99826E-05 9.99826E-05 0.275623
0.146821 9.99913E-05 0.531378 0.321701
0.879237 9.99826E-05 0.120563 9.99826E-05
0.821827 9.99825E-05 9.99825E-05 0.177973
0.24511 0.519099 9.99913E-05 0.235691
0.129002 9.99825E-05 9.99825E-05 0.870798
9.998E-05 0.9997 9.998E-05 9.998E-05
0.10339 9.99913E-05 0.252597 0.643913
9.998E-05 0.9997 9.998E-05 9.998E-05
0.140601 9.99911E-05 0.1974 0.661899
0.466434 0.246837 9.99913E-05 0.28663
0.493834 0.449089 9.99912E-05 0.056977
9.99825E-05 0.787939 9.99825E-05 0.211861
0.280923 0.357288 0.361688 9.99913E-05
0.264976 9.99913E-05 0.137212 0.597712
0.371141 9.99825E-05 9.99825E-05 0.628659
0.370693 0.0168765 9.99912E-05 0.61233
0.197011 0.515487 9.99913E-05 0.287402
9.99912E-05 0.339165 0.285082 0.375652
0.65597 0.0497164 9.99912E-05 0.294214
0.43376 0.56604 9.99824E-05 9.99824E-05
0.250747 9.99824E-05 9.99824E-05 0.749053
0.011543 9.99913E-05 0.603244 0.385113
0.274227 0.378497 0.347176 9.99912E-05
0.9997 9.998E-05 9.998E-05 9.998E-05
0.251066 0.731959 0.0168747 9.99914E-05
0.612355 9.99825E-05 9.99825E-05 0.387445
0.577769 9.99912E-05 0.0927442 0.329387
0.295104 9.99912E-05 0.516709 0.188087
0.245361 0.299844 0.272429 0.182367
0.818071 9.99912E-05 0.0503009 0.131528
0.0174938 9.99912E-05 0.238008 0.744398
9.99913E-05 0.968085 0.0176306 0.0141841
0.0385663 0.284045 0.478871 0.198518
9.99825E-05 9.99825E-05 0.509407 0.490393
0.0101239 0.384859 9.99912E-05 0.604917
0.758814 9.99825E-05 9.99825E-05 0.240986
0.280311 9.99912E-05 0.593496 0.126093
0.412121 0.575543 0.0122357 9.99913E-05
9.998E-05 9.998E-05 9.998E-05 0.9997
0.765734 0.013098 0.118607 0.10256
9.99826E-05 0.760007 9.99826E-05 0.239793
0.0879865 0.783255 9.99912E-05 0.128658
0.527165 9.99913E-05 0.293107 0.179628
9.99912E-05 0.405181 0.0485096 0.546209
0.0384819 0.837621 9.99912E-05 0.123797
9.998E-05 9.998E-05 9.998E-05 0.9997
0.0535923 0.946208 9.99824E-05 9.99824E-05
0.42477 9.99825E-05 9.99825E-05 0.57503
9.99824E-05 0.516203 0.483597 9.99824E-05
9.99912E-05 0.15149 0.55592 0.29249
0.70924 0.29056 9.99824E-05 9.99824E-05
0.36004 0.543254 0.0966054 9.99912E-05
0.262673 9.99912E-05 0.0532119 0.684015
0.191551 0.0897398 9.99913E-05 0.718609
9.998E-05 9.998E-05 9.998E-05 0.9997
9.99824E-05 0.253168 9.99824E-05 0.746632
0.0131583 9.99912E-05 0.0373714 0.94937
9.99823E-05 0.243755 9.99823E-05 0.756045
9.99826E-05 0.325238 0.674562 9.99826E-05
0.9997 9.998E-05 9.998E-05 9.998E-05
0.666763 9.99824E-05 0.333037 9.99824E-05
0.835065 9.99824E-05 9.99824E-05 0.164735
0.870695 9.99823E-05 9.99823E-05 0.129105
0.0265683 0.973232 9.99826E-05 9.99826E-05
0.31766 9.99912E-05 0.243326 0.438914
0.390357 0.609443 9.99824E-05 9.99824E-05
0.398086 9.99826E-05 0.601714 9.99826E-05
0.0212257 0.199628 0.145727 0.633419
9.99912E-05 0.108942 0.270709 0.620249
0.574905 9.99912E-05 0.247582 0.177413
0.0949772 9.99824E-05 9.99824E-05 0.904823
9.99825E-05 0.758033 9.99825E-05 0.241767
0.383536 9.99912E-05 0.0992862 0.517078
9.99827E-05 0.0683903 9.99827E-05 0.93141
9.99912E-05 0.553296 0.0551547 0.391449
0.273393 0.726407 9.99825E-05 9.99825E-05
0.301501 9.99825E-05 0.698299 9.99825E-05
9.99912E-05 0.909411 0.088586 0.00190337
0.994517 9.99824E-05 0.00528339 9.99824E-05
9.998E-05 0.9997 9.998E-05 9.998E-05
0.529908 0.458477 0.0115148 9.99912E-05
0.267024 9.99913E-05 0.161429 0.571447
0.0370881 0.538726 0.162665 0.261521
9.99823E-05 9.99823E-05 0.070075 0.929725
0.144918 0.773015 9.99913E-05 0.0819664
9.998E-05 0.9997 9.998E-05 9.998E-05
0.356754 0.327988 0.315158 9.99913E-05
9.99827E-05 9.99827E-05 0.494258 0.505542
0.655163 0.344637 9.99826E-05 9.99826E-05
9.99913E-05 0.155721 0.666598 0.177581
0.777414 9.99823E-05 0.222386 9.99823E-05
0.139816 0.0920258 9.99912E-05 0.768058
0.129573 0.461456 0.298239 0.110732
0.488632 9.99825E-05 9.99825E-05 0.511168
0.341222 0.634577 0.0241013 9.99912E-05
0.0782403 9.99824E-05 9.99824E-05 0.92156
0.845694 0.154106 9.99825E-05 9.99825E-05
9.99824E-05 0.521817 0.477983 9.99824E-05
9.998E-05 9.998E-05 9.998E-05 0.9997
0.590451 0.399319 9.99913E-05 0.0101294
9.99825E-05 9.99825E-05 0.610736 0.389064
9.99914E-05 0.762432 0.231168 0.00630011
0.248356 0.365184 0.38636 9.99913E-05
0.559794 0.440006 9.99825E-05 9.99825E-05
0.312987 9.99825E-05 9.99825E-05 0.686813
0.9997 9.998E-05 9.998E-05 9.998E-05
0.00464305 0.0262796 0.09224 0.876837
0.0141843 0.0143446 0.901352 0.0701186
0.582029 9.99912E-05 0.349998 0.0678737
0.0863586 0.879456 9.99912E-05 0.0340856
0.102896 9.99824E-05 9.99824E-05 0.896904
0.220533 0.00393426 0.552286 0.223247
0.762542 0.16841 0.068948 9.99912E-05
9.99825E-05 0.481065 0.518735 9.99825E-05
9.99912E-05 0.0733837 0.45408 0.472436
0.682857 9.99825E-05 9.99825E-05 0.316943
9.998E-05 0.9997 9.998E-05 9.998E-05
0.00904843 0.57432 0.416532 9.99912E-05
0.0106352 0.685849 9.99912E-05 0.303416
9.99912E-05 0.0329415 0.689239 0.27772
0.543287 0.456513 9.99824E-05 9.99824E-05
0.512865 9.99912E-05 0.259485 0.22755
0.0946366 0.574926 0.101695 0.228742
0.263383 9.99824E-05 0.736417 9.99824E-05
9.998E-05 9.998E-05 9.998E-05 0.9997
9.99913E-05 0.443967 0.137745 0.418188
0.348387 9.99825E-05 9.99825E-05 0.651413
0.751182 0.0878272 0.160891 9.99912E-05
0.666952 9.99826E-05 9.99826E-05 0.332848
9.998E-05 0.9997 9.998E-05 9.998E-05
9.99912E-05 0.742543 0.0435811 0.213776
0.69816 0.156397 9.99912E-05 0.145343
9.99912E-05 0.00322749 0.107996 0.888677
9.99824E-05 0.65523 0.34457 9.99824E-05
9.99826E-05 9.99826E-05 0.176455 0.823345
0.767069 0.0525094 0.0923054 0.088116
9.998E-05 0.9997 9.998E-05 9.998E-05
0.79978 0.137917 0.0622034 9.99912E-05
0.85827 9.99825E-05 9.99825E-05 0.14153
9.99913E-05 0.268544 0.307645 0.423711
9.99825E-05 9.99825E-05 0.979058 0.0207417
0.742394 9.99826E-05 9.99826E-05 0.257406
0.9997 9.998E-05 9.998E-05 9.998E-05
9.99825E-05 9.99825E-05 0.43597 0.56383
0.245568 0.124756 0.495619 0.134056
9.99825E-05 0.429629 9.99825E-05 0.570171
0.194371 0.299159 9.99912E-05 0.506369
9.99824E-05 0.963294 0.0365056 9.99824E-05
0.240478 0.517319 0.0636648 0.178538
0.0816758 0.217425 0.166707 0.534192
0.0377222 0.0890168 0.513742 0.359519
0.372122 0.10809 0.519687 9.99912E-05
0.572212 9.99824E-05 9.99824E-05 0.427589
9.99913E-05 0.594292 0.322185 0.0834229
0.576542 0.1037 0.00779715 0.311961
0.709233 9.99824E-05 0.290567 9.99824E-05
0.212851 0.469157 9.99912E-05 0.317892
0.0593768 0.206658 0.203684 0.530281
0.225195 9.99912E-05 0.654406 0.120299
0.608844 0.280988 9.99912E-05 0.110068
0.9997 9.998E-05 9.998E-05 9.998E-05
0.178226 0.747679 0.023039 0.0510568
0.0298602 9.99823E-05 9.99823E-05 0.96994
9.99826E-05 9.99826E-05 0.0445362 0.955264
0.495729 9.99825E-05 9.99825E-05 0.504071
0.523066 0.421194 9.99912E-05 0.0556406
0.362341 9.99825E-05 0.637459 9.99825E-05
0.0435386 0.315184 0.228891 0.412386
9.99825E-05 0.9665 9.99825E-05 0.0333004
0.659939 0.0363849 0.255089 0.0485871
9.998E-05 9.998E-05 9.998E-05 0.9997
0.283792 9.99913E-05 0.185048 0.53106
9.99825E-05 0.903682 0.0961182 9.99825E-05
0.433693 0.527741 9.99912E-05 0.0384655
0.123947 9.99912E-05 0.0467174 0.829236
9.99825E-05 9.99825E-05 0.375378 0.624422
9.99826E-05 9.99826E-05 0.0457388 0.954061
0.154852 0.0702772 9.99912E-05 0.774771
0.239292 0.0259431 9.99913E-05 0.734665
0.385442 0.194967 0.367926 0.0516655
0.0656022 0.470919 0.110319 0.353159
9.99823E-05 0.281199 9.99823E-05 0.718601
0.300976 0.477061 0.221863 9.99912E-05
9.99912E-05 0.151835 0.847535 0.000529939
0.244646 0.188353 0.0818444 0.485156
9.998E-05 9.998E-05 9.998E-05 0.9997
9.99913E-05 0.39027 0.217192 0.392438
0.11024 9.99826E-05 9.99826E-05 0.88956
0.598387 9.99912E-05 0.192811 0.208703
0.499972 9.99912E-05 0.0362701 0.463658
0.0456916 0.637901 9.99912E-05 0.316307
0.600736 0.227777 0.0315387 0.139948
0.774576 9.99912E-05 0.0484401 0.176884
9.99913E-05 0.829504 0.000767469 0.169628
9.99825E-05 0.372264 9.99825E-05 0.627536
0.576516 9.99824E-05 0.423284 9.99824E-05
0.747751 9.99824E-05 0.252049 9.99824E-05
0.415481 0.0256814 0.223117 0.335721
9.99824E-05 0.490278 9.99824E-05 0.509522
0.281341 9.99824E-05 9.99824E-05 0.718459
9.99827E-05 9.99827E-05 0.520969 0.478831
9.998E-05 9.998E-05 9.998E-05 0.9997
0.281132 0.310606 9.99912E-05 0.408162
0.756142 0.243658 9.99824E-05 9.99824E-05
0.474015 0.525785 9.99823E-05 9.99823E-05
0.314872 0.216621 9.99912E-05 0.468407
9.998E-05 0.9997 9.998E-05 9.998E-05
0.299263 0.345623 0.355014 9.99912E-05
0.0357699 0.96403 9.99825E-05 9.99825E-05
0.0325436 0.58923 9.99913E-05 0.378126
0.0562794 0.0725255 0.165399 0.705796
0.225597 0.0621516 0.286056 0.426196
0.720957 9.99825E-05 0.278843 9.99825E-05
0.540324 9.99912E-05 0.430756 0.0288195
0.497365 0.429566 9.99912E-05 0.0729694
9.998E-05 9.998E-05 0.9997 9.998E-05
0.584713 0.192528 0.222659 9.99913E-05
0.279916 0.138434 9.99912E-05 0.58155
9.99913E-05 0.277624 0.0877415 0.634535
0.218431 9.99826E-05 9.99826E-05 0.781369
0.161676 9.99824E-05 9.99824E-05 0.838124
9.99912E-05 0.0977071 0.311387 0.590806
0.130511 0.869289 9.99824E-05 9.99824E-05
0.342908 0.391119 9.99912E-05 0.265873
0.371511 9.99825E-05 9.99825E-05 0.628289
0.194241 9.99823E-05 9.99823E-05 0.805559
0.9997 9.998E-05 9.998E-05 9.998E-05
0.460393 9.99824E-05 9.99824E-05 0.539407
9.99912E-05 0.130457 0.404244 0.465199
0.407338 9.99825E-05 9.99825E-05 0.592462
0.552825 9.99825E-05 9.99825E-05 0.446975
0.812674 9.99824E-05 0.187126 9.99824E-05
0.0932473 0.653291 0.253362 9.99912E-05
9.99825E-05 9.99825E-05 0.0988197 0.90098
9.99912E-05 0.727933 0.167945 0.104022
0.739846 9.99825E-05 9.99825E-05 0.259955
0.130975 0.868825 9.99826E-05 9.99826E-05
0.9997 9.998E-05 9.998E-05 9.998E-05
0.327273 9.99825E-05 0.672527 9.99825E-05
0.949293 0.0505071 9.99824E-05 9.99824E-05
9.99912E-05 0.901097 0.0542247 0.0445786
0.516978 0.447641 0.0352802 9.99912E-05
9.99913E-05 0.155786 0.528171 0.315943
0.594785 0.381888 9.99912E-05 0.0232273
0.0588055 0.940994 9.99824E-05 9.99824E-05
9.99913E-05 0.237684 0.237533 0.524682
