9.99562E-05 0.750447 9.99562E-05 0.00870553 9.99562E-05 9.99562E-05 0.240347 9.99562E-05
9.99647E-05 0.235614 0.0861018 9.99647E-05 0.0368154 0.641069 9.99647E-05 9.99647E-05
0.0769544 0.894021 9.99564E-05 9.99564E-05 0.0285244 9.99564E-05 9.99564E-05 9.99564E-05
0.396323 9.99561E-05 9.99561E-05 9.99561E-05 9.99561E-05 0.576909 9.99561E-05 0.0262678
9.99559E-05 9.99559E-05 0.158313 9.99559E-05 9.99559E-05 0.490472 0.350715 9.99559E-05
0.0994763 9.99736E-05 0.0382005 0.376567 9.99736E-05 0.0987209 0.386735 9.99736E-05
9.99646E-05 0.0226717 9.99646E-05 0.0290733 9.99646E-05 0.25215 0.695705 9.99646E-05
9.99651E-05 0.549537 0.156339 9.99651E-05 0.100204 9.99651E-05 0.193521 9.99651E-05
0.564838 9.99561E-05 9.99561E-05 9.99561E-05 9.99561E-05 0.250477 9.99561E-05 0.184186
9.9965E-05 0.260325 0.0754593 9.9965E-05 9.9965E-05 9.9965E-05 0.492299 0.171517
0.107254 0.529232 9.9956E-05 9.9956E-05 9.9956E-05 0.363014 9.9956E-05 9.9956E-05
9.99562E-05 0.551157 0.0497409 9.99562E-05 9.99562E-05 0.398602 9.99562E-05 9.99562E-05
0.121924 0.333948 0.146733 0.345804 9.99736E-05 0.051292 9.99736E-05 9.99736E-05
9.99646E-05 0.0786879 9.99646E-05 9.99646E-05 9.99646E-05 0.343568 0.319551 0.257793
0.101487 9.99561E-05 9.99561E-05 9.99561E-05 9.99561E-05 0.399707 0.498306 9.99561E-05
0.912465 0.0869358 9.99472E-05 9.99472E-05 9.99472E-05 9.99472E-05 9.99472E-05 9.99472E-05
9.99558E-05 9.99558E-05 9.99558E-05 0.705091 9.99558E-05 0.278387 0.016022 9.99558E-05
9.99648E-05 0.23986 0.120524 0.0475431 9.99648E-05 0.591673 9.99648E-05 9.99648E-05
9.99648E-05 9.99648E-05 0.521311 0.13674 9.99648E-05 0.0413025 9.99648E-05 0.300247
0.466501 9.99559E-05 9.99559E-05 9.99559E-05 0.194497 0.338502 9.99559E-05 9.99559E-05
9.99651E-05 0.142936 9.99651E-05 0.0816809 9.99651E-05 0.293732 9.99651E-05 0.481251
9.99563E-05 9.99563E-05 9.99563E-05 9.99563E-05 0.105399 0.768106 0.125996 9.99563E-05
0.223682 0.29647 9.99651E-05 0.134747 9.99651E-05 9.99651E-05 0.344701 9.99651E-05
9.99562E-05 0.16278 9.99562E-05 9.99562E-05 9.99562E-05 9.99562E-05 0.428494 0.408226
0.391995 0.586807 9.99562E-05 9.99562E-05 9.99562E-05 9.99562E-05 9.99562E-05 0.0206981
9.99558E-05 9.99558E-05 9.99558E-05 9.99558E-05 0.35839 9.99558E-05 0.365938 0.275173
9.994E-05 9.994E-05 0.9993 9.994E-05 9.994E-05 9.994E-05 9.994E-05 9.994E-05
9.994E-05 9.994E-05 9.994E-05 9.994E-05 9.994E-05 9.994E-05 0.9993 9.994E-05
9.99475E-05 9.99475E-05 9.99475E-05 0.233685 9.99475E-05 0.765716 9.99475E-05 9.99475E-05
0.283804 9.99649E-05 0.0463779 0.652611 9.99649E-05 0.016807 9.99649E-05 9.99649E-05
9.99472E-05 9.99472E-05 9.99472E-05 0.180888 9.99472E-05 0.818512 9.99472E-05 9.99472E-05
0.0767999 0.0720669 0.195275 9.99737E-05 9.99737E-05 9.99737E-05 0.156874 0.498684
9.9965E-05 9.9965E-05 9.9965E-05 0.165822 0.209309 0.502412 0.122057 9.9965E-05
9.99475E-05 9.99475E-05 0.170038 9.99475E-05 9.99475E-05 0.829362 9.99475E-05 9.99475E-05
9.99473E-05 0.467308 9.99473E-05 9.99473E-05 9.99473E-05 9.99473E-05 0.532093 9.99473E-05
0.199637 9.99563E-05 9.99563E-05 9.99563E-05 9.99563E-05 0.181491 0.618372 9.99563E-05
0.246718 0.00389533 9.99738E-05 9.99738E-05 9.99738E-05 0.112356 0.0351977 0.601533
9.99648E-05 9.99648E-05 9.99648E-05 0.342564 9.99648E-05 0.0270242 0.419027 0.210985
0.177085 9.99647E-05 9.99647E-05 9.99647E-05 9.99647E-05 0.606977 0.069786 0.145753
0.870521 9.99472E-05 9.99472E-05 9.99472E-05 0.128879 9.99472E-05 9.99472E-05 9.99472E-05
0.154862 0.451639 0.0342214 0.25033 9.99823E-05 0.0507477 0.0580008 9.99823E-05
0.244096 0.631515 0.0322457 9.99737E-05 9.99737E-05 0.065449 0.0263946 9.99737E-05
9.99646E-05 0.154986 0.0435966 9.99646E-05 9.99646E-05 0.265135 0.535882 9.99646E-05
0.504946 9.99738E-05 0.0273374 9.99738E-05 0.0566162 9.99738E-05 0.240013 0.170787
9.99649E-05 9.99649E-05 0.248592 0.228724 0.197292 0.324992 9.99649E-05 9.99649E-05
0.157597 0.0509927 9.99736E-05 9.99736E-05 0.0453499 0.280733 0.465028 9.99736E-05
9.99649E-05 0.344639 0.0740969 9.99649E-05 9.99649E-05 0.0180117 0.562853 9.99649E-05
0.138823 0.186913 9.99736E-05 0.324826 9.99736E-05 0.153407 0.195731 9.99736E-05
0.0705681 9.99736E-05 0.177791 0.48229 0.109671 0.15938 9.99736E-05 9.99736E-05
9.99562E-05 0.383185 9.99562E-05 0.465103 9.99562E-05 9.99562E-05 9.99562E-05 0.151212
9.99559E-05 9.99559E-05 9.99559E-05 9.99559E-05 9.99559E-05 0.51867 0.0354871 0.445343
0.433808 0.07803 9.99649E-05 0.117597 9.99649E-05 0.370166 9.99649E-05 9.99649E-05
9.99557E-05 0.425657 9.99557E-05 9.99557E-05 9.99557E-05 0.257861 0.315982 9.99557E-05
9.99558E-05 9.99558E-05 9.99558E-05 0.587322 9.99558E-05 0.349797 9.99558E-05 0.0623818
0.650961 9.99647E-05 9.99647E-05 0.0651815 9.99647E-05 0.0570535 0.226404 9.99647E-05
9.99477E-05 9.99477E-05 9.99477E-05 9.99477E-05 9.99477E-05 0.38009 0.61931 9.99477E-05
9.99649E-05 0.353226 9.99649E-05 0.239943 9.99649E-05 9.99649E-05 0.353124 0.0533083
9.99736E-05 0.37791 0.156855 9.99736E-05 0.0940032 0.169698 0.201234 9.99736E-05
9.99472E-05 0.952812 9.99472E-05 0.0465887 9.99472E-05 9.99472E-05 9.99472E-05 9.99472E-05
0.716146 9.99558E-05 0.0511155 9.99558E-05 9.99558E-05 9.99558E-05 9.99558E-05 0.232239
0.424765 9.99563E-05 9.99563E-05 0.5641 9.99563E-05 9.99563E-05 0.0106355 9.99563E-05
0.372095 9.99561E-05 9.99561E-05 0.340724 9.99561E-05 9.99561E-05 9.99561E-05 0.286681
0.249066 0.726424 9.99558E-05 9.99558E-05 9.99558E-05 9.99558E-05 9.99558E-05 0.0240095
0.222286 9.99561E-05 0.487879 9.99561E-05 9.99561E-05 9.99561E-05 0.289335 9.99561E-05
0.463817 9.99652E-05 0.313624 9.99652E-05 0.0587265 0.163433 9.99652E-05 9.99652E-05
0.542076 0.411746 0.0456786 9.99558E-05 9.99558E-05 9.99558E-05 9.99558E-05 9.99558E-05
0.0708018 9.99647E-05 0.404473 9.99647E-05 0.0782433 0.446082 9.99647E-05 9.99647E-05
9.99649E-05 9.99649E-05 0.0384915 9.99649E-05 9.99649E-05 0.625654 0.0868602 0.248595
0.39872 0.0906767 9.99649E-05 0.364284 0.145919 9.99649E-05 9.99649E-05 9.99649E-05
0.093651 0.191733 9.99824E-05 9.99824E-05 0.178682 0.142052 0.279712 0.11397
9.99735E-05 0.0724095 0.0163773 9.99735E-05 0.540534 0.367803 9.99735E-05 0.00257581
9.99647E-05 0.171316 0.0307733 9.99647E-05 9.99647E-05 0.414129 0.383382 9.99647E-05
9.9965E-05 9.9965E-05 9.9965E-05 0.298859 0.134553 9.9965E-05 0.528678 0.0375115
9.99651E-05 9.99651E-05 0.0155994 9.99651E-05 0.228854 0.461369 0.293778 9.99651E-05
0.34279 9.99559E-05 0.0944385 9.99559E-05 9.99559E-05 0.562272 9.99559E-05 9.99559E-05
0.173469 0.454533 0.209722 0.0215301 9.99739E-05 9.99739E-05 9.99739E-05 0.140445
0.139662 9.99647E-05 9.99647E-05 0.435408 9.99647E-05 0.236053 9.99647E-05 0.188477
0.237207 9.99649E-05 0.302692 9.99649E-05 0.384178 9.99649E-05 0.0755233 9.99649E-05
9.99647E-05 0.355766 0.112623 0.39571 9.99647E-05 0.1355 9.99647E-05 9.99647E-05
9.99736E-05 9.99736E-05 0.0575369 0.0580817 9.99736E-05 0.163016 0.541949 0.179117
9.99476E-05 9.99476E-05 9.99476E-05 0.17593 9.99476E-05 0.823471 9.99476E-05 9.99476E-05
9.99561E-05 9.99561E-05 9.99561E-05 9.99561E-05 9.99561E-05 0.338931 0.259027 0.401542
0.441372 9.99475E-05 9.99475E-05 9.99475E-05 9.99475E-05 0.558028 9.99475E-05 9.99475E-05
9.9956E-05 9.9956E-05 0.0648496 9.9956E-05 9.9956E-05 0.900261 9.9956E-05 0.0343892
0.648543 0.0919625 9.99649E-05 0.152257 9.99649E-05 0.106838 9.99649E-05 9.99649E-05
9.99649E-05 9.99649E-05 0.116989 0.142834 9.99649E-05 0.480318 0.259458 9.99649E-05
0.164552 0.310488 0.354052 9.99651E-05 9.99651E-05 9.99651E-05 9.99651E-05 0.170508
9.99561E-05 0.679358 9.99561E-05 0.00987391 9.99561E-05 9.99561E-05 0.310268 9.99561E-05
0.497916 9.9965E-05 9.9965E-05 0.0721221 9.9965E-05 0.392717 0.036845 9.9965E-05
0.134623 0.400878 9.99649E-05 0.455754 9.99649E-05 0.00834502 9.99649E-05 9.99649E-05
0.400447 0.144122 9.9956E-05 0.454931 9.9956E-05 9.9956E-05 9.9956E-05 9.9956E-05
9.99561E-05 0.493259 9.99561E-05 0.228956 9.99561E-05 0.277285 9.99561E-05 9.99561E-05
9.9965E-05 9.9965E-05 0.436506 0.0802185 9.9965E-05 0.410772 0.0721032 9.9965E-05
0.348071 9.99563E-05 9.99563E-05 9.99563E-05 9.99563E-05 0.54419 0.107239 9.99563E-05
9.99647E-05 9.99647E-05 0.204771 0.24174 9.99647E-05 9.99647E-05 0.421032 0.132057
9.9947E-05 9.9947E-05 9.9947E-05 9.9947E-05 9.9947E-05 0.727845 0.271556 9.9947E-05
0.554072 0.0500448 9.99647E-05 0.167898 0.227586 9.99647E-05 9.99647E-05 9.99647E-05
9.9947E-05 0.499184 9.9947E-05 9.9947E-05 9.9947E-05 9.9947E-05 0.500216 9.9947E-05
0.290786 9.99473E-05 0.708615 9.99473E-05 9.99473E-05 9.99473E-05 9.99473E-05 9.99473E-05
9.9956E-05 9.9956E-05 9.9956E-05 0.0224751 0.276885 9.9956E-05 0.70014 9.9956E-05
0.687513 9.99475E-05 0.311887 9.99475E-05 9.99475E-05 9.99475E-05 9.99475E-05 9.99475E-05
0.357375 9.99734E-05 9.99734E-05 0.0980226 0.070637 0.355268 9.99734E-05 0.118397
9.99559E-05 0.576711 9.99559E-05 0.171501 9.99559E-05 0.251289 9.99559E-05 9.99559E-05
0.201993 9.9956E-05 9.9956E-05 9.9956E-05 9.9956E-05 0.605501 0.192006 9.9956E-05
0.20007 0.00609443 0.0693084 9.99649E-05 9.99649E-05 9.99649E-05 0.724127 9.99649E-05
9.99646E-05 0.150539 9.99646E-05 0.170512 9.99646E-05 9.99646E-05 0.484224 0.194325
0.121873 0.385262 9.99563E-05 0.492366 9.99563E-05 9.99563E-05 9.99563E-05 9.99563E-05
0.374803 0.136013 0.170048 9.99737E-05 9.99737E-05 9.99737E-05 0.216836 0.102001
9.99563E-05 0.0158303 9.99563E-05 9.99563E-05 9.99563E-05 0.438281 9.99563E-05 0.545389
0.0782555 0.039677 9.99736E-05 0.261021 9.99736E-05 0.549356 0.071391 9.99736E-05
0.465684 9.99563E-05 9.99563E-05 9.99563E-05 0.250294 9.99563E-05 9.99563E-05 0.283523
0.124777 9.99649E-05 0.088454 9.99649E-05 9.99649E-05 0.378779 0.40759 9.99649E-05
9.99561E-05 9.99561E-05 9.99561E-05 0.42377 9.99561E-05 0.372017 9.99561E-05 0.203713
9.99559E-05 9.99559E-05 9.99559E-05 0.793124 9.99559E-05 0.0961799 9.99559E-05 0.110196
0.0427472 0.327828 0.471428 9.99655E-05 9.99655E-05 0.157597 9.99655E-05 9.99655E-05
9.99737E-05 9.99737E-05 0.0145555 9.99737E-05 0.0613877 0.449086 0.288817 0.185854
0.0950185 9.99559E-05 9.99559E-05 9.99559E-05 0.444555 0.459926 9.99559E-05 9.99559E-05
9.99737E-05 9.99737E-05 0.172564 0.623245 0.000178914 0.052603 0.151109 9.99737E-05
9.99737E-05 0.186482 9.99737E-05 0.119702 9.99737E-05 0.450815 0.0368366 0.205864
9.99738E-05 0.403334 9.99738E-05 0.036336 0.000229993 0.282843 0.276957 9.99738E-05
9.99651E-05 0.288393 9.99651E-05 0.0491759 9.99651E-05 0.13282 9.99651E-05 0.529211
0.0689666 0.47964 9.99649E-05 0.160967 9.99649E-05 9.99649E-05 0.290026 9.99649E-05
9.99648E-05 9.99648E-05 9.99648E-05 9.99648E-05 0.0340057 0.624327 0.176909 0.164358
9.99476E-05 9.99476E-05 9.99476E-05 0.0737338 0.925667 9.99476E-05 9.99476E-05 9.99476E-05
9.99559E-05 9.99559E-05 0.256686 0.0941566 9.99559E-05 0.648658 9.99559E-05 9.99559E-05
9.99735E-05 0.27594 0.285971 9.99735E-05 0.323084 0.00596099 0.108743 9.99735E-05
0.9993 9.994E-05 9.994E-05 9.994E-05 9.994E-05 9.994E-05 9.994E-05 9.994E-05
9.99559E-05 9.99559E-05 9.99559E-05 9.99559E-05 0.0582359 0.858903 9.99559E-05 0.0823615
0.381995 0.119924 0.327281 0.170401 9.99648E-05 9.99648E-05 9.99648E-05 9.99648E-05
9.99559E-05 9.99559E-05 9.99559E-05 0.349928 9.99559E-05 0.107662 0.54191 9.99559E-05
9.99646E-05 0.2255 0.20016 9.99646E-05 0.204518 9.99646E-05 9.99646E-05 0.369423
9.99559E-05 0.277106 9.99559E-05 9.99559E-05 0.139754 0.58264 9.99559E-05 9.99559E-05
0.749132 0.156949 9.99649E-05 9.99649E-05 9.99649E-05 9.99649E-05 0.0784066 0.0151127
9.99736E-05 0.501587 0.0722221 0.152426 0.0146261 0.258839 9.99736E-05 9.99736E-05
0.188243 0.0302413 9.99735E-05 0.0979115 9.99735E-05 0.504119 0.179185 9.99735E-05
9.99561E-05 9.99561E-05 9.99561E-05 9.99561E-05 0.198439 0.798574 9.99561E-05 0.00248725
9.99559E-05 0.597022 9.99559E-05 9.99559E-05 9.99559E-05 0.0360203 0.366458 9.99559E-05
0.340774 0.0519971 9.99735E-05 9.99735E-05 0.0596313 0.357568 9.99735E-05 0.18973
0.265834 9.99562E-05 9.99562E-05 0.137494 9.99562E-05 9.99562E-05 0.596172 9.99562E-05
0.138428 0.166007 0.133097 9.99735E-05 0.025347 0.536822 9.99735E-05 9.99735E-05
0.23897 9.99559E-05 9.99559E-05 9.99559E-05 0.20199 9.99559E-05 0.558541 9.99559E-05
0.160708 0.161745 9.99648E-05 0.143842 9.99648E-05 9.99648E-05 0.533305 9.99648E-05
9.99476E-05 0.376606 9.99476E-05 0.622794 9.99476E-05 9.99476E-05 9.99476E-05 9.99476E-05
0.459081 0.197729 9.9956E-05 9.9956E-05 9.9956E-05 9.9956E-05 0.34269 9.9956E-05
0.0113014 0.187045 9.99646E-05 9.99646E-05 0.151164 9.99646E-05 0.65009 9.99646E-05
9.99564E-05 0.620044 9.99564E-05 9.99564E-05 0.272655 0.106801 9.99564E-05 9.99564E-05
9.99648E-05 9.99648E-05 0.00186242 0.165348 9.99648E-05 0.739717 0.0926728 9.99648E-05
0.439552 9.99559E-05 0.318682 9.99559E-05 9.99559E-05 9.99559E-05 0.241266 9.99559E-05
0.058075 9.99564E-05 9.99564E-05 0.415693 9.99564E-05 9.99564E-05 0.525732 9.99564E-05
0.311135 9.99564E-05 9.99564E-05 9.99564E-05 9.99564E-05 9.99564E-05 0.410176 0.278189
0.0705142 9.99825E-05 0.111676 0.0580124 0.00713824 9.99825E-05 0.219836 0.532623
0.788974 0.0390182 0.0681604 9.99648E-05 0.103448 9.99648E-05 9.99648E-05 9.99648E-05
9.99651E-05 0.605397 0.0384654 9.99651E-05 9.99651E-05 0.347261 9.99651E-05 0.00847686
9.99646E-05 9.99646E-05 9.99646E-05 0.20036 0.0497919 0.369883 0.379565 9.99646E-05
9.99558E-05 0.213 9.99558E-05 0.268241 9.99558E-05 9.99558E-05 0.51826 9.99558E-05
9.99649E-05 0.268108 9.99649E-05 0.493173 0.116833 0.121486 9.99649E-05 9.99649E-05
0.222581 9.9965E-05 9.9965E-05 0.248399 9.9965E-05 0.117866 9.9965E-05 0.410754
9.99649E-05 0.35454 9.99649E-05 9.99649E-05 0.330002 9.99649E-05 0.185311 0.129747
0.033298 9.99735E-05 0.0867619 9.99735E-05 9.99735E-05 0.56237 0.208994 0.108276
0.0715614 0.0526257 9.99736E-05 0.341544 9.99736E-05 0.405899 9.99736E-05 0.12807
0.462114 9.99469E-05 9.99469E-05 9.99469E-05 9.99469E-05 0.537286 9.99469E-05 9.99469E-05
9.9956E-05 9.9956E-05 9.9956E-05 0.200182 9.9956E-05 0.359899 9.9956E-05 0.439419
0.13071 0.113702 9.99738E-05 9.99738E-05 0.139869 0.389185 9.99738E-05 0.226233
9.99648E-05 0.23487 9.99648E-05 9.99648E-05 0.265776 0.133056 0.365898 9.99648E-05
9.99473E-05 9.99473E-05 9.99473E-05 0.612874 0.386526 9.99473E-05 9.99473E-05 9.99473E-05
9.99561E-05 9.99561E-05 0.061912 9.99561E-05 9.99561E-05 0.176842 9.99561E-05 0.760746
0.591047 9.99563E-05 0.161681 9.99563E-05 9.99563E-05 9.99563E-05 9.99563E-05 0.246773
9.99562E-05 0.0628014 0.0143573 9.99562E-05 9.99562E-05 9.99562E-05 0.922341 9.99562E-05
0.10121 9.99564E-05 9.99564E-05 9.99564E-05 9.99564E-05 9.99564E-05 0.784371 0.113919
0.094517 0.496777 9.99559E-05 9.99559E-05 9.99559E-05 9.99559E-05 0.408207 9.99559E-05
9.99647E-05 9.99647E-05 0.0854994 0.194244 9.99647E-05 0.525789 9.99647E-05 0.194068
0.117246 9.996E-05 0.311535 9.996E-05 9.996E-05 0.174869 9.996E-05 0.395951
9.99648E-05 9.99648E-05 0.162872 0.428231 0.113755 0.294742 9.99648E-05 9.99648E-05
0.577409 9.99649E-05 9.99649E-05 0.124664 0.283194 9.99649E-05 9.99649E-05 0.0143329
9.99566E-05 9.99566E-05 9.99566E-05 9.99566E-05 0.113331 0.505945 0.380225 9.99566E-05
0.0277087 0.0945811 9.99737E-05 9.99737E-05 0.112937 0.458942 0.305531 9.99737E-05
0.13667 0.862731 9.99474E-05 9.99474E-05 9.99474E-05 9.99474E-05 9.99474E-05 9.99474E-05
9.9956E-05 0.108904 9.9956E-05 0.405081 9.9956E-05 0.485516 9.9956E-05 9.9956E-05
9.99561E-05 0.53147 9.99561E-05 9.99561E-05 9.99561E-05 0.319002 9.99561E-05 0.149029
9.9965E-05 0.256065 9.9965E-05 0.00528749 0.556701 0.181546 9.9965E-05 9.9965E-05
9.99565E-05 9.99565E-05 0.194144 0.623608 9.99565E-05 9.99565E-05 0.181748 9.99565E-05
9.99473E-05 9.99473E-05 9.99473E-05 9.99473E-05 9.99473E-05 9.99473E-05 0.947963 0.0514376
0.28435 9.99562E-05 9.99562E-05 0.397914 9.99562E-05 9.99562E-05 0.317236 9.99562E-05
0.100963 9.99563E-05 9.99563E-05 9.99563E-05 9.99563E-05 0.642416 0.256122 9.99563E-05
9.99476E-05 9.99476E-05 9.99476E-05 9.99476E-05 9.99476E-05 0.557317 9.99476E-05 0.442084
9.99738E-05 0.199577 0.636573 9.99738E-05 0.0373593 9.99738E-05 0.0377513 0.0884401
9.99648E-05 9.99648E-05 0.420674 9.99648E-05 0.0057585 0.377582 9.99648E-05 0.195585
0.149911 0.685356 9.99648E-05 0.162534 0.00179873 9.99648E-05 9.99648E-05 9.99648E-05
0.274486 9.99736E-05 9.99736E-05 0.24385 0.143449 0.322496 0.0154194 9.99736E-05
0.720843 0.109797 9.99649E-05 9.99649E-05 0.0261157 0.142845 9.99649E-05 9.99649E-05
9.99734E-05 9.99734E-05 0.153038 0.217018 0.0266985 0.352377 0.250569 9.99734E-05
0.348778 9.9956E-05 0.505003 0.145719 9.9956E-05 9.9956E-05 9.9956E-05 9.9956E-05
0.206819 0.0696045 0.42528 9.99737E-05 9.99737E-05 0.0126671 0.28533 9.99737E-05
9.99736E-05 0.00288289 0.20104 0.206701 9.99736E-05 9.99736E-05 0.324913 0.264164
0.602172 0.0223698 9.99563E-05 9.99563E-05 9.99563E-05 9.99563E-05 0.374959 9.99563E-05
9.99558E-05 0.226215 9.99558E-05 9.99558E-05 9.99558E-05 0.28658 0.486705 9.99558E-05
9.99561E-05 9.99561E-05 9.99561E-05 0.351927 9.99561E-05 0.491005 9.99561E-05 0.156568
0.184607 0.146118 9.99733E-05 0.174462 9.99733E-05 0.314358 9.99733E-05 0.180155
0.33491 9.99647E-05 9.99647E-05 9.99647E-05 0.229803 0.0783768 9.99647E-05 0.35651
9.9965E-05 0.133716 0.323372 0.215774 9.9965E-05 0.326738 9.9965E-05 9.9965E-05
9.99471E-05 0.173908 9.99471E-05 9.99471E-05 9.99471E-05 0.825492 9.99471E-05 9.99471E-05
9.99648E-05 0.297798 9.99648E-05 0.378702 9.99648E-05 0.251201 0.071899 9.99648E-05
0.155712 0.486945 9.99563E-05 9.99563E-05 9.99563E-05 0.356843 9.99563E-05 9.99563E-05
0.0506702 9.99475E-05 9.99475E-05 9.99475E-05 9.99475E-05 0.94873 9.99475E-05 9.99475E-05
0.802318 0.040089 9.99563E-05 9.99563E-05 9.99563E-05 0.157093 9.99563E-05 9.99563E-05
9.99648E-05 0.291711 9.99648E-05 0.441254 9.99648E-05 0.00830672 0.258329 9.99648E-05
0.190951 0.0360445 9.99562E-05 9.99562E-05 9.99562E-05 9.99562E-05 9.99562E-05 0.772505
9.99477E-05 9.99477E-05 9.99477E-05 9.99477E-05 9.99477E-05 0.69737 0.30203 9.99477E-05
0.938135 9.99475E-05 9.99475E-05 9.99475E-05 9.99475E-05 0.061265 9.99475E-05 9.99475E-05
0.71396 9.99472E-05 9.99472E-05 9.99472E-05 9.99472E-05 9.99472E-05 0.28544 9.99472E-05
0.0651084 0.330729 9.99647E-05 9.99647E-05 9.99647E-05 0.311591 9.99647E-05 0.292172
9.99561E-05 9.99561E-05 9.99561E-05 9.99561E-05 0.173099 0.371567 0.454833 9.99561E-05
0.0565802 0.0904992 9.99567E-05 9.99567E-05 9.99567E-05 0.852421 9.99567E-05 9.99567E-05
0.315739 0.249146 9.99559E-05 9.99559E-05 9.99559E-05 0.434616 9.99559E-05 9.99559E-05
9.99648E-05 0.371209 9.99648E-05 9.99648E-05 0.177021 0.121651 9.99648E-05 0.329718
9.99564E-05 9.99564E-05 9.99564E-05 0.285758 9.99564E-05 0.473621 9.99564E-05 0.240122
9.99736E-05 0.105791 9.99736E-05 0.00202214 0.221188 9.99736E-05 0.0150972 0.655602
0.502654 9.99735E-05 0.0167977 9.99735E-05 0.136158 0.188591 9.99735E-05 0.155499
0.455882 0.374346 9.99558E-05 9.99558E-05 9.99558E-05 0.169272 9.99558E-05 9.99558E-05
0.377152 0.267706 0.235702 9.99647E-05 0.119041 9.99647E-05 9.99647E-05 9.99647E-05
9.99824E-05 0.0454803 0.0913153 0.275672 0.0847119 0.0561638 0.446456 9.99824E-05
9.99559E-05 0.417988 9.99559E-05 9.99559E-05 0.355313 9.99559E-05 9.99559E-05 0.226199
9.99561E-05 0.379155 9.99561E-05 0.533923 9.99561E-05 0.0864229 9.99561E-05 9.99561E-05
9.99562E-05 9.99562E-05 9.99562E-05 9.99562E-05 0.218756 9.99562E-05 0.444102 0.336642
0.259791 0.151317 9.99649E-05 0.459347 0.129145 9.99649E-05 9.99649E-05 9.99649E-05
0.00444995 9.99559E-05 9.99559E-05 0.786007 9.99559E-05 9.99559E-05 0.209043 9.99559E-05
0.184243 0.348003 9.99652E-05 9.99652E-05 9.99652E-05 9.99652E-05 0.371177 0.0961773
9.99649E-05 0.0929724 9.99649E-05 9.99649E-05 0.400926 0.244867 0.260835 9.99649E-05
9.99734E-05 0.158759 0.425595 9.99734E-05 0.203596 9.99734E-05 0.0386906 0.173059
9.99736E-05 9.99736E-05 0.430408 9.99736E-05 0.146788 0.145543 0.0215451 0.255415
0.423321 9.99479E-05 9.99479E-05 9.99479E-05 9.99479E-05 9.99479E-05 0.576079 9.99479E-05
0.117722 0.282075 0.211919 0.286516 9.99738E-05 9.99738E-05 0.101468 9.99738E-05
9.99738E-05 9.99738E-05 0.0613864 9.99738E-05 0.153493 0.299601 0.317845 0.167375
0.274779 9.99651E-05 0.134292 0.212671 9.99651E-05 0.377859 9.99651E-05 9.99651E-05
0.218871 0.139386 0.324812 0.169518 9.99736E-05 0.147113 9.99736E-05 9.99736E-05
0.665777 0.333623 9.99472E-05 9.99472E-05 9.99472E-05 9.99472E-05 9.99472E-05 9.99472E-05
9.99648E-05 9.99648E-05 0.0831113 0.169402 9.99648E-05 0.739463 0.00762378 9.99648E-05
0.491364 9.99562E-05 9.99562E-05 0.495552 9.99562E-05 9.99562E-05 9.99562E-05 0.0125841
0.684878 9.99561E-05 9.99561E-05 9.99561E-05 0.160074 9.99561E-05 9.99561E-05 0.154549
0.115146 9.99648E-05 9.99648E-05 9.99648E-05 9.99648E-05 0.208318 0.539448 0.136689
0.0304627 0.375026 0.0538212 0.0431085 9.99735E-05 9.99735E-05 9.99735E-05 0.497282
9.99473E-05 9.99473E-05 9.99473E-05 9.99473E-05 9.99473E-05 9.99473E-05 0.875354 0.124046
0.0317109 0.250913 9.9965E-05 0.0780796 9.9965E-05 0.638897 9.9965E-05 9.9965E-05
9.99562E-05 0.204792 9.99562E-05 9.99562E-05 9.99562E-05 0.74245 9.99562E-05 0.0522584
9.99566E-05 9.99566E-05 9.99566E-05 0.347841 0.0811509 0.570508 9.99566E-05 9.99566E-05
9.99559E-05 0.0347712 9.99559E-05 0.406228 9.99559E-05 0.558501 9.99559E-05 9.99559E-05
9.99561E-05 9.99561E-05 9.99561E-05 9.99561E-05 0.56812 0.252665 0.178715 9.99561E-05
0.197881 9.9965E-05 9.9965E-05 0.0423005 9.9965E-05 0.714143 0.0452755 9.9965E-05
0.131382 0.558825 0.110504 0.0438407 9.99735E-05 9.99735E-05 9.99735E-05 0.155149
9.99565E-05 9.99565E-05 9.99565E-05 9.99565E-05 0.379757 0.160962 0.458781 9.99565E-05
0.478979 9.99471E-05 9.99471E-05 9.99471E-05 9.99471E-05 0.520421 9.99471E-05 9.99471E-05
9.99647E-05 0.20546 0.232192 0.267366 9.99647E-05 0.294582 9.99647E-05 9.99647E-05
0.370669 0.0894857 9.99825E-05 0.133499 9.99825E-05 0.0237136 0.16396 0.218473
0.297353 9.99559E-05 9.99559E-05 9.99559E-05 9.99559E-05 0.58374 0.118406 9.99559E-05
0.383168 9.99561E-05 0.046595 9.99561E-05 9.99561E-05 0.569737 9.99561E-05 9.99561E-05
9.99563E-05 0.844527 9.99563E-05 9.99563E-05 9.99563E-05 0.0419609 9.99563E-05 0.113013
0.315596 9.99647E-05 9.99647E-05 0.296569 0.103688 0.283747 9.99647E-05 9.99647E-05
0.152513 0.0415262 0.0717443 9.99824E-05 9.99824E-05 0.521947 0.0539677 0.158102
9.9956E-05 0.217671 0.0651137 9.9956E-05 9.9956E-05 0.716716 9.9956E-05 9.9956E-05
0.41883 0.00493479 9.99649E-05 9.99649E-05 9.99649E-05 0.556774 0.0190612 9.99649E-05
9.99736E-05 0.303573 9.99736E-05 0.0101361 0.232589 0.330556 9.99736E-05 0.122846
