0.119172 0.127239 9.99646E-05 0.368401 9.99646E-05 0.384788 9.99646E-05 9.99646E-05
9.9956E-05 0.434391 9.9956E-05 0.0739465 9.9956E-05 0.491162 9.9956E-05 9.9956E-05
9.99736E-05 0.0517509 0.351762 0.161612 0.0677352 0.36684 9.99736E-05 9.99736E-05
9.99737E-05 0.405147 9.99737E-05 9.99737E-05 0.158683 0.226327 0.138666 0.0708769
0.436413 0.247731 0.115907 9.99648E-05 9.99648E-05 0.199549 9.99648E-05 9.99648E-05
0.109662 9.99561E-05 9.99561E-05 9.99561E-05 9.99561E-05 0.424693 9.99561E-05 0.465145
9.99645E-05 0.406654 9.99645E-05 9.99645E-05 0.102378 0.173419 9.99645E-05 0.317149
0.509795 9.9956E-05 9.9956E-05 9.9956E-05 9.9956E-05 0.417052 0.0726526 9.9956E-05
0.00310992 0.0694181 9.99825E-05 0.0879992 0.179762 0.633548 9.99825E-05 0.0259619
9.99559E-05 9.99559E-05 9.99559E-05 0.292644 0.117551 0.589305 9.99559E-05 9.99559E-05
9.99562E-05 9.99562E-05 9.99562E-05 0.384141 0.46797 9.99562E-05 9.99562E-05 0.147389
9.99824E-05 0.0869048 0.380795 0.310772 9.99824E-05 0.103512 0.106017 0.0117991
9.99561E-05 9.99561E-05 9.99561E-05 9.99561E-05 0.263424 9.99561E-05 0.236947 0.499129
9.99646E-05 0.0430905 9.99646E-05 0.0340419 0.565322 9.99646E-05 0.357145 9.99646E-05
0.661793 0.337607 9.99474E-05 9.99474E-05 9.99474E-05 9.99474E-05 9.99474E-05 9.99474E-05
9.99559E-05 9.99559E-05 9.99559E-05 9.99559E-05 0.274446 0.164977 9.99559E-05 0.560077
9.99736E-05 0.0454652 9.99736E-05 0.235889 9.99736E-05 0.145612 0.286332 0.286402
9.99471E-05 9.99471E-05 9.99471E-05 9.99471E-05 9.99471E-05 0.31719 9.99471E-05 0.68221
9.99564E-05 0.258744 9.99564E-05 0.211544 9.99564E-05 9.99564E-05 0.529212 9.99564E-05
9.99564E-05 9.99564E-05 0.168437 0.105568 0.725495 9.99564E-05 9.99564E-05 9.99564E-05
9.99648E-05 0.47002 0.0423777 9.99648E-05 9.99648E-05 0.357824 0.129378 9.99648E-05
0.171664 0.126195 9.99558E-05 9.99558E-05 9.99558E-05 9.99558E-05 9.99558E-05 0.701642
0.189409 9.99736E-05 0.100364 0.490983 0.00525809 9.99736E-05 9.99736E-05 0.213686
9.99562E-05 0.537543 9.99562E-05 9.99562E-05 9.99562E-05 0.047752 9.99562E-05 0.414205
9.99565E-05 0.103682 9.99565E-05 0.191509 9.99565E-05 9.99565E-05 9.99565E-05 0.70431
9.99647E-05 0.235813 0.128317 9.99647E-05 9.99647E-05 0.576574 0.0588953 9.99647E-05
9.99564E-05 9.99564E-05 0.634211 0.151806 9.99564E-05 9.99564E-05 9.99564E-05 0.213484
9.99559E-05 0.302781 9.99559E-05 0.560258 9.99559E-05 0.136461 9.99559E-05 9.99559E-05
9.994E-05 0.9993 9.994E-05 9.994E-05 9.994E-05 9.994E-05 9.994E-05 9.994E-05
0.128211 9.9956E-05 9.9956E-05 9.9956E-05 0.42336 0.44793 9.9956E-05 9.9956E-05
0.103679 0.895721 9.99472E-05 9.99472E-05 9.99472E-05 9.99472E-05 9.99472E-05 9.99472E-05
0.302761 0.31468 9.99738E-05 9.99738E-05 9.99738E-05 0.109007 0.0303936 0.242858
0.0608988 9.9965E-05 9.9965E-05 9.9965E-05 0.00335916 0.358106 9.9965E-05 0.577236
9.9965E-05 0.00279706 9.9965E-05 9.9965E-05 0.344905 0.290448 0.36145 9.9965E-05
9.9956E-05 9.9956E-05 9.9956E-05 0.808829 0.101947 9.9956E-05 0.0887248 9.9956E-05
9.99737E-05 0.464431 0.0398243 0.205031 9.99737E-05 9.99737E-05 0.168763 0.121651
0.0892184 9.99735E-05 0.110772 0.232465 0.25515 0.312095 9.99735E-05 9.99735E-05
0.0216241 9.99649E-05 0.467459 0.309323 9.99649E-05 0.201194 9.99649E-05 9.99649E-05
0.276715 0.706173 0.0166124 9.99559E-05 9.99559E-05 9.99559E-05 9.99559E-05 9.99559E-05
9.99562E-05 9.99562E-05 9.99562E-05 9.99562E-05 9.99562E-05 0.739896 0.149603 0.110001
9.99471E-05 9.99471E-05 9.99471E-05 0.0865498 9.99471E-05 9.99471E-05 0.912851 9.99471E-05
0.0257571 0.371376 9.99736E-05 0.113534 9.99736E-05 9.99736E-05 0.262434 0.226599
0.187836 0.201034 0.160447 0.383845 9.99739E-05 9.99739E-05 9.99739E-05 0.0665387
0.057593 0.532761 9.99738E-05 9.99738E-05 0.036382 0.360508 9.99738E-05 0.0124561
9.9947E-05 0.537058 9.9947E-05 0.462342 9.9947E-05 9.9947E-05 9.9947E-05 9.9947E-05
9.99471E-05 9.99471E-05 9.99471E-05 9.99471E-05 9.99471E-05 0.193074 0.806326 9.99471E-05
9.99736E-05 9.99736E-05 0.156222 0.173513 0.296901 0.324831 9.99736E-05 0.0482321
0.0231003 9.99648E-05 0.0273656 9.99648E-05 9.99648E-05 0.635825 9.99648E-05 0.31331
9.99651E-05 0.135786 0.481961 9.99651E-05 0.262537 9.99651E-05 9.99651E-05 0.119317
0.149043 0.491116 9.9965E-05 9.9965E-05 0.186916 9.9965E-05 0.172525 9.9965E-05
9.99648E-05 0.0842251 9.99648E-05 9.99648E-05 9.99648E-05 0.369555 0.446712 0.0991084
9.99649E-05 0.255621 0.209913 9.99649E-05 0.364355 9.99649E-05 0.169711 9.99649E-05
9.99561E-05 9.99561E-05 0.0745682 9.99561E-05 9.99561E-05 0.493033 9.99561E-05 0.431899
9.994E-05 0.9993 9.994E-05 9.994E-05 9.994E-05 9.994E-05 9.994E-05 9.994E-05
9.99564E-05 0.551231 9.99564E-05 0.0509949 0.397274 9.99564E-05 9.99564E-05 9.99564E-05
0.094501 0.476245 9.99648E-05 0.0589745 9.99648E-05 9.99648E-05 0.369879 9.99648E-05
0.177476 0.0449643 9.99648E-05 0.581817 9.99648E-05 9.99648E-05 0.195343 9.99648E-05
9.99649E-05 0.118795 0.168878 9.99649E-05 9.99649E-05 9.99649E-05 0.200084 0.511844
9.99736E-05 0.447459 0.253907 0.0560056 0.0797561 9.99736E-05 9.99736E-05 0.162572
9.99558E-05 9.99558E-05 9.99558E-05 9.99558E-05 0.353202 0.261102 9.99558E-05 0.385196
9.99471E-05 0.639778 0.359623 9.99471E-05 9.99471E-05 9.99471E-05 9.99471E-05 9.99471E-05
9.997E-05 0.306845 9.997E-05 9.997E-05 0.41557 0.111218 0.143763 0.0223042
0.565571 9.99647E-05 0.232315 9.99647E-05 0.0917854 0.109929 9.99647E-05 9.99647E-05
0.559951 0.00129176 9.99737E-05 0.261223 9.99737E-05 9.99737E-05 0.136211 0.0410234
9.99648E-05 9.99648E-05 0.267659 0.18386 9.99648E-05 0.172054 0.376028 9.99648E-05
0.165811 9.99558E-05 9.99558E-05 0.527756 9.99558E-05 0.305933 9.99558E-05 9.99558E-05
9.99651E-05 0.0601606 0.0549348 9.99651E-05 0.593403 9.99651E-05 9.99651E-05 0.291102
0.377142 0.413803 9.99561E-05 9.99561E-05 9.99561E-05 9.99561E-05 0.208556 9.99561E-05
0.113966 0.236843 9.99736E-05 9.99736E-05 0.0984796 0.112385 0.438027 9.99736E-05
9.99561E-05 0.210759 9.99561E-05 9.99561E-05 9.99561E-05 0.419579 9.99561E-05 0.369162
0.445423 0.117522 9.99736E-05 9.99736E-05 9.99736E-05 0.0165415 0.0531936 0.367019
0.024499 0.336822 0.197526 9.99912E-05 0.201686 0.0147097 0.129745 0.0949133
9.99564E-05 0.0373646 9.99564E-05 0.0969833 9.99564E-05 0.865152 9.99564E-05 9.99564E-05
9.9965E-05 9.9965E-05 0.050073 9.9965E-05 0.151913 9.9965E-05 0.724677 0.0729372
0.432431 9.99647E-05 9.99647E-05 0.0679237 0.167612 9.99647E-05 9.99647E-05 0.331634
0.121979 0.549526 9.99647E-05 9.99647E-05 0.0687974 9.99647E-05 0.259297 9.99647E-05
9.9965E-05 0.0368998 9.9965E-05 9.9965E-05 0.11994 0.00755625 0.835204 9.9965E-05
9.99826E-05 0.0764022 0.000820572 0.023886 0.842128 0.0235075 9.99826E-05 0.0330562
9.99562E-05 9.99562E-05 9.99562E-05 0.645055 0.0362935 9.99562E-05 0.318152 9.99562E-05
9.99472E-05 9.99472E-05 9.99472E-05 9.99472E-05 9.99472E-05 0.652419 0.346981 9.99472E-05
9.99563E-05 0.365754 9.99563E-05 0.620115 9.99563E-05 9.99563E-05 0.0136315 9.99563E-05
9.99473E-05 9.99473E-05 9.99473E-05 9.99473E-05 9.99473E-05 9.99473E-05 0.467649 0.531751
9.99561E-05 9.99561E-05 9.99561E-05 0.0135232 9.99561E-05 0.852395 0.133582 9.99561E-05
9.99473E-05 0.715207 9.99473E-05 9.99473E-05 9.99473E-05 9.99473E-05 9.99473E-05 0.284193
0.0975331 9.99561E-05 0.170658 9.99561E-05 9.99561E-05 9.99561E-05 0.731309 9.99561E-05
0.0526954 0.106112 9.99736E-05 9.99736E-05 0.572404 0.24628 0.0222078 9.99736E-05
9.99647E-05 9.99647E-05 0.413163 9.99647E-05 9.99647E-05 0.436052 0.00607062 0.144315
9.99735E-05 9.99735E-05 0.25098 0.0570997 9.99735E-05 0.325677 0.302811 0.0631329
9.99474E-05 0.196627 9.99474E-05 9.99474E-05 0.802773 9.99474E-05 9.99474E-05 9.99474E-05
0.218424 9.99647E-05 0.618924 0.147374 0.0148789 9.99647E-05 9.99647E-05 9.99647E-05
0.102615 0.734355 9.99737E-05 0.0317723 9.99737E-05 0.0924425 9.99737E-05 0.0385152
0.583709 0.0603166 9.99649E-05 0.200316 9.99649E-05 0.155259 9.99649E-05 9.99649E-05
9.99562E-05 9.99562E-05 0.535939 9.99562E-05 0.381711 0.0818499 9.99562E-05 9.99562E-05
9.99473E-05 9.99473E-05 0.49194 9.99473E-05 0.507461 9.99473E-05 9.99473E-05 9.99473E-05
9.994E-05 9.994E-05 9.994E-05 9.994E-05 9.994E-05 0.9993 9.994E-05 9.994E-05
0.126737 9.9956E-05 9.9956E-05 0.586819 9.9956E-05 0.285944 9.9956E-05 9.9956E-05
9.99736E-05 0.354435 0.149595 0.0972373 0.266 9.99736E-05 0.132433 9.99736E-05
0.111114 9.99736E-05 9.99736E-05 0.0593033 0.101303 0.421939 0.306041 9.99736E-05
0.0695885 9.99739E-05 0.156366 0.128885 9.99739E-05 0.558568 9.99739E-05 0.0862924
0.110172 9.99474E-05 9.99474E-05 9.99474E-05 9.99474E-05 0.889229 9.99474E-05 9.99474E-05
0.27366 0.158637 9.99736E-05 0.020065 9.99736E-05 9.99736E-05 0.256514 0.290824
9.99735E-05 0.328482 0.11242 0.0375501 0.505033 0.0162151 9.99735E-05 9.99735E-05
9.99824E-05 0.530853 0.0335005 0.0111908 9.99824E-05 0.10305 0.000149104 0.321057
9.9965E-05 0.072826 9.9965E-05 0.412873 0.268467 0.245434 9.9965E-05 9.9965E-05
0.111489 9.99824E-05 9.99824E-05 0.206201 0.296888 0.0768016 0.0283538 0.280066
9.9947E-05 0.670716 9.9947E-05 9.9947E-05 9.9947E-05 9.9947E-05 9.9947E-05 0.328685
9.99649E-05 9.99649E-05 0.185913 0.322736 9.99649E-05 9.99649E-05 0.313074 0.177877
0.276527 9.99825E-05 0.185642 0.0487426 0.24542 9.99825E-05 0.0940337 0.149435
0.108041 0.0675496 9.99736E-05 9.99736E-05 0.198137 0.58082 0.0451522 9.99736E-05
0.24329 0.292847 9.99735E-05 9.99735E-05 0.0597861 0.155698 0.248079 9.99735E-05
9.99649E-05 0.612866 9.99649E-05 0.0378192 9.99649E-05 0.334396 0.0145187 9.99649E-05
0.9993 9.994E-05 9.994E-05 9.994E-05 9.994E-05 9.994E-05 9.994E-05 9.994E-05
9.99649E-05 9.99649E-05 0.285386 9.99649E-05 9.99649E-05 0.454238 0.162093 0.0978838
9.9956E-05 0.935552 9.9956E-05 9.9956E-05 9.9956E-05 0.0364097 9.9956E-05 0.0275386
0.0543642 9.99739E-05 0.153286 9.99739E-05 0.0287968 0.497539 0.265714 9.99739E-05
9.99562E-05 9.99562E-05 9.99562E-05 9.99562E-05 9.99562E-05 0.15702 0.370644 0.471837
0.419172 0.0464571 0.0422455 9.99735E-05 0.114954 0.376872 9.99735E-05 9.99735E-05
9.99652E-05 0.233731 0.16733 9.99652E-05 0.180193 9.99652E-05 0.418346 9.99652E-05
0.351634 0.0256484 0.613225 9.99647E-05 9.99647E-05 9.99647E-05 0.00909275 9.99647E-05
0.0892583 0.0515972 9.9965E-05 9.9965E-05 0.329411 9.9965E-05 0.529334 9.9965E-05
9.99473E-05 0.738874 9.99473E-05 9.99473E-05 9.99473E-05 0.260526 9.99473E-05 9.99473E-05
0.137383 0.296362 9.99825E-05 0.0434835 9.99825E-05 0.305274 0.00766602 0.209631
9.99559E-05 0.419346 9.99559E-05 0.489687 0.0904673 9.99559E-05 9.99559E-05 9.99559E-05
9.99475E-05 9.99475E-05 9.99475E-05 9.99475E-05 9.99475E-05 0.72956 0.269841 9.99475E-05
0.351214 0.249721 9.99734E-05 0.020659 9.99734E-05 0.230256 9.99734E-05 0.14785
9.99559E-05 9.99559E-05 9.99559E-05 0.385581 0.428724 0.185195 9.99559E-05 9.99559E-05
9.99647E-05 0.0959635 0.466753 9.99647E-05 9.99647E-05 0.271642 0.165242 9.99647E-05
9.99649E-05 0.120712 9.99649E-05 0.278564 9.99649E-05 0.346971 9.99649E-05 0.253353
0.0849526 0.122909 0.210315 0.159538 9.99738E-05 0.421985 9.99738E-05 9.99738E-05
9.99562E-05 0.180656 9.99562E-05 0.0963228 9.99562E-05 0.722521 9.99562E-05 9.99562E-05
0.281627 0.232352 9.99649E-05 9.99649E-05 9.99649E-05 9.99649E-05 0.304945 0.180676
9.99476E-05 9.99476E-05 9.99476E-05 0.468788 9.99476E-05 0.530613 9.99476E-05 9.99476E-05
9.99736E-05 9.99736E-05 0.138073 0.0626529 0.309759 0.153849 9.99736E-05 0.335366
9.99475E-05 0.816396 9.99475E-05 9.99475E-05 9.99475E-05 9.99475E-05 0.183004 9.99475E-05
9.99648E-05 9.99648E-05 9.99648E-05 0.0384031 0.34602 0.463838 0.151339 9.99648E-05
9.99648E-05 0.0595666 0.0961186 9.99648E-05 0.298386 0.545529 9.99648E-05 9.99648E-05
0.149606 0.120848 9.9965E-05 9.9965E-05 9.9965E-05 0.557402 9.9965E-05 0.171744
0.0797481 0.021423 9.99735E-05 9.99735E-05 9.99735E-05 0.252408 0.576252 0.0698687
9.99562E-05 0.52982 0.297637 9.99562E-05 9.99562E-05 9.99562E-05 9.99562E-05 0.172043
9.9965E-05 0.0305281 9.9965E-05 9.9965E-05 0.174522 0.498643 9.9965E-05 0.295908
9.99478E-05 9.99478E-05 9.99478E-05 9.99478E-05 0.339267 0.660133 9.99478E-05 9.99478E-05
0.448354 9.9956E-05 9.9956E-05 0.112966 0.43818 9.9956E-05 9.9956E-05 9.9956E-05
9.99651E-05 0.0947222 9.99651E-05 9.99651E-05 0.0914797 9.99651E-05 0.182569 0.630829
9.99558E-05 0.868338 9.99558E-05 9.99558E-05 0.00638952 9.99558E-05 0.124772 9.99558E-05
0.128465 0.500465 9.99648E-05 9.99648E-05 0.235008 9.99648E-05 9.99648E-05 0.135662
9.99557E-05 0.427957 9.99557E-05 0.235246 9.99557E-05 9.99557E-05 9.99557E-05 0.336297
0.0835829 0.084456 0.126589 0.049614 0.542057 0.113501 9.99823E-05 9.99823E-05
9.994E-05 9.994E-05 9.994E-05 9.994E-05 0.9993 9.994E-05 9.994E-05 9.994E-05
0.419475 9.99561E-05 0.474143 9.99561E-05 9.99561E-05 9.99561E-05 0.105882 9.99561E-05
9.99563E-05 9.99563E-05 0.425942 0.449861 9.99563E-05 0.123697 9.99563E-05 9.99563E-05
9.99735E-05 0.477883 9.99735E-05 0.0675678 0.147305 0.25934 0.0476041 9.99735E-05
0.363216 9.99561E-05 9.99561E-05 0.169453 9.99561E-05 9.99561E-05 9.99561E-05 0.466831
0.360207 0.183762 9.99737E-05 9.99737E-05 0.0386184 0.214896 0.202216 9.99737E-05
0.545625 0.255323 9.99647E-05 9.99647E-05 9.99647E-05 0.163775 0.0348776 9.99647E-05
0.256576 9.99738E-05 0.213564 0.376041 0.0455707 0.107948 9.99738E-05 9.99738E-05
0.400571 0.58798 0.00403699 9.99648E-05 9.99648E-05 9.99648E-05 9.99648E-05 0.00701251
9.99559E-05 0.0375506 9.99559E-05 9.99559E-05 0.308341 0.653609 9.99559E-05 9.99559E-05
9.99737E-05 0.0658301 9.99737E-05 9.99737E-05 0.492989 0.319765 0.0327012 0.0884146
9.99647E-05 0.172812 9.99647E-05 9.99647E-05 0.0991651 0.629224 0.0983988 9.99647E-05
9.99559E-05 0.199909 9.99559E-05 0.709204 9.99559E-05 9.99559E-05 0.0903877 9.99559E-05
9.99647E-05 0.0800058 9.99647E-05 0.372609 0.457372 0.0896128 9.99647E-05 9.99647E-05
9.99563E-05 0.517368 9.99563E-05 0.16994 9.99563E-05 0.312192 9.99563E-05 9.99563E-05
9.99647E-05 0.118237 0.613573 9.99647E-05 9.99647E-05 0.0161375 0.251652 9.99647E-05
0.0556685 0.664762 0.240836 9.99648E-05 0.0383332 9.99648E-05 9.99648E-05 9.99648E-05
0.196399 9.99738E-05 9.99738E-05 0.547201 9.99738E-05 0.204663 0.0131979 0.0382391
9.99559E-05 9.99559E-05 0.170871 0.00439076 9.99559E-05 0.824238 9.99559E-05 9.99559E-05
9.99558E-05 0.129026 9.99558E-05 9.99558E-05 9.99558E-05 0.34617 0.524305 9.99558E-05
0.062986 0.0719899 0.0952288 9.99824E-05 0.600299 0.0590319 0.110265 9.99824E-05
9.99473E-05 0.561689 9.99473E-05 9.99473E-05 9.99473E-05 0.437711 9.99473E-05 9.99473E-05
9.99737E-05 0.314144 0.16959 9.99737E-05 0.140188 0.269116 9.99737E-05 0.106663
0.100094 9.99562E-05 9.99562E-05 9.99562E-05 9.99562E-05 0.669502 0.229904 9.99562E-05
0.211759 9.9956E-05 9.9956E-05 9.9956E-05 0.106737 0.681005 9.9956E-05 9.9956E-05
9.99737E-05 0.189442 9.99737E-05 0.0211835 0.359762 0.270975 0.158338 9.99737E-05
9.99563E-05 9.99563E-05 0.618605 9.99563E-05 9.99563E-05 0.273317 0.107578 9.99563E-05
0.153322 0.767368 9.99561E-05 9.99561E-05 9.99561E-05 9.99561E-05 9.99561E-05 0.0788103
0.312187 9.99647E-05 9.99647E-05 0.0614036 0.437062 9.99647E-05 9.99647E-05 0.188947
0.139565 0.636602 0.223333 9.99562E-05 9.99562E-05 9.99562E-05 9.99562E-05 9.99562E-05
9.99648E-05 9.99648E-05 0.0415983 0.40148 9.99648E-05 0.496958 0.059564 9.99648E-05
9.994E-05 9.994E-05 9.994E-05 9.994E-05 9.994E-05 9.994E-05 9.994E-05 0.9993
9.99647E-05 0.117949 0.564255 9.99647E-05 9.99647E-05 0.244979 9.99647E-05 0.0724167
0.0217411 0.236855 9.9965E-05 9.9965E-05 9.9965E-05 0.655088 0.085916 9.9965E-05
0.23254 0.0793715 0.0721289 9.99736E-05 9.99736E-05 0.552157 0.0635034 9.99736E-05
0.365039 0.00879933 9.99562E-05 0.625662 9.99562E-05 9.99562E-05 9.99562E-05 9.99562E-05
9.99736E-05 0.228412 0.186728 9.99736E-05 0.029226 0.0115763 0.543758 9.99736E-05
0.00229428 0.318394 0.0820049 9.99647E-05 9.99647E-05 0.596907 9.99647E-05 9.99647E-05
9.99738E-05 0.0154773 0.287447 9.99738E-05 0.432615 0.0410926 0.223068 9.99738E-05
9.99472E-05 0.205714 9.99472E-05 9.99472E-05 0.793686 9.99472E-05 9.99472E-05 9.99472E-05
0.0369104 0.12969 0.109882 9.99823E-05 0.0825164 0.367148 9.99823E-05 0.273653
9.99561E-05 0.525793 9.99561E-05 9.99561E-05 9.99561E-05 0.465794 9.99561E-05 0.00791368
0.105584 0.566595 0.050971 9.996E-05 0.27645 9.996E-05 9.996E-05 9.996E-05
0.0862529 9.99648E-05 9.99648E-05 0.156514 0.027968 0.728865 9.99648E-05 9.99648E-05
9.99649E-05 9.99649E-05 9.99649E-05 0.0503795 9.99649E-05 0.037197 0.872181 0.0398431
9.99564E-05 0.420015 9.99564E-05 9.99564E-05 0.546298 0.0331876 9.99564E-05 9.99564E-05
9.99558E-05 0.762224 0.00497252 9.99558E-05 0.232304 9.99558E-05 9.99558E-05 9.99558E-05
9.99647E-05 0.280599 9.99647E-05 9.99647E-05 9.99647E-05 0.417765 0.0347 0.266536
0.11704 9.99736E-05 0.0427224 0.267304 0.18746 0.385174 9.99736E-05 9.99736E-05
0.18352 0.0334061 9.99735E-05 9.99735E-05 0.23501 9.99735E-05 0.0407332 0.50703
9.99652E-05 0.210059 9.99652E-05 0.260741 0.526346 9.99652E-05 0.00245411 9.99652E-05
9.99476E-05 9.99476E-05 9.99476E-05 9.99476E-05 9.99476E-05 0.425509 0.573892 9.99476E-05
0.390023 0.118915 0.2295 9.99735E-05 0.157545 0.103717 9.99735E-05 9.99735E-05
0.0180328 9.99649E-05 9.99649E-05 0.453309 9.99649E-05 0.134307 9.99649E-05 0.393951
0.241829 9.9956E-05 0.232852 9.9956E-05 9.9956E-05 0.52482 9.9956E-05 9.9956E-05
0.523297 9.99649E-05 0.0382521 0.299639 9.99649E-05 9.99649E-05 0.138412 9.99649E-05
9.99648E-05 0.316627 0.0394072 9.99648E-05 9.99648E-05 9.99648E-05 0.112264 0.531303
9.99649E-05 0.0709928 9.99649E-05 9.99649E-05 0.464683 0.352558 9.99649E-05 0.111366
9.99563E-05 0.124643 0.43599 9.99563E-05 9.99563E-05 9.99563E-05 0.438868 9.99563E-05
9.99739E-05 0.631455 0.00693747 9.99739E-05 0.112357 0.0636291 9.99739E-05 0.185321
0.00550843 0.075479 9.99737E-05 0.301687 9.99737E-05 0.29224 0.324785 9.99737E-05
9.99559E-05 9.99559E-05 9.99559E-05 0.199619 0.0767826 0.723099 9.99559E-05 9.99559E-05
9.99647E-05 0.333109 9.99647E-05 0.0988777 0.406285 9.99647E-05 9.99647E-05 0.161328
9.99649E-05 0.251492 9.99649E-05 0.0247139 0.699412 0.0239825 9.99649E-05 9.99649E-05
0.167772 0.540154 9.99562E-05 9.99562E-05 9.99562E-05 0.291575 9.99562E-05 9.99562E-05
0.0144196 0.175985 0.0104906 9.99736E-05 0.509549 0.289256 9.99736E-05 9.99736E-05
9.995E-05 9.995E-05 0.295142 9.995E-05 0.26281 0.441548 9.995E-05 9.995E-05
9.99736E-05 0.302102 0.29089 0.139335 9.99736E-05 0.166983 9.99736E-05 0.10039
9.99477E-05 0.706788 0.292612 9.99477E-05 9.99477E-05 9.99477E-05 9.99477E-05 9.99477E-05
0.146111 0.0341575 9.99738E-05 9.99738E-05 9.99738E-05 0.565735 0.119248 0.134449
0.490836 9.99559E-05 9.99559E-05 9.99559E-05 0.288439 0.220225 9.99559E-05 9.99559E-05
9.99559E-05 9.99559E-05 9.99559E-05 0.303926 9.99559E-05 0.590474 0.1051 9.99559E-05
0.251907 9.99558E-05 9.99558E-05 0.533502 9.99558E-05 0.214091 9.99558E-05 9.99558E-05
9.99477E-05 9.99477E-05 9.99477E-05 0.682308 9.99477E-05 9.99477E-05 0.317093 9.99477E-05
0.314162 9.9965E-05 0.0331134 9.9965E-05 0.129198 0.523127 9.9965E-05 9.9965E-05
0.0425333 0.130348 0.0271806 9.99736E-05 0.472157 0.327481 9.99736E-05 9.99736E-05
0.287115 0.670638 0.041747 9.9956E-05 9.9956E-05 9.9956E-05 9.9956E-05 9.9956E-05
9.99648E-05 9.99648E-05 0.0696182 0.0114111 9.99648E-05 0.0827605 0.83581 9.99648E-05
9.995E-05 9.995E-05 9.995E-05 9.995E-05 9.995E-05 0.596884 0.224614 0.178002
0.205244 9.99558E-05 9.99558E-05 0.0507974 9.99558E-05 9.99558E-05 0.743459 9.99558E-05
0.156959 9.99559E-05 0.792561 9.99559E-05 9.99559E-05 9.99559E-05 0.0499803 9.99559E-05
9.99561E-05 0.605785 0.179048 9.99561E-05 0.214668 9.99561E-05 9.99561E-05 9.99561E-05
9.99475E-05 0.696773 9.99475E-05 0.302627 9.99475E-05 9.99475E-05 9.99475E-05 9.99475E-05
0.245803 0.134867 0.193187 0.334464 9.99736E-05 0.0913795 9.99736E-05 9.99736E-05
0.199471 0.100941 0.0822968 9.99648E-05 9.99648E-05 0.616892 9.99648E-05 9.99648E-05
0.119639 0.330781 9.99561E-05 9.99561E-05 9.99561E-05 0.549081 9.99561E-05 9.99561E-05
0.0610612 0.478948 9.99649E-05 0.0317242 9.99649E-05 9.99649E-05 0.427866 9.99649E-05
0.167895 9.9965E-05 9.9965E-05 9.9965E-05 9.9965E-05 0.48743 0.0569403 0.287334
9.99472E-05 0.294916 9.99472E-05 9.99472E-05 9.99472E-05 0.704484 9.99472E-05 9.99472E-05
9.99471E-05 9.99471E-05 0.750961 9.99471E-05 9.99471E-05 9.99471E-05 0.248439 9.99471E-05
9.99559E-05 9.99559E-05 9.99559E-05 0.165578 9.99559E-05 0.797152 0.0367705 9.99559E-05
9.9947E-05 9.9947E-05 0.42936 9.9947E-05 9.9947E-05 0.570041 9.9947E-05 9.9947E-05
9.99475E-05 9.99475E-05 9.99475E-05 0.435952 9.99475E-05 0.563448 9.99475E-05 9.99475E-05
9.99652E-05 0.0591848 9.99652E-05 0.226862 0.150725 0.562828 9.99652E-05 9.99652E-05
9.99647E-05 0.471189 9.99647E-05 0.255715 0.220475 0.0522216 9.99647E-05 9.99647E-05
0.578555 0.106969 9.99648E-05 9.99648E-05 0.239878 0.0741989 9.99648E-05 9.99648E-05
0.417486 9.99476E-05 9.99476E-05 9.99476E-05 9.99476E-05 0.581914 9.99476E-05 9.99476E-05
9.99648E-05 0.438415 9.99648E-05 0.24825 0.082627 0.230307 9.99648E-05 9.99648E-05
0.0931415 0.0839359 9.99823E-05 0.0664002 0.172248 0.189859 0.394216 9.99823E-05
9.99563E-05 0.770351 9.99563E-05 0.151574 9.99563E-05 0.0775747 9.99563E-05 9.99563E-05
9.99652E-05 0.267767 9.99652E-05 0.29966 0.336438 0.0957344 9.99652E-05 9.99652E-05
9.99735E-05 0.299808 0.0785461 0.415755 0.183691 0.0218996 9.99735E-05 9.99735E-05
9.99649E-05 0.304235 0.223947 0.259126 9.99649E-05 9.99649E-05 0.212292 9.99649E-05
0.508975 0.0413897 9.9956E-05 9.9956E-05 0.449135 9.9956E-05 9.9956E-05 9.9956E-05
9.99647E-05 0.454816 9.99647E-05 0.251034 0.279212 0.0145382 9.99647E-05 9.99647E-05
9.99736E-05 9.99736E-05 9.99736E-05 0.230261 0.0839587 0.556853 0.0971672 0.0314599
0.220629 9.99649E-05 0.140144 0.149405 9.99649E-05 9.99649E-05 9.99649E-05 0.489422
9.99566E-05 0.609625 9.99566E-05 9.99566E-05 9.99566E-05 0.155375 9.99566E-05 0.2345
0.522462 9.99647E-05 0.0253689 9.99647E-05 9.99647E-05 0.0608144 9.99647E-05 0.390955
0.212336 9.99475E-05 9.99475E-05 9.99475E-05 9.99475E-05 0.787064 9.99475E-05 9.99475E-05
9.99647E-05 0.0591205 9.99647E-05 0.543621 0.336261 9.99647E-05 0.0605972 9.99647E-05
0.0607926 0.313557 9.99735E-05 9.99735E-05 0.181974 0.328018 0.115358 9.99735E-05
9.99647E-05 9.99647E-05 9.99647E-05 0.47863 0.346835 9.99647E-05 0.147317 0.0268182
0.0574531 0.805118 0.0873188 0.0480334 9.99736E-05 9.99736E-05 0.00177679 9.99736E-05
