0.635687 0.0141181 0.350194
0.912287 0.00526837 0.0824443
0.38884 9.9991E-05 0.61106
0.781317 9.9991E-05 0.218583
9.9991E-05 0.289624 0.710276
0.648344 0.351556 9.9991E-05
0.0235031 0.173283 0.803214
0.819297 9.9991E-05 0.180603
0.281421 0.718479 9.9991E-05
9.9991E-05 0.213031 0.786869
9.9991E-05 0.0586803 0.94122
0.939974 9.9991E-05 0.0599262
9.9991E-05 0.4276 0.5723
0.134409 9.9991E-05 0.865491
9.9991E-05 0.53096 0.46894
9.9991E-05 0.954799 0.0451014
0.868426 9.9991E-05 0.131474
0.078422 0.594184 0.327394
0.848543 0.151357 9.9991E-05
9.999E-05 0.9998 9.999E-05
0.0808949 0.919005 9.9991E-05
0.402716 0.597184 9.9991E-05
9.9991E-05 0.914299 0.0856008
0.485286 0.134953 0.379761
0.172429 9.9991E-05 0.827471
9.9991E-05 0.666463 0.333437
0.661897 9.9991E-05 0.338003
0.430179 0.40056 0.169261
0.945167 9.99911E-05 0.0547333
0.854349 0.145551 9.9991E-05
0.000125768 9.9991E-05 0.999774
9.999E-05 9.999E-05 0.9998
9.999E-05 9.999E-05 0.9998
0.690364 0.309536 9.9991E-05
0.916197 9.9991E-05 0.0837025
0.0959278 0.903972 9.9991E-05
0.577536 0.422364 9.9991E-05
0.638642 0.361258 9.9991E-05
0.191221 0.0472425 0.761537
0.711004 0.288896 9.9991E-05
0.981356 0.0185438 9.9991E-05
0.997966 9.9991E-05 0.00193353
9.999E-05 0.9998 9.999E-05
0.0696442 9.9991E-05 0.930256
9.9991E-05 0.663793 0.336107
0.893181 9.9991E-05 0.106719
0.136839 0.863061 9.9991E-05
0.423572 0.576328 9.9991E-05
9.9991E-05 0.688919 0.310981
0.182432 0.817468 9.9991E-05
