0.736108 0.263792 9.9991E-05
0.988417 0.0114832 9.9991E-05
0.481513 0.518387 9.9991E-05
0.801675 0.177806 0.0205182
9.9991E-05 0.803017 0.196883
0.526739 9.9991E-05 0.473161
0.0438191 0.83441 0.121771
0.934527 0.0653727 9.9991E-05
0.0587053 9.9991E-05 0.941195
9.9991E-05 0.93834 0.0615597
9.99911E-05 0.999297 0.000603406
0.9998 9.999E-05 9.999E-05
9.9991E-05 0.57023 0.42967
0.14401 0.85589 9.9991E-05
9.9991E-05 0.674896 0.325004
9.9991E-05 0.177763 0.822137
0.969148 0.0307516 9.9991E-05
0.000531269 0.366369 0.6331
0.590054 9.9991E-05 0.409846
9.9991E-05 0.0754209 0.924479
9.9991E-05 0.104437 0.895463
0.206362 0.0189406 0.774697
9.9991E-05 0.238039 0.761861
0.563986 0.291008 0.145006
0.201444 0.798456 9.9991E-05
9.9991E-05 0.476932 0.522968
0.740642 0.259258 9.9991E-05
0.272794 0.214139 0.513067
0.9998 9.999E-05 9.999E-05
0.691237 9.9991E-05 0.308663
9.999E-05 0.9998 9.999E-05
9.999E-05 0.9998 9.999E-05
9.999E-05 0.9998 9.999E-05
0.368098 9.9991E-05 0.631803
0.9126 0.0872999 9.9991E-05
9.9991E-05 0.0285331 0.971367
0.318201 9.9991E-05 0.681699
0.38552 9.9991E-05 0.61438
0.0887273 0.78075 0.130523
0.508913 9.9991E-05 0.490987
0.773834 9.9991E-05 0.226066
0.9998 9.999E-05 9.999E-05
9.9991E-05 0.0495824 0.950318
0.174891 0.825009 9.9991E-05
9.9991E-05 0.540056 0.459844
0.920491 0.0794086 9.9991E-05
9.999E-05 9.999E-05 0.9998
0.195699 9.9991E-05 0.804201
9.9991E-05 0.413272 0.586628
9.9991E-05 0.0515038 0.948396
