9.99737E-05 0.275266 0.427599 9.99737E-05 0.296835 9.99737E-05
0.678835 9.9965E-05 0.320766 9.9965E-05 9.9965E-05 9.9965E-05
9.99649E-05 0.610058 9.99649E-05 9.99649E-05 0.389542 9.99649E-05
0.624791 9.99737E-05 9.99737E-05 0.326377 9.99737E-05 0.0485317
9.99737E-05 9.99737E-05 0.611778 0.110608 0.277314 9.99737E-05
0.0343913 0.600106 0.134178 0.104953 9.99912E-05 0.126272
0.282228 0.31784 0.399632 9.99738E-05 9.99738E-05 9.99738E-05
0.655722 0.0340401 9.99824E-05 0.129209 0.180829 9.99824E-05
0.53832 0.294279 9.99738E-05 0.167102 9.99738E-05 9.99738E-05
0.39506 0.295228 9.99825E-05 0.187587 9.99825E-05 0.121925
0.311156 0.211014 0.40219 9.99825E-05 9.99825E-05 0.0754403
9.99738E-05 9.99738E-05 0.433706 0.542805 9.99738E-05 0.0231884
0.0816137 0.258387 0.309522 9.99824E-05 0.350277 9.99824E-05
9.99736E-05 9.99736E-05 0.429647 0.108748 0.461305 9.99736E-05
9.99736E-05 9.99736E-05 0.395226 0.366172 9.99736E-05 0.238302
0.365879 0.281281 9.99824E-05 0.049808 0.302832 9.99824E-05
9.99649E-05 9.99649E-05 9.99649E-05 9.99649E-05 0.486355 0.513245
9.99649E-05 0.447099 0.552502 9.99649E-05 9.99649E-05 9.99649E-05
9.99737E-05 0.332604 9.99737E-05 0.488712 9.99737E-05 0.178385
0.0266368 0.389424 0.243452 0.340288 9.99824E-05 9.99824E-05
9.9974E-05 9.9974E-05 9.9974E-05 0.498954 0.10978 0.390966
0.0185273 9.998E-05 0.118104 0.172807 9.998E-05 0.690362
9.99737E-05 0.117686 9.99737E-05 0.657504 9.99737E-05 0.22451
0.0313648 0.0929839 0.0479872 0.199301 0.628263 9.99912E-05
0.20344 9.99736E-05 9.99736E-05 0.609933 0.186327 9.99736E-05
0.173253 9.9965E-05 0.826347 9.9965E-05 9.9965E-05 9.9965E-05
9.99737E-05 9.99737E-05 0.50003 0.445173 9.99737E-05 0.0544971
0.483539 0.197433 0.318728 9.99734E-05 9.99734E-05 9.99734E-05
0.414932 9.99737E-05 9.99737E-05 0.550599 0.0341696 9.99737E-05
9.99738E-05 9.99738E-05 9.99738E-05 0.749089 0.223239 0.0273716
9.99649E-05 9.99649E-05 9.99649E-05 0.993954 0.00564643 9.99649E-05
0.0605841 0.0627678 0.294773 0.527718 9.99912E-05 0.0540576
9.99825E-05 9.99825E-05 0.0129255 0.402652 0.531437 0.0527852
9.99647E-05 9.99647E-05 0.958495 9.99647E-05 9.99647E-05 0.0411049
9.99737E-05 0.329631 0.312384 0.357685 9.99737E-05 9.99737E-05
0.759175 9.99648E-05 0.240425 9.99648E-05 9.99648E-05 9.99648E-05
9.99825E-05 0.414636 0.239012 0.0671694 9.99825E-05 0.278982
0.287952 0.0804117 0.00454435 0.626892 9.99824E-05 9.99824E-05
9.99649E-05 9.99649E-05 9.99649E-05 9.99649E-05 0.595282 0.404318
9.99825E-05 0.425085 0.046882 0.510312 9.99825E-05 0.0175202
9.99737E-05 0.385658 9.99737E-05 0.49165 0.122392 9.99737E-05
0.0550769 0.0423001 0.565366 9.998E-05 9.998E-05 0.337058
0.745192 9.99736E-05 0.0950329 9.99736E-05 0.159475 9.99736E-05
0.0278764 9.99737E-05 0.424012 0.547811 9.99737E-05 9.99737E-05
9.99652E-05 0.628794 9.99652E-05 9.99652E-05 0.370806 9.99652E-05
9.99736E-05 0.315127 9.99736E-05 0.638538 0.0460352 9.99736E-05
0.0443183 9.99736E-05 9.99736E-05 0.646094 0.309288 9.99736E-05
9.99737E-05 0.176409 0.725415 0.097876 9.99737E-05 9.99737E-05
0.125403 0.200505 9.99739E-05 0.673791 9.99739E-05 9.99739E-05
9.99738E-05 0.631174 0.236484 9.99738E-05 9.99738E-05 0.132042
0.542227 0.457373 9.99652E-05 9.99652E-05 9.99652E-05 9.99652E-05
9.99736E-05 0.444979 0.464077 0.0906439 9.99736E-05 9.99736E-05
0.0863947 0.0451321 9.99823E-05 0.349253 9.99823E-05 0.51902
9.99646E-05 9.99646E-05 9.99646E-05 0.518987 0.480613 9.99646E-05
0.0123588 9.99738E-05 0.41955 0.567791 9.99738E-05 9.99738E-05
9.99735E-05 9.99735E-05 0.617454 0.341824 0.0404219 9.99735E-05
9.99825E-05 0.039453 0.220463 0.441629 0.298256 9.99825E-05
0.120742 0.147855 0.00931169 0.721891 9.99825E-05 9.99825E-05
9.99825E-05 0.234518 0.506692 0.246881 0.0117095 9.99825E-05
9.99647E-05 0.144737 0.854863 9.99647E-05 9.99647E-05 9.99647E-05
9.99651E-05 0.582189 0.417411 9.99651E-05 9.99651E-05 9.99651E-05
9.99825E-05 0.0649935 0.0674121 0.0446479 9.99825E-05 0.822746
0.0410428 0.607536 9.99737E-05 0.351121 9.99737E-05 9.99737E-05
0.599974 9.99823E-05 9.99823E-05 0.00165782 0.0716902 0.326478
9.99824E-05 9.99824E-05 0.106478 0.222721 0.0634352 0.607166
9.996E-05 0.9995 9.996E-05 9.996E-05 9.996E-05 9.996E-05
0.408122 9.998E-05 0.0786746 0.228101 0.284903 9.998E-05
9.99652E-05 0.388384 9.99652E-05 9.99652E-05 9.99652E-05 0.611216
0.224308 9.99914E-05 0.0730793 0.00661838 0.448134 0.247761
0.214062 0.0111724 0.157866 9.99912E-05 0.182323 0.434477
0.144362 0.585194 9.99735E-05 9.99735E-05 0.270145 9.99735E-05
9.99652E-05 9.99652E-05 9.99652E-05 9.99652E-05 0.610034 0.389566
9.99736E-05 0.640931 9.99736E-05 0.334472 9.99736E-05 0.0242973
0.9995 9.996E-05 9.996E-05 9.996E-05 9.996E-05 9.996E-05
0.235514 9.99738E-05 9.99738E-05 0.673994 0.0901912 9.99738E-05
0.486436 0.513164 9.9965E-05 9.9965E-05 9.9965E-05 9.9965E-05
9.996E-05 9.996E-05 0.9995 9.996E-05 9.996E-05 9.996E-05
9.9965E-05 9.9965E-05 9.9965E-05 0.50077 9.9965E-05 0.49883
9.99647E-05 9.99647E-05 0.182548 9.99647E-05 0.817052 9.99647E-05
0.636551 9.99825E-05 0.145151 9.99825E-05 0.011671 0.206427
9.99737E-05 0.179972 9.99737E-05 0.596824 9.99737E-05 0.222905
0.419308 9.997E-05 0.259655 9.997E-05 9.997E-05 0.320737
9.9965E-05 0.7368 9.9965E-05 0.2628 9.9965E-05 9.9965E-05
0.320146 9.99739E-05 0.582033 9.99739E-05 9.99739E-05 0.0975207
0.0312024 0.660438 9.99824E-05 0.22258 9.99824E-05 0.0855796
9.99824E-05 0.0427748 0.198286 0.736787 0.0219518 9.99824E-05
0.0251006 0.0511153 0.272298 0.651286 9.99825E-05 9.99825E-05
9.99825E-05 9.99825E-05 0.0980444 0.0103149 0.658728 0.232713
9.996E-05 0.9995 9.996E-05 9.996E-05 9.996E-05 9.996E-05
0.551352 9.997E-05 0.280645 9.997E-05 9.997E-05 0.167703
9.99736E-05 9.99736E-05 9.99736E-05 0.0462568 0.636762 0.316681
9.99647E-05 0.401765 9.99647E-05 0.597835 9.99647E-05 9.99647E-05
9.99824E-05 0.17068 9.99824E-05 0.0614664 0.351385 0.416269
0.0107662 9.99651E-05 0.988834 9.99651E-05 9.99651E-05 9.99651E-05
9.996E-05 9.996E-05 9.996E-05 0.9995 9.996E-05 9.996E-05
9.99736E-05 0.0206558 0.105989 0.873055 9.99736E-05 9.99736E-05
9.99825E-05 9.99825E-05 0.221206 0.597478 0.0254025 0.155713
0.0944465 9.99825E-05 0.147275 0.645679 9.99825E-05 0.1124
0.0701454 9.99912E-05 0.221408 0.0414952 0.195804 0.471047
0.722638 0.0645883 0.147814 9.99824E-05 0.0647601 9.99824E-05
9.99738E-05 0.0337957 0.0581404 9.99738E-05 0.907764 9.99738E-05
0.372262 9.99824E-05 0.0805034 0.0768284 0.470207 9.99824E-05
0.0858741 0.36193 0.00589254 0.265736 9.99911E-05 0.280468
0.100094 9.9965E-05 0.899506 9.9965E-05 9.9965E-05 9.9965E-05
0.402775 9.99823E-05 0.443004 9.99823E-05 0.0544378 0.0995835
9.99737E-05 0.11912 0.305 0.57558 9.99737E-05 9.99737E-05
9.99649E-05 0.275314 9.99649E-05 9.99649E-05 9.99649E-05 0.724286
9.99825E-05 0.0192574 0.699059 0.0426832 0.2388 9.99825E-05
9.99649E-05 9.99649E-05 0.692077 9.99649E-05 9.99649E-05 0.307523
0.567197 0.18865 9.99825E-05 9.99825E-05 0.208897 0.0350554
0.0217591 0.0553116 0.252551 0.670179 9.99824E-05 9.99824E-05
9.99736E-05 0.85514 0.0927002 9.99736E-05 0.0518604 9.99736E-05
9.99826E-05 0.471951 0.359851 0.131419 0.0365791 9.99826E-05
9.99824E-05 9.99824E-05 0.0130231 0.721664 0.231986 0.0331276
9.99651E-05 9.99651E-05 9.99651E-05 0.285899 0.713701 9.99651E-05
0.9995 9.996E-05 9.996E-05 9.996E-05 9.996E-05 9.996E-05
9.99648E-05 9.99648E-05 0.343488 0.656112 9.99648E-05 9.99648E-05
9.9974E-05 0.0516274 9.9974E-05 9.9974E-05 0.483087 0.464986
0.252035 9.9965E-05 0.747565 9.9965E-05 9.9965E-05 9.9965E-05
0.438687 9.99823E-05 9.99823E-05 0.165279 0.230082 0.165752
9.99737E-05 9.99737E-05 9.99737E-05 0.0747411 0.402889 0.52207
9.99736E-05 0.255291 9.99736E-05 0.713273 9.99736E-05 0.0311358
9.99735E-05 9.99735E-05 0.0375334 0.526945 9.99735E-05 0.435222
9.99649E-05 9.99649E-05 9.99649E-05 0.728936 0.270664 9.99649E-05
0.0721958 9.99824E-05 0.484086 0.115735 9.99824E-05 0.327784
0.104101 0.1031 9.99737E-05 9.99737E-05 0.792499 9.99737E-05
0.157137 9.99737E-05 9.99737E-05 0.64174 9.99737E-05 0.200823
9.99737E-05 0.120109 9.99737E-05 0.614337 9.99737E-05 0.265254
9.99649E-05 9.99649E-05 0.3292 9.99649E-05 0.670401 9.99649E-05
9.99736E-05 0.682039 0.143491 9.99736E-05 9.99736E-05 0.174171
0.239074 9.99738E-05 0.489824 0.270802 9.99738E-05 9.99738E-05
0.209826 0.380015 9.99824E-05 0.233232 0.176727 9.99824E-05
9.996E-05 9.996E-05 0.9995 9.996E-05 9.996E-05 9.996E-05
9.99648E-05 0.417442 9.99648E-05 9.99648E-05 0.582158 9.99648E-05
9.99737E-05 0.0217216 0.852474 9.99737E-05 0.125504 9.99737E-05
9.99824E-05 0.13772 9.99824E-05 0.560858 0.0975204 0.203701
9.99649E-05 9.99649E-05 9.99649E-05 9.99649E-05 0.232295 0.767305
9.99913E-05 0.220443 0.0827463 0.396219 0.00804415 0.292448
9.99646E-05 0.262811 9.99646E-05 9.99646E-05 9.99646E-05 0.736789
9.9965E-05 0.0964003 9.9965E-05 9.9965E-05 9.9965E-05 0.9032
9.99824E-05 0.0318706 9.99824E-05 0.523624 0.202228 0.242077
0.0992866 9.99739E-05 0.815311 9.99739E-05 9.99739E-05 0.0851027
9.99825E-05 0.464039 0.0544466 0.180417 9.99825E-05 0.300898
9.9965E-05 9.9965E-05 0.492019 9.9965E-05 9.9965E-05 0.507581
0.56001 9.99737E-05 0.168592 9.99737E-05 9.99737E-05 0.271099
0.0502447 9.99912E-05 0.185717 0.610567 0.123863 0.0295088
9.99734E-05 9.99734E-05 0.572613 0.106342 0.320745 9.99734E-05
9.99736E-05 0.459945 9.99736E-05 0.400996 0.138759 9.99736E-05
9.99737E-05 0.0351383 0.708399 9.99737E-05 9.99737E-05 0.256162
9.99736E-05 0.55312 9.99736E-05 0.175866 9.99736E-05 0.270714
9.99736E-05 9.99736E-05 0.615675 9.99736E-05 0.31525 0.0687745
0.775221 9.99735E-05 9.99735E-05 0.148875 9.99735E-05 0.0756044
9.99736E-05 9.99736E-05 9.99736E-05 0.0732897 0.828498 0.0979121
0.1461 0.578934 0.16349 0.0835078 9.99912E-05 0.0278682
0.0968623 0.00397444 9.99825E-05 9.99825E-05 0.395769 0.503194
0.325237 0.0470684 9.99823E-05 0.324668 9.99823E-05 0.302827
0.155606 0.0454129 0.171539 9.99825E-05 9.99825E-05 0.627243
0.554961 0.0701007 0.352909 9.998E-05 9.998E-05 0.0218299
0.0964066 9.99652E-05 0.903194 9.99652E-05 9.99652E-05 9.99652E-05
9.99738E-05 9.99738E-05 0.0290566 0.701349 0.269294 9.99738E-05
9.99649E-05 9.99649E-05 9.99649E-05 0.77319 9.99649E-05 0.226411
9.99735E-05 0.319922 0.66218 9.99735E-05 0.0175981 9.99735E-05
9.99737E-05 9.99737E-05 0.110859 0.440652 0.448189 9.99737E-05
9.99736E-05 0.124655 9.99736E-05 0.169139 9.99736E-05 0.705907
0.17418 0.122788 0.116639 0.310384 0.275909 9.99912E-05
0.425595 0.350951 0.0585616 9.99825E-05 9.99825E-05 0.164692
0.216281 9.99736E-05 9.99736E-05 9.99736E-05 0.246653 0.536765
0.296722 0.223884 9.99912E-05 0.133457 0.120859 0.224978
9.99652E-05 0.351625 9.99652E-05 0.647975 9.99652E-05 9.99652E-05
9.99738E-05 9.99738E-05 0.829998 9.99738E-05 0.0965835 0.0731188
0.0364552 9.99735E-05 0.229699 9.99735E-05 9.99735E-05 0.733546
0.27524 9.99646E-05 0.72436 9.99646E-05 9.99646E-05 9.99646E-05
0.1121 9.99823E-05 0.305439 0.266261 0.316 9.99823E-05
9.99823E-05 0.149771 0.491199 0.342078 0.0167523 9.99823E-05
0.114738 9.99737E-05 0.523928 0.361035 9.99737E-05 9.99737E-05
9.99651E-05 0.0413308 9.99651E-05 9.99651E-05 9.99651E-05 0.958269
0.377582 0.140182 0.213844 9.99912E-05 0.109167 0.159125
9.99739E-05 9.99739E-05 9.99739E-05 0.364272 0.234665 0.400763
0.52088 9.99825E-05 0.255707 0.0864783 0.136735 9.99825E-05
0.401727 0.363342 9.99824E-05 9.99824E-05 0.0219417 0.212789
0.0639709 9.99737E-05 0.84961 0.0861189 9.99737E-05 9.99737E-05
0.741419 9.99647E-05 9.99647E-05 9.99647E-05 9.99647E-05 0.258181
0.0662368 0.174889 9.99912E-05 0.280861 0.0862654 0.391648
9.99646E-05 0.612259 9.99646E-05 0.387341 9.99646E-05 9.99646E-05
0.748947 9.99648E-05 9.99648E-05 9.99648E-05 9.99648E-05 0.250654
9.99647E-05 0.821869 0.177731 9.99647E-05 9.99647E-05 9.99647E-05
9.99737E-05 0.174715 0.296117 9.99737E-05 9.99737E-05 0.528869
0.581378 9.99912E-05 0.0895308 0.174208 0.0442652 0.110519
9.99649E-05 9.99649E-05 9.99649E-05 0.956453 0.0431474 9.99649E-05
9.99739E-05 0.343537 9.99739E-05 9.99739E-05 0.341069 0.315095
0.253462 0.393325 0.333519 9.99824E-05 0.0194947 9.99824E-05
0.310983 9.99736E-05 9.99736E-05 0.159199 9.99736E-05 0.529518
9.99824E-05 0.00663204 0.433707 9.99824E-05 0.333801 0.22566
9.99735E-05 9.99735E-05 9.99735E-05 0.23188 0.193691 0.57413
9.99648E-05 9.99648E-05 0.926336 9.99648E-05 0.0732637 9.99648E-05
0.16283 0.590512 9.9974E-05 0.246358 9.9974E-05 9.9974E-05
0.500455 9.99738E-05 9.99738E-05 0.467156 0.0320891 9.99738E-05
9.99647E-05 9.99647E-05 9.99647E-05 0.488572 9.99647E-05 0.511028
0.13361 9.99735E-05 0.729414 9.99735E-05 9.99735E-05 0.136676
9.99825E-05 0.200478 0.536117 0.135968 0.127237 9.99825E-05
0.00850006 9.99824E-05 0.127271 0.458758 0.40527 9.99824E-05
0.481303 0.00112336 9.99912E-05 0.00304943 0.0219161 0.492508
0.374941 9.99737E-05 0.56409 9.99737E-05 9.99737E-05 0.0606692
0.776079 0.223521 9.99654E-05 9.99654E-05 9.99654E-05 9.99654E-05
0.0950157 9.99737E-05 9.99737E-05 0.433154 9.99737E-05 0.47153
0.415488 9.99649E-05 9.99649E-05 9.99649E-05 9.99649E-05 0.584112
9.99736E-05 0.157162 9.99736E-05 9.99736E-05 0.822778 0.0197597
0.191612 0.569853 9.99737E-05 9.99737E-05 0.238235 9.99737E-05
9.997E-05 0.28493 9.997E-05 0.527808 0.186962 9.997E-05
9.99824E-05 0.136699 0.144192 0.428625 9.99824E-05 0.290284
0.26369 0.0798323 9.99824E-05 0.341709 0.314569 9.99824E-05
0.169975 0.153629 0.101538 9.99823E-05 9.99823E-05 0.574658
0.252993 9.99736E-05 9.99736E-05 0.245961 0.500746 9.99736E-05
9.99648E-05 9.99648E-05 0.208401 9.99648E-05 9.99648E-05 0.791199
0.175807 9.99824E-05 9.99824E-05 0.340317 0.286429 0.197248
0.00465785 9.99739E-05 0.0501032 0.944939 9.99739E-05 9.99739E-05
0.294087 9.99738E-05 0.669779 0.0358341 9.99738E-05 9.99738E-05
9.99647E-05 9.99647E-05 9.99647E-05 9.99647E-05 0.284976 0.714624
9.99735E-05 0.507993 9.99735E-05 9.99735E-05 0.283813 0.207894
9.99647E-05 0.973277 9.99647E-05 9.99647E-05 9.99647E-05 0.0263232
9.99825E-05 0.0780035 0.70484 0.15986 9.99825E-05 0.0570967
0.43409 0.565511 9.99652E-05 9.99652E-05 9.99652E-05 9.99652E-05
0.0346946 0.529412 9.99824E-05 9.99824E-05 0.403133 0.032561
9.99647E-05 9.99647E-05 0.863938 9.99647E-05 0.135663 9.99647E-05
0.0776736 0.410937 0.192573 9.99825E-05 0.318616 9.99825E-05
9.99649E-05 9.99649E-05 9.99649E-05 0.296881 9.99649E-05 0.70272
9.99739E-05 9.99739E-05 0.288428 0.4536 0.257673 9.99739E-05
9.99825E-05 0.022372 0.485233 0.392424 0.0997704 9.99825E-05
9.99735E-05 0.0730719 9.99735E-05 9.99735E-05 0.548834 0.377794
0.0178449 9.99823E-05 0.463611 0.107704 0.410639 9.99823E-05
9.99736E-05 9.99736E-05 0.161031 0.57987 9.99736E-05 0.2588
0.173644 0.0620373 9.99826E-05 9.99826E-05 0.612824 0.151295
0.061604 0.583696 0.353991 0.000508925 9.99824E-05 9.99824E-05
0.130475 9.99825E-05 0.0937765 0.0445705 9.99825E-05 0.730978
0.282926 9.9965E-05 9.9965E-05 0.716674 9.9965E-05 9.9965E-05
9.99736E-05 9.99736E-05 0.440996 9.99736E-05 0.532379 0.0263247
9.99653E-05 0.566096 9.99653E-05 9.99653E-05 9.99653E-05 0.433504
9.99738E-05 9.99738E-05 0.510231 9.99738E-05 0.287002 0.202468
9.99735E-05 0.49825 0.104564 0.396886 9.99735E-05 9.99735E-05
9.99736E-05 9.99736E-05 9.99736E-05 0.47604 0.38111 0.14255
9.99826E-05 9.99826E-05 0.146395 0.695155 0.0600274 0.0982229
9.99735E-05 0.448891 9.99735E-05 0.437461 9.99735E-05 0.113348
0.284331 0.0665712 9.99824E-05 9.99824E-05 0.354558 0.29434
9.99647E-05 9.99647E-05 0.222076 9.99647E-05 0.777524 9.99647E-05
9.99648E-05 0.113788 9.99648E-05 9.99648E-05 0.885812 9.99648E-05
9.99649E-05 9.99649E-05 0.551831 0.447769 9.99649E-05 9.99649E-05
9.99735E-05 9.99735E-05 0.102807 9.99735E-05 0.143076 0.753817
9.99735E-05 9.99735E-05 0.135869 0.528231 9.99735E-05 0.3356
9.997E-05 9.997E-05 0.0350735 0.304746 0.65988 9.997E-05
0.284813 9.99737E-05 9.99737E-05 9.99737E-05 0.257882 0.457005
0.129957 0.166043 0.00743604 0.307079 9.99912E-05 0.389386
9.99738E-05 0.0425814 0.625232 9.99738E-05 9.99738E-05 0.331887
0.295102 0.413792 9.99736E-05 0.290807 9.99736E-05 9.99736E-05
9.99653E-05 9.99653E-05 9.99653E-05 9.99653E-05 0.805832 0.193768
9.99738E-05 0.335636 9.99738E-05 9.99738E-05 0.25094 0.413124
0.37241 9.99825E-05 0.0147793 0.418475 9.99825E-05 0.194136
0.428194 9.99647E-05 0.571406 9.99647E-05 9.99647E-05 9.99647E-05
0.0640659 9.99736E-05 9.99736E-05 9.99736E-05 0.503255 0.432379
0.176908 0.0745658 0.426964 9.99823E-05 9.99823E-05 0.321362
9.99823E-05 0.024422 0.801668 0.0239017 9.99823E-05 0.149808
9.99824E-05 9.99824E-05 0.421818 0.0116119 0.126548 0.439822
