0.147988 0.333389 0.424841 9.998E-05 9.998E-05 0.0935824
0.250852 9.99825E-05 9.99825E-05 0.451497 0.270277 0.0271747
0.451045 0.0602206 0.18739 0.301144 9.99824E-05 9.99824E-05
9.99739E-05 9.99739E-05 9.99739E-05 0.508932 0.364536 0.126232
0.680508 0.262989 0.0562039 9.99736E-05 9.99736E-05 9.99736E-05
0.382556 0.173694 0.0997115 0.0458118 0.298126 9.99912E-05
0.461717 0.0526128 0.1149 0.37057 9.99825E-05 9.99825E-05
9.9974E-05 0.225359 9.9974E-05 0.413594 0.360748 9.9974E-05
9.99735E-05 0.291384 0.644757 0.0635595 9.99735E-05 9.99735E-05
9.99737E-05 9.99737E-05 0.553469 0.364134 9.99737E-05 0.082097
9.99736E-05 0.798769 0.143749 0.057182 9.99736E-05 9.99736E-05
9.997E-05 0.117329 9.997E-05 0.451259 9.997E-05 0.431112
9.99737E-05 0.26983 0.181677 0.548193 9.99737E-05 9.99737E-05
9.998E-05 0.239653 0.403493 9.998E-05 0.0820552 0.274599
9.99647E-05 9.99647E-05 0.883254 9.99647E-05 0.116346 9.99647E-05
0.591797 0.0188179 0.194796 0.0506077 9.99912E-05 0.143881
9.996E-05 9.996E-05 0.9995 9.996E-05 9.996E-05 9.996E-05
9.99648E-05 9.99648E-05 0.593111 9.99648E-05 0.406489 9.99648E-05
9.997E-05 0.158215 0.21904 9.997E-05 9.997E-05 0.622446
9.99737E-05 0.202457 9.99737E-05 0.562933 9.99737E-05 0.23431
9.99738E-05 0.396638 0.452232 9.99738E-05 0.150831 9.99738E-05
9.99738E-05 0.343883 0.387778 9.99738E-05 0.268039 9.99738E-05
9.999E-05 0.0412544 0.454785 0.0961685 0.018516 0.389176
9.99736E-05 9.99736E-05 0.366322 0.00488718 9.99736E-05 0.628491
0.221521 0.0181787 0.153018 9.99912E-05 0.355145 0.252037
9.99736E-05 9.99736E-05 0.0866276 0.81622 9.99736E-05 0.0968529
9.99649E-05 0.399359 9.99649E-05 9.99649E-05 9.99649E-05 0.600241
0.00919011 0.478224 9.99737E-05 9.99737E-05 9.99737E-05 0.512286
0.798393 9.9965E-05 9.9965E-05 9.9965E-05 9.9965E-05 0.201208
9.99825E-05 0.0821083 0.383204 9.99825E-05 0.233577 0.300912
0.739631 9.99649E-05 9.99649E-05 9.99649E-05 9.99649E-05 0.259969
0.215561 9.99824E-05 0.650674 0.01919 9.99824E-05 0.114375
0.803296 0.164891 9.99738E-05 9.99738E-05 0.0315127 9.99738E-05
9.99647E-05 0.109521 9.99647E-05 9.99647E-05 9.99647E-05 0.890079
9.99648E-05 9.99648E-05 0.126784 9.99648E-05 9.99648E-05 0.872816
9.996E-05 9.996E-05 9.996E-05 9.996E-05 9.996E-05 0.9995
0.446133 0.163905 9.99737E-05 9.99737E-05 9.99737E-05 0.389662
0.102432 0.0984635 9.99824E-05 9.99824E-05 0.11266 0.686244
9.99738E-05 0.0252202 9.99738E-05 9.99738E-05 0.805599 0.16888
0.090986 0.0418383 0.866876 9.99736E-05 9.99736E-05 9.99736E-05
0.454786 0.0149295 0.49872 9.99912E-05 0.00729427 0.0241706
9.99649E-05 9.99649E-05 9.99649E-05 9.99649E-05 0.332779 0.666821
0.229783 9.998E-05 0.140019 9.998E-05 0.052542 0.577456
0.118702 9.998E-05 9.998E-05 0.182545 0.344758 0.353796
9.99737E-05 9.99737E-05 0.280826 0.104618 0.614255 9.99737E-05
9.99648E-05 0.537412 9.99648E-05 9.99648E-05 0.462188 9.99648E-05
9.99737E-05 0.436121 0.467408 0.0961713 9.99737E-05 9.99737E-05
0.0838488 9.99824E-05 0.160476 0.571459 0.184016 9.99824E-05
9.997E-05 9.997E-05 0.57947 0.0855785 9.997E-05 0.334652
9.99738E-05 9.99738E-05 9.99738E-05 0.199951 0.283397 0.516352
0.134887 9.99825E-05 0.424269 9.99825E-05 0.113545 0.327099
0.148603 0.475939 0.239693 0.0234193 9.999E-05 0.112246
9.99735E-05 0.374977 0.0294087 9.99735E-05 9.99735E-05 0.595314
0.78172 9.99649E-05 0.21788 9.99649E-05 9.99649E-05 9.99649E-05
0.84356 0.15604 9.99649E-05 9.99649E-05 9.99649E-05 9.99649E-05
0.174772 0.2004 9.998E-05 9.998E-05 0.421943 0.202686
0.429497 0.478155 9.99824E-05 9.99824E-05 0.0130835 0.0790643
9.99825E-05 0.0389602 0.728004 0.0126746 0.220162 9.99825E-05
0.351544 0.115078 0.15739 0.0343166 0.313734 0.0279369
0.0522731 9.99823E-05 0.542258 0.00667229 9.99823E-05 0.398597
9.99824E-05 0.0728158 0.221402 0.214335 9.99824E-05 0.491248
0.0347734 9.997E-05 0.716043 9.997E-05 9.997E-05 0.248883
0.0190022 0.49207 0.488628 9.99736E-05 9.99736E-05 9.99736E-05
9.99651E-05 9.99651E-05 9.99651E-05 9.99651E-05 0.712785 0.286815
9.997E-05 0.700477 0.0889608 0.210262 9.997E-05 9.997E-05
9.99647E-05 9.99647E-05 0.396504 9.99647E-05 9.99647E-05 0.603096
9.99735E-05 9.99735E-05 0.43257 0.0207181 9.99735E-05 0.546412
0.472001 9.997E-05 0.240869 0.28683 9.997E-05 9.997E-05
0.404502 9.99824E-05 0.3613 0.143405 9.99824E-05 0.0905938
9.99737E-05 9.99737E-05 0.0443015 0.0108146 0.944584 9.99737E-05
9.998E-05 9.998E-05 0.46125 0.0998879 0.0975361 0.341126
9.99826E-05 0.046147 9.99826E-05 0.495306 0.354167 0.104179
0.210425 0.271367 0.0532255 0.0358684 9.999E-05 0.429014
9.99737E-05 0.295221 9.99737E-05 0.606011 0.0984677 9.99737E-05
9.996E-05 0.9995 9.996E-05 9.996E-05 9.996E-05 9.996E-05
0.063361 0.440334 0.0779891 0.418116 9.998E-05 9.998E-05
0.428025 0.130023 9.999E-05 0.233321 0.175331 0.0331994
0.0443122 9.99823E-05 0.349552 0.479402 9.99823E-05 0.126535
9.997E-05 0.534053 9.997E-05 0.307784 9.997E-05 0.157863
0.365595 9.99649E-05 9.99649E-05 0.634005 9.99649E-05 9.99649E-05
0.108755 9.99737E-05 9.99737E-05 0.787235 0.103711 9.99737E-05
9.9965E-05 0.737341 9.9965E-05 9.9965E-05 0.262259 9.9965E-05
0.0356964 9.99825E-05 0.436293 9.99825E-05 0.215922 0.311889
0.361186 0.0553609 9.998E-05 9.998E-05 0.268421 0.314831
9.99824E-05 0.404014 9.99824E-05 0.109343 0.117203 0.36924
9.99653E-05 0.904461 9.99653E-05 9.99653E-05 0.0951395 9.99653E-05
9.99649E-05 9.99649E-05 0.814715 9.99649E-05 9.99649E-05 0.184885
9.996E-05 9.996E-05 0.80852 9.996E-05 0.191081 9.996E-05
0.866172 0.133428 9.996E-05 9.996E-05 9.996E-05 9.996E-05
0.531416 9.99648E-05 9.99648E-05 9.99648E-05 9.99648E-05 0.468185
0.263916 0.549291 9.99738E-05 0.186493 9.99738E-05 9.99738E-05
9.997E-05 0.0695316 0.214987 9.997E-05 0.715182 9.997E-05
9.99648E-05 9.99648E-05 9.99648E-05 9.99648E-05 0.138258 0.861343
0.230883 0.211177 0.186024 0.371716 9.998E-05 9.998E-05
9.99823E-05 9.99823E-05 0.0582745 0.492671 0.366226 0.0826284
9.99738E-05 9.99738E-05 0.330671 0.118133 0.550896 9.99738E-05
0.0249014 9.998E-05 9.998E-05 0.276835 0.238896 0.459167
9.99647E-05 9.99647E-05 9.99647E-05 9.99647E-05 0.136803 0.862797
0.0345552 9.99825E-05 0.499295 0.192498 9.99825E-05 0.273452
0.708329 9.99736E-05 0.271295 0.0200753 9.99736E-05 9.99736E-05
0.178378 0.0728567 0.0791389 0.100979 0.554326 0.0143218
0.80755 9.99648E-05 0.19205 9.99648E-05 9.99648E-05 9.99648E-05
9.99738E-05 0.0601707 9.99738E-05 0.271001 9.99738E-05 0.668528
9.99739E-05 9.99739E-05 9.99739E-05 0.377051 0.335699 0.28695
0.0458595 0.261444 0.451569 0.240928 9.998E-05 9.998E-05
0.470947 9.997E-05 0.105068 9.997E-05 0.423686 9.997E-05
0.504046 0.409138 0.0625306 9.998E-05 9.998E-05 0.0240855
9.997E-05 0.0973169 0.301416 9.997E-05 9.997E-05 0.600967
9.99739E-05 9.99739E-05 0.568391 0.162967 9.99739E-05 0.268342
9.99824E-05 0.0288725 9.99824E-05 0.462433 0.450712 0.0577824
0.138994 9.99655E-05 0.860606 9.99655E-05 9.99655E-05 9.99655E-05
0.0593723 9.99824E-05 0.219316 9.99824E-05 0.133519 0.587593
0.0653168 9.99825E-05 9.99825E-05 0.612554 0.227571 0.094358
0.865344 0.0422378 9.99735E-05 0.0921179 9.99735E-05 9.99735E-05
0.9995 9.996E-05 9.996E-05 9.996E-05 9.996E-05 9.996E-05
0.0411789 0.117359 9.997E-05 0.841163 9.997E-05 9.997E-05
0.211091 0.408256 0.17195 0.170935 9.99912E-05 0.0376686
0.967214 9.99737E-05 9.99737E-05 0.0034686 9.99737E-05 0.0290175
0.286024 9.998E-05 9.998E-05 0.0536697 0.304304 0.355802
0.420559 0.223889 0.224332 9.99824E-05 9.99824E-05 0.131019
0.438243 9.99735E-05 9.99735E-05 9.99735E-05 0.237171 0.324285
0.232078 0.484299 9.998E-05 0.114165 0.169257 9.998E-05
9.99651E-05 9.99651E-05 9.99651E-05 0.887825 0.111775 9.99651E-05
0.109109 9.99738E-05 9.99738E-05 9.99738E-05 0.047458 0.843133
9.99734E-05 0.6404 0.291625 9.99734E-05 0.0676756 9.99734E-05
0.419466 0.358686 0.221548 9.99737E-05 9.99737E-05 9.99737E-05
9.99738E-05 0.578364 0.420974 9.99738E-05 0.000361697 9.99738E-05
0.247811 9.99648E-05 9.99648E-05 9.99648E-05 9.99648E-05 0.75179
0.0708844 9.99736E-05 9.99736E-05 0.832701 0.0961145 9.99736E-05
9.99737E-05 0.631177 0.0882608 0.280262 9.99737E-05 9.99737E-05
0.0745033 9.998E-05 9.998E-05 0.12951 0.27919 0.516597
0.20544 0.104337 0.281261 9.99824E-05 0.408763 9.99824E-05
9.99735E-05 9.99735E-05 0.581712 9.99735E-05 0.261882 0.156105
9.99826E-05 0.0909984 9.99826E-05 0.535111 0.204991 0.168699
9.99739E-05 9.99739E-05 0.76137 9.99739E-05 0.230792 0.00753857
0.402685 0.50733 0.0397018 0.050083 9.998E-05 9.998E-05
9.99735E-05 0.0299826 0.470054 0.499664 9.99735E-05 9.99735E-05
0.730114 9.99736E-05 0.23603 0.0335565 9.99736E-05 9.99736E-05
9.99737E-05 9.99737E-05 9.99737E-05 0.796096 0.0334041 0.1702
9.997E-05 0.149103 0.731522 0.119075 9.997E-05 9.997E-05
9.9965E-05 9.9965E-05 9.9965E-05 0.388762 9.9965E-05 0.610838
0.288158 0.263924 9.99737E-05 9.99737E-05 9.99737E-05 0.447619
0.31365 9.99737E-05 9.99737E-05 0.445535 0.240515 9.99737E-05
9.997E-05 0.36452 0.629342 9.997E-05 0.00583809 9.997E-05
0.839705 0.159895 9.99648E-05 9.99648E-05 9.99648E-05 9.99648E-05
0.109752 0.334008 0.242341 9.999E-05 0.0712002 0.242598
0.343278 0.0461736 9.99912E-05 0.0764785 0.199301 0.334669
9.99646E-05 9.99646E-05 0.584874 9.99646E-05 0.414726 9.99646E-05
0.0724192 0.145698 0.0766472 0.0321137 0.374189 0.298932
9.99824E-05 0.138865 0.237932 0.2909 9.99824E-05 0.332103
0.03003 9.99647E-05 0.96957 9.99647E-05 9.99647E-05 9.99647E-05
9.9965E-05 9.9965E-05 0.679127 0.320473 9.9965E-05 9.9965E-05
0.759266 9.99737E-05 0.182482 9.99737E-05 0.0579525 9.99737E-05
9.99651E-05 9.99651E-05 9.99651E-05 0.401525 9.99651E-05 0.598075
0.0511761 0.0629474 9.99912E-05 0.357174 0.504875 0.0237277
0.14728 9.99737E-05 0.378853 0.473567 9.99737E-05 9.99737E-05
0.142935 0.0886647 0.382084 0.367168 9.999E-05 0.0190484
0.292514 0.000119503 0.0466817 0.660485 9.99824E-05 9.99824E-05
0.438353 9.998E-05 0.17601 9.998E-05 0.23726 0.148177
9.99735E-05 0.286713 0.629357 9.99735E-05 0.0836304 9.99735E-05
0.767317 9.996E-05 9.996E-05 0.232283 9.996E-05 9.996E-05
0.0364755 0.108259 0.0655836 9.99825E-05 0.789482 9.99825E-05
0.485369 9.99825E-05 9.99825E-05 0.433071 0.0679658 0.0133945
0.280055 9.997E-05 0.478651 0.240994 9.997E-05 9.997E-05
9.997E-05 9.997E-05 0.229033 0.484634 9.997E-05 0.286033
9.99826E-05 0.215697 9.99826E-05 0.28071 0.370888 0.132504
0.672193 0.0211198 9.998E-05 0.244287 0.0622003 9.998E-05
9.99737E-05 9.99737E-05 0.0736277 0.349381 9.99737E-05 0.576692
9.996E-05 9.996E-05 9.996E-05 9.996E-05 9.996E-05 0.9995
9.99825E-05 0.0217631 9.99825E-05 0.264588 0.708827 0.00462159
0.179954 9.99734E-05 9.99734E-05 9.99734E-05 0.739315 0.0804307
0.794228 9.99736E-05 9.99736E-05 0.00275271 9.99736E-05 0.20272
0.818143 9.997E-05 9.997E-05 9.997E-05 0.166949 0.014608
0.0427617 0.26218 9.999E-05 0.0435689 0.437775 0.213614
0.354522 0.0262304 9.99912E-05 0.0600712 0.247653 0.311423
0.00675885 0.556571 9.99824E-05 0.151558 9.99824E-05 0.284913
9.99825E-05 9.99825E-05 0.244026 0.348429 0.141001 0.266344
0.0872537 9.998E-05 9.998E-05 0.341581 0.362091 0.208874
0.432698 9.99735E-05 0.283348 0.283654 9.99735E-05 9.99735E-05
0.0917422 9.99649E-05 0.907858 9.99649E-05 9.99649E-05 9.99649E-05
0.206596 0.102655 0.0362225 0.561029 9.99912E-05 0.0933976
0.0679596 9.99737E-05 9.99737E-05 9.99737E-05 0.743527 0.188213
9.99736E-05 0.232752 0.0999781 9.99736E-05 9.99736E-05 0.66697
0.620276 9.997E-05 0.238236 0.141188 9.997E-05 9.997E-05
0.591999 9.99825E-05 0.00995044 0.31486 9.99825E-05 0.0829913
9.99646E-05 0.480208 9.99646E-05 9.99646E-05 0.519392 9.99646E-05
0.213319 9.99913E-05 0.532214 0.0343461 0.139296 0.0807249
9.996E-05 9.996E-05 9.996E-05 9.996E-05 0.9995 9.996E-05
9.99735E-05 0.161259 0.460271 9.99735E-05 0.37817 9.99735E-05
0.264539 9.99649E-05 9.99649E-05 9.99649E-05 9.99649E-05 0.735061
9.99912E-05 0.359495 0.245879 0.00135093 0.322211 0.070964
9.99825E-05 0.0285378 9.99825E-05 0.103056 0.764109 0.104097
9.997E-05 0.257494 0.629807 0.1124 9.997E-05 9.997E-05
0.102038 9.99738E-05 9.99738E-05 9.99738E-05 0.457621 0.440041
0.1896 9.997E-05 9.997E-05 9.997E-05 0.105125 0.704976
0.418342 9.99823E-05 0.24811 9.99823E-05 0.108401 0.224947
9.99737E-05 0.156614 9.99737E-05 0.555869 9.99737E-05 0.287218
0.147625 9.99737E-05 9.99737E-05 0.710365 0.14171 9.99737E-05
0.418572 9.99736E-05 0.453413 9.99736E-05 0.127715 9.99736E-05
9.99737E-05 9.99737E-05 9.99737E-05 0.0403833 0.717831 0.241486
0.000639451 0.434185 0.523994 9.99824E-05 9.99824E-05 0.0409821
0.10501 0.108623 0.299866 9.99911E-05 0.360086 0.126315
9.997E-05 0.555874 0.0697079 0.374119 9.997E-05 9.997E-05
9.99738E-05 9.99738E-05 9.99738E-05 0.236947 0.340577 0.422176
0.453039 9.99736E-05 0.087338 9.99736E-05 9.99736E-05 0.459323
0.276155 0.271825 9.99737E-05 9.99737E-05 0.451721 9.99737E-05
9.99824E-05 0.295788 0.546919 9.99824E-05 0.0916378 0.065455
9.99824E-05 0.0724891 0.0182926 9.99824E-05 0.298294 0.610724
9.99824E-05 9.99824E-05 0.220156 0.0676025 0.527906 0.184136
0.515702 0.195505 0.0524054 9.99823E-05 9.99823E-05 0.236188
0.0722987 9.997E-05 9.997E-05 0.142406 0.784995 9.997E-05
0.212832 0.786769 9.996E-05 9.996E-05 9.996E-05 9.996E-05
9.99738E-05 0.444302 0.285198 0.2702 9.99738E-05 9.99738E-05
0.0199866 9.99737E-05 0.496229 9.99737E-05 0.483484 9.99737E-05
0.690339 0.0514984 9.99824E-05 9.99824E-05 0.203233 0.0547296
0.315008 0.684593 9.99652E-05 9.99652E-05 9.99652E-05 9.99652E-05
0.646366 0.128105 9.998E-05 0.115613 0.109716 9.998E-05
0.0168578 0.396307 0.586536 9.99735E-05 9.99735E-05 9.99735E-05
9.996E-05 9.996E-05 0.664885 9.996E-05 9.996E-05 0.334715
9.99647E-05 9.99647E-05 0.316237 9.99647E-05 9.99647E-05 0.683363
0.393255 9.99912E-05 0.0152112 0.26699 0.156759 0.167685
0.391313 9.99735E-05 9.99735E-05 9.99735E-05 0.222336 0.386051
0.144348 0.097648 0.0539966 0.652956 0.050952 9.99912E-05
0.377334 9.99655E-05 9.99655E-05 9.99655E-05 0.622267 9.99655E-05
9.9965E-05 0.433728 9.9965E-05 9.9965E-05 9.9965E-05 0.565872
0.505558 9.99651E-05 9.99651E-05 9.99651E-05 0.494042 9.99651E-05
0.505065 9.997E-05 0.295075 9.997E-05 9.997E-05 0.19956
0.518101 9.99739E-05 0.122764 9.99739E-05 9.99739E-05 0.358835
0.690824 9.99647E-05 9.99647E-05 9.99647E-05 9.99647E-05 0.308776
9.99648E-05 9.99648E-05 0.295979 9.99648E-05 0.703621 9.99648E-05
0.0461276 0.0954895 0.196188 0.513602 0.148493 9.999E-05
9.99737E-05 0.332963 0.297832 0.368904 9.99737E-05 9.99737E-05
0.347574 0.058712 0.133061 0.254788 9.999E-05 0.205766
0.324126 0.0181516 0.657423 9.99738E-05 9.99738E-05 9.99738E-05
0.117565 9.99823E-05 0.262301 0.442559 9.99823E-05 0.177375
0.376649 9.997E-05 0.420046 0.203005 9.997E-05 9.997E-05
9.99735E-05 9.99735E-05 0.277815 0.548639 0.173247 9.99735E-05
0.583618 9.997E-05 0.296787 9.997E-05 9.997E-05 0.119296
0.19458 0.372228 9.99739E-05 9.99739E-05 0.432892 9.99739E-05
0.258303 0.152077 0.178985 0.0154714 9.999E-05 0.395064
9.9974E-05 9.9974E-05 0.268484 0.382547 0.34867 9.9974E-05
0.355759 0.181508 9.99824E-05 0.06393 0.398603 9.99824E-05
0.745955 9.99647E-05 9.99647E-05 9.99647E-05 9.99647E-05 0.253646
0.327046 9.99737E-05 0.60562 9.99737E-05 0.0670343 9.99737E-05
0.22216 0.242193 0.00205563 0.00883736 0.228122 0.296631
0.687446 9.997E-05 9.997E-05 9.997E-05 0.282225 0.030029
0.0243469 0.557292 9.99737E-05 9.99737E-05 9.99737E-05 0.418061
9.996E-05 9.996E-05 0.9995 9.996E-05 9.996E-05 9.996E-05
9.99737E-05 0.334007 9.99737E-05 0.63318 9.99737E-05 0.0325127
0.236935 9.996E-05 9.996E-05 9.996E-05 9.996E-05 0.762665
9.99651E-05 9.99651E-05 0.552834 0.446766 9.99651E-05 9.99651E-05
0.166569 9.99738E-05 0.250422 9.99738E-05 9.99738E-05 0.582709
9.99738E-05 0.220778 0.749886 9.99738E-05 9.99738E-05 0.0290356
0.633563 9.99736E-05 9.99736E-05 0.110334 9.99736E-05 0.255803
0.318599 9.99826E-05 0.228765 9.99826E-05 0.440191 0.0122454
0.077091 0.110367 0.359226 0.0399195 9.99913E-05 0.413297
0.402351 9.9965E-05 9.9965E-05 9.9965E-05 9.9965E-05 0.597249
9.998E-05 0.771727 0.114344 9.998E-05 0.10894 0.00478888
9.99739E-05 0.220758 9.99739E-05 9.99739E-05 0.486766 0.292176
9.998E-05 0.242143 0.134585 0.582309 9.998E-05 0.0407624
0.327744 0.127538 9.99824E-05 0.403675 9.99824E-05 0.140842
