0.557407 0.085545 0.100299 0.256549 9.9982E-05 9.9982E-05
0.89437 0.0103215 0.095009 9.9973E-05 9.9973E-05 9.9973E-05
0.357805 9.9973E-05 0.0406577 0.601237 9.9973E-05 9.9973E-05
9.996E-05 0.9995 9.996E-05 9.996E-05 9.996E-05 9.996E-05
9.9964E-05 0.110997 9.9964E-05 9.9964E-05 0.888604 9.9964E-05
0.0731726 9.9973E-05 9.9973E-05 0.100594 9.9973E-05 0.825933
9.9982E-05 0.0585298 9.9982E-05 0.353527 0.541277 0.0464669
0.896295 9.99731E-05 9.99731E-05 0.0828963 0.0205087 9.99731E-05
9.99641E-05 9.99641E-05 0.339937 9.99641E-05 9.99641E-05 0.659664
9.996E-05 9.996E-05 9.996E-05 9.996E-05 0.9995 9.996E-05
9.99642E-05 9.99642E-05 9.99642E-05 0.173079 0.826521 9.99642E-05
0.917076 9.9964E-05 9.9964E-05 9.9964E-05 9.9964E-05 0.0825244
9.998E-05 9.998E-05 0.0979119 0.0968913 0.623902 0.181095
9.99731E-05 0.236767 9.99731E-05 0.477199 0.285735 9.99731E-05
9.99641E-05 9.99641E-05 0.196129 9.99641E-05 0.803471 9.99641E-05
0.000292581 9.9982E-05 0.816561 0.14253 9.9982E-05 0.0404171
0.699631 0.253862 9.9982E-05 0.00512105 9.9982E-05 0.0411866
9.9982E-05 9.9982E-05 0.263305 0.0700134 0.374074 0.292408
0.0629329 9.9964E-05 9.9964E-05 9.9964E-05 9.9964E-05 0.936667
9.99641E-05 0.0370125 0.962588 9.99641E-05 9.99641E-05 9.99641E-05
9.99731E-05 0.0665017 0.928533 9.99731E-05 9.99731E-05 0.00466572
0.0620687 9.99821E-05 0.210711 9.99821E-05 0.153262 0.573759
9.9973E-05 9.9973E-05 0.884751 0.0441244 0.0708246 9.9973E-05
9.9973E-05 0.76413 0.20719 0.0283799 9.9973E-05 9.9973E-05
9.9982E-05 0.014556 0.0387897 0.890443 9.9982E-05 0.0560118
9.9964E-05 9.9964E-05 0.454134 9.9964E-05 0.545466 9.9964E-05
9.99641E-05 0.973713 9.99641E-05 0.0258871 9.99641E-05 9.99641E-05
9.9982E-05 0.178264 0.0134261 9.9982E-05 0.3368 0.47131
0.9995 9.996E-05 9.996E-05 9.996E-05 9.996E-05 9.996E-05
0.0932128 0.361747 9.99731E-05 9.99731E-05 9.99731E-05 0.544741
9.99641E-05 9.99641E-05 9.99641E-05 0.884551 0.115049 9.99641E-05
9.996E-05 9.996E-05 9.996E-05 0.9995 9.996E-05 9.996E-05
9.9964E-05 9.9964E-05 9.9964E-05 0.144311 0.855289 9.9964E-05
9.9964E-05 9.9964E-05 9.9964E-05 0.117747 9.9964E-05 0.881853
0.143356 0.856245 9.9964E-05 9.9964E-05 9.9964E-05 9.9964E-05
9.9973E-05 9.9973E-05 0.898934 0.0301061 9.9973E-05 0.0706598
9.99641E-05 9.99641E-05 0.101139 9.99641E-05 9.99641E-05 0.898461
9.9982E-05 0.0791174 9.9982E-05 0.0358795 0.018762 0.866041
0.0982108 9.9991E-05 0.0121635 0.255687 0.529559 0.10428
9.99641E-05 0.334225 9.99641E-05 9.99641E-05 9.99641E-05 0.665375
0.28658 0.0313752 9.9973E-05 9.9973E-05 9.9973E-05 0.681745
0.908609 9.99641E-05 9.99641E-05 9.99641E-05 9.99641E-05 0.090991
9.99641E-05 9.99641E-05 0.972345 9.99641E-05 0.0272547 9.99641E-05
9.996E-05 9.996E-05 9.996E-05 0.9995 9.996E-05 9.996E-05
9.99641E-05 9.99641E-05 0.301371 9.99641E-05 0.698229 9.99641E-05
0.910546 0.0890545 9.99641E-05 9.99641E-05 9.99641E-05 9.99641E-05
9.99641E-05 9.99641E-05 0.726514 9.99641E-05 9.99641E-05 0.273086
9.99641E-05 9.99641E-05 0.0982679 9.99641E-05 9.99641E-05 0.901332
0.0527134 0.0205006 0.577213 9.9982E-05 0.349373 9.9982E-05
9.99731E-05 9.99731E-05 0.680337 9.99731E-05 0.0464331 0.27293
