9.99731E-05 0.0343946 0.703092 9.99731E-05 9.99731E-05 0.262214
9.9973E-05 0.0250799 0.924335 9.9973E-05 0.0502855 9.9973E-05
9.9973E-05 0.0268665 0.444355 9.9973E-05 9.9973E-05 0.528479
9.996E-05 9.996E-05 9.996E-05 9.996E-05 0.9995 9.996E-05
0.873204 9.9964E-05 9.9964E-05 9.9964E-05 0.126396 9.9964E-05
9.9982E-05 0.0116678 0.067645 0.835997 9.9982E-05 0.0844899
0.257275 0.0503569 9.9991E-05 0.0848162 0.0178593 0.589592
9.99821E-05 0.00221085 0.893491 0.0246911 9.99821E-05 0.0794075
9.99641E-05 0.528941 9.99641E-05 0.47066 9.99641E-05 9.99641E-05
0.9995 9.996E-05 9.996E-05 9.996E-05 9.996E-05 9.996E-05
0.649703 9.99642E-05 9.99642E-05 9.99642E-05 9.99642E-05 0.349898
9.9973E-05 9.9973E-05 0.846648 0.152298 0.000754367 9.9973E-05
0.436982 0.206049 9.999E-05 0.0400531 0.0266798 0.290136
0.179899 9.99731E-05 9.99731E-05 9.99731E-05 0.239262 0.580539
0.995893 0.00325182 9.9973E-05 0.000555532 9.9973E-05 9.9973E-05
9.99641E-05 0.945951 9.99641E-05 9.99641E-05 9.99641E-05 0.0536487
9.99731E-05 9.99731E-05 0.653378 0.0306635 0.315659 9.99731E-05
0.448213 0.160839 9.9982E-05 0.334394 9.9982E-05 0.056354
9.996E-05 9.996E-05 0.0353529 0.964247 9.996E-05 9.996E-05
9.99641E-05 0.883789 9.99641E-05 9.99641E-05 0.115811 9.99641E-05
0.0696392 0.787425 9.99731E-05 0.142635 9.99731E-05 9.99731E-05
0.0716961 0.389158 0.0627086 0.476237 9.99821E-05 9.99821E-05
0.130487 0.819126 9.9973E-05 9.9973E-05 9.9973E-05 0.0500872
9.9973E-05 0.218836 9.9973E-05 9.9973E-05 0.749524 0.0313408
9.9982E-05 0.00131578 9.9982E-05 0.000484116 0.0868429 0.911157
0.708314 0.291286 9.9964E-05 9.9964E-05 9.9964E-05 9.9964E-05
9.9964E-05 9.9964E-05 9.9964E-05 9.9964E-05 0.984304 0.015296
0.250672 0.0596162 9.9991E-05 0.554357 0.123053 0.0122022
9.996E-05 9.996E-05 0.9995 9.996E-05 9.996E-05 9.996E-05
0.00406963 9.99821E-05 0.0955274 0.667816 0.232387 9.99821E-05
9.996E-05 9.996E-05 9.996E-05 9.996E-05 9.996E-05 0.9995
9.996E-05 9.996E-05 9.996E-05 9.996E-05 9.996E-05 0.9995
0.581525 9.9973E-05 9.9973E-05 9.9973E-05 0.00762991 0.410545
9.99641E-05 9.99641E-05 9.99641E-05 0.905451 9.99641E-05 0.0941495
9.9973E-05 9.9973E-05 0.236369 0.0586042 0.704727 9.9973E-05
9.99641E-05 0.957475 9.99641E-05 9.99641E-05 9.99641E-05 0.0421248
9.99641E-05 0.142106 9.99641E-05 0.857494 9.99641E-05 9.99641E-05
9.9964E-05 9.9964E-05 9.9964E-05 0.922774 9.9964E-05 0.0768258
0.24437 9.99821E-05 0.120333 0.0427077 9.99821E-05 0.592389
0.00482701 9.99731E-05 9.99731E-05 0.829917 0.164956 9.99731E-05
9.9964E-05 9.9964E-05 0.221183 0.778417 9.9964E-05 9.9964E-05
9.9964E-05 9.9964E-05 0.842579 0.157021 9.9964E-05 9.9964E-05
0.218264 0.781336 9.99641E-05 9.99641E-05 9.99641E-05 9.99641E-05
9.9964E-05 9.9964E-05 9.9964E-05 9.9964E-05 0.00874787 0.990852
0.72266 0.27694 9.99641E-05 9.99641E-05 9.99641E-05 9.99641E-05
9.997E-05 0.105956 0.750973 9.997E-05 0.142771 9.997E-05
9.996E-05 0.851713 9.996E-05 0.147887 9.996E-05 9.996E-05
9.99641E-05 0.227321 9.99641E-05 0.77228 9.99641E-05 9.99641E-05
0.559427 0.318183 0.0576138 9.99821E-05 0.0645762 9.99821E-05
0.109017 0.565325 9.997E-05 0.325359 9.997E-05 9.997E-05
