0.000199955 0.0825242 0.65027 9.9973E-05 9.9973E-05 9.9973E-05 0.266706
9.9964E-05 0.0409427 0.856846 9.9964E-05 9.9964E-05 0.101812 9.9964E-05
9.9964E-05 0.0621675 0.357126 9.9964E-05 9.9964E-05 9.9964E-05 0.580306
9.99551E-05 9.99551E-05 9.99551E-05 0.0586902 9.99551E-05 0.94081 9.99551E-05
0.918873 9.9964E-05 9.9964E-05 9.9964E-05 9.9964E-05 0.0107254 0.070002
9.9964E-05 9.9964E-05 0.019882 0.867997 9.9964E-05 9.9964E-05 0.111721
9.9964E-05 0.048277 9.9964E-05 9.9964E-05 0.825975 0.125348 9.9964E-05
9.99551E-05 9.99551E-05 0.918718 9.99551E-05 9.99551E-05 9.99551E-05 0.0807824
9.99551E-05 0.479718 9.99551E-05 0.519782 9.99551E-05 9.99551E-05 9.99551E-05
0.721408 9.99551E-05 9.99551E-05 9.99551E-05 0.278092 9.99551E-05 9.99551E-05
9.995E-05 9.995E-05 9.995E-05 9.995E-05 0.9994 9.995E-05 9.995E-05
9.9964E-05 9.9964E-05 0.8897 0.0951839 0.0147159 9.9964E-05 9.9964E-05
0.476444 0.166126 0.000501824 0.0803378 0.149931 9.9991E-05 0.126559
0.193786 9.99731E-05 9.99731E-05 9.99731E-05 0.261643 0.206814 0.337457
0.993543 0.00595673 9.99551E-05 9.99551E-05 9.99551E-05 9.99551E-05 9.99551E-05
9.99551E-05 0.91135 9.99551E-05 9.99551E-05 9.99551E-05 9.99551E-05 0.0881498
0.0040258 9.9973E-05 0.590261 0.16563 9.9973E-05 0.239783 9.9973E-05
0.0793226 0.393176 9.9973E-05 0.170533 0.356668 9.9973E-05 9.9973E-05
9.995E-05 9.995E-05 9.995E-05 0.9994 9.995E-05 9.995E-05 9.995E-05
0.0120616 0.909266 9.99641E-05 9.99641E-05 9.99641E-05 0.0782723 9.99641E-05
9.9982E-05 0.83674 0.0035533 0.0632353 9.9982E-05 0.0155988 0.0806722
0.0752619 0.369423 0.0740571 0.45574 0.0253185 9.99821E-05 9.99821E-05
0.241642 0.714213 0.0246043 9.9973E-05 9.9973E-05 9.9973E-05 0.0192408
9.9964E-05 0.137167 9.9964E-05 9.9964E-05 0.0580502 0.804383 9.9964E-05
9.99551E-05 9.99551E-05 9.99551E-05 0.0134654 9.99551E-05 9.99551E-05 0.986035
0.79914 0.20036 9.99551E-05 9.99551E-05 9.99551E-05 9.99551E-05 9.99551E-05
9.99551E-05 9.99551E-05 9.99551E-05 9.99551E-05 9.99551E-05 0.982533 0.0169672
0.300059 9.99821E-05 9.99821E-05 0.599101 0.0424693 0.0435956 0.0145747
9.99552E-05 0.025538 0.973962 9.99552E-05 9.99552E-05 9.99552E-05 9.99552E-05
9.99641E-05 9.99641E-05 0.260744 0.690544 9.99641E-05 0.0483117 9.99641E-05
9.99551E-05 9.99551E-05 9.99551E-05 9.99551E-05 0.689338 9.99551E-05 0.310162
0.0113479 9.99551E-05 9.99551E-05 9.99551E-05 9.99551E-05 9.99551E-05 0.988152
0.361627 9.9973E-05 9.9973E-05 9.9973E-05 0.52384 0.0350885 0.0791439
9.99551E-05 9.99551E-05 9.99551E-05 0.901766 9.99551E-05 9.99551E-05 0.0977347
9.9964E-05 9.9964E-05 0.186693 0.0659331 9.9964E-05 0.746974 9.9964E-05
9.99641E-05 0.964304 9.99641E-05 0.00538114 9.99641E-05 9.99641E-05 0.0299146
9.9955E-05 0.241726 9.9955E-05 0.757774 9.9955E-05 9.9955E-05 9.9955E-05
9.99641E-05 9.99641E-05 9.99641E-05 0.943978 0.0541637 9.99641E-05 0.00145866
9.99551E-05 9.99551E-05 0.17118 9.99551E-05 0.828321 9.99551E-05 9.99551E-05
0.0290448 9.99641E-05 9.99641E-05 0.785752 9.99641E-05 0.184804 9.99641E-05
9.9955E-05 9.9955E-05 0.251796 0.747705 9.9955E-05 9.9955E-05 9.9955E-05
9.99551E-05 9.99551E-05 0.803911 0.195589 9.99551E-05 9.99551E-05 9.99551E-05
0.19914 0.80036 9.99551E-05 9.99551E-05 9.99551E-05 9.99551E-05 9.99551E-05
9.995E-05 9.995E-05 9.995E-05 9.995E-05 9.995E-05 9.995E-05 0.9994
0.887796 0.111704 9.99551E-05 9.99551E-05 9.99551E-05 9.99551E-05 9.99551E-05
9.996E-05 0.0231945 0.902905 9.996E-05 9.996E-05 0.0735003 9.996E-05
9.99551E-05 0.856031 9.99551E-05 0.143469 9.99551E-05 9.99551E-05 9.99551E-05
9.99552E-05 0.220102 9.99552E-05 0.779398 9.99552E-05 9.99552E-05 9.99552E-05
0.562241 0.311092 0.0494651 9.99821E-05 0.0491448 0.0278572 9.99821E-05
9.997E-05 0.712553 9.997E-05 0.222857 0.0331885 0.0311019 9.997E-05
