0.0558304 0.23427 9.9973E-05 0.0637665 9.9973E-05 9.9973E-05 0.645833
9.99551E-05 9.99551E-05 9.99551E-05 0.0459796 9.99551E-05 9.99551E-05 0.953521
9.9964E-05 0.586289 9.9964E-05 0.0697908 9.9964E-05 9.9964E-05 0.343521
9.99641E-05 9.99641E-05 0.267388 9.99641E-05 0.134576 9.99641E-05 0.597636
9.9955E-05 0.0310154 9.9955E-05 9.9955E-05 9.9955E-05 0.968485 9.9955E-05
9.99551E-05 0.0959438 0.903556 9.99551E-05 9.99551E-05 9.99551E-05 9.99551E-05
0.0359112 9.9973E-05 0.00936723 0.0527141 0.901708 9.9973E-05 9.9973E-05
9.99551E-05 0.0913162 9.99551E-05 9.99551E-05 9.99551E-05 9.99551E-05 0.908184
9.99551E-05 9.99551E-05 0.481907 0.517593 9.99551E-05 9.99551E-05 9.99551E-05
9.995E-05 9.995E-05 9.995E-05 9.995E-05 0.112033 0.887467 9.995E-05
9.995E-05 9.995E-05 9.995E-05 9.995E-05 0.9994 9.995E-05 9.995E-05
9.9955E-05 9.9955E-05 0.0751923 9.9955E-05 9.9955E-05 9.9955E-05 0.924308
0.749677 0.117958 0.0617686 9.9973E-05 0.0702958 9.9973E-05 9.9973E-05
9.99641E-05 0.370877 9.99641E-05 9.99641E-05 0.52462 9.99641E-05 0.104103
9.99551E-05 9.99551E-05 9.99551E-05 0.0844395 9.99551E-05 0.915061 9.99551E-05
9.99552E-05 0.0866477 9.99552E-05 0.912853 9.99552E-05 9.99552E-05 9.99552E-05
9.99641E-05 9.99641E-05 0.0362643 9.99641E-05 9.99641E-05 0.016765 0.946571
9.9973E-05 9.9973E-05 0.1693 0.456795 0.319207 0.0543983 9.9973E-05
9.995E-05 9.995E-05 0.9994 9.995E-05 9.995E-05 9.995E-05 9.995E-05
0.0549554 9.99731E-05 9.99731E-05 0.863233 9.99731E-05 0.0409985 0.0405133
0.175048 9.99641E-05 0.0528842 0.771668 9.99641E-05 9.99641E-05 9.99641E-05
9.9973E-05 9.9973E-05 0.402154 0.431433 0.0137958 9.9973E-05 0.152317
9.99551E-05 9.99551E-05 9.99551E-05 0.758208 9.99551E-05 0.241292 9.99551E-05
9.9973E-05 9.9973E-05 0.0883725 0.0918451 0.308122 9.9973E-05 0.51136
0.00924593 0.906147 0.0842069 9.9964E-05 9.9964E-05 9.9964E-05 9.9964E-05
0.359482 9.9964E-05 9.9964E-05 0.221953 9.9964E-05 0.418166 9.9964E-05
9.997E-05 0.291535 0.0443857 9.997E-05 9.997E-05 0.00438482 0.659395
0.55657 9.99551E-05 0.44293 9.99551E-05 9.99551E-05 9.99551E-05 9.99551E-05
0.00351356 9.99642E-05 9.99642E-05 0.0635488 9.99642E-05 9.99642E-05 0.932538
0.0494955 9.99642E-05 0.629444 9.99642E-05 9.99642E-05 9.99642E-05 0.320661
9.99551E-05 0.599811 9.99551E-05 9.99551E-05 0.399689 9.99551E-05 9.99551E-05
9.995E-05 0.9994 9.995E-05 9.995E-05 9.995E-05 9.995E-05 9.995E-05
0.00238145 9.9964E-05 9.9964E-05 9.9964E-05 0.826664 0.170554 9.9964E-05
9.996E-05 0.0800787 0.820814 0.0987079 9.996E-05 9.996E-05 9.996E-05
9.99731E-05 0.0481633 0.143115 9.99731E-05 9.99731E-05 0.0144192 0.794003
9.99641E-05 0.0157599 0.0678939 0.915946 9.99641E-05 9.99641E-05 9.99641E-05
9.99641E-05 9.99641E-05 0.748181 0.224569 9.99641E-05 0.0268502 9.99641E-05
0.0368896 0.0203305 0.857044 0.0715354 0.0140001 9.9982E-05 9.9982E-05
9.99731E-05 9.99731E-05 0.0833632 9.99731E-05 0.837453 0.0112813 0.0676025
0.0606296 9.99731E-05 0.799405 9.99731E-05 0.0148034 9.99731E-05 0.124862
9.9955E-05 9.9955E-05 0.777453 9.9955E-05 9.9955E-05 9.9955E-05 0.222047
9.99551E-05 9.99551E-05 0.144226 9.99551E-05 9.99551E-05 9.99551E-05 0.855275
0.0418178 9.99641E-05 9.99641E-05 0.936423 9.99641E-05 0.0213593 9.99641E-05
9.995E-05 0.9994 9.995E-05 9.995E-05 9.995E-05 9.995E-05 9.995E-05
0.982551 9.99551E-05 9.99551E-05 9.99551E-05 0.0169487 9.99551E-05 9.99551E-05
9.99551E-05 9.99551E-05 9.99551E-05 0.0155624 9.99551E-05 9.99551E-05 0.983938
9.99551E-05 9.99551E-05 0.184243 0.815257 9.99551E-05 9.99551E-05 9.99551E-05
0.00735426 9.99641E-05 0.850803 0.141443 9.99641E-05 9.99641E-05 9.99641E-05
0.9994 9.995E-05 9.995E-05 9.995E-05 9.995E-05 9.995E-05 9.995E-05
0.0220834 9.9982E-05 0.31474 0.548403 0.0949205 0.0196531 9.9982E-05
