9.99913E-05 0.0838943 0.732654 0.183351
0.278271 9.99824E-05 9.99824E-05 0.721529
0.9997 9.998E-05 9.998E-05 9.998E-05
0.0408214 9.99913E-05 0.598402 0.360677
0.0374609 0.305319 9.99912E-05 0.65712
0.274966 0.348926 0.315156 0.0609527
9.999E-05 0.199318 0.529964 0.270618
9.998E-05 9.998E-05 9.998E-05 0.9997
0.378045 0.400383 0.221472 9.99911E-05
0.604796 9.99913E-05 0.156888 0.238216
9.99912E-05 0.613903 0.306753 0.0792441
0.633587 0.266273 0.100039 9.99912E-05
0.153176 9.99824E-05 9.99824E-05 0.846624
0.591355 0.408445 9.99824E-05 9.99824E-05
9.99824E-05 9.99824E-05 0.120134 0.879666
9.99824E-05 9.99824E-05 0.868064 0.131736
0.36948 0.358629 0.271792 9.99913E-05
0.9997 9.998E-05 9.998E-05 9.998E-05
0.0919994 0.0547581 0.281321 0.571921
0.348206 9.99912E-05 0.150528 0.501166
0.273352 9.99911E-05 0.604751 0.121797
0.467738 0.170534 0.361627 9.99912E-05
0.232169 0.337954 0.429778 9.99913E-05
9.998E-05 9.998E-05 9.998E-05 0.9997
0.390158 0.333021 9.99912E-05 0.276722
9.99912E-05 0.227266 0.00400206 0.768632
0.0993606 9.99912E-05 0.138112 0.762428
9.99826E-05 9.99826E-05 0.0995591 0.900241
9.998E-05 0.9997 9.998E-05 9.998E-05
0.104742 0.161236 9.99912E-05 0.733923
9.99824E-05 0.776381 0.223419 9.99824E-05
9.99826E-05 0.156756 0.843044 9.99826E-05
0.0951678 9.99825E-05 9.99825E-05 0.904632
0.433667 0.0503813 0.368638 0.147314
0.17644 9.99824E-05 0.82336 9.99824E-05
0.289624 0.362725 0.123878 0.223773
0.862633 9.99825E-05 9.99825E-05 0.137167
0.68882 9.99824E-05 9.99824E-05 0.31098
9.99913E-05 0.388371 0.202907 0.408622
0.309268 0.396687 9.99912E-05 0.293945
0.437981 9.99827E-05 0.561819 9.99827E-05
0.401404 9.99913E-05 0.0548688 0.543628
0.266951 0.0112755 0.375126 0.346648
9.99825E-05 0.0197569 0.980043 9.99825E-05
0.689997 9.99824E-05 0.309803 9.99824E-05
9.99824E-05 0.177403 9.99824E-05 0.822397
0.390609 0.230859 9.99913E-05 0.378432
9.99824E-05 0.392688 0.607112 9.99824E-05
0.341162 0.114455 0.544283 9.99912E-05
0.0948029 0.406964 9.99912E-05 0.498133
0.354398 9.99824E-05 0.645402 9.99824E-05
9.998E-05 0.9997 9.998E-05 9.998E-05
0.0847735 0.724235 9.99912E-05 0.190891
0.0581963 0.941604 9.99823E-05 9.99823E-05
9.99913E-05 0.616384 0.0525995 0.330916
0.16791 9.99825E-05 0.831891 9.99825E-05
0.202951 9.99913E-05 0.055238 0.741711
0.501948 0.137387 0.360565 9.99912E-05
0.669178 0.330622 9.99824E-05 9.99824E-05
0.0149988 9.99912E-05 0.323955 0.660946
9.99824E-05 0.857766 0.142034 9.99824E-05
0.445776 0.554025 9.99825E-05 9.99825E-05
9.99826E-05 0.614255 0.385545 9.99826E-05
0.746661 0.237266 9.99912E-05 0.0159724
0.547209 0.257184 9.99912E-05 0.195507
0.950195 9.99823E-05 0.0496048 9.99823E-05
0.9997 9.998E-05 9.998E-05 9.998E-05
0.366767 0.633033 9.99825E-05 9.99825E-05
9.998E-05 9.998E-05 9.998E-05 0.9997
0.0163015 9.99826E-05 0.983499 9.99826E-05
0.72141 0.27839 9.99824E-05 9.99824E-05
9.99825E-05 0.526286 9.99825E-05 0.473514
9.99824E-05 9.99824E-05 0.403443 0.596357
9.99826E-05 0.0667843 9.99826E-05 0.933016
0.304883 0.514248 0.180768 9.99912E-05
9.998E-05 0.9997 9.998E-05 9.998E-05
0.0758123 9.99824E-05 9.99824E-05 0.923988
9.99912E-05 0.268223 0.0555812 0.676096
0.56355 9.99827E-05 9.99827E-05 0.43625
0.239133 0.205976 0.554791 9.99912E-05
9.998E-05 0.9997 9.998E-05 9.998E-05
9.998E-05 9.998E-05 9.998E-05 0.9997
0.468859 9.99822E-05 9.99822E-05 0.530941
9.99824E-05 0.410693 9.99824E-05 0.589107
9.99824E-05 0.66758 9.99824E-05 0.33222
0.190903 9.99912E-05 0.483178 0.325819
0.223619 0.381765 0.394515 9.99912E-05
0.981165 9.99825E-05 9.99825E-05 0.0186347
0.870806 0.128994 9.99826E-05 9.99826E-05
0.701558 0.00754925 9.99912E-05 0.290793
0.00896869 9.99913E-05 0.106733 0.884199
0.305248 0.530612 0.16404 9.99912E-05
0.309593 0.379359 9.99912E-05 0.310948
9.99825E-05 9.99825E-05 0.605476 0.394324
0.35344 0.209177 9.99912E-05 0.437282
0.107063 0.102239 9.99912E-05 0.790598
9.99825E-05 0.322545 0.677255 9.99825E-05
9.998E-05 9.998E-05 9.998E-05 0.9997
9.99825E-05 0.216125 0.783675 9.99825E-05
0.229334 9.99825E-05 0.770466 9.99825E-05
9.99824E-05 0.0994338 9.99824E-05 0.900366
0.578749 9.99824E-05 0.421051 9.99824E-05
0.495087 0.445718 9.99913E-05 0.0590956
0.20845 0.0357464 0.54719 0.208614
9.99824E-05 9.99824E-05 0.280213 0.719587
9.99826E-05 0.134389 9.99826E-05 0.865411
0.538354 9.99912E-05 0.227589 0.233957
0.133459 9.99913E-05 0.862456 0.00398472
0.499997 9.99913E-05 0.0926677 0.407236
9.99827E-05 0.660889 0.338911 9.99827E-05
9.99824E-05 0.670504 9.99824E-05 0.329296
0.319358 0.18532 0.00329958 0.492023
9.99826E-05 0.670213 9.99826E-05 0.329587
9.99912E-05 0.875147 0.060958 0.0637954
0.301532 0.54175 0.156619 9.99914E-05
9.998E-05 9.998E-05 9.998E-05 0.9997
0.0257637 0.147949 9.99912E-05 0.826188
0.0193097 9.99825E-05 9.99825E-05 0.98049
0.367171 0.55932 0.0734093 9.99912E-05
0.109528 0.10921 9.99913E-05 0.781162
9.998E-05 0.9997 9.998E-05 9.998E-05
0.9997 9.998E-05 9.998E-05 9.998E-05
9.998E-05 9.998E-05 9.998E-05 0.9997
0.402988 9.99826E-05 9.99826E-05 0.596812
0.9997 9.998E-05 9.998E-05 9.998E-05
0.314419 0.134921 0.244277 0.306383
9.99825E-05 9.99825E-05 0.125394 0.874406
9.99824E-05 9.99824E-05 0.883974 0.115826
9.99911E-05 0.428728 0.139469 0.431703
0.0061148 0.365605 0.315444 0.312836
9.99823E-05 9.99823E-05 0.00569553 0.994105
0.495964 0.00360096 9.99912E-05 0.500335
0.448962 9.99824E-05 9.99824E-05 0.550838
0.751025 0.248775 9.99824E-05 9.99824E-05
0.362929 9.99912E-05 0.18759 0.449381
0.243981 0.513827 9.99912E-05 0.242091
0.862869 0.136932 9.99827E-05 9.99827E-05
9.99824E-05 0.10526 0.89454 9.99824E-05
0.273436 0.726364 9.99824E-05 9.99824E-05
0.193999 0.557574 9.99913E-05 0.248327
0.429019 9.99823E-05 9.99823E-05 0.570781
0.75775 9.99826E-05 9.99826E-05 0.242051
0.639923 9.99826E-05 9.99826E-05 0.359877
9.998E-05 9.998E-05 9.998E-05 0.9997
0.366442 0.209414 9.99913E-05 0.424044
0.319296 0.32648 9.99912E-05 0.354124
9.99912E-05 0.618822 0.133796 0.247281
0.690726 9.99825E-05 9.99825E-05 0.309074
9.99825E-05 0.462532 9.99825E-05 0.537268
0.152604 9.99825E-05 9.99825E-05 0.847196
0.617664 0.258503 0.123733 9.99912E-05
0.479368 9.99913E-05 0.102976 0.417555
0.00969526 0.148771 0.25752 0.584014
0.184807 9.99824E-05 9.99824E-05 0.814993
0.222622 9.99912E-05 0.549693 0.227585
0.330581 9.99825E-05 0.669219 9.99825E-05
0.402519 9.99913E-05 0.245978 0.351403
0.0905394 0.108794 0.800567 9.99912E-05
0.128714 0.180119 0.691068 9.99912E-05
0.239111 0.293322 0.467466 9.99913E-05
0.0141823 0.489574 0.129109 0.367136
9.99912E-05 0.454369 0.0820929 0.463438
0.513583 9.99913E-05 0.0844534 0.401864
0.326152 0.408179 0.265569 9.99912E-05
0.609826 0.0406998 0.346621 0.00285338
9.99826E-05 0.0452 9.99826E-05 0.9546
0.202102 9.99913E-05 0.238125 0.559674
9.99824E-05 9.99824E-05 0.724998 0.274802
0.867164 0.132636 9.99825E-05 9.99825E-05
0.0322939 0.879628 9.99913E-05 0.0879784
0.685091 0.314709 9.99825E-05 9.99825E-05
0.542984 0.236509 9.99912E-05 0.220406
0.081762 0.438097 0.34348 0.136661
9.998E-05 9.998E-05 9.998E-05 0.9997
9.99912E-05 0.178691 0.692008 0.129202
0.0540933 0.65109 0.101149 0.193668
9.998E-05 0.9997 9.998E-05 9.998E-05
0.885903 0.0872739 9.99913E-05 0.0267235
0.0123006 9.99824E-05 0.987499 9.99824E-05
0.803938 9.99911E-05 0.0913049 0.104657
9.99824E-05 0.0304225 9.99824E-05 0.969378
9.99825E-05 9.99825E-05 0.550543 0.449257
0.816157 9.99825E-05 9.99825E-05 0.183643
0.667724 9.99823E-05 9.99823E-05 0.332077
0.701875 0.240926 9.99912E-05 0.0570988
9.99826E-05 9.99826E-05 0.0806822 0.919118
0.796855 0.202945 9.99824E-05 9.99824E-05
9.998E-05 9.998E-05 9.998E-05 0.9997
0.175233 9.99824E-05 9.99824E-05 0.824567
0.141879 0.753249 0.104771 9.99912E-05
9.99825E-05 0.306247 0.693553 9.99825E-05
0.15784 0.77317 9.99912E-05 0.0688904
9.99913E-05 0.563431 0.0300576 0.406412
0.205526 9.99913E-05 0.697027 0.0973468
0.245324 9.99912E-05 0.390085 0.364491
9.99824E-05 9.99824E-05 0.293208 0.706592
0.587155 9.99824E-05 9.99824E-05 0.412645
0.22261 9.99912E-05 0.325077 0.452213
0.347641 0.0896437 0.562615 9.99913E-05
0.436366 0.563434 9.99828E-05 9.99828E-05
0.611568 0.388232 9.99824E-05 9.99824E-05
0.516447 9.99826E-05 0.483353 9.99826E-05
9.99825E-05 0.655588 9.99825E-05 0.344212
9.99824E-05 0.491887 0.507913 9.99824E-05
0.277661 0.249517 9.99912E-05 0.472721
9.99823E-05 9.99823E-05 0.252253 0.747547
0.730834 0.268966 9.99823E-05 9.99823E-05
0.722671 0.277129 9.99825E-05 9.99825E-05
9.99824E-05 0.478943 0.520857 9.99824E-05
9.99824E-05 0.862882 9.99824E-05 0.136918
0.402433 9.99824E-05 9.99824E-05 0.597367
9.99912E-05 0.0505568 0.845195 0.104148
0.527599 9.99912E-05 0.397948 0.0743532
0.267111 0.196661 0.0600282 0.476199
0.545606 9.99824E-05 9.99824E-05 0.454194
9.99826E-05 0.863426 9.99826E-05 0.136374
9.99825E-05 0.536694 9.99825E-05 0.463106
9.998E-05 9.998E-05 9.998E-05 0.9997
0.537115 9.99824E-05 0.462685 9.99824E-05
0.859611 9.99824E-05 0.140189 9.99824E-05
0.292909 0.200511 9.99912E-05 0.50648
9.99824E-05 9.99824E-05 0.00733553 0.992465
0.62494 9.99912E-05 0.239778 0.135182
0.77353 9.99825E-05 9.99825E-05 0.22627
0.0219378 9.99826E-05 0.977862 9.99826E-05
0.221299 0.119278 0.29062 0.368803
9.99825E-05 9.99825E-05 0.633967 0.365833
0.499577 9.99912E-05 0.000205653 0.500117
0.588373 9.99824E-05 0.411427 9.99824E-05
0.305329 0.240869 9.99912E-05 0.453702
9.99912E-05 0.453216 0.10369 0.442994
0.323888 0.576843 0.0991691 9.99912E-05
9.99913E-05 0.497868 0.108867 0.393165
0.466123 0.17936 0.354416 9.99913E-05
9.99824E-05 9.99824E-05 0.568977 0.430823
9.99824E-05 0.0708834 0.928917 9.99824E-05
0.128027 0.270574 0.601299 9.99913E-05
9.99824E-05 0.876109 9.99824E-05 0.123691
9.99912E-05 0.441224 0.267364 0.291312
0.9997 9.998E-05 9.998E-05 9.998E-05
9.998E-05 9.998E-05 9.998E-05 0.9997
9.99913E-05 0.106632 0.483669 0.409599
9.99825E-05 9.99825E-05 0.794424 0.205376
0.593775 9.99825E-05 0.406025 9.99825E-05
0.0277672 0.0649262 0.907207 9.99912E-05
0.180189 9.99913E-05 0.619686 0.200025
0.277699 9.99824E-05 0.722101 9.99824E-05
0.239897 9.99912E-05 0.126634 0.633369
9.99912E-05 0.228754 0.52202 0.249126
9.99824E-05 0.338355 0.661445 9.99824E-05
0.484134 9.99825E-05 9.99825E-05 0.515666
9.99825E-05 0.548876 0.450924 9.99825E-05
0.019171 9.99912E-05 0.818379 0.16235
0.394375 0.0525437 9.99912E-05 0.552981
9.99825E-05 9.99825E-05 0.768031 0.231769
9.99825E-05 0.551232 9.99825E-05 0.448568
0.723632 0.0351786 9.99913E-05 0.241089
9.99824E-05 0.238153 9.99824E-05 0.761647
9.99826E-05 9.99826E-05 0.0535821 0.946218
0.312381 0.142552 9.99912E-05 0.544968
0.922435 9.99826E-05 0.0773649 9.99826E-05
