0.324325 0.319656 9.99912E-05 0.355918
0.64289 9.99824E-05 9.99824E-05 0.35691
0.914385 0.0762484 9.99913E-05 0.00926668
0.228142 0.119312 9.99913E-05 0.652446
0.452909 0.326518 0.220473 9.99912E-05
9.99912E-05 0.497327 0.0213469 0.481226
0.284114 0.225605 9.99912E-05 0.490181
0.340566 0.0251743 9.99913E-05 0.63416
0.0242148 0.598465 0.244847 0.132473
0.0205462 9.99913E-05 0.493188 0.486166
0.0873165 0.451716 0.460868 9.99912E-05
0.041761 0.434032 9.99912E-05 0.524107
0.828858 0.170942 9.99825E-05 9.99825E-05
9.99824E-05 0.276144 9.99824E-05 0.723656
0.610272 9.99823E-05 0.389528 9.99823E-05
0.156507 0.619043 0.224351 9.99912E-05
0.574597 0.425203 9.99825E-05 9.99825E-05
0.499054 0.166497 9.99912E-05 0.334349
0.719958 0.0668319 0.21311 9.99912E-05
9.99825E-05 0.521017 9.99825E-05 0.478783
9.99912E-05 0.183854 0.572936 0.24311
9.998E-05 9.998E-05 0.9997 9.998E-05
0.412744 9.99913E-05 0.289383 0.297772
9.99826E-05 9.99826E-05 0.153998 0.845802
0.052261 9.99824E-05 0.947539 9.99824E-05
0.0736327 0.734429 0.191839 9.99912E-05
0.532844 0.148352 0.00838164 0.310422
9.998E-05 9.998E-05 0.9997 9.998E-05
9.99824E-05 0.321696 0.678104 9.99824E-05
0.661515 9.99827E-05 9.99827E-05 0.338285
9.99824E-05 0.366571 0.633229 9.99824E-05
0.585622 0.414178 9.99823E-05 9.99823E-05
0.0337587 9.99825E-05 0.966041 9.99825E-05
0.338779 0.441464 9.99912E-05 0.219657
0.443127 9.99913E-05 0.0351469 0.521626
0.921345 9.99824E-05 9.99824E-05 0.0784552
9.99827E-05 0.448261 9.99827E-05 0.551539
0.483829 0.515971 9.99824E-05 9.99824E-05
9.998E-05 0.9997 9.998E-05 9.998E-05
0.602353 9.99825E-05 0.397447 9.99825E-05
9.998E-05 0.9997 9.998E-05 9.998E-05
0.3175 0.364893 0.317507 9.99913E-05
0.367502 9.99912E-05 0.420783 0.211616
9.99826E-05 0.83738 9.99826E-05 0.16242
0.996467 9.99824E-05 9.99824E-05 0.00333295
0.762441 9.99825E-05 9.99825E-05 0.237359
0.253719 0.37339 0.370543 0.00234762
0.504684 0.495116 9.99824E-05 9.99824E-05
0.9997 9.998E-05 9.998E-05 9.998E-05
0.248974 0.439613 0.311313 9.99912E-05
0.830343 0.169457 9.99826E-05 9.99826E-05
9.99824E-05 9.99824E-05 0.621566 0.378234
9.99824E-05 9.99824E-05 0.665803 0.333997
9.99823E-05 0.34163 0.65817 9.99823E-05
9.99825E-05 0.800507 9.99825E-05 0.199293
0.400548 0.583297 9.99912E-05 0.0160546
0.662913 0.245035 9.99912E-05 0.0919519
0.9997 9.998E-05 9.998E-05 9.998E-05
0.117812 9.99912E-05 0.549353 0.332735
9.998E-05 9.998E-05 9.998E-05 0.9997
9.99912E-05 0.064413 0.485029 0.450458
0.9997 9.998E-05 9.998E-05 9.998E-05
0.494315 9.99824E-05 0.505485 9.99824E-05
0.43878 0.033541 0.189256 0.338423
0.139293 9.99826E-05 0.860507 9.99826E-05
0.131365 9.99823E-05 9.99823E-05 0.868435
0.586293 9.99824E-05 9.99824E-05 0.413507
0.0227743 0.645949 0.331177 9.99912E-05
0.116809 9.99823E-05 9.99823E-05 0.882991
9.998E-05 0.9997 9.998E-05 9.998E-05
9.99824E-05 0.379763 0.620037 9.99824E-05
0.24984 0.74996 9.99823E-05 9.99823E-05
9.99824E-05 0.53034 9.99824E-05 0.46946
0.562807 0.436993 9.99825E-05 9.99825E-05
0.225172 0.493383 0.281345 9.99912E-05
0.150153 0.849647 9.99825E-05 9.99825E-05
0.562757 0.437043 9.99823E-05 9.99823E-05
0.570554 0.429247 9.99825E-05 9.99825E-05
0.858785 0.141015 9.99825E-05 9.99825E-05
0.219375 0.276446 9.99912E-05 0.504079
0.903074 9.99824E-05 9.99824E-05 0.0967263
0.54672 0.45308 9.99826E-05 9.99826E-05
0.374864 0.241798 0.00982765 0.373511
0.196122 0.475864 0.327914 9.99912E-05
9.99825E-05 0.736917 9.99825E-05 0.262883
0.0755302 9.99824E-05 0.92427 9.99824E-05
9.99912E-05 0.23464 0.716872 0.0483884
9.99912E-05 0.0321148 0.468476 0.499309
0.747258 9.99826E-05 9.99826E-05 0.252542
9.99825E-05 9.99825E-05 0.759885 0.239915
0.89118 9.99825E-05 0.10862 9.99825E-05
0.852905 9.99823E-05 9.99823E-05 0.146895
0.169572 9.99911E-05 0.33426 0.496067
9.99912E-05 0.449715 0.311222 0.238963
0.313471 9.99912E-05 0.0658857 0.620543
9.998E-05 9.998E-05 0.9997 9.998E-05
0.299459 0.0660145 9.99913E-05 0.634426
0.326157 0.462573 9.99912E-05 0.211171
0.240149 9.99912E-05 0.44613 0.313622
0.289723 0.242252 0.338376 0.129648
0.835572 0.129769 0.0345588 9.99913E-05
9.99823E-05 0.909538 0.0902622 9.99823E-05
0.803986 9.99912E-05 0.166031 0.0298829
0.156297 0.364323 0.47928 9.99912E-05
0.9997 9.998E-05 9.998E-05 9.998E-05
0.130766 9.99912E-05 0.636968 0.232166
9.99824E-05 0.754326 9.99824E-05 0.245474
9.99912E-05 0.317947 0.27818 0.403772
9.99824E-05 0.701321 9.99824E-05 0.298479
0.0145933 0.0358237 0.62206 0.327523
0.599282 9.99825E-05 9.99825E-05 0.400518
0.343625 9.99824E-05 0.656176 9.99824E-05
0.9997 9.998E-05 9.998E-05 9.998E-05
9.99823E-05 0.376313 0.623487 9.99823E-05
0.146295 0.193377 9.99913E-05 0.660228
0.685394 0.314406 9.99825E-05 9.99825E-05
0.55059 0.0932516 9.99912E-05 0.356059
0.312194 0.687606 9.99828E-05 9.99828E-05
9.99826E-05 9.99826E-05 0.366232 0.633568
0.332214 9.99824E-05 0.667586 9.99824E-05
0.107913 0.412826 0.300728 0.178534
9.99825E-05 9.99825E-05 0.217585 0.782215
9.99828E-05 9.99828E-05 0.475344 0.524456
9.99825E-05 0.509252 9.99825E-05 0.490548
0.138042 9.99825E-05 0.861758 9.99825E-05
0.503171 9.99824E-05 9.99824E-05 0.496629
0.14491 9.99912E-05 0.321176 0.533815
0.199293 9.99825E-05 0.800507 9.99825E-05
0.265876 0.0177272 0.716297 9.99912E-05
0.398113 0.354476 9.99912E-05 0.247311
9.99825E-05 0.333609 0.666191 9.99825E-05
0.304149 0.182096 0.141676 0.37208
0.14221 9.99824E-05 9.99824E-05 0.85759
0.454109 0.437561 0.0482077 0.0601226
0.831053 9.99826E-05 9.99826E-05 0.168747
0.0298691 0.671957 9.99912E-05 0.298074
9.998E-05 0.9997 9.998E-05 9.998E-05
0.670245 9.99912E-05 0.281606 0.0480485
0.948337 9.99826E-05 9.99826E-05 0.0514632
9.99823E-05 0.41467 0.58513 9.99823E-05
0.487715 9.99823E-05 9.99823E-05 0.512085
0.571566 0.213907 9.99913E-05 0.214426
0.9997 9.998E-05 9.998E-05 9.998E-05
0.195309 0.0224343 0.748335 0.0339212
0.420777 9.99824E-05 0.579023 9.99824E-05
0.371169 0.0930211 0.53571 9.99912E-05
0.320274 0.373499 0.196066 0.110161
0.167593 9.99912E-05 0.601796 0.23051
0.792138 0.14975 9.99912E-05 0.0580122
0.587193 0.412607 9.99824E-05 9.99824E-05
0.683907 0.0320365 0.130725 0.153331
0.236021 9.99912E-05 0.67238 0.0914991
9.99825E-05 0.92673 9.99825E-05 0.0730696
9.99825E-05 0.966331 9.99825E-05 0.0334694
0.9997 9.998E-05 9.998E-05 9.998E-05
0.349077 0.286171 9.99913E-05 0.364652
0.0250323 0.361048 9.99912E-05 0.61382
0.0138833 0.985917 9.99825E-05 9.99825E-05
9.998E-05 0.9997 9.998E-05 9.998E-05
9.99825E-05 0.406637 9.99825E-05 0.593163
0.459118 0.396106 0.144677 9.99912E-05
0.901262 9.99913E-05 0.0951988 0.00343867
0.412309 0.298037 0.289554 9.99913E-05
0.346146 0.569915 0.0838397 9.99912E-05
0.716152 0.0442449 0.239503 9.99913E-05
0.545921 0.128657 9.99912E-05 0.325323
9.99914E-05 0.465691 0.367481 0.166728
0.125487 9.99824E-05 9.99824E-05 0.874313
0.097955 0.130669 0.301276 0.470099
0.381134 9.99913E-05 0.537092 0.0816737
0.104633 0.412812 9.99912E-05 0.482455
0.0695607 0.0151324 0.185168 0.730139
9.99825E-05 9.99825E-05 0.687739 0.312061
0.13532 0.850862 9.99912E-05 0.0137179
0.0859645 0.305726 9.99912E-05 0.608209
9.99912E-05 0.187974 0.40539 0.406536
0.935395 9.99823E-05 0.0644052 9.99823E-05
9.99825E-05 0.736909 0.262891 9.99825E-05
9.99825E-05 0.925709 0.0740913 9.99825E-05
9.99825E-05 0.541198 9.99825E-05 0.458602
0.353749 0.617997 9.99913E-05 0.0281543
0.609187 9.99913E-05 0.146942 0.243771
9.99827E-05 9.99827E-05 0.649923 0.349877
9.99824E-05 9.99824E-05 0.369234 0.630566
0.492544 9.99824E-05 0.507256 9.99824E-05
0.536516 0.175952 9.99912E-05 0.287433
0.211288 0.586927 0.0959224 0.105862
0.634727 0.120757 9.99912E-05 0.244416
0.331523 0.103802 0.564575 9.99912E-05
0.251705 0.314597 0.433597 9.99912E-05
9.99824E-05 9.99824E-05 0.698805 0.300995
0.502928 0.306063 0.0292433 0.161766
0.0614456 0.848955 9.99912E-05 0.0894995
0.475748 9.99823E-05 9.99823E-05 0.524052
9.99827E-05 9.99827E-05 0.735244 0.264556
0.302599 9.99824E-05 9.99824E-05 0.697201
0.693773 0.306027 9.99823E-05 9.99823E-05
0.03828 9.99826E-05 9.99826E-05 0.96152
9.99912E-05 0.0024302 0.737073 0.260397
9.99912E-05 0.0876606 0.443659 0.46858
0.85869 9.99824E-05 9.99824E-05 0.14111
0.913375 0.0864246 9.99825E-05 9.99825E-05
9.99912E-05 0.120326 0.767909 0.111665
9.998E-05 9.998E-05 0.9997 9.998E-05
9.99826E-05 0.99919 9.99826E-05 0.000610336
9.99824E-05 0.203567 0.796233 9.99824E-05
0.0324812 0.187762 0.415176 0.364581
0.835434 0.164366 9.99826E-05 9.99826E-05
0.309297 0.428743 0.237991 0.0239689
0.189416 0.810384 9.99824E-05 9.99824E-05
9.99825E-05 0.306597 9.99825E-05 0.693203
0.780459 9.99912E-05 0.032213 0.187228
9.99825E-05 9.99825E-05 0.490622 0.509178
9.99824E-05 9.99824E-05 0.549453 0.450347
9.998E-05 0.9997 9.998E-05 9.998E-05
9.99826E-05 0.0329132 0.966887 9.99826E-05
0.137163 0.715643 0.147093 9.99913E-05
0.102425 0.298474 0.264555 0.334546
0.811901 9.99824E-05 9.99824E-05 0.187899
9.99824E-05 0.383786 9.99824E-05 0.616014
0.152665 0.159146 9.99912E-05 0.688089
9.99911E-05 0.343995 0.460851 0.195055
0.354015 9.99912E-05 0.522711 0.123174
0.0776051 0.348925 0.57337 9.99912E-05
9.99824E-05 0.393197 9.99824E-05 0.606603
0.339846 9.99912E-05 0.348753 0.311301
0.310586 0.504534 0.18478 9.99912E-05
9.99912E-05 0.0874453 0.474695 0.43776
9.99915E-05 0.669848 0.0432071 0.286845
9.99912E-05 0.154477 0.417853 0.42757
0.0529193 0.0899355 0.857045 9.99912E-05
0.490065 0.339648 0.170187 9.99911E-05
0.0589517 9.99912E-05 0.189746 0.751203
9.99824E-05 0.878871 9.99824E-05 0.120929
0.06565 0.328263 0.605987 9.99912E-05
9.99824E-05 0.458598 9.99824E-05 0.541202
0.637838 0.288346 0.044466 0.02935
0.929551 0.0332221 9.99912E-05 0.0371266
9.99824E-05 0.539325 0.460475 9.99824E-05
0.00330281 0.195736 0.541844 0.259117
0.637989 9.99824E-05 9.99824E-05 0.361811
0.606475 0.0580043 0.335421 9.99912E-05
0.438553 9.99827E-05 9.99827E-05 0.561247
0.209433 0.475022 0.315445 9.99912E-05
0.321356 0.213029 0.016169 0.449446
0.169286 0.627343 9.99913E-05 0.203272
0.769517 9.99825E-05 0.230283 9.99825E-05
9.99824E-05 0.430516 0.569284 9.99824E-05
0.279701 0.421263 0.210807 0.0882289
0.0631067 0.500306 0.0563212 0.380267
9.99825E-05 9.99825E-05 0.0891677 0.910632
0.382449 0.0515521 9.99912E-05 0.565899
9.99824E-05 0.510511 0.489289 9.99824E-05
0.195896 0.803904 9.99825E-05 9.99825E-05
9.99913E-05 0.741281 0.106633 0.151986
0.444211 0.154122 9.99912E-05 0.401567
9.998E-05 9.998E-05 9.998E-05 0.9997
0.606711 0.393089 9.99824E-05 9.99824E-05
0.235014 9.99825E-05 9.99825E-05 0.764786
9.998E-05 9.998E-05 0.9997 9.998E-05
9.99912E-05 0.610547 0.20709 0.182263
