0.156632 0.129344 0.0253057 0.000506801 9.996E-05 9.996E-05 0.687812 9.996E-05 9.996E-05
9.99371E-05 9.99371E-05 9.99371E-05 9.99371E-05 9.99371E-05 9.99371E-05 0.909104 0.0901964 9.99371E-05
9.9937E-05 9.9937E-05 9.9937E-05 9.9937E-05 0.83648 9.9937E-05 0.16282 9.9937E-05 9.9937E-05
0.106424 9.99461E-05 9.99461E-05 9.99461E-05 9.99461E-05 9.99461E-05 0.024419 0.868557 9.99461E-05
0.0900842 9.9955E-05 9.9955E-05 0.762439 0.106517 9.9955E-05 9.9955E-05 0.0404606 9.9955E-05
9.9946E-05 9.9946E-05 9.9946E-05 9.9946E-05 0.13298 9.9946E-05 0.023336 9.9946E-05 0.843084
0.193657 9.9964E-05 0.046636 0.00508266 0.585646 0.168578 9.9964E-05 9.9964E-05 9.9964E-05
9.99371E-05 9.99371E-05 9.99371E-05 9.99371E-05 0.162575 9.99371E-05 0.836726 9.99371E-05 9.99371E-05
9.99372E-05 9.99372E-05 0.46426 9.99372E-05 9.99372E-05 9.99372E-05 9.99372E-05 9.99372E-05 0.53504
9.99461E-05 0.0527665 9.99461E-05 0.656957 9.99461E-05 0.289677 9.99461E-05 9.99461E-05 9.99461E-05
9.993E-05 9.993E-05 9.993E-05 9.993E-05 9.993E-05 0.999201 9.993E-05 9.993E-05 9.993E-05
9.9955E-05 9.9955E-05 9.9955E-05 0.028033 9.9955E-05 9.9955E-05 0.783911 0.0725898 0.114966
0.0448415 0.16797 0.0712981 0.637437 9.9973E-05 9.9973E-05 0.0487768 9.9973E-05 0.0293764
0.999201 9.993E-05 9.993E-05 9.993E-05 9.993E-05 9.993E-05 9.993E-05 9.993E-05 9.993E-05
9.993E-05 9.993E-05 9.993E-05 0.999201 9.993E-05 9.993E-05 9.993E-05 9.993E-05 9.993E-05
9.99372E-05 0.134577 0.864723 9.99372E-05 9.99372E-05 9.99372E-05 9.99372E-05 9.99372E-05 9.99372E-05
9.99551E-05 9.99551E-05 9.99551E-05 9.99551E-05 0.0845026 9.99551E-05 0.60409 0.177425 0.133482
9.9973E-05 0.0404766 0.215917 0.174973 0.0256173 0.212635 9.9973E-05 9.9973E-05 0.330081
9.99371E-05 9.99371E-05 9.99371E-05 9.99371E-05 9.99371E-05 9.99371E-05 0.0422946 9.99371E-05 0.957006
9.993E-05 9.993E-05 0.999201 9.993E-05 9.993E-05 9.993E-05 9.993E-05 9.993E-05 9.993E-05
0.0763071 9.99461E-05 0.848599 9.99461E-05 0.0744939 9.99461E-05 9.99461E-05 9.99461E-05 9.99461E-05
9.997E-05 9.997E-05 0.37744 0.0529911 9.997E-05 0.00552992 0.114191 0.0132639 0.436284
9.99551E-05 0.0610099 0.74705 0.187563 9.99551E-05 9.99551E-05 0.00387659 9.99551E-05 9.99551E-05
9.9955E-05 9.9955E-05 0.163652 9.9955E-05 0.0971265 0.0373118 9.9955E-05 0.701409 9.9955E-05
9.9937E-05 0.00106295 9.9937E-05 9.9937E-05 0.998237 9.9937E-05 9.9937E-05 9.9937E-05 9.9937E-05
9.99371E-05 9.99371E-05 0.155361 0.843939 9.99371E-05 9.99371E-05 9.99371E-05 9.99371E-05 9.99371E-05
9.99461E-05 0.0575643 9.99461E-05 9.99461E-05 0.00648989 9.99461E-05 9.99461E-05 0.935346 9.99461E-05
0.598468 9.99461E-05 0.0564223 9.99461E-05 9.99461E-05 9.99461E-05 9.99461E-05 9.99461E-05 0.34451
9.993E-05 9.993E-05 9.993E-05 9.993E-05 9.993E-05 9.993E-05 0.999201 9.993E-05 9.993E-05
0.0373431 9.99552E-05 9.99552E-05 9.99552E-05 9.99552E-05 9.99552E-05 0.226814 0.142597 0.592746
9.99372E-05 0.998647 9.99372E-05 9.99372E-05 9.99372E-05 9.99372E-05 0.000653925 9.99372E-05 9.99372E-05
9.993E-05 0.999201 9.993E-05 9.993E-05 9.993E-05 9.993E-05 9.993E-05 9.993E-05 9.993E-05
0.111804 0.331473 9.9955E-05 0.273379 9.9955E-05 0.282845 9.9955E-05 9.9955E-05 9.9955E-05
9.99371E-05 9.99371E-05 9.99371E-05 9.99371E-05 0.148355 9.99371E-05 9.99371E-05 9.99371E-05 0.850945
9.993E-05 9.993E-05 9.993E-05 9.993E-05 9.993E-05 9.993E-05 9.993E-05 0.999201 9.993E-05
9.9946E-05 0.0184139 0.908667 9.9946E-05 9.9946E-05 9.9946E-05 0.0723199 9.9946E-05 9.9946E-05
9.99462E-05 9.99462E-05 0.115445 9.99462E-05 9.99462E-05 9.99462E-05 0.00641542 9.99462E-05 0.87754
9.99641E-05 0.0167921 0.0119221 9.99641E-05 0.0155939 0.0352496 9.99641E-05 9.99641E-05 0.920042
9.99371E-05 9.99371E-05 9.99371E-05 9.99371E-05 9.99371E-05 0.944122 0.0551782 9.99371E-05 9.99371E-05
9.99462E-05 9.99462E-05 9.99462E-05 0.0130489 9.99462E-05 9.99462E-05 9.99462E-05 0.285397 0.700955
9.9937E-05 9.9937E-05 9.9937E-05 9.9937E-05 9.9937E-05 9.9937E-05 0.257664 9.9937E-05 0.741636
0.0169331 9.99461E-05 9.99461E-05 9.99461E-05 9.99461E-05 9.99461E-05 0.798975 9.99461E-05 0.183492
9.99462E-05 9.99462E-05 0.856958 0.122651 9.99462E-05 9.99462E-05 9.99462E-05 0.0197915 9.99462E-05
9.99371E-05 0.944848 9.99371E-05 9.99371E-05 9.99371E-05 9.99371E-05 9.99371E-05 0.0544529 9.99371E-05
0.00963533 9.99462E-05 0.00335496 0.98641 9.99462E-05 9.99462E-05 9.99462E-05 9.99462E-05 9.99462E-05
9.99461E-05 0.0255507 9.99461E-05 9.99461E-05 9.99461E-05 9.99461E-05 0.912611 0.0612384 9.99461E-05
0.0737013 9.9946E-05 0.747405 9.9946E-05 9.9946E-05 9.9946E-05 9.9946E-05 9.9946E-05 0.178294
9.99372E-05 9.99372E-05 0.154005 9.99372E-05 9.99372E-05 9.99372E-05 9.99372E-05 9.99372E-05 0.845295
9.99462E-05 9.99462E-05 0.251956 0.521172 0.226272 9.99462E-05 9.99462E-05 9.99462E-05 9.99462E-05
9.99551E-05 9.99551E-05 0.692987 9.99551E-05 9.99551E-05 0.0672326 9.99551E-05 0.0455343 0.193746
