9.99461E-05 9.99461E-05 9.99461E-05 0.212445 9.99461E-05 0.109748 0.677207 9.99461E-05 9.99461E-05
9.9955E-05 9.9955E-05 0.0416442 9.9955E-05 9.9955E-05 9.9955E-05 0.810222 0.128435 0.019199
9.99461E-05 0.0043333 9.99461E-05 0.588831 9.99461E-05 9.99461E-05 0.406236 9.99461E-05 9.99461E-05
9.99372E-05 9.99372E-05 9.99372E-05 9.99372E-05 9.99372E-05 9.99372E-05 9.99372E-05 0.867513 0.131788
9.9955E-05 9.9955E-05 9.9955E-05 0.0466819 0.283981 0.619002 9.9955E-05 0.0498345 9.9955E-05
9.99371E-05 9.99371E-05 9.99371E-05 0.02762 9.99371E-05 9.99371E-05 9.99371E-05 9.99371E-05 0.97168
9.9955E-05 0.146846 9.9955E-05 0.357424 0.334316 9.9955E-05 9.9955E-05 0.160915 9.9955E-05
9.99462E-05 9.99462E-05 9.99462E-05 9.99462E-05 0.0467362 9.99462E-05 0.919551 0.0331135 9.99462E-05
9.99462E-05 0.383707 0.128278 9.99462E-05 9.99462E-05 9.99462E-05 9.99462E-05 9.99462E-05 0.487416
9.9937E-05 9.9937E-05 9.9937E-05 9.9937E-05 0.924033 0.075267 9.9937E-05 9.9937E-05 9.9937E-05
9.993E-05 9.993E-05 9.993E-05 9.993E-05 0.999201 9.993E-05 9.993E-05 9.993E-05 9.993E-05
0.234184 9.9946E-05 9.9946E-05 9.9946E-05 9.9946E-05 0.0165922 0.748624 9.9946E-05 9.9946E-05
9.99731E-05 0.133457 9.99731E-05 0.168372 0.038917 0.541963 0.00708121 9.99731E-05 0.109911
0.0468729 9.99641E-05 9.99641E-05 0.741755 0.0782752 0.00469565 9.99641E-05 0.128001 9.99641E-05
9.99461E-05 9.99461E-05 9.99461E-05 9.99461E-05 0.132324 0.847558 9.99461E-05 9.99461E-05 0.0195177
9.993E-05 0.999201 9.993E-05 9.993E-05 9.993E-05 9.993E-05 9.993E-05 9.993E-05 9.993E-05
0.223455 9.99461E-05 9.99461E-05 9.99461E-05 9.99461E-05 9.99461E-05 0.623487 0.152458 9.99461E-05
9.9946E-05 0.509436 9.9946E-05 9.9946E-05 0.313628 9.9946E-05 9.9946E-05 9.9946E-05 0.176337
0.0181615 9.99461E-05 9.99461E-05 9.99461E-05 9.99461E-05 9.99461E-05 0.0490501 9.99461E-05 0.932189
9.99462E-05 0.782866 0.0311458 9.99462E-05 9.99462E-05 0.185389 9.99462E-05 9.99462E-05 9.99462E-05
9.993E-05 9.993E-05 0.999201 9.993E-05 9.993E-05 9.993E-05 9.993E-05 9.993E-05 9.993E-05
0.503406 0.467879 0.00628849 9.99551E-05 9.99551E-05 9.99551E-05 0.021927 9.99551E-05 9.99551E-05
9.99372E-05 0.866762 9.99372E-05 9.99372E-05 9.99372E-05 0.132538 9.99372E-05 9.99372E-05 9.99372E-05
9.99551E-05 0.1176 0.0114723 9.99551E-05 9.99551E-05 0.0317879 9.99551E-05 0.83864 9.99551E-05
9.99461E-05 9.99461E-05 9.99461E-05 0.814993 9.99461E-05 9.99461E-05 9.99461E-05 0.103555 0.0808525
9.9937E-05 0.217465 9.9937E-05 9.9937E-05 9.9937E-05 0.781836 9.9937E-05 9.9937E-05 9.9937E-05
9.993E-05 9.993E-05 9.993E-05 9.993E-05 9.993E-05 9.993E-05 9.993E-05 0.999201 9.993E-05
0.841617 9.99551E-05 9.99551E-05 0.0491327 0.0474398 0.061311 9.99551E-05 9.99551E-05 9.99551E-05
9.99373E-05 0.0304112 9.99373E-05 9.99373E-05 9.99373E-05 9.99373E-05 0.968889 9.99373E-05 9.99373E-05
0.836295 9.99371E-05 9.99371E-05 9.99371E-05 9.99371E-05 9.99371E-05 0.163006 9.99371E-05 9.99371E-05
9.99372E-05 9.99372E-05 9.99372E-05 0.916528 0.0827729 9.99372E-05 9.99372E-05 9.99372E-05 9.99372E-05
9.993E-05 9.993E-05 9.993E-05 0.999201 9.993E-05 9.993E-05 9.993E-05 9.993E-05 9.993E-05
9.995E-05 9.995E-05 9.995E-05 0.0979528 0.784193 0.0396404 9.995E-05 0.0777143 9.995E-05
9.99371E-05 9.99371E-05 9.99371E-05 0.00976345 9.99371E-05 9.99371E-05 9.99371E-05 9.99371E-05 0.989537
0.110048 9.9946E-05 9.9946E-05 9.9946E-05 9.9946E-05 9.9946E-05 0.129584 0.759768 9.9946E-05
9.9946E-05 0.905305 0.0559167 9.9946E-05 9.9946E-05 9.9946E-05 9.9946E-05 9.9946E-05 0.0381781
0.113205 9.99461E-05 0.163416 9.99461E-05 9.99461E-05 9.99461E-05 9.99461E-05 9.99461E-05 0.722779
0.346016 0.0551287 0.00260202 0.0040966 0.023296 9.9973E-05 9.9973E-05 9.9973E-05 0.568561
9.99461E-05 9.99461E-05 9.99461E-05 9.99461E-05 0.817229 9.99461E-05 0.114324 9.99461E-05 0.0678466
0.930676 9.99461E-05 0.0159038 9.99461E-05 9.99461E-05 9.99461E-05 9.99461E-05 0.0528205 9.99461E-05
0.470712 9.9946E-05 9.9946E-05 9.9946E-05 9.9946E-05 9.9946E-05 0.182024 9.9946E-05 0.346664
0.21283 9.9937E-05 9.9937E-05 9.9937E-05 9.9937E-05 9.9937E-05 0.78647 9.9937E-05 9.9937E-05
9.99372E-05 9.99372E-05 0.901602 9.99372E-05 9.99372E-05 0.0976984 9.99372E-05 9.99372E-05 9.99372E-05
9.99461E-05 0.0136138 9.99461E-05 0.978069 9.99461E-05 9.99461E-05 9.99461E-05 9.99461E-05 0.00771705
9.993E-05 9.993E-05 9.993E-05 9.993E-05 9.993E-05 0.999201 9.993E-05 9.993E-05 9.993E-05
9.99461E-05 0.113169 9.99461E-05 9.99461E-05 9.99461E-05 9.99461E-05 0.841728 0.0445037 9.99461E-05
9.99461E-05 0.0963365 0.624331 9.99461E-05 9.99461E-05 9.99461E-05 9.99461E-05 9.99461E-05 0.278733
0.506022 0.136439 9.99461E-05 9.99461E-05 9.99461E-05 9.99461E-05 9.99461E-05 9.99461E-05 0.356939
0.0113786 9.99641E-05 0.125535 9.99641E-05 9.99641E-05 0.84306 0.0167686 0.00285799 9.99641E-05
0.145464 9.99461E-05 0.80554 9.99461E-05 0.0483963 9.99461E-05 9.99461E-05 9.99461E-05 9.99461E-05
