0.0493556 0.227229 0.224615 0.026116 9.99825E-05 0.472484 9.99825E-05
0.262131 9.99649E-05 9.99649E-05 0.144441 9.99649E-05 9.99649E-05 0.593028
0.0805478 0.378748 0.312831 0.227573 9.99738E-05 9.99738E-05 9.99738E-05
9.9965E-05 9.9965E-05 0.071291 9.9965E-05 0.712156 9.9965E-05 0.216153
0.9994 9.995E-05 9.995E-05 9.995E-05 9.995E-05 9.995E-05 9.995E-05
9.99734E-05 0.183661 9.99734E-05 0.434794 0.205165 9.99734E-05 0.17608
9.9956E-05 0.555231 0.444269 9.9956E-05 9.9956E-05 9.9956E-05 9.9956E-05
0.587935 9.99649E-05 0.118518 9.99649E-05 9.99649E-05 0.293146 9.99649E-05
9.99649E-05 9.99649E-05 0.136476 9.99649E-05 9.99649E-05 0.554448 0.308676
9.99649E-05 9.99649E-05 9.99649E-05 0.183159 0.438657 0.377783 9.99649E-05
9.99824E-05 0.313365 0.0932068 9.99824E-05 0.279428 0.307551 0.00624993
9.99561E-05 9.99561E-05 9.99561E-05 9.99561E-05 9.99561E-05 0.519108 0.480393
0.159675 0.192562 0.159385 9.99825E-05 9.99825E-05 0.487761 0.000416628
9.99734E-05 9.99734E-05 0.714926 0.0105897 0.148213 9.99734E-05 0.125972
9.9956E-05 0.407378 0.592122 9.9956E-05 9.9956E-05 9.9956E-05 9.9956E-05
9.99648E-05 9.99648E-05 0.0573358 0.446051 9.99648E-05 0.496214 9.99648E-05
0.197055 0.0757683 9.99737E-05 0.378201 9.99737E-05 0.348676 9.99737E-05
9.99655E-05 9.99655E-05 0.563058 0.392983 0.0435601 9.99655E-05 9.99655E-05
9.99559E-05 9.99559E-05 9.99559E-05 9.99559E-05 0.224464 0.775037 9.99559E-05
9.996E-05 0.353536 9.996E-05 9.996E-05 0.352646 0.293418 9.996E-05
9.996E-05 0.195784 9.996E-05 0.391457 9.996E-05 9.996E-05 0.412359
9.99649E-05 0.190456 9.99649E-05 0.131813 9.99649E-05 0.677331 9.99649E-05
9.99738E-05 0.215655 0.613001 0.0642011 9.99738E-05 0.106843 9.99738E-05
9.99564E-05 9.99564E-05 9.99564E-05 0.654432 0.345068 9.99564E-05 9.99564E-05
9.99648E-05 0.109907 9.99648E-05 9.99648E-05 0.654833 0.234861 9.99648E-05
0.136753 0.469796 9.99647E-05 9.99647E-05 9.99647E-05 0.393051 9.99647E-05
0.20869 9.99567E-05 9.99567E-05 9.99567E-05 0.790811 9.99567E-05 9.99567E-05
0.12908 0.28378 0.144312 9.99736E-05 9.99736E-05 0.442528 9.99736E-05
0.706572 9.99561E-05 9.99561E-05 0.292928 9.99561E-05 9.99561E-05 9.99561E-05
0.0458555 0.445395 9.99824E-05 9.99824E-05 0.0429903 0.2107 0.25486
0.392139 9.99648E-05 9.99648E-05 0.317962 0.289499 9.99648E-05 9.99648E-05
0.199547 9.99738E-05 0.297287 0.481518 9.99738E-05 9.99738E-05 0.0213484
0.358228 9.9956E-05 9.9956E-05 9.9956E-05 0.641272 9.9956E-05 9.9956E-05
9.99737E-05 9.99737E-05 0.0484726 9.99737E-05 0.449922 0.165129 0.336177
9.9965E-05 0.156517 0.56377 9.9965E-05 9.9965E-05 0.279314 9.9965E-05
9.99824E-05 0.577776 0.138399 0.0442506 0.124231 9.99824E-05 0.115144
9.99737E-05 0.144904 0.638829 9.99737E-05 9.99737E-05 0.199621 0.0163467
9.99565E-05 9.99565E-05 9.99565E-05 9.99565E-05 0.931234 9.99565E-05 0.0682659
9.99647E-05 0.491074 9.99647E-05 9.99647E-05 9.99647E-05 0.224659 0.283867
0.194953 9.99736E-05 9.99736E-05 0.498231 9.99736E-05 0.000123608 0.306393
9.99564E-05 9.99564E-05 9.99564E-05 0.580761 0.418739 9.99564E-05 9.99564E-05
0.0887313 0.308073 0.584741 9.99736E-05 9.99736E-05 0.018155 9.99736E-05
9.99648E-05 0.084532 9.99648E-05 0.440537 0.474531 9.99648E-05 9.99648E-05
9.99735E-05 9.99735E-05 9.99735E-05 0.109338 0.467126 0.119194 0.304043
9.99736E-05 0.334816 0.458031 9.99736E-05 0.0358907 9.99736E-05 0.170963
9.99648E-05 0.355892 9.99648E-05 0.0572673 9.99648E-05 0.586441 9.99648E-05
0.0423624 0.0557985 9.99648E-05 9.99648E-05 0.901439 9.99648E-05 9.99648E-05
0.055994 0.545909 9.99648E-05 9.99648E-05 9.99648E-05 0.397697 9.99648E-05
0.286647 9.99651E-05 9.99651E-05 9.99651E-05 0.651555 9.99651E-05 0.0613984
0.514813 9.99736E-05 0.342581 9.99736E-05 0.0696947 0.072611 9.99736E-05
9.99648E-05 0.688891 9.99648E-05 9.99648E-05 9.99648E-05 0.0469537 0.263755
0.0501145 0.502192 0.372431 9.99737E-05 0.0749633 9.99737E-05 9.99737E-05
9.99649E-05 9.99649E-05 0.105545 9.99649E-05 0.306507 0.587548 9.99649E-05
0.293734 0.321056 9.99734E-05 9.99734E-05 0.37442 0.0104904 9.99734E-05
0.421754 9.99736E-05 0.210845 0.15817 9.99736E-05 0.208932 9.99736E-05
0.17033 0.650505 0.178765 9.9965E-05 9.9965E-05 9.9965E-05 9.9965E-05
9.99559E-05 0.446336 0.553164 9.99559E-05 9.99559E-05 9.99559E-05 9.99559E-05
9.99559E-05 0.817896 9.99559E-05 0.181604 9.99559E-05 9.99559E-05 9.99559E-05
0.155616 0.0787266 0.02943 0.295244 9.99824E-05 9.99824E-05 0.440784
9.99648E-05 0.231368 9.99648E-05 9.99648E-05 0.122522 0.64571 9.99648E-05
9.99825E-05 0.0417757 0.189302 9.99825E-05 0.326456 0.328069 0.114197
0.17426 9.99736E-05 0.507134 9.99736E-05 0.285007 0.0332992 9.99736E-05
9.99648E-05 0.35745 9.99648E-05 0.0151049 9.99648E-05 0.627045 9.99648E-05
0.627737 0.371764 9.99561E-05 9.99561E-05 9.99561E-05 9.99561E-05 9.99561E-05
9.99648E-05 0.749481 0.0055148 9.99648E-05 0.244604 9.99648E-05 9.99648E-05
9.99647E-05 9.99647E-05 0.191063 0.208749 9.99647E-05 0.599789 9.99647E-05
9.995E-05 0.9994 9.995E-05 9.995E-05 9.995E-05 9.995E-05 9.995E-05
9.99564E-05 0.44159 9.99564E-05 9.99564E-05 0.55791 9.99564E-05 9.99564E-05
9.99912E-05 0.169459 0.171742 0.250227 0.202721 0.18332 0.0224317
9.99736E-05 0.533969 9.99736E-05 0.133302 0.231359 9.99736E-05 0.10107
9.99647E-05 0.200128 0.429506 9.99647E-05 0.369966 9.99647E-05 9.99647E-05
9.99649E-05 9.99649E-05 0.425966 0.114425 0.459209 9.99649E-05 9.99649E-05
0.566636 0.423842 9.99648E-05 9.99648E-05 0.00912211 9.99648E-05 9.99648E-05
9.99736E-05 0.0357103 0.159381 9.99736E-05 0.104932 9.99736E-05 0.699677
9.99738E-05 9.99738E-05 0.10329 0.54141 0.330677 9.99738E-05 0.0243231
0.253741 0.573013 9.99646E-05 0.172846 9.99646E-05 9.99646E-05 9.99646E-05
9.99649E-05 0.62353 9.99649E-05 0.30636 9.99649E-05 0.0697094 9.99649E-05
9.99736E-05 9.99736E-05 9.99736E-05 0.400962 0.107988 0.379415 0.111334
0.225074 0.506467 0.0290848 9.99825E-05 0.18582 9.99825E-05 0.0533548
9.99649E-05 0.841755 9.99649E-05 9.99649E-05 0.0946091 9.99649E-05 0.0632363
0.0743408 0.185209 9.99736E-05 9.99736E-05 0.527628 0.212523 9.99736E-05
9.99561E-05 9.99561E-05 9.99561E-05 9.99561E-05 0.716422 9.99561E-05 0.283078
0.145402 9.99737E-05 0.534765 0.0956558 9.99737E-05 0.223878 9.99737E-05
9.99649E-05 0.378683 9.99649E-05 0.437413 9.99649E-05 9.99649E-05 0.183504
9.99648E-05 0.41279 0.491419 9.99648E-05 9.99648E-05 0.0953916 9.99648E-05
9.99739E-05 0.596809 0.129377 0.218175 9.99739E-05 9.99739E-05 0.0553399
0.14753 0.392765 9.99735E-05 9.99735E-05 9.99735E-05 0.371133 0.0882718
0.0826554 0.206136 9.99735E-05 9.99735E-05 0.248535 0.462374 9.99735E-05
0.252647 0.034711 9.99655E-05 0.712242 9.99655E-05 9.99655E-05 9.99655E-05
9.99823E-05 0.0276678 0.24257 9.99823E-05 0.00944744 0.212846 0.507269
0.0917319 0.108199 9.99825E-05 0.384832 0.130394 9.99825E-05 0.284643
9.99563E-05 9.99563E-05 0.226485 9.99563E-05 9.99563E-05 0.773015 9.99563E-05
9.99649E-05 0.177825 0.265552 9.99649E-05 0.556223 9.99649E-05 9.99649E-05
9.99563E-05 0.983851 9.99563E-05 9.99563E-05 9.99563E-05 0.0156493 9.99563E-05
0.0699936 9.99735E-05 0.436003 9.99735E-05 0.292685 9.99735E-05 0.201019
0.0699772 9.99653E-05 9.99653E-05 9.99653E-05 0.898152 9.99653E-05 0.0314713
9.99737E-05 0.256035 9.99737E-05 0.347879 9.99737E-05 0.26604 0.129745
9.99735E-05 0.156247 0.0210179 0.0342814 0.788153 9.99735E-05 9.99735E-05
9.995E-05 9.995E-05 9.995E-05 9.995E-05 0.9994 9.995E-05 9.995E-05
9.99561E-05 9.99561E-05 0.54372 9.99561E-05 0.455781 9.99561E-05 9.99561E-05
9.99735E-05 0.196214 9.99735E-05 0.242032 0.506047 0.0554066 9.99735E-05
9.997E-05 0.673932 9.997E-05 0.170737 0.0281492 0.126883 9.997E-05
9.9965E-05 0.113733 9.9965E-05 0.228986 0.65688 9.9965E-05 9.9965E-05
0.0905762 0.369518 0.187017 9.99737E-05 9.99737E-05 9.99737E-05 0.352589
0.11664 9.99737E-05 9.99737E-05 9.99737E-05 0.67167 0.113162 0.0982274
0.0612819 0.344685 9.99826E-05 0.112142 0.125518 0.356172 9.99826E-05
9.99647E-05 0.371924 9.99647E-05 9.99647E-05 9.99647E-05 0.351058 0.276618
0.124647 0.165102 9.99825E-05 9.99825E-05 0.126109 0.39458 0.189362
9.99558E-05 0.279694 9.99558E-05 0.719807 9.99558E-05 9.99558E-05 9.99558E-05
0.274464 0.0932062 9.99824E-05 0.446969 0.180441 0.00471933 9.99824E-05
0.158527 9.99735E-05 0.39785 0.199708 9.99735E-05 9.99735E-05 0.243615
0.403479 9.99649E-05 9.99649E-05 9.99649E-05 0.431657 0.164464 9.99649E-05
9.99646E-05 0.258182 0.147726 9.99646E-05 9.99646E-05 0.593692 9.99646E-05
0.497308 0.381163 0.0435867 0.0776424 9.99735E-05 9.99735E-05 9.99735E-05
0.0689729 0.929701 0.000926356 9.99654E-05 9.99654E-05 9.99654E-05 9.99654E-05
9.99647E-05 0.165177 9.99647E-05 9.99647E-05 0.136135 9.99647E-05 0.698288
9.99561E-05 0.816369 0.183131 9.99561E-05 9.99561E-05 9.99561E-05 9.99561E-05
9.99566E-05 0.776926 0.222575 9.99566E-05 9.99566E-05 9.99566E-05 9.99566E-05
0.403274 9.99825E-05 0.0887294 0.00434116 0.484191 0.0192644 9.99825E-05
9.99649E-05 0.158047 0.49831 9.99649E-05 0.343243 9.99649E-05 9.99649E-05
0.311924 9.997E-05 0.00245462 0.596621 9.997E-05 0.088701 9.997E-05
0.0973071 9.99736E-05 9.99736E-05 0.022932 0.307505 9.99736E-05 0.571956
9.99738E-05 0.0402875 0.100484 9.99738E-05 9.99738E-05 0.548386 0.310543
9.99563E-05 0.156521 9.99563E-05 9.99563E-05 9.99563E-05 0.842979 9.99563E-05
9.99649E-05 9.99649E-05 0.553399 9.99649E-05 9.99649E-05 0.257078 0.189123
9.99649E-05 0.551048 0.0644105 9.99649E-05 0.384142 9.99649E-05 9.99649E-05
0.0161398 0.0511803 9.99737E-05 9.99737E-05 0.0669928 0.865387 9.99737E-05
0.266494 9.99653E-05 0.525737 9.99653E-05 9.99653E-05 0.207369 9.99653E-05
0.080299 9.99648E-05 0.16452 9.99648E-05 9.99648E-05 0.754781 9.99648E-05
0.0270758 0.377336 9.99824E-05 0.0743165 0.451034 9.99824E-05 0.0700382
9.99648E-05 9.99648E-05 9.99648E-05 0.0236139 0.427236 0.54875 9.99648E-05
0.101613 0.29403 0.0445157 0.0378813 0.521761 9.99824E-05 9.99824E-05
9.9965E-05 0.497415 9.9965E-05 9.9965E-05 0.0490955 0.45309 9.9965E-05
0.12556 0.435854 0.438186 9.99648E-05 9.99648E-05 9.99648E-05 9.99648E-05
0.0164785 9.99648E-05 9.99648E-05 0.511942 0.47118 9.99648E-05 9.99648E-05
9.99648E-05 9.99648E-05 9.99648E-05 0.0434914 9.99648E-05 0.748716 0.207393
9.99647E-05 9.99647E-05 9.99647E-05 0.423458 9.99647E-05 0.55841 0.0177323
9.99562E-05 0.759815 9.99562E-05 9.99562E-05 9.99562E-05 0.239685 9.99562E-05
9.99824E-05 0.220668 0.213457 0.100453 0.0167461 9.99824E-05 0.448476
0.423865 0.32296 0.18394 0.058755 0.0102801 9.99827E-05 9.99827E-05
9.99735E-05 0.373946 0.0170052 9.99735E-05 0.608194 9.99735E-05 0.000554106
9.99825E-05 9.99825E-05 0.146046 0.178704 0.0735109 0.370287 0.231252
9.99738E-05 0.363212 0.236488 9.99738E-05 9.99738E-05 0.232736 0.167264
9.99561E-05 9.99561E-05 9.99561E-05 9.99561E-05 0.173942 0.825558 9.99561E-05
0.376532 0.346096 9.99738E-05 9.99738E-05 9.99738E-05 0.0350215 0.242051
0.0497422 0.198252 9.99826E-05 0.143451 0.536105 9.99826E-05 0.0722494
9.99739E-05 0.44202 9.99739E-05 9.99739E-05 0.1678 0.0672723 0.322608
9.9956E-05 0.996926 9.9956E-05 9.9956E-05 9.9956E-05 9.9956E-05 0.00257466
9.99734E-05 9.99734E-05 0.235636 0.266308 0.367235 9.99734E-05 0.13052
0.262865 0.339774 9.99736E-05 9.99736E-05 0.306163 0.0908983 9.99736E-05
0.0202098 0.0198069 9.99738E-05 9.99738E-05 0.820451 0.139232 9.99738E-05
9.9965E-05 9.9965E-05 0.191719 9.9965E-05 0.557265 0.250617 9.9965E-05
0.240614 9.99736E-05 0.502585 9.99736E-05 0.0729172 9.99736E-05 0.183584
9.9965E-05 0.69013 9.9965E-05 0.299226 9.9965E-05 9.9965E-05 0.0102447
9.99735E-05 0.112716 9.99735E-05 0.0901929 0.496069 9.99735E-05 0.300722
9.99824E-05 0.578232 0.0444325 9.99824E-05 0.28819 0.0811434 0.00780279
0.862984 9.9956E-05 9.9956E-05 9.9956E-05 9.9956E-05 0.136516 9.9956E-05
9.9956E-05 0.895323 9.9956E-05 0.104177 9.9956E-05 9.9956E-05 9.9956E-05
0.23769 0.0683981 0.212298 9.997E-05 0.481314 9.997E-05 9.997E-05
9.99649E-05 9.99649E-05 0.119146 9.99649E-05 0.558994 0.32146 9.99649E-05
9.99823E-05 0.541363 0.122939 0.239866 9.99823E-05 0.0210558 0.0745769
9.99736E-05 0.244148 0.200331 0.266749 9.99736E-05 0.288472 9.99736E-05
0.198143 9.997E-05 9.997E-05 0.0838387 9.997E-05 0.640633 0.0770854
9.99736E-05 9.99736E-05 0.160567 9.99736E-05 0.00326944 0.688828 0.147036
0.114002 0.145777 0.0763688 0.606767 9.99825E-05 0.0568855 9.99825E-05
0.131322 9.99735E-05 0.379072 9.99735E-05 0.0667026 0.422603 9.99735E-05
9.99736E-05 0.788806 0.0121175 9.99736E-05 0.0331322 9.99736E-05 0.165645
0.162233 9.99824E-05 0.23629 9.99824E-05 0.104056 0.364574 0.132648
0.584576 9.99651E-05 9.99651E-05 9.99651E-05 9.99651E-05 0.00427752 0.410747
9.99736E-05 0.452492 0.0753097 0.447417 0.024482 9.99736E-05 9.99736E-05
9.99563E-05 0.572416 9.99563E-05 9.99563E-05 0.427084 9.99563E-05 9.99563E-05
0.0186878 9.99825E-05 0.00034621 0.429967 0.544303 9.99825E-05 0.00649596
9.99647E-05 0.186059 0.199397 9.99647E-05 9.99647E-05 0.614144 9.99647E-05
0.101693 0.21497 0.0283278 0.475589 0.0531205 0.1262 9.99912E-05
9.99736E-05 9.99736E-05 0.170577 0.560486 0.107638 0.160998 9.99736E-05
9.99561E-05 9.99561E-05 9.99561E-05 9.99561E-05 0.834179 0.165321 9.99561E-05
0.239364 0.474151 9.9965E-05 9.9965E-05 9.9965E-05 9.9965E-05 0.286085
0.300796 0.335766 0.132944 0.0375327 0.192762 9.99823E-05 9.99823E-05
9.99561E-05 0.863224 9.99561E-05 9.99561E-05 0.136276 9.99561E-05 9.99561E-05
9.9956E-05 0.336127 9.9956E-05 9.9956E-05 0.663373 9.9956E-05 9.9956E-05
9.99736E-05 0.0282115 0.10685 0.527903 9.99736E-05 0.336735 9.99736E-05
9.997E-05 0.261674 0.332662 0.071195 0.334169 9.997E-05 9.997E-05
9.9965E-05 9.9965E-05 9.9965E-05 9.9965E-05 0.529225 0.140246 0.33013
0.514942 0.325725 9.99647E-05 9.99647E-05 0.158933 9.99647E-05 9.99647E-05
0.422467 0.390188 0.0380657 0.0827292 9.99824E-05 0.0663506 9.99824E-05
9.99824E-05 0.251623 9.99824E-05 0.281149 0.0919232 0.0736994 0.301405
9.99737E-05 0.619692 9.99737E-05 9.99737E-05 0.151191 0.143721 0.0850965
9.99565E-05 9.99565E-05 9.99565E-05 0.177758 9.99565E-05 0.821742 9.99565E-05
0.227398 9.99648E-05 0.144608 9.99648E-05 0.627594 9.99648E-05 9.99648E-05
9.99735E-05 0.58995 9.99735E-05 0.136147 0.124755 0.148848 9.99735E-05
9.99647E-05 9.99647E-05 9.99647E-05 0.797272 0.16189 9.99647E-05 0.0404379
0.314939 9.99557E-05 9.99557E-05 9.99557E-05 0.684561 9.99557E-05 9.99557E-05
0.443509 9.9965E-05 0.083186 9.9965E-05 0.472905 9.9965E-05 9.9965E-05
0.043889 0.368273 0.419609 9.99736E-05 9.99736E-05 0.167929 9.99736E-05
9.99739E-05 0.240029 9.99739E-05 0.0272781 0.0474731 0.68492 9.99739E-05
9.99735E-05 0.394135 9.99735E-05 0.268734 0.284343 9.99735E-05 0.0524881
0.144237 0.57717 9.99738E-05 9.99738E-05 9.99738E-05 0.262128 0.0161652
0.00705604 9.99649E-05 9.99649E-05 9.99649E-05 0.456887 0.535657 9.99649E-05
9.99649E-05 9.99649E-05 0.583193 0.370556 9.99649E-05 0.0458517 9.99649E-05
9.99736E-05 0.0537757 9.99736E-05 0.730431 0.133634 9.99736E-05 0.0818596
9.99736E-05 0.11635 9.99736E-05 0.486851 0.232817 0.163681 9.99736E-05
0.19942 9.99648E-05 9.99648E-05 9.99648E-05 0.593705 0.206475 9.99648E-05
9.99649E-05 0.213083 9.99649E-05 9.99649E-05 0.61006 9.99649E-05 0.176457
0.153149 0.292382 9.99824E-05 0.189757 0.0287077 0.335804 9.99824E-05
0.268647 9.99823E-05 0.249618 0.189897 0.166437 9.99823E-05 0.125202
0.013271 0.011049 9.99824E-05 0.173118 0.567513 9.99824E-05 0.234849
9.996E-05 0.351654 9.996E-05 9.996E-05 0.321846 0.3261 9.996E-05
9.99562E-05 9.99562E-05 9.99562E-05 0.966872 9.99562E-05 0.0326282 9.99562E-05
0.0463985 0.482067 9.99823E-05 0.188914 9.99823E-05 0.275483 0.00693869
9.99647E-05 0.576288 9.99647E-05 0.334194 9.99647E-05 0.0891185 9.99647E-05
9.99651E-05 0.0626059 9.99651E-05 9.99651E-05 0.563254 0.37374 9.99651E-05
0.779099 0.174475 9.9965E-05 9.9965E-05 0.0460259 9.9965E-05 9.9965E-05
0.0478068 9.99647E-05 9.99647E-05 0.468449 9.99647E-05 0.483344 9.99647E-05
9.99646E-05 9.99646E-05 9.99646E-05 9.99646E-05 0.600452 0.270918 0.12823
0.21955 0.519069 0.260981 9.99648E-05 9.99648E-05 9.99648E-05 9.99648E-05
0.963679 9.99562E-05 0.0358213 9.99562E-05 9.99562E-05 9.99562E-05 9.99562E-05
9.99649E-05 0.809258 9.99649E-05 9.99649E-05 0.0621396 9.99649E-05 0.128203
9.99562E-05 9.99562E-05 9.99562E-05 9.99562E-05 0.702652 0.296848 9.99562E-05
9.99559E-05 9.99559E-05 9.99559E-05 0.418816 9.99559E-05 0.580685 9.99559E-05
9.99735E-05 0.143312 0.180242 0.429345 9.99735E-05 0.2468 9.99735E-05
9.99564E-05 9.99564E-05 0.451785 9.99564E-05 9.99564E-05 0.547715 9.99564E-05
9.99736E-05 0.269373 0.0870491 9.99736E-05 9.99736E-05 0.275493 0.367785
0.11281 0.222692 9.99735E-05 9.99735E-05 9.99735E-05 0.188206 0.475993
0.116388 9.9965E-05 0.364745 0.518468 9.9965E-05 9.9965E-05 9.9965E-05
0.0201326 0.410341 9.99652E-05 9.99652E-05 0.569127 9.99652E-05 9.99652E-05
9.99737E-05 0.434747 9.99737E-05 0.0416359 0.45844 0.0648764 9.99737E-05
9.99651E-05 9.99651E-05 9.99651E-05 0.447136 9.99651E-05 0.257412 0.295052
9.99559E-05 9.99559E-05 9.99559E-05 9.99559E-05 9.99559E-05 0.641026 0.358474
9.99561E-05 0.207281 9.99561E-05 0.792219 9.99561E-05 9.99561E-05 9.99561E-05
9.99648E-05 9.99648E-05 9.99648E-05 0.808876 0.0858087 9.99648E-05 0.104915
9.99648E-05 9.99648E-05 0.27854 0.136971 0.584089 9.99648E-05 9.99648E-05
9.99649E-05 0.454117 0.200598 9.99649E-05 0.344885 9.99649E-05 9.99649E-05
0.633972 9.99646E-05 9.99646E-05 0.168496 9.99646E-05 9.99646E-05 0.197132
9.99736E-05 9.99736E-05 0.344273 0.377629 0.0934973 0.184301 9.99736E-05
9.99736E-05 9.99736E-05 9.99736E-05 0.504207 0.0287437 0.464901 0.00184883
9.99648E-05 9.99648E-05 0.0832269 9.99648E-05 9.99648E-05 0.580263 0.33611
9.99826E-05 0.00142301 0.136114 0.00106524 9.99826E-05 0.833735 0.0274629
0.151234 9.99825E-05 9.99825E-05 0.344646 0.146004 0.234186 0.12373
9.9965E-05 0.237673 9.9965E-05 9.9965E-05 0.702506 0.0594209 9.9965E-05
9.99736E-05 0.380688 0.308872 9.99736E-05 9.99736E-05 0.13413 0.17601
0.0755068 9.99648E-05 0.678783 9.99648E-05 9.99648E-05 0.245311 9.99648E-05
0.307043 0.0669447 0.254556 9.99738E-05 9.99738E-05 0.371157 9.99738E-05
9.99649E-05 9.99649E-05 9.99649E-05 0.346572 0.447855 0.205173 9.99649E-05
9.99824E-05 0.150149 0.120022 0.298199 9.99824E-05 0.417833 0.0135966
0.216248 0.102445 0.285195 0.395811 9.99736E-05 9.99736E-05 9.99736E-05
9.99736E-05 9.99736E-05 0.239495 9.99736E-05 0.268062 0.466938 0.0252049
9.9965E-05 0.171564 0.194919 0.633116 9.9965E-05 9.9965E-05 9.9965E-05
9.99564E-05 9.99564E-05 9.99564E-05 9.99564E-05 0.336517 9.99564E-05 0.662983
0.0914699 0.0690289 9.99823E-05 0.0396923 0.150473 0.649136 9.99823E-05
0.109779 9.99648E-05 0.404513 9.99648E-05 9.99648E-05 0.485308 9.99648E-05
0.353473 0.468067 9.99736E-05 0.0941851 9.99736E-05 9.99736E-05 0.0839745
0.347545 9.9965E-05 9.9965E-05 0.129064 9.9965E-05 0.522992 9.9965E-05
9.99564E-05 9.99564E-05 0.0497028 0.949797 9.99564E-05 9.99564E-05 9.99564E-05
0.214354 0.302238 0.450139 9.99737E-05 9.99737E-05 9.99737E-05 0.0329684
9.99561E-05 0.853035 9.99561E-05 0.146466 9.99561E-05 9.99561E-05 9.99561E-05
0.507072 9.99646E-05 9.99646E-05 0.256389 9.99646E-05 0.236139 9.99646E-05
9.99649E-05 0.789286 9.99649E-05 0.0707171 0.139597 9.99649E-05 9.99649E-05
9.998E-05 0.524044 0.192334 0.0702352 0.207123 9.998E-05 0.00606415
9.99652E-05 9.99652E-05 0.130848 0.60898 9.99652E-05 0.259773 9.99652E-05
9.99647E-05 0.738708 0.0926085 9.99647E-05 9.99647E-05 0.168283 9.99647E-05
0.195722 0.803778 9.9956E-05 9.9956E-05 9.9956E-05 9.9956E-05 9.9956E-05
