9.99736E-05 0.0792949 9.99736E-05 0.602845 0.190613 0.126947 9.99736E-05
9.99648E-05 9.99648E-05 0.119784 9.99648E-05 0.2957 9.99648E-05 0.584116
9.99649E-05 9.99649E-05 9.99649E-05 9.99649E-05 0.251493 0.454886 0.293222
0.665369 9.99648E-05 9.99648E-05 0.210502 0.123729 9.99648E-05 9.99648E-05
9.999E-05 0.251893 0.206647 0.0332394 0.201594 0.211371 0.0951559
0.444249 0.251693 9.99737E-05 0.0852806 9.99737E-05 9.99737E-05 0.218478
9.996E-05 9.996E-05 9.996E-05 0.268634 0.288596 0.44237 9.996E-05
0.290877 9.99653E-05 9.99653E-05 9.99653E-05 9.99653E-05 0.493849 0.214874
9.99649E-05 9.99649E-05 0.181747 0.396479 9.99649E-05 0.421374 9.99649E-05
0.0766568 9.99735E-05 9.99735E-05 0.250398 0.36725 0.305395 9.99735E-05
9.9965E-05 0.218373 9.9965E-05 9.9965E-05 0.280742 0.500486 9.9965E-05
0.189082 9.99648E-05 9.99648E-05 0.648328 9.99648E-05 9.99648E-05 0.162191
9.99652E-05 0.250438 9.99652E-05 0.721227 9.99652E-05 0.0279347 9.99652E-05
9.99561E-05 9.99561E-05 9.99561E-05 9.99561E-05 9.99561E-05 0.122046 0.877454
0.623498 9.99646E-05 9.99646E-05 9.99646E-05 0.201388 9.99646E-05 0.174714
0.402892 0.0101021 0.0973639 9.99825E-05 9.99825E-05 0.0911843 0.398258
0.319809 0.145965 9.99736E-05 0.112442 9.99736E-05 0.421485 9.99736E-05
0.644961 0.133304 0.077639 9.99738E-05 9.99738E-05 0.143797 9.99738E-05
0.135052 0.372722 0.126969 0.0191872 9.99912E-05 0.258155 0.0878154
9.99647E-05 9.99647E-05 0.15221 0.744834 9.99647E-05 0.102556 9.99647E-05
0.260361 0.252837 9.99736E-05 9.99736E-05 0.340939 0.145563 9.99736E-05
0.19327 0.385187 0.0881699 0.333073 9.99736E-05 9.99736E-05 9.99736E-05
9.99737E-05 9.99737E-05 9.99737E-05 0.0217843 0.0117123 0.129551 0.836653
0.504168 0.16131 9.99912E-05 0.175154 0.0242034 0.0519569 0.0831071
0.251466 0.0344539 9.99824E-05 0.458835 0.172921 0.082124 9.99824E-05
0.436545 9.99736E-05 0.153563 9.99736E-05 9.99736E-05 0.140889 0.268702
9.99651E-05 9.99651E-05 9.99651E-05 0.179251 0.582241 0.238108 9.99651E-05
0.087437 0.753835 9.99737E-05 9.99737E-05 9.99737E-05 0.111184 0.0472435
0.195051 9.99649E-05 9.99649E-05 0.779178 9.99649E-05 0.025372 9.99649E-05
0.413847 0.0343269 9.99737E-05 9.99737E-05 9.99737E-05 0.0444551 0.507071
0.0805305 9.9956E-05 9.9956E-05 0.91897 9.9956E-05 9.9956E-05 9.9956E-05
0.228466 9.99647E-05 9.99647E-05 9.99647E-05 0.314808 9.99647E-05 0.456326
0.036936 9.99737E-05 0.0538351 9.99737E-05 9.99737E-05 0.369749 0.53918
0.220073 0.223507 9.99825E-05 9.99825E-05 0.0915402 0.445923 0.0187582
9.9965E-05 9.9965E-05 9.9965E-05 0.0841828 9.9965E-05 0.474513 0.440904
9.9965E-05 0.206155 9.9965E-05 0.0197779 9.9965E-05 9.9965E-05 0.773667
0.0388717 9.99737E-05 0.0379038 9.99737E-05 9.99737E-05 0.81943 0.103494
9.99736E-05 0.185377 9.99736E-05 0.0422085 9.99736E-05 0.269536 0.502579
0.0971563 9.99736E-05 0.547318 0.210833 9.99736E-05 9.99736E-05 0.144393
9.99561E-05 0.669752 9.99561E-05 9.99561E-05 9.99561E-05 0.329749 9.99561E-05
9.99737E-05 0.152096 0.22976 0.380065 0.237779 9.99737E-05 9.99737E-05
9.99738E-05 0.449398 9.99738E-05 0.382395 9.99738E-05 0.00669629 0.161211
0.0833801 0.0130316 9.99737E-05 9.99737E-05 0.13444 0.768848 9.99737E-05
0.400917 9.99735E-05 0.128998 9.99735E-05 9.99735E-05 0.34958 0.120205
0.0206485 9.99823E-05 0.0643427 9.99823E-05 0.0808984 0.325154 0.508757
9.99647E-05 0.235512 9.99647E-05 9.99647E-05 0.0257928 9.99647E-05 0.738295
9.9965E-05 0.180417 9.9965E-05 9.9965E-05 9.9965E-05 0.795314 0.0238694
9.99564E-05 0.0223286 9.99564E-05 9.99564E-05 9.99564E-05 0.977172 9.99564E-05
9.99647E-05 0.55455 9.99647E-05 0.375226 0.0698237 9.99647E-05 9.99647E-05
9.99735E-05 0.0641298 0.250002 9.99735E-05 0.565254 9.99735E-05 0.120315
0.0275052 0.0338849 0.321367 0.366876 9.99825E-05 0.250168 9.99825E-05
0.368955 0.0477395 0.0292081 0.0821444 9.99912E-05 0.424052 0.047801
9.9965E-05 0.157848 0.392709 9.9965E-05 9.9965E-05 0.449043 9.9965E-05
0.0587562 9.99823E-05 9.99823E-05 0.177692 0.403211 0.138472 0.221669
0.219206 0.152469 0.0714625 9.99825E-05 9.99825E-05 0.296634 0.260029
0.508393 9.99825E-05 0.0352656 0.167854 0.103226 0.185062 9.99825E-05
0.439862 9.99651E-05 9.99651E-05 9.99651E-05 0.00361476 9.99651E-05 0.556123
9.99648E-05 0.918371 0.0364739 9.99648E-05 0.0447553 9.99648E-05 9.99648E-05
9.99561E-05 0.477952 9.99561E-05 9.99561E-05 9.99561E-05 9.99561E-05 0.521549
9.99558E-05 0.702247 9.99558E-05 9.99558E-05 9.99558E-05 9.99558E-05 0.297253
9.99825E-05 0.0252878 0.0460132 0.0618541 0.337978 9.99825E-05 0.528667
0.130478 0.41439 0.144257 9.99824E-05 9.99824E-05 0.122087 0.188588
0.480875 0.00650322 9.99734E-05 9.99734E-05 0.235163 0.277159 9.99734E-05
0.468078 9.99648E-05 9.99648E-05 0.416934 9.99648E-05 0.114588 9.99648E-05
0.575001 9.99561E-05 9.99561E-05 0.4245 9.99561E-05 9.99561E-05 9.99561E-05
9.99645E-05 0.392921 9.99645E-05 9.99645E-05 9.99645E-05 0.165487 0.441192
0.673781 9.9956E-05 9.9956E-05 9.9956E-05 9.9956E-05 9.9956E-05 0.325719
9.99736E-05 0.0544427 0.0223323 9.99736E-05 0.291371 9.99736E-05 0.631554
9.99736E-05 0.3392 9.99736E-05 9.99736E-05 0.0477395 0.329712 0.283049
0.432259 9.99648E-05 0.320001 9.99648E-05 9.99648E-05 0.247341 9.99648E-05
0.684348 9.99649E-05 9.99649E-05 0.107594 9.99649E-05 9.99649E-05 0.207659
9.99647E-05 9.99647E-05 0.671872 9.99647E-05 9.99647E-05 0.247753 0.0799748
0.0579318 0.378314 0.196216 9.99736E-05 9.99736E-05 0.367238 9.99736E-05
0.9994 9.995E-05 9.995E-05 9.995E-05 9.995E-05 9.995E-05 9.995E-05
0.434743 9.99736E-05 9.99736E-05 9.99736E-05 0.0262069 0.0952525 0.443497
9.9956E-05 9.9956E-05 9.9956E-05 0.791132 9.9956E-05 0.208369 9.9956E-05
0.0186867 0.0538532 9.99736E-05 9.99736E-05 0.00929169 0.917868 9.99736E-05
0.782391 0.217109 9.99561E-05 9.99561E-05 9.99561E-05 9.99561E-05 9.99561E-05
9.99566E-05 0.470373 9.99566E-05 9.99566E-05 9.99566E-05 9.99566E-05 0.529127
0.233611 0.520394 0.245596 9.99649E-05 9.99649E-05 9.99649E-05 9.99649E-05
0.103184 0.26929 0.187363 9.99735E-05 9.99735E-05 0.439864 9.99735E-05
0.443573 9.99649E-05 0.500495 9.99649E-05 0.0555322 9.99649E-05 9.99649E-05
0.337594 0.0799923 0.16495 9.99824E-05 0.31824 9.99824E-05 0.099024
0.599632 9.99651E-05 9.99651E-05 9.99651E-05 0.136169 0.263799 9.99651E-05
9.9956E-05 9.9956E-05 9.9956E-05 9.9956E-05 9.9956E-05 0.551631 0.44787
9.99912E-05 0.0637399 0.0913418 0.278357 0.326467 0.0302379 0.209756
0.109006 0.437178 9.99647E-05 9.99647E-05 9.99647E-05 9.99647E-05 0.453416
9.99649E-05 0.195203 9.99649E-05 0.221867 9.99649E-05 9.99649E-05 0.582531
9.99653E-05 0.78256 0.0288706 9.99653E-05 0.18817 9.99653E-05 9.99653E-05
0.519529 9.99648E-05 0.0519766 9.99648E-05 9.99648E-05 0.428095 9.99648E-05
9.99564E-05 9.99564E-05 0.0336655 0.965835 9.99564E-05 9.99564E-05 9.99564E-05
0.724174 0.0955771 9.99737E-05 9.99737E-05 0.107634 9.99737E-05 0.0723157
9.99648E-05 9.99648E-05 0.401213 9.99648E-05 9.99648E-05 0.445691 0.152696
9.99736E-05 0.000715806 9.99736E-05 0.159713 9.99736E-05 0.622135 0.217136
0.461281 9.99736E-05 9.99736E-05 0.0368215 9.99736E-05 0.466757 0.0348414
0.475254 9.99561E-05 9.99561E-05 9.99561E-05 0.524246 9.99561E-05 9.99561E-05
9.99737E-05 0.238406 9.99737E-05 0.0390181 0.283424 0.438852 9.99737E-05
9.99563E-05 0.519049 9.99563E-05 0.480451 9.99563E-05 9.99563E-05 9.99563E-05
0.0622906 9.99649E-05 0.230005 9.99649E-05 0.707304 9.99649E-05 9.99649E-05
0.205654 0.585226 9.99823E-05 0.0906296 9.99823E-05 0.0023372 0.115954
0.0454933 0.522824 9.99648E-05 9.99648E-05 0.431283 9.99648E-05 9.99648E-05
9.99737E-05 0.285292 0.0662213 9.99737E-05 9.99737E-05 0.345161 0.303026
9.99564E-05 0.701448 9.99564E-05 9.99564E-05 9.99564E-05 0.298052 9.99564E-05
0.1199 0.149233 9.99823E-05 9.99823E-05 0.0825412 0.370525 0.277601
0.228527 9.99647E-05 9.99647E-05 9.99647E-05 9.99647E-05 0.119949 0.651125
0.270465 9.99647E-05 9.99647E-05 9.99647E-05 9.99647E-05 0.472363 0.256772
0.632368 9.99735E-05 9.99735E-05 0.209662 9.99735E-05 0.118206 0.0394646
0.113049 0.356454 9.998E-05 0.0994082 9.998E-05 0.392897 0.0379929
0.396815 9.99825E-05 0.0226517 0.273005 0.0412254 0.266103 9.99825E-05
9.99737E-05 9.99737E-05 9.99737E-05 0.517213 0.147465 0.0567147 0.278307
0.205853 9.99646E-05 0.0173441 9.99646E-05 9.99646E-05 0.776403 9.99646E-05
9.995E-05 9.995E-05 9.995E-05 9.995E-05 9.995E-05 0.9994 9.995E-05
0.502328 9.99735E-05 0.136213 0.214796 9.99735E-05 9.99735E-05 0.146362
9.99646E-05 9.99646E-05 9.99646E-05 0.631379 9.99646E-05 0.285191 0.0830301
9.995E-05 0.9994 9.995E-05 9.995E-05 9.995E-05 9.995E-05 9.995E-05
0.808098 0.159253 9.9965E-05 0.0322499 9.9965E-05 9.9965E-05 9.9965E-05
0.544274 0.112166 0.0202538 0.2794 9.99824E-05 9.99824E-05 0.0437062
0.48232 0.106501 9.99913E-05 0.00565185 0.207093 0.184148 0.0141867
0.0420203 0.283474 9.99738E-05 9.99738E-05 9.99738E-05 0.210624 0.463582
0.807755 9.99651E-05 9.99651E-05 9.99651E-05 0.0892222 0.102623 9.99651E-05
0.0102146 9.99649E-05 0.164226 9.99649E-05 9.99649E-05 9.99649E-05 0.825159
0.0204857 0.106927 0.181381 0.316883 0.156837 0.217386 9.99913E-05
0.565193 9.99737E-05 9.99737E-05 0.0294022 0.0752783 0.329826 9.99737E-05
0.9994 9.995E-05 9.995E-05 9.995E-05 9.995E-05 9.995E-05 9.995E-05
0.369577 0.0226061 9.99735E-05 9.99735E-05 9.99735E-05 0.209608 0.397909
0.0796395 0.815157 9.99649E-05 9.99649E-05 9.99649E-05 0.104803 9.99649E-05
9.99737E-05 9.99737E-05 0.22782 0.291693 9.99737E-05 0.17185 0.308337
9.99651E-05 9.99651E-05 9.99651E-05 9.99651E-05 0.21751 0.778922 0.00316784
9.99738E-05 0.334557 9.99738E-05 0.314045 0.179007 9.99738E-05 0.17209
0.377133 0.498464 9.9965E-05 0.124003 9.9965E-05 9.9965E-05 9.9965E-05
9.99736E-05 0.297088 9.99736E-05 0.0764446 0.0271685 0.598999 9.99736E-05
0.246536 0.420029 9.99736E-05 0.143476 9.99736E-05 0.189659 9.99736E-05
0.0141686 0.234441 0.0465287 0.0211101 9.99825E-05 9.99825E-05 0.683552
9.99736E-05 0.219786 0.277753 0.114029 0.388133 9.99736E-05 9.99736E-05
9.99736E-05 0.337377 9.99736E-05 0.195251 9.99736E-05 0.464944 0.00212907
0.571926 9.99649E-05 9.99649E-05 0.00754791 9.99649E-05 0.420127 9.99649E-05
9.99647E-05 9.99647E-05 0.0667028 9.99647E-05 9.99647E-05 0.515884 0.417014
0.0201552 0.094171 0.158476 0.386388 9.99912E-05 0.189748 0.150961
9.99734E-05 0.651621 9.99734E-05 0.08929 0.184883 0.0739054 9.99734E-05
9.995E-05 9.995E-05 9.995E-05 9.995E-05 9.995E-05 0.9994 9.995E-05
9.99652E-05 0.324709 0.444046 0.230845 9.99652E-05 9.99652E-05 9.99652E-05
9.99561E-05 0.690115 9.99561E-05 9.99561E-05 9.99561E-05 0.309385 9.99561E-05
0.164193 0.118498 9.99736E-05 9.99736E-05 0.480867 9.99736E-05 0.236143
9.99647E-05 9.99647E-05 9.99647E-05 0.0557823 9.99647E-05 0.437815 0.506003
0.177364 0.134133 9.99825E-05 0.0532729 9.99825E-05 0.611027 0.0240029
9.99735E-05 9.99735E-05 9.99735E-05 0.424306 0.447573 0.000607037 0.127214
0.457257 0.00822942 0.322076 9.99823E-05 0.199083 9.99823E-05 0.0131537
0.481148 9.99737E-05 0.302676 0.0590488 9.99737E-05 0.156828 9.99737E-05
9.99735E-05 0.410317 0.0576283 0.277565 9.99735E-05 9.99735E-05 0.25419
0.283015 0.465454 0.0564922 9.99825E-05 0.02494 9.99825E-05 0.169899
9.99646E-05 9.99646E-05 9.99646E-05 0.565702 0.178106 9.99646E-05 0.255793
0.176993 9.99649E-05 9.99649E-05 0.194902 0.627705 9.99649E-05 9.99649E-05
9.99648E-05 0.296372 9.99648E-05 9.99648E-05 9.99648E-05 0.656764 0.0464647
0.285976 9.99739E-05 0.0364008 0.269912 9.99739E-05 0.407411 9.99739E-05
9.99649E-05 9.99649E-05 9.99649E-05 9.99649E-05 0.355401 0.0409921 0.603207
0.112207 0.0744024 0.264355 0.0790287 0.469808 9.99823E-05 9.99823E-05
0.437797 9.99735E-05 0.192143 9.99735E-05 0.332246 0.0375146 9.99735E-05
0.223345 0.179804 9.99825E-05 9.99825E-05 0.0370994 0.26051 0.299042
0.669624 0.329877 9.99558E-05 9.99558E-05 9.99558E-05 9.99558E-05 9.99558E-05
0.18523 0.188434 0.165296 0.12971 9.99911E-05 0.0536704 0.27756
0.095333 9.99735E-05 9.99735E-05 0.208366 0.0180415 0.67796 9.99735E-05
9.99647E-05 0.557627 9.99647E-05 0.27276 9.99647E-05 9.99647E-05 0.169213
0.0861816 0.0651354 0.0773445 0.210938 9.99824E-05 9.99824E-05 0.5602
9.99648E-05 0.389582 0.249158 9.99648E-05 0.36086 9.99648E-05 9.99648E-05
9.99647E-05 0.272956 9.99647E-05 0.551661 9.99647E-05 0.174984 9.99647E-05
0.351972 9.99561E-05 9.99561E-05 9.99561E-05 0.647528 9.99561E-05 9.99561E-05
9.99736E-05 0.0586178 9.99736E-05 9.99736E-05 0.220642 0.610874 0.109566
9.995E-05 9.995E-05 9.995E-05 9.995E-05 0.9994 9.995E-05 9.995E-05
0.0793184 9.99738E-05 0.318036 9.99738E-05 0.0668198 0.535526 9.99738E-05
0.00652475 9.99647E-05 0.908139 0.0849363 9.99647E-05 9.99647E-05 9.99647E-05
0.0631202 9.99738E-05 9.99738E-05 0.339981 9.99738E-05 0.125245 0.471354
0.206288 9.99737E-05 9.99737E-05 9.99737E-05 0.00507009 0.463504 0.324838
9.9965E-05 0.350182 9.9965E-05 0.00771982 9.9965E-05 9.9965E-05 0.641698
9.99648E-05 9.99648E-05 0.0960043 0.0191823 9.99648E-05 9.99648E-05 0.884414
9.99736E-05 0.419602 0.170232 0.0914638 9.99736E-05 9.99736E-05 0.318402
0.570991 0.0661623 9.99736E-05 0.243008 9.99736E-05 9.99736E-05 0.119538
0.0535882 9.99824E-05 9.99824E-05 0.26465 0.16394 0.432709 0.0849134
0.40413 9.99825E-05 9.99825E-05 0.0132902 0.571296 0.00673602 0.00434769
9.99565E-05 9.99565E-05 9.99565E-05 9.99565E-05 0.57944 0.42006 9.99565E-05
0.265921 9.99649E-05 9.99649E-05 0.0720119 9.99649E-05 9.99649E-05 0.661668
0.486919 9.99648E-05 9.99648E-05 0.298536 0.214146 9.99648E-05 9.99648E-05
0.539554 0.373874 9.996E-05 9.996E-05 9.996E-05 9.996E-05 0.0861722
0.315151 9.99825E-05 9.99825E-05 0.16309 0.138187 0.191545 0.191827
9.99824E-05 0.186686 0.334222 9.99824E-05 0.104215 0.178817 0.19586
0.054555 0.382054 9.99734E-05 9.99734E-05 9.99734E-05 0.39017 0.17292
0.366065 9.99646E-05 9.99646E-05 9.99646E-05 0.593501 9.99646E-05 0.0400347
0.0250881 9.99647E-05 9.99647E-05 0.751 9.99647E-05 0.223512 9.99647E-05
9.99649E-05 0.0289611 0.852332 9.99649E-05 9.99649E-05 9.99649E-05 0.118307
9.99648E-05 9.99648E-05 9.99648E-05 0.360584 9.99648E-05 0.230535 0.408481
0.129464 9.99825E-05 9.99825E-05 0.159016 0.0852746 0.221758 0.404288
0.683352 0.185817 0.0564767 9.99824E-05 0.0182005 0.0559544 9.99824E-05
9.99651E-05 0.0457738 9.99651E-05 0.484952 9.99651E-05 0.468875 9.99651E-05
9.99824E-05 0.195742 0.0281143 9.99824E-05 0.151803 0.2209 0.40324
0.126483 9.99736E-05 9.99736E-05 9.99736E-05 0.325537 0.314277 0.233403
9.99737E-05 0.3013 9.99737E-05 0.0095241 0.248829 9.99737E-05 0.440047
0.435828 0.115411 9.99825E-05 0.226662 9.99825E-05 0.0825824 0.139317
0.268725 9.99648E-05 9.99648E-05 9.99648E-05 9.99648E-05 0.157383 0.573492
0.396261 9.99561E-05 9.99561E-05 9.99561E-05 9.99561E-05 9.99561E-05 0.60324
0.409779 0.00340601 9.99735E-05 9.99735E-05 0.183851 9.99735E-05 0.402663
0.843729 9.99648E-05 9.99648E-05 9.99648E-05 0.0373932 0.118478 9.99648E-05
0.264995 0.0606766 0.0583542 9.99736E-05 9.99736E-05 0.615675 9.99736E-05
9.99737E-05 0.137585 0.309421 9.99737E-05 0.377774 9.99737E-05 0.17492
9.99651E-05 0.25814 9.99651E-05 0.713631 9.99651E-05 0.0278293 9.99651E-05
9.9965E-05 0.191762 9.9965E-05 9.9965E-05 0.130168 0.677671 9.9965E-05
9.99735E-05 0.0752765 0.0054352 9.99735E-05 0.35265 0.566338 9.99735E-05
9.99559E-05 9.99559E-05 9.99559E-05 9.99559E-05 0.43571 0.56379 9.99559E-05
0.233582 0.490931 9.997E-05 9.997E-05 9.997E-05 0.159874 0.115313
0.451644 0.241681 9.99736E-05 0.242716 9.99736E-05 9.99736E-05 0.0636595
9.99736E-05 0.746403 9.99736E-05 0.0602224 0.04488 0.148195 9.99736E-05
9.99648E-05 0.154295 0.433593 9.99648E-05 9.99648E-05 0.411713 9.99648E-05
9.9965E-05 9.9965E-05 0.362214 0.322258 9.9965E-05 9.9965E-05 0.315128
9.99737E-05 9.99737E-05 0.0140184 0.515797 9.99737E-05 0.464867 0.00501734
0.19612 0.212759 0.0407485 0.247012 9.99912E-05 0.193915 0.109345
9.99652E-05 9.99652E-05 0.580681 9.99652E-05 0.180474 9.99652E-05 0.238445
0.0968938 9.99824E-05 9.99824E-05 0.00341157 0.217655 0.658998 0.022841
9.995E-05 9.995E-05 9.995E-05 0.9994 9.995E-05 9.995E-05 9.995E-05
0.907639 9.99563E-05 9.99563E-05 0.0918617 9.99563E-05 9.99563E-05 9.99563E-05
0.00802704 9.99824E-05 0.324198 9.99824E-05 0.386301 0.264994 0.0162806
9.99647E-05 0.0810792 9.99647E-05 9.99647E-05 9.99647E-05 0.480741 0.43778
9.99647E-05 0.571571 9.99647E-05 9.99647E-05 9.99647E-05 0.0906305 0.337398
9.99735E-05 0.286813 9.99735E-05 0.325102 9.99735E-05 0.380598 0.00718705
0.209789 0.10297 9.99736E-05 9.99736E-05 0.177217 9.99736E-05 0.509724
0.788113 0.013219 9.99736E-05 0.100284 9.99736E-05 9.99736E-05 0.0980836
0.255379 9.99736E-05 9.99736E-05 0.361202 0.380078 0.00304169 9.99736E-05
0.42405 0.02547 9.99736E-05 9.99736E-05 9.99736E-05 0.38761 0.16257
0.821685 9.99562E-05 9.99562E-05 9.99562E-05 9.99562E-05 9.99562E-05 0.177815
0.414426 0.343259 9.99648E-05 9.99648E-05 0.241914 9.99648E-05 9.99648E-05
0.163996 0.371285 0.013959 0.220599 9.99826E-05 0.229961 9.99826E-05
9.99646E-05 0.451014 0.311504 9.99646E-05 9.99646E-05 0.237082 9.99646E-05
0.571128 9.99651E-05 9.99651E-05 9.99651E-05 0.117721 9.99651E-05 0.310751
0.339908 0.514439 9.9965E-05 9.9965E-05 0.145254 9.9965E-05 9.9965E-05
0.0559074 0.272072 9.99912E-05 0.479821 0.00144714 0.179946 0.010706
0.161823 9.996E-05 0.288137 9.996E-05 9.996E-05 9.996E-05 0.549641
9.99561E-05 0.179955 9.99561E-05 9.99561E-05 9.99561E-05 0.819545 9.99561E-05
0.424358 0.276158 0.110401 9.997E-05 0.188783 9.997E-05 9.997E-05
0.28328 9.99735E-05 0.156372 0.0742849 9.99735E-05 0.485762 9.99735E-05
0.202371 9.99912E-05 0.261525 0.132027 0.149921 0.0189714 0.235085
9.99736E-05 9.99736E-05 9.99736E-05 0.311507 0.174139 0.00112819 0.512926
9.99825E-05 9.99825E-05 0.237513 0.152646 0.376903 0.100259 0.132479
9.99649E-05 9.99649E-05 0.675151 9.99649E-05 9.99649E-05 0.245696 0.0787526
9.99648E-05 0.171407 0.0626544 9.99648E-05 9.99648E-05 9.99648E-05 0.765538
0.0852921 0.314608 9.99735E-05 0.571753 0.0280463 9.99735E-05 9.99735E-05
0.0598907 0.674192 9.99736E-05 0.211869 9.99736E-05 9.99736E-05 0.0537479
0.383495 9.99562E-05 9.99562E-05 9.99562E-05 9.99562E-05 9.99562E-05 0.616006
0.334106 9.99735E-05 0.320462 0.0368975 9.99735E-05 9.99735E-05 0.308235
9.99648E-05 0.324732 9.99648E-05 0.307943 9.99648E-05 0.366925 9.99648E-05
0.438784 9.99648E-05 9.99648E-05 9.99648E-05 0.316531 9.99648E-05 0.244286
9.99649E-05 9.99649E-05 9.99649E-05 9.99649E-05 0.288889 0.57763 0.133081
9.99561E-05 9.99561E-05 9.99561E-05 9.99561E-05 9.99561E-05 0.567524 0.431977
9.99647E-05 9.99647E-05 9.99647E-05 9.99647E-05 0.334305 0.36391 0.301386
9.99647E-05 9.99647E-05 0.0637566 0.296808 9.99647E-05 0.639035 9.99647E-05
0.0795243 9.99646E-05 9.99646E-05 9.99646E-05 9.99646E-05 0.465842 0.454234
0.107521 0.011985 9.99737E-05 9.99737E-05 9.99737E-05 0.398768 0.481426
0.134492 9.99912E-05 0.159728 0.00216677 0.408418 0.206784 0.0883105
9.99738E-05 0.0237995 9.99738E-05 0.09329 0.00774052 9.99738E-05 0.87487
9.99739E-05 0.0142695 9.99739E-05 9.99739E-05 0.457124 0.173266 0.355041
0.227482 9.9956E-05 9.9956E-05 0.772018 9.9956E-05 9.9956E-05 9.9956E-05
0.192452 0.294604 9.99735E-05 9.99735E-05 0.168999 9.99735E-05 0.343646
0.342303 0.118443 9.99825E-05 0.314413 9.99825E-05 0.218482 0.00615844
9.99647E-05 0.135014 9.99647E-05 9.99647E-05 9.99647E-05 0.297578 0.567008
0.0894556 0.45016 9.99737E-05 9.99737E-05 0.0583061 0.401779 9.99737E-05
