0.154815 9.99912E-05 0.544066 0.301019
0.454021 9.99912E-05 0.305836 0.240044
9.99824E-05 9.99824E-05 0.264154 0.735646
0.345458 0.394919 0.259522 9.99913E-05
0.385139 0.329879 9.99912E-05 0.284882
0.187778 0.25016 0.442427 0.119635
0.167948 0.585477 9.99912E-05 0.246475
0.0387712 0.0920067 0.00621768 0.863004
9.99826E-05 9.99826E-05 0.416051 0.583749
0.718575 0.260037 0.0212883 9.99912E-05
0.944603 9.99825E-05 0.0551967 9.99825E-05
9.999E-05 0.0566939 0.612797 0.330409
0.230317 0.430688 0.262309 0.0766861
0.603543 9.99825E-05 0.396257 9.99825E-05
0.00902386 9.99912E-05 0.514543 0.476333
0.559295 0.230256 9.99913E-05 0.210349
9.99825E-05 9.99825E-05 0.516855 0.482945
0.228704 0.740941 0.0302542 9.99912E-05
0.252467 0.232167 9.99913E-05 0.515266
9.99824E-05 0.242159 9.99824E-05 0.757641
9.99824E-05 0.83521 0.16459 9.99824E-05
0.955555 9.99824E-05 0.0442453 9.99824E-05
0.0455865 9.99913E-05 0.0385324 0.915781
0.367857 0.151384 9.99913E-05 0.480659
0.270176 0.0978738 9.99913E-05 0.631851
0.651573 9.99824E-05 9.99824E-05 0.348227
0.752558 0.172974 9.99912E-05 0.0743686
0.213164 0.744547 9.99912E-05 0.0421894
0.838916 0.027434 0.13355 9.99913E-05
9.99912E-05 0.760489 0.210401 0.0290105
0.9997 9.998E-05 9.998E-05 9.998E-05
0.437346 0.235673 0.292785 0.0341959
0.747032 0.250794 0.00207383 9.99912E-05
9.99824E-05 9.99824E-05 0.459142 0.540658
9.99825E-05 0.0527236 9.99825E-05 0.947076
0.621868 0.247548 0.0576907 0.0728935
9.99912E-05 0.55481 0.149461 0.295629
0.353551 0.239985 0.406364 9.99913E-05
0.11162 0.490184 0.394465 0.00373067
0.542456 0.323772 0.133671 9.99912E-05
0.272473 0.727327 9.99825E-05 9.99825E-05
0.187018 9.99913E-05 0.0823595 0.730523
9.99912E-05 0.601933 0.242284 0.155683
0.472602 0.394645 0.132653 9.99912E-05
0.239222 0.222389 0.249096 0.289293
0.132614 9.99913E-05 0.0740257 0.79326
0.695914 9.99912E-05 0.154937 0.149049
0.100403 0.619451 0.0938154 0.186331
0.385318 0.271407 9.99912E-05 0.343174
0.337476 0.372541 9.99912E-05 0.289883
0.0264244 0.068757 0.379532 0.525286
0.800865 0.198935 9.99825E-05 9.99825E-05
0.261063 0.231347 0.385934 0.121657
0.454863 0.391659 0.153378 9.99912E-05
0.132545 0.811455 0.019995 0.0360046
9.99824E-05 9.99824E-05 0.1525 0.8473
9.99912E-05 0.394537 0.209497 0.395866
9.99826E-05 9.99826E-05 0.550852 0.448948
9.99824E-05 0.620609 0.379191 9.99824E-05
9.99824E-05 0.152977 9.99824E-05 0.846823
0.317815 0.12553 9.99912E-05 0.556555
0.218165 9.99912E-05 0.692187 0.0895479
9.99912E-05 0.164323 0.286889 0.548688
0.312738 9.99824E-05 9.99824E-05 0.687062
9.99826E-05 0.737852 9.99826E-05 0.261948
9.998E-05 9.998E-05 9.998E-05 0.9997
0.516704 0.431833 0.0259481 0.0255145
9.998E-05 9.998E-05 0.9997 9.998E-05
0.260533 0.462092 0.277275 9.99912E-05
9.99912E-05 0.0319569 0.500093 0.46785
0.640962 0.0112092 9.99912E-05 0.347729
9.99828E-05 9.99828E-05 0.399594 0.600207
0.156322 0.318984 9.99912E-05 0.524594
0.21908 0.770253 0.0105673 9.99913E-05
0.0624233 0.362139 0.0869908 0.488446
9.99912E-05 0.0627285 0.293645 0.643527
0.272817 9.99826E-05 0.726983 9.99826E-05
9.99825E-05 0.544106 9.99825E-05 0.455694
0.109189 0.890611 9.99825E-05 9.99825E-05
0.5884 9.99825E-05 9.99825E-05 0.4114
9.998E-05 9.998E-05 9.998E-05 0.9997
9.99825E-05 0.903433 0.0963672 9.99825E-05
9.99823E-05 0.597156 9.99823E-05 0.402644
9.99912E-05 0.0162264 0.204951 0.778722
0.741336 0.101565 0.0467901 0.110309
0.212875 0.786925 9.99824E-05 9.99824E-05
9.99912E-05 0.21198 0.26905 0.51887
0.761059 9.99825E-05 0.238741 9.99825E-05
0.9997 9.998E-05 9.998E-05 9.998E-05
0.159284 0.126296 0.018157 0.696263
0.3343 9.99825E-05 0.6655 9.99825E-05
0.245801 0.164093 0.0225665 0.56754
0.258571 9.99824E-05 9.99824E-05 0.741229
0.147213 9.99912E-05 0.438299 0.414388
0.0318573 0.845941 0.122101 9.99912E-05
0.155951 9.99912E-05 0.549219 0.29473
0.00502256 0.574589 9.99912E-05 0.420289
0.545228 9.99912E-05 0.343927 0.110745
0.591085 9.99826E-05 0.408715 9.99826E-05
0.583748 0.150175 0.265977 9.99912E-05
0.804943 0.194857 9.99824E-05 9.99824E-05
0.432933 9.99823E-05 9.99823E-05 0.566867
9.99827E-05 0.0674086 9.99827E-05 0.932391
9.99826E-05 0.835595 9.99826E-05 0.164205
0.543619 0.456181 9.99826E-05 9.99826E-05
9.99912E-05 0.538516 0.244134 0.21725
0.989321 9.99825E-05 9.99825E-05 0.0104787
0.991595 0.00820488 9.99824E-05 9.99824E-05
0.23662 0.718732 9.99912E-05 0.0445478
0.635217 9.99824E-05 0.364583 9.99824E-05
9.99912E-05 0.0561454 0.513621 0.430134
0.0481166 9.99826E-05 9.99826E-05 0.951683
0.366486 9.99825E-05 9.99825E-05 0.633314
0.942553 9.99824E-05 0.0572468 9.99824E-05
0.41956 0.535767 0.0445734 9.99913E-05
0.0208047 0.701394 0.277701 9.99913E-05
9.99824E-05 9.99824E-05 0.253515 0.746285
0.207081 9.99826E-05 9.99826E-05 0.792719
0.116124 0.588755 9.99913E-05 0.295022
0.168364 0.0178116 0.419 0.394824
9.99912E-05 0.500562 0.038704 0.460634
0.9997 9.998E-05 9.998E-05 9.998E-05
0.566798 0.433002 9.99824E-05 9.99824E-05
9.99824E-05 0.211799 9.99824E-05 0.788001
9.99825E-05 9.99825E-05 0.0979746 0.901825
0.00586214 0.973801 9.99913E-05 0.0202366
9.998E-05 9.998E-05 9.998E-05 0.9997
0.390624 0.130224 9.99912E-05 0.479052
0.486831 0.360083 0.152986 9.99912E-05
9.99825E-05 0.224 9.99825E-05 0.7758
0.430714 0.569086 9.99825E-05 9.99825E-05
9.99823E-05 0.860458 9.99823E-05 0.139342
9.99825E-05 0.425153 9.99825E-05 0.574647
0.466007 9.99824E-05 0.533793 9.99824E-05
0.714646 0.083298 9.99912E-05 0.201956
0.201137 0.734678 0.0640842 9.99912E-05
0.0124909 9.99912E-05 0.336144 0.651265
0.192025 9.99913E-05 0.341388 0.466487
0.137072 0.59041 9.99912E-05 0.272418
0.455799 9.99912E-05 0.148875 0.395226
0.394493 0.605307 9.99825E-05 9.99825E-05
0.0345429 0.905143 0.0602139 9.99913E-05
0.505907 9.99913E-05 0.0115458 0.482447
9.99912E-05 0.291446 0.356587 0.351868
0.841009 9.99827E-05 0.158791 9.99827E-05
0.4456 9.99826E-05 9.99826E-05 0.5542
0.00286287 0.108128 0.0702604 0.818749
0.413817 0.443322 0.142761 9.99912E-05
0.310204 9.99825E-05 9.99825E-05 0.689596
9.998E-05 9.998E-05 9.998E-05 0.9997
0.737327 9.99912E-05 0.0229167 0.239657
0.134021 9.99912E-05 0.312593 0.553287
0.448804 0.402254 9.99912E-05 0.148841
9.99824E-05 0.681724 0.318076 9.99824E-05
0.0461366 0.452286 9.99913E-05 0.501477
0.0730311 0.307239 9.99912E-05 0.61963
0.495358 9.99912E-05 0.395659 0.108883
0.00106218 0.998738 9.99824E-05 9.99824E-05
9.99826E-05 0.170517 9.99826E-05 0.829283
9.998E-05 9.998E-05 9.998E-05 0.9997
0.193497 0.588481 9.99912E-05 0.217923
0.680886 0.121671 9.99913E-05 0.197343
0.5444 0.24042 0.215081 9.99912E-05
0.0454956 0.0432974 0.613664 0.297543
0.118566 0.448723 9.99912E-05 0.43261
0.40675 0.488823 0.104327 9.99912E-05
0.0420551 9.99912E-05 0.0362437 0.921601
9.99913E-05 0.500399 0.180837 0.318664
9.99912E-05 0.327818 0.305262 0.36682
9.99826E-05 9.99826E-05 0.549411 0.450389
0.301075 0.516114 9.99913E-05 0.182711
0.439974 0.290997 0.268929 9.99913E-05
9.99912E-05 0.131721 0.215546 0.652633
9.99913E-05 0.155531 0.444603 0.399766
9.998E-05 0.9997 9.998E-05 9.998E-05
0.287146 0.712654 9.99824E-05 9.99824E-05
0.451275 0.0728067 0.475818 9.99911E-05
0.315085 9.99826E-05 9.99826E-05 0.684715
0.351674 0.076603 9.99912E-05 0.571623
0.556194 0.298043 0.145662 9.99913E-05
0.384107 0.412007 0.199362 0.00452349
0.903706 9.99826E-05 9.99826E-05 0.0960943
0.441768 0.195504 9.99912E-05 0.362628
0.553781 0.446019 9.99825E-05 9.99825E-05
0.50734 9.99912E-05 0.405129 0.0874303
0.103959 0.230427 9.99912E-05 0.665513
0.291851 9.99912E-05 0.029024 0.679025
9.99824E-05 0.996706 9.99824E-05 0.00309367
9.99913E-05 0.25075 0.336357 0.412793
0.125133 0.338685 0.362886 0.173295
0.872131 9.99913E-05 0.00727627 0.120492
9.99825E-05 0.421418 9.99825E-05 0.578382
9.99825E-05 0.00958729 9.99825E-05 0.990213
0.470344 9.99912E-05 0.403721 0.125835
9.99913E-05 0.29007 0.0697008 0.640129
0.26512 0.711296 9.99913E-05 0.0234837
9.99912E-05 0.279884 0.0960009 0.624015
9.99823E-05 9.99823E-05 0.416659 0.583141
9.99827E-05 0.561443 0.438357 9.99827E-05
0.861895 9.99912E-05 0.123883 0.0141221
0.0678705 0.16811 0.684001 0.0800183
0.222614 9.99913E-05 0.205389 0.571897
0.553885 9.99824E-05 9.99824E-05 0.445915
0.119848 9.99913E-05 0.0535557 0.826497
0.787855 0.211946 9.99824E-05 9.99824E-05
0.264631 0.102716 0.301187 0.331466
0.420308 0.378028 0.201563 9.99912E-05
9.998E-05 9.998E-05 0.9997 9.998E-05
0.283118 0.0679198 9.99913E-05 0.648862
0.415765 9.99824E-05 9.99824E-05 0.584035
9.99824E-05 0.467235 9.99824E-05 0.532565
0.0650449 0.476811 0.196804 0.26134
0.0753437 9.99824E-05 9.99824E-05 0.924456
0.543875 0.047774 9.99913E-05 0.408251
0.602691 9.99912E-05 0.118471 0.278738
0.714402 0.00830203 0.277196 9.99913E-05
0.519033 0.415436 0.0654311 9.99913E-05
9.99913E-05 0.559058 0.158292 0.28255
9.998E-05 9.998E-05 9.998E-05 0.9997
9.998E-05 9.998E-05 9.998E-05 0.9997
0.0522209 0.548348 9.99912E-05 0.399331
0.104274 0.0692922 0.448703 0.377731
9.99824E-05 9.99824E-05 0.221656 0.778144
0.9997 9.998E-05 9.998E-05 9.998E-05
9.99824E-05 9.99824E-05 0.528974 0.470826
0.450801 0.0229494 9.99912E-05 0.526149
9.99825E-05 0.243044 9.99825E-05 0.756756
0.616433 0.383367 9.99824E-05 9.99824E-05
0.651624 9.99823E-05 9.99823E-05 0.348176
0.127229 0.103228 9.99912E-05 0.769442
0.207247 0.364696 0.427957 9.99913E-05
9.99825E-05 9.99825E-05 0.0856316 0.914168
0.397784 0.288202 9.99912E-05 0.313914
0.242077 0.578295 9.99912E-05 0.179527
0.926477 0.0733226 9.99824E-05 9.99824E-05
0.159975 0.560573 0.279353 9.99912E-05
0.206531 9.99825E-05 9.99825E-05 0.793269
0.0544363 0.477431 0.468033 9.99913E-05
0.430156 0.129273 0.440471 9.99913E-05
0.368368 0.243639 0.387892 9.99912E-05
0.663508 0.336292 9.99824E-05 9.99824E-05
0.239384 9.99912E-05 0.202251 0.558264
0.0146795 9.99912E-05 0.230765 0.754456
9.99824E-05 0.803102 9.99824E-05 0.196698
0.902655 9.99825E-05 9.99825E-05 0.0971448
9.99824E-05 0.285608 9.99824E-05 0.714192
0.358731 0.478486 9.99912E-05 0.162684
0.0259627 0.857536 9.99912E-05 0.116401
0.322262 9.99823E-05 9.99823E-05 0.677538
0.489922 9.99913E-05 0.132615 0.377363
0.577211 0.422589 9.99827E-05 9.99827E-05
0.569793 9.99825E-05 9.99825E-05 0.430007
0.279845 0.529548 0.190507 9.99912E-05
0.0815634 9.99912E-05 0.354745 0.563592
0.170919 9.99912E-05 0.24455 0.58443
9.99825E-05 0.794655 0.205145 9.99825E-05
9.99912E-05 0.114062 0.474513 0.411325
0.456745 0.146071 9.99911E-05 0.397084
0.9997 9.998E-05 9.998E-05 9.998E-05
0.373295 9.99913E-05 0.48156 0.145045
9.99827E-05 0.848094 0.151706 9.99827E-05
