0.43614 9.99913E-05 0.202827 0.360933
0.25765 9.99912E-05 0.232423 0.509826
9.99826E-05 0.634393 0.365407 9.99826E-05
0.196879 0.59908 0.0201783 0.183862
0.254299 0.140576 9.99912E-05 0.605025
0.217478 0.219425 0.562997 9.99912E-05
0.620277 0.303358 0.0762652 9.99912E-05
0.114144 9.99824E-05 0.885656 9.99824E-05
9.99825E-05 9.99825E-05 0.458975 0.540825
9.999E-05 0.474492 0.329395 0.196013
0.343632 0.305813 0.129784 0.220771
0.731808 9.99823E-05 0.267992 9.99823E-05
0.0065629 0.651174 9.99912E-05 0.342163
0.246997 0.752803 9.99823E-05 9.99823E-05
0.601835 9.99824E-05 0.397965 9.99824E-05
0.248443 9.99824E-05 0.751357 9.99824E-05
0.451773 0.173968 0.306739 0.0675194
9.99824E-05 0.433943 0.565857 9.99824E-05
9.99913E-05 0.162092 0.736796 0.101012
0.362661 9.99912E-05 0.501882 0.135357
0.116156 0.813033 9.99913E-05 0.0707115
0.529121 0.00443784 9.99912E-05 0.466341
9.998E-05 9.998E-05 9.998E-05 0.9997
9.99826E-05 0.441455 0.558345 9.99826E-05
0.371042 0.617943 9.99913E-05 0.0109148
0.130936 9.99824E-05 0.868864 9.99824E-05
9.998E-05 9.998E-05 0.9997 9.998E-05
0.229104 0.49819 0.272606 9.99912E-05
0.171359 0.619478 0.209063 9.99912E-05
0.411823 9.99913E-05 0.502504 0.0855728
0.0576838 0.635428 0.306788 9.99912E-05
0.385574 0.338368 0.240944 0.0351142
0.9997 9.998E-05 9.998E-05 9.998E-05
9.99826E-05 0.063182 9.99826E-05 0.936618
0.0841717 9.99913E-05 0.161638 0.75409
0.305985 9.99913E-05 0.295615 0.3983
0.057614 0.171608 0.594183 0.176595
0.156517 9.99824E-05 9.99824E-05 0.843283
9.99912E-05 0.304611 0.428896 0.266393
0.289351 9.99824E-05 0.710449 9.99824E-05
9.99826E-05 0.015871 0.983929 9.99826E-05
9.99912E-05 0.0914458 0.455386 0.453068
0.220582 9.99825E-05 0.779218 9.99825E-05
0.425205 9.99912E-05 0.409967 0.164728
9.99823E-05 0.339319 0.660481 9.99823E-05
0.580744 0.351198 9.99912E-05 0.0679571
0.778171 0.139106 0.0668557 0.0158678
0.139389 0.296466 0.391622 0.172523
0.267417 0.576152 0.0899936 0.0664377
9.99827E-05 0.409465 0.590335 9.99827E-05
0.0955851 9.99824E-05 9.99824E-05 0.904215
0.0628417 0.628897 0.308161 9.99912E-05
0.199949 9.99824E-05 9.99824E-05 0.799852
0.0832254 0.501519 0.348803 0.0664521
9.998E-05 9.998E-05 9.998E-05 0.9997
0.9997 9.998E-05 9.998E-05 9.998E-05
9.99912E-05 0.252798 0.1077 0.639402
9.99823E-05 0.858639 0.141161 9.99823E-05
0.0583803 0.398189 0.0189573 0.524474
0.199639 9.99912E-05 0.289382 0.510879
0.235073 0.134005 0.31628 0.314642
0.887637 9.99825E-05 9.99825E-05 0.112163
0.0432656 9.99826E-05 9.99826E-05 0.956534
0.216276 0.0875522 0.18837 0.507801
0.188404 9.99826E-05 0.811396 9.99826E-05
9.99823E-05 9.99823E-05 0.347851 0.651949
0.220825 0.501875 9.99911E-05 0.2772
0.564713 9.99824E-05 0.435087 9.99824E-05
0.448729 0.102299 0.336956 0.112016
9.99824E-05 0.855653 9.99824E-05 0.144147
0.0833823 0.169059 0.730193 0.0173657
9.99824E-05 0.479967 9.99824E-05 0.519833
0.920137 0.0796632 9.99825E-05 9.99825E-05
0.22124 0.77856 9.99825E-05 9.99825E-05
0.721843 9.99825E-05 0.277957 9.99825E-05
0.231938 9.99823E-05 0.767862 9.99823E-05
9.998E-05 0.9997 9.998E-05 9.998E-05
0.12359 0.12796 0.401521 0.346929
0.0136778 0.108564 0.343313 0.534445
0.307438 9.99824E-05 9.99824E-05 0.692362
0.0307193 0.656475 0.303962 0.00884355
0.192243 0.807557 9.99826E-05 9.99826E-05
0.249564 0.584629 9.99912E-05 0.165706
0.410391 0.533627 0.0558818 9.99912E-05
0.207204 0.792596 9.99823E-05 9.99823E-05
0.306649 0.468417 0.0623419 0.162592
0.440991 0.414407 9.99912E-05 0.144502
0.416464 0.28528 0.298156 9.99911E-05
0.159635 0.400688 0.153523 0.286154
0.130453 0.633963 0.00236136 0.233223
0.405336 0.163976 9.99912E-05 0.430588
9.99912E-05 0.522518 0.360668 0.116714
0.570689 9.99913E-05 0.0835595 0.345652
0.969507 9.99825E-05 0.0302931 9.99825E-05
0.389552 0.317094 0.146864 0.14649
0.671377 9.99824E-05 0.328423 9.99824E-05
0.158208 0.352535 0.489158 9.99912E-05
0.625028 9.99912E-05 0.147855 0.227017
0.242943 9.99824E-05 9.99824E-05 0.756857
9.99913E-05 0.0885603 0.504254 0.407086
0.61916 0.26359 0.11715 9.99913E-05
0.156628 9.99824E-05 0.843172 9.99824E-05
0.326222 0.402033 0.271646 9.99912E-05
0.433331 0.229586 0.059318 0.277765
9.99826E-05 0.466904 0.532896 9.99826E-05
0.582856 9.99912E-05 0.335286 0.0817578
0.429936 9.99823E-05 9.99823E-05 0.569864
9.99825E-05 9.99825E-05 0.517447 0.482353
0.363793 0.195035 9.99913E-05 0.441072
0.790229 0.0791301 0.13054 9.99912E-05
0.0883542 0.338053 0.573492 9.99912E-05
0.652028 0.021567 0.264291 0.0621134
0.416251 0.056159 9.99912E-05 0.52749
0.34673 0.516385 0.136785 9.99912E-05
0.635982 0.0773066 9.99914E-05 0.286611
9.998E-05 0.9997 9.998E-05 9.998E-05
9.99912E-05 0.282848 0.01949 0.697562
0.351989 0.183223 9.99913E-05 0.464688
9.99913E-05 0.180281 0.658906 0.160712
0.552347 9.99825E-05 0.447453 9.99825E-05
0.0563352 0.11788 0.34906 0.476725
9.99825E-05 0.5941 0.4057 9.99825E-05
0.217779 0.501978 9.99913E-05 0.280143
0.308581 0.0236401 0.330547 0.337231
9.998E-05 0.9997 9.998E-05 9.998E-05
0.528046 9.99824E-05 9.99824E-05 0.471754
0.250326 0.626485 0.123089 9.99912E-05
0.738993 0.0703544 9.99912E-05 0.190552
0.204161 0.106982 0.387275 0.301582
0.357899 0.343139 0.129272 0.16969
0.47098 9.99824E-05 0.52882 9.99824E-05
0.130245 0.0682608 0.573603 0.227892
0.20909 0.221602 0.172877 0.396431
9.99826E-05 9.99826E-05 0.304018 0.695782
0.298409 0.402867 9.99912E-05 0.298623
0.568803 0.430997 9.99825E-05 9.99825E-05
0.463291 9.99823E-05 0.536509 9.99823E-05
0.292452 0.0171565 0.132003 0.558388
9.99826E-05 0.384164 9.99826E-05 0.615636
0.180961 9.99912E-05 0.808471 0.0104677
0.00435008 0.387944 0.241433 0.366273
9.99825E-05 9.99825E-05 0.59822 0.40158
0.23591 0.0315591 0.732431 9.99913E-05
0.669363 9.99824E-05 0.330437 9.99824E-05
9.99912E-05 0.119517 0.217769 0.662613
9.99912E-05 0.0784512 0.248576 0.672873
0.0222412 0.911251 0.0664079 9.99912E-05
0.308828 9.99825E-05 9.99825E-05 0.690972
0.761187 9.99824E-05 9.99824E-05 0.238613
0.309566 0.690234 9.99827E-05 9.99827E-05
0.139659 9.99824E-05 0.860141 9.99824E-05
0.460552 0.539248 9.99825E-05 9.99825E-05
9.99825E-05 9.99825E-05 0.314648 0.685152
0.121899 0.171682 0.706319 9.99912E-05
0.126018 9.99913E-05 0.727836 0.146047
0.321576 0.321506 0.356817 9.99913E-05
0.372311 9.99825E-05 0.627489 9.99825E-05
0.467486 9.99912E-05 0.0483048 0.484109
9.99827E-05 0.958648 0.0411522 9.99827E-05
9.99913E-05 0.0988462 0.642534 0.25852
0.0893815 9.99912E-05 0.814837 0.095682
0.727596 9.99824E-05 9.99824E-05 0.272204
0.303952 9.99824E-05 0.695848 9.99824E-05
0.495029 9.99913E-05 0.489721 0.0151501
9.99825E-05 9.99825E-05 0.023427 0.976373
0.213315 0.449571 9.99911E-05 0.337014
0.0408027 9.99913E-05 0.288229 0.670869
0.115362 0.18038 0.605678 0.0985808
9.99912E-05 0.0859777 0.25731 0.656612
0.31397 9.99824E-05 0.68583 9.99824E-05
0.0377334 0.405258 0.390396 0.166613
9.99912E-05 0.61669 0.242496 0.140714
0.129615 0.190622 0.679664 9.99912E-05
0.457409 9.99913E-05 0.389235 0.153256
0.900216 9.99824E-05 9.99824E-05 0.0995842
9.99824E-05 0.436645 9.99824E-05 0.563155
0.877742 9.99825E-05 0.122058 9.99825E-05
9.99824E-05 9.99824E-05 0.26109 0.73871
0.905929 9.99913E-05 0.0404627 0.0535082
0.9997 9.998E-05 9.998E-05 9.998E-05
9.99823E-05 0.462979 9.99823E-05 0.536821
9.998E-05 0.9997 9.998E-05 9.998E-05
0.506781 9.99912E-05 0.285033 0.208086
0.53799 0.0556957 0.406215 9.99912E-05
0.218156 0.291235 0.490509 9.99913E-05
9.99824E-05 0.561564 9.99824E-05 0.438236
0.146219 0.636375 0.217307 9.99912E-05
0.302128 0.49328 0.204493 9.99912E-05
9.99825E-05 9.99825E-05 0.77263 0.22717
0.0870364 0.176375 0.736489 9.99912E-05
9.99912E-05 0.0635781 0.746294 0.190028
0.0106364 0.532934 9.99912E-05 0.45633
0.0766004 9.99912E-05 0.473678 0.449622
0.0338674 0.497771 0.435511 0.0328509
0.0652664 0.554124 0.38051 9.99913E-05
0.886736 9.99825E-05 0.113064 9.99825E-05
9.998E-05 9.998E-05 0.9997 9.998E-05
0.777375 0.14004 9.99912E-05 0.0824855
0.647072 0.352728 9.99824E-05 9.99824E-05
9.99825E-05 0.55265 0.44715 9.99825E-05
0.57853 0.377466 9.99912E-05 0.0439047
0.345954 9.99824E-05 9.99824E-05 0.653846
0.818704 0.181096 9.99825E-05 9.99825E-05
9.998E-05 0.9997 9.998E-05 9.998E-05
0.125196 0.482365 0.304413 0.0880263
0.224505 0.0806543 0.118654 0.576187
0.262266 0.0316314 9.99912E-05 0.706003
9.99824E-05 9.99824E-05 0.952177 0.0476234
0.0161433 0.102105 0.512935 0.368817
0.504339 0.0913742 0.404187 9.99911E-05
0.0579732 0.268006 0.673921 9.99912E-05
0.275434 0.077125 0.632294 0.015147
9.99823E-05 0.511111 0.488689 9.99823E-05
9.99823E-05 0.65217 9.99823E-05 0.34763
0.523464 9.99824E-05 9.99824E-05 0.476336
0.202208 0.797592 9.99826E-05 9.99826E-05
9.998E-05 0.9997 9.998E-05 9.998E-05
9.998E-05 9.998E-05 0.9997 9.998E-05
0.337379 9.99911E-05 0.386103 0.276418
9.99823E-05 9.99823E-05 0.331881 0.667919
9.99824E-05 9.99824E-05 0.254026 0.745774
0.253272 9.99825E-05 0.746528 9.99825E-05
0.31369 9.99912E-05 0.427312 0.258898
0.458103 9.99912E-05 0.480823 0.0609738
9.998E-05 9.998E-05 0.9997 9.998E-05
9.998E-05 9.998E-05 0.9997 9.998E-05
9.99913E-05 0.0567674 0.854342 0.088791
0.398408 0.208798 0.341829 0.0509645
0.0557837 0.0447133 0.344612 0.554891
9.99912E-05 0.894934 0.0900303 0.0149359
0.303513 9.99912E-05 0.223804 0.472583
0.39379 9.99912E-05 0.397176 0.208934
0.56767 9.99824E-05 9.99824E-05 0.43213
9.99824E-05 0.0412591 0.958541 9.99824E-05
0.482514 9.99913E-05 0.323792 0.193594
9.99912E-05 0.0116627 0.562105 0.426133
0.0758518 0.576309 0.347739 9.99912E-05
0.133394 0.37085 9.99912E-05 0.495657
0.501133 9.99912E-05 0.0882331 0.410534
0.309422 0.173005 0.201549 0.316024
9.99825E-05 0.780475 9.99825E-05 0.219325
0.17278 0.726047 9.99913E-05 0.101073
9.99826E-05 0.908221 0.0915789 9.99826E-05
0.37268 0.0338617 0.298302 0.295156
9.99913E-05 0.720502 0.248947 0.0304507
9.99913E-05 0.0812962 0.556807 0.361797
9.998E-05 9.998E-05 9.998E-05 0.9997
0.276973 0.184083 0.538845 9.99912E-05
0.361827 9.99912E-05 0.522289 0.115784
0.575183 0.286566 0.138151 9.99913E-05
0.981422 0.0183776 9.99825E-05 9.99825E-05
9.99824E-05 0.830081 0.169719 9.99824E-05
0.160988 0.838812 9.99825E-05 9.99825E-05
0.213662 9.99913E-05 0.0587755 0.727463
0.671333 9.99912E-05 0.283096 0.0454714
0.496356 9.99913E-05 0.215462 0.288082
9.99913E-05 0.347501 0.223039 0.42936
0.910275 0.0895255 9.99825E-05 9.99825E-05
0.139802 0.544254 0.145539 0.170405
0.190961 0.462585 9.99911E-05 0.346353
0.256353 9.99912E-05 0.14837 0.595177
