9.99735E-05 9.99735E-05 0.738669 9.99735E-05 0.261032
9.997E-05 9.997E-05 9.997E-05 9.997E-05 0.9996
9.99737E-05 0.636707 9.99737E-05 9.99737E-05 0.362993
0.144152 0.681194 9.99825E-05 9.99825E-05 0.174454
0.133849 0.425969 0.00902556 0.300162 0.130994
0.422235 9.99738E-05 9.99738E-05 0.577465 9.99738E-05
0.185324 0.152518 0.116254 0.545805 9.99913E-05
9.999E-05 0.303336 0.535442 0.10376 0.057362
0.555602 0.444098 9.99737E-05 9.99737E-05 9.99737E-05
9.99826E-05 9.99826E-05 0.471696 0.000176087 0.527928
9.99738E-05 9.99738E-05 0.253279 9.99738E-05 0.746421
0.503597 0.210946 9.99911E-05 0.0204993 0.264859
9.99736E-05 0.513201 9.99736E-05 0.486499 9.99736E-05
9.99824E-05 0.317262 9.99824E-05 0.101507 0.581031
0.9996 9.997E-05 9.997E-05 9.997E-05 9.997E-05
9.997E-05 9.997E-05 9.997E-05 0.9996 9.997E-05
9.99825E-05 0.377447 0.0510141 0.571338 9.99825E-05
9.99736E-05 0.598206 9.99736E-05 9.99736E-05 0.401494
0.241234 0.586726 0.151176 9.99912E-05 0.0207643
0.78776 0.126377 0.0385219 0.0472404 9.99912E-05
0.539551 9.99825E-05 9.99825E-05 0.36984 0.090409
0.225237 9.99825E-05 9.99825E-05 0.456113 0.31845
0.246129 0.292247 9.99825E-05 9.99825E-05 0.461424
0.332119 0.329897 9.99825E-05 0.337784 9.99825E-05
9.99738E-05 0.783629 9.99738E-05 0.216071 9.99738E-05
0.284627 9.99912E-05 0.0818423 0.547603 0.0858276
9.997E-05 9.997E-05 0.9996 9.997E-05 9.997E-05
9.99912E-05 0.132661 0.191659 0.437126 0.238455
9.997E-05 9.997E-05 9.997E-05 9.997E-05 0.9996
0.533861 0.465839 9.99738E-05 9.99738E-05 9.99738E-05
9.997E-05 9.997E-05 9.997E-05 9.997E-05 0.9996
9.99738E-05 0.513006 9.99738E-05 9.99738E-05 0.486694
0.01575 0.280659 0.460374 0.147872 0.095345
0.0794089 0.29975 0.471377 9.99912E-05 0.149364
0.268889 9.99737E-05 0.730811 9.99737E-05 9.99737E-05
0.236383 0.227162 9.99825E-05 0.536255 9.99825E-05
0.284374 0.286338 9.99825E-05 0.429088 9.99825E-05
0.125658 9.99737E-05 9.99737E-05 0.874042 9.99737E-05
9.99823E-05 0.515012 9.99823E-05 0.152911 0.331877
0.269539 0.0212818 0.585214 0.123866 9.99912E-05
0.643867 0.00498849 9.99825E-05 9.99825E-05 0.350944
9.9974E-05 0.285893 9.9974E-05 9.9974E-05 0.713807
0.411619 0.174591 9.99825E-05 9.99825E-05 0.41359
9.99825E-05 0.612801 0.16164 9.99825E-05 0.225359
0.0302731 9.99826E-05 0.564294 9.99826E-05 0.405233
0.530752 0.468948 9.99736E-05 9.99736E-05 9.99736E-05
0.68279 9.99824E-05 0.1264 9.99824E-05 0.19061
9.99823E-05 0.00277907 9.99823E-05 0.329717 0.667304
0.29385 9.99823E-05 0.144233 9.99823E-05 0.561717
0.564395 9.99824E-05 0.299101 0.136305 9.99824E-05
0.338834 9.99824E-05 0.364165 0.296801 9.99824E-05
0.461365 0.126914 9.99825E-05 9.99825E-05 0.411522
0.0123654 0.817176 9.99825E-05 9.99825E-05 0.170259
9.99737E-05 0.185699 9.99737E-05 9.99737E-05 0.814001
9.99738E-05 0.192371 9.99738E-05 0.807329 9.99738E-05
0.500111 9.99825E-05 0.0554436 9.99825E-05 0.444245
0.0440415 0.327532 0.426386 0.20194 9.99913E-05
0.293606 0.250118 0.0599893 9.99912E-05 0.396186
0.00250167 0.0420999 9.99913E-05 0.840477 0.114821
0.0265152 0.363931 0.599587 0.0098676 9.99912E-05
9.99737E-05 9.99737E-05 9.99737E-05 0.275028 0.724672
0.13726 0.733367 9.99825E-05 9.99825E-05 0.129173
0.774412 0.225288 9.99737E-05 9.99737E-05 9.99737E-05
0.498084 0.0476136 9.99824E-05 9.99824E-05 0.454103
0.335396 0.121185 0.194044 9.99912E-05 0.349275
0.122786 0.876914 9.99735E-05 9.99735E-05 9.99735E-05
0.199389 0.219271 0.581139 9.99824E-05 9.99824E-05
0.185132 9.99824E-05 9.99824E-05 0.531021 0.283647
9.99738E-05 0.434758 9.99738E-05 9.99738E-05 0.564942
0.443106 0.396844 0.15985 9.99824E-05 9.99824E-05
9.99912E-05 0.105048 0.492434 0.256463 0.145954
9.99826E-05 0.606427 0.145622 0.247751 9.99826E-05
0.149442 0.436723 9.99913E-05 0.266264 0.147472
9.99738E-05 9.99738E-05 0.832603 9.99738E-05 0.167097
0.502132 9.99825E-05 0.301652 9.99825E-05 0.196016
9.99735E-05 0.704554 9.99735E-05 0.295146 9.99735E-05
0.209118 0.199858 0.175832 9.99912E-05 0.415092
0.107293 0.612975 0.105618 9.99913E-05 0.174014
9.99824E-05 0.664378 0.114125 9.99824E-05 0.221297
9.99824E-05 0.186499 0.570657 9.99824E-05 0.242644
9.99736E-05 9.99736E-05 0.732582 0.267118 9.99736E-05
0.338011 9.99796E-05 0.661689 9.99796E-05 9.99796E-05
9.997E-05 0.9996 9.997E-05 9.997E-05 9.997E-05
0.373302 9.99825E-05 0.589922 0.0365753 9.99825E-05
0.384896 0.3402 9.99826E-05 9.99826E-05 0.274705
9.99823E-05 0.185167 0.495207 9.99823E-05 0.319426
0.313318 0.108135 9.99825E-05 9.99825E-05 0.578347
9.99824E-05 0.221362 0.673114 9.99824E-05 0.105323
9.997E-05 9.997E-05 0.9996 9.997E-05 9.997E-05
0.330586 0.22734 0.441875 9.99824E-05 9.99824E-05
9.99824E-05 0.0516893 0.463573 9.99824E-05 0.484538
0.530062 9.99823E-05 0.391685 0.078053 9.99823E-05
9.99826E-05 0.615876 9.99826E-05 0.215995 0.167929
0.426711 9.99737E-05 9.99737E-05 0.572989 9.99737E-05
9.99736E-05 9.99736E-05 9.99736E-05 0.39612 0.60358
9.99736E-05 0.881015 9.99736E-05 9.99736E-05 0.118685
0.0869233 0.379525 9.99912E-05 0.433927 0.0995246
9.99825E-05 0.425875 9.99825E-05 0.0161665 0.557759
0.0461784 9.99912E-05 0.664555 0.056612 0.232555
9.99824E-05 0.202882 0.19023 0.606688 9.99824E-05
9.99824E-05 0.486339 9.99824E-05 0.0852309 0.42823
0.12668 0.194417 0.298865 0.184542 0.195496
0.532166 9.99826E-05 0.465416 0.00221864 9.99826E-05
0.913781 9.99736E-05 9.99736E-05 9.99736E-05 0.0859187
0.136914 0.627581 9.99913E-05 0.0235303 0.211875
9.99823E-05 0.362686 9.99823E-05 0.357998 0.279116
9.99736E-05 9.99736E-05 0.608204 9.99736E-05 0.391496
9.99736E-05 0.897122 0.102578 9.99736E-05 9.99736E-05
9.99912E-05 0.242663 0.199755 0.117741 0.439741
0.59178 0.407921 9.99738E-05 9.99738E-05 9.99738E-05
0.582383 0.0354321 9.99912E-05 0.235395 0.146691
0.304433 0.0734232 9.99913E-05 0.239997 0.382047
9.99825E-05 0.443461 9.99825E-05 0.394865 0.161474
9.997E-05 9.997E-05 9.997E-05 9.997E-05 0.9996
0.406612 9.99826E-05 0.03985 9.99826E-05 0.553338
0.160756 9.99825E-05 0.708998 0.130046 9.99825E-05
0.10796 0.272899 9.99913E-05 0.319942 0.299099
0.0512251 9.99827E-05 0.821658 9.99827E-05 0.126917
0.899778 9.99736E-05 9.99736E-05 0.0999219 9.99736E-05
9.99823E-05 0.399879 0.45322 0.146701 9.99823E-05
0.202294 0.0447213 9.99913E-05 0.0601082 0.692777
9.99824E-05 9.99824E-05 0.445774 0.25044 0.303587
9.99826E-05 0.894914 9.99826E-05 0.0942864 0.0106
0.54672 9.99737E-05 9.99737E-05 9.99737E-05 0.45298
0.283083 9.99912E-05 0.266306 0.217807 0.232704
0.10612 0.305535 9.99912E-05 0.458243 0.130002
0.054905 9.99825E-05 9.99825E-05 0.51777 0.427125
9.9974E-05 9.9974E-05 0.241207 9.9974E-05 0.758493
9.99825E-05 0.410783 0.00798711 9.99825E-05 0.58103
0.0663942 9.99912E-05 0.481496 0.139729 0.312281
9.99737E-05 0.682828 0.316872 9.99737E-05 9.99737E-05
0.426189 9.99824E-05 9.99824E-05 0.520056 0.0535554
0.06373 0.361469 0.574601 9.99824E-05 9.99824E-05
0.0622291 0.43482 0.0836498 0.419201 9.99912E-05
0.380768 9.99824E-05 9.99824E-05 0.340642 0.27839
9.99824E-05 0.846761 9.99824E-05 0.0250527 0.127986
0.0485826 9.99912E-05 0.0349 0.867901 0.0485159
9.99824E-05 0.00560911 9.99824E-05 0.464281 0.52991
0.12475 9.99823E-05 0.320168 9.99823E-05 0.554881
0.101162 9.99824E-05 9.99824E-05 0.232216 0.666421
9.99736E-05 0.300616 9.99736E-05 9.99736E-05 0.699084
0.682293 0.218125 9.99913E-05 0.0619967 0.0374852
0.108784 0.129909 9.99826E-05 9.99826E-05 0.761107
9.99824E-05 0.365658 0.334128 9.99824E-05 0.300014
0.250194 0.503352 9.99824E-05 9.99824E-05 0.246254
9.99912E-05 0.353893 0.363813 0.176318 0.105875
9.99825E-05 0.346388 9.99825E-05 0.290777 0.362635
9.99825E-05 0.667883 0.221891 0.110026 9.99825E-05
9.99825E-05 0.588694 0.0847897 9.99825E-05 0.326317
0.678667 0.00388331 0.0805136 0.171331 0.0656048
0.910025 9.99825E-05 9.99825E-05 0.0354053 0.0543697
0.133539 0.500263 9.99824E-05 9.99824E-05 0.365998
0.686989 9.99738E-05 0.312711 9.99738E-05 9.99738E-05
9.99737E-05 0.163318 0.836383 9.99737E-05 9.99737E-05
0.0473495 0.110191 9.99824E-05 9.99824E-05 0.84226
0.396417 9.99823E-05 0.305145 9.99823E-05 0.298238
0.13209 9.99736E-05 0.86761 9.99736E-05 9.99736E-05
0.416711 0.580206 9.99824E-05 9.99824E-05 0.00288287
9.99825E-05 0.504449 0.177832 0.317519 9.99825E-05
9.99738E-05 9.99738E-05 0.623266 9.99738E-05 0.376434
0.388188 0.043993 0.536188 0.031531 9.99912E-05
0.383885 0.270614 0.302514 0.0428874 9.99912E-05
9.99913E-05 0.244916 0.00697571 0.221794 0.526215
9.99824E-05 0.132531 0.204846 9.99824E-05 0.662423
0.438855 9.99824E-05 0.308448 9.99824E-05 0.252497
0.0789597 0.596714 9.99823E-05 9.99823E-05 0.324127
0.0873092 0.361479 0.551012 9.99823E-05 9.99823E-05
0.189971 9.99825E-05 0.459316 0.350513 9.99825E-05
0.0213809 0.652783 9.99912E-05 0.0361915 0.289545
0.48379 0.51591 9.99735E-05 9.99735E-05 9.99735E-05
9.99824E-05 0.915675 9.99824E-05 0.0233707 0.0607543
9.99736E-05 0.312107 9.99736E-05 0.687593 9.99736E-05
9.99824E-05 0.607686 9.99824E-05 0.348187 0.043927
9.99824E-05 0.329788 9.99824E-05 0.282028 0.387985
9.99825E-05 9.99825E-05 0.0434424 0.568728 0.38763
9.99738E-05 0.645469 9.99738E-05 9.99738E-05 0.354231
0.321258 9.99826E-05 0.20614 0.472402 9.99826E-05
0.237269 0.480993 9.99912E-05 0.109505 0.172133
9.99912E-05 0.101043 0.0700706 0.76326 0.0655262
0.273255 0.726446 9.99736E-05 9.99736E-05 9.99736E-05
9.997E-05 0.9996 9.997E-05 9.997E-05 9.997E-05
0.120479 0.197095 0.0859156 9.99912E-05 0.596411
0.0699464 0.189956 9.99825E-05 0.739898 9.99825E-05
0.267251 9.99736E-05 9.99736E-05 9.99736E-05 0.732449
9.99913E-05 0.280672 0.0087325 0.0363705 0.674125
0.150473 9.99912E-05 0.234705 0.0229281 0.591794
9.997E-05 0.9996 9.997E-05 9.997E-05 9.997E-05
9.99736E-05 9.99736E-05 0.737163 0.262538 9.99736E-05
0.372161 0.598539 9.99823E-05 0.0291004 9.99823E-05
9.99823E-05 0.134197 9.99823E-05 0.456383 0.40922
0.0186219 9.99824E-05 9.99824E-05 0.97299 0.00818831
0.276897 0.340972 9.99912E-05 0.0343431 0.347688
9.997E-05 9.997E-05 0.9996 9.997E-05 9.997E-05
0.254547 0.0383251 0.445967 9.99912E-05 0.261061
9.99737E-05 0.655904 0.343797 9.99737E-05 9.99737E-05
0.309939 9.99825E-05 0.0727628 0.617098 9.99825E-05
0.403722 0.0773499 0.0456122 9.99912E-05 0.473216
9.99824E-05 0.265733 0.338273 9.99824E-05 0.395794
9.99912E-05 0.0418038 0.3352 0.412564 0.210331
0.126305 0.0700573 0.381107 0.060646 0.361885
9.997E-05 0.9996 9.997E-05 9.997E-05 9.997E-05
9.99739E-05 0.140135 0.859565 9.99739E-05 9.99739E-05
0.161943 0.25581 0.582047 9.99824E-05 9.99824E-05
0.34512 0.111469 9.99913E-05 0.0791188 0.464193
0.358687 9.99825E-05 0.189344 9.99825E-05 0.451769
9.99737E-05 9.99737E-05 0.767259 9.99737E-05 0.232441
0.0256778 0.359318 9.99912E-05 0.246556 0.368348
0.312276 0.227884 0.0957813 9.99912E-05 0.363958
0.0652528 0.00983332 9.99912E-05 0.422788 0.502026
0.828149 9.99736E-05 0.171551 9.99736E-05 9.99736E-05
0.563951 0.178813 9.99825E-05 0.257035 9.99825E-05
0.112029 0.396804 9.99824E-05 0.490967 9.99824E-05
9.99912E-05 0.480482 0.125662 0.144939 0.248817
0.248818 9.99738E-05 9.99738E-05 0.750882 9.99738E-05
0.631803 0.0485741 0.0837411 0.235782 9.99912E-05
9.99738E-05 9.99738E-05 9.99738E-05 0.537156 0.462544
9.99737E-05 9.99737E-05 9.99737E-05 0.897087 0.102613
0.390222 0.274537 9.99824E-05 9.99824E-05 0.335041
0.274261 0.627208 0.0983309 9.99823E-05 9.99823E-05
0.214149 0.785551 9.99735E-05 9.99735E-05 9.99735E-05
0.239756 0.156315 0.276118 0.327711 9.99912E-05
0.00629738 9.99825E-05 0.875809 9.99825E-05 0.117694
0.353992 0.105448 0.34306 9.99912E-05 0.197401
9.99824E-05 0.215063 9.99824E-05 0.34876 0.435977
0.159313 0.521588 0.20401 9.99912E-05 0.11499
9.99739E-05 9.99739E-05 0.691791 9.99739E-05 0.307909
9.99737E-05 9.99737E-05 0.12137 9.99737E-05 0.87833
0.115224 0.304079 9.99825E-05 9.99825E-05 0.580498
0.149511 9.99825E-05 0.280727 9.99825E-05 0.569562
9.99912E-05 0.416452 0.384259 0.0776141 0.121575
9.99913E-05 0.344881 0.0729381 0.515967 0.0661144
0.573028 0.377313 9.99824E-05 9.99824E-05 0.0494587
0.146643 0.491864 9.99825E-05 0.361294 9.99825E-05
0.0322468 0.207241 0.646859 0.113553 9.99913E-05
9.99826E-05 0.433118 0.405652 9.99826E-05 0.16103
0.605445 0.114929 9.99912E-05 0.115952 0.163574
0.81847 0.153383 0.0279466 9.99826E-05 9.99826E-05
0.000540475 9.99912E-05 0.352151 0.0925333 0.554676
9.99825E-05 0.37098 0.214032 9.99825E-05 0.414788
0.101839 0.139753 0.178951 0.453992 0.125466
0.41931 9.99825E-05 0.183615 0.396875 9.99825E-05
0.673287 9.99736E-05 9.99736E-05 0.326413 9.99736E-05
0.011579 0.117511 0.434719 0.43609 9.99911E-05
0.186543 0.491867 9.99824E-05 0.321391 9.99824E-05
0.135398 0.152965 9.99913E-05 0.652218 0.0593196
0.510654 9.99912E-05 0.00933351 0.309854 0.170059
0.736558 0.263142 9.99737E-05 9.99737E-05 9.99737E-05
0.0109798 0.194702 0.263721 0.456599 0.073998
9.99826E-05 0.391175 0.408782 9.99826E-05 0.199843
0.317929 0.280761 0.276405 9.99913E-05 0.124805
0.0653134 0.08426 0.513909 9.99912E-05 0.336418
0.0497398 0.399489 0.133476 0.215718 0.201577
0.210463 0.423477 0.0146011 9.99912E-05 0.35136
0.0724642 0.460949 0.466387 9.99824E-05 9.99824E-05
0.459616 0.416306 9.99826E-05 0.123878 9.99826E-05
0.275712 9.99826E-05 0.281704 9.99826E-05 0.442384
9.99737E-05 9.99737E-05 0.595342 0.404358 9.99737E-05
0.117124 0.868332 9.99824E-05 9.99824E-05 0.0143436
9.99737E-05 0.897255 9.99737E-05 9.99737E-05 0.102445
0.115242 0.884458 9.99737E-05 9.99737E-05 9.99737E-05
9.99824E-05 0.512712 0.0241401 0.462948 9.99824E-05
