0.161337 9.99825E-05 0.670722 9.99825E-05 0.167741
9.999E-05 0.234945 0.514888 0.0658205 0.184246
9.99824E-05 0.232361 0.169046 0.598393 9.99824E-05
0.570946 0.114916 9.99824E-05 0.313938 9.99824E-05
0.204151 0.387513 0.186347 9.99912E-05 0.221889
9.99737E-05 0.516327 9.99737E-05 9.99737E-05 0.483373
0.457825 9.99912E-05 0.135906 0.351302 0.0548668
9.99826E-05 9.99826E-05 0.0160845 0.00100401 0.982712
0.143019 0.268734 9.99824E-05 9.99824E-05 0.588047
9.997E-05 0.9996 9.997E-05 9.997E-05 9.997E-05
0.297386 0.441181 0.261233 9.99824E-05 9.99824E-05
0.658583 9.99736E-05 9.99736E-05 9.99736E-05 0.341117
9.99738E-05 0.57879 0.42091 9.99738E-05 9.99738E-05
0.231775 0.362128 9.99824E-05 9.99824E-05 0.405898
0.212183 9.99913E-05 0.0455262 0.640746 0.101445
9.99736E-05 0.741404 0.258296 9.99736E-05 9.99736E-05
0.393707 9.99825E-05 0.345463 9.99825E-05 0.26063
9.99737E-05 9.99737E-05 9.99737E-05 0.275157 0.724543
0.253369 0.42809 9.99912E-05 0.063827 0.254614
0.0802436 0.152589 9.99912E-05 0.106328 0.66074
0.309834 0.45257 9.99912E-05 0.137412 0.100083
0.429842 0.189912 0.059649 9.99912E-05 0.320497
9.997E-05 0.9996 9.997E-05 9.997E-05 9.997E-05
9.999E-05 0.0993842 0.629526 0.00664405 0.264346
0.106029 9.99824E-05 0.628699 0.265072 9.99824E-05
0.128633 0.209251 0.154026 0.50799 9.99912E-05
0.412577 0.392652 0.174322 0.0203484 9.99912E-05
0.0566908 0.172403 0.739557 9.99913E-05 0.0312494
0.612883 9.99737E-05 0.386817 9.99737E-05 9.99737E-05
0.528579 0.226307 0.244914 9.99823E-05 9.99823E-05
0.436566 9.99912E-05 0.472938 0.0480171 0.0423789
0.242912 0.344138 0.412751 9.99823E-05 9.99823E-05
0.242363 0.217292 0.472745 0.0674999 9.99913E-05
9.997E-05 9.997E-05 0.9996 9.997E-05 9.997E-05
0.0158838 0.445288 9.99824E-05 0.538628 9.99824E-05
9.99825E-05 0.564215 9.99825E-05 0.385797 0.0497874
9.99737E-05 9.99737E-05 0.236547 0.763153 9.99737E-05
0.553957 9.99734E-05 0.445743 9.99734E-05 9.99734E-05
9.99737E-05 9.99737E-05 0.619071 9.99737E-05 0.38063
0.326243 0.363798 9.99826E-05 0.309759 9.99826E-05
9.99735E-05 0.87225 0.12745 9.99735E-05 9.99735E-05
0.159219 0.136407 0.679587 0.0246877 9.99912E-05
0.660388 0.15302 0.16673 9.99912E-05 0.0197625
0.0467562 0.857242 9.99824E-05 0.0958017 9.99824E-05
0.318658 9.99823E-05 9.99823E-05 0.0319128 0.649229
9.99913E-05 0.321929 0.486558 0.141658 0.0497552
9.99825E-05 0.0902655 0.521164 9.99825E-05 0.388371
9.99737E-05 9.99737E-05 0.413484 9.99737E-05 0.586216
0.21001 0.253077 0.536713 9.99824E-05 9.99824E-05
0.0634614 0.697671 0.0498211 0.105011 0.0840356
0.429899 9.99824E-05 0.411148 0.158753 9.99824E-05
0.631869 0.0123297 0.293548 0.0504204 0.0118336
0.488727 0.222165 0.172992 0.116017 9.99912E-05
9.997E-05 9.997E-05 0.9996 9.997E-05 9.997E-05
0.145241 9.99912E-05 0.509429 0.158465 0.186765
0.98086 0.0188396 9.99737E-05 9.99737E-05 9.99737E-05
0.558185 0.334827 9.99824E-05 9.99824E-05 0.106789
0.827711 9.99736E-05 0.171989 9.99736E-05 9.99736E-05
9.99824E-05 0.660242 9.99824E-05 0.181205 0.158352
9.99824E-05 0.759779 9.99824E-05 0.20832 0.0317008
9.99823E-05 9.99823E-05 0.547328 0.263864 0.188608
9.99825E-05 0.208448 0.356542 0.434811 9.99825E-05
0.0641695 0.396626 0.412904 9.99912E-05 0.126201
0.180373 0.676289 0.0410198 9.99912E-05 0.102218
0.0368569 0.612326 0.285939 0.064778 9.99912E-05
9.99824E-05 0.677703 0.0502617 0.271835 9.99824E-05
9.99825E-05 0.857756 9.99825E-05 0.0884051 0.0536387
0.0144982 0.601995 0.039105 9.99913E-05 0.344301
0.9996 9.997E-05 9.997E-05 9.997E-05 9.997E-05
9.99913E-05 0.0599448 0.123205 0.269292 0.547459
0.545148 9.99824E-05 0.296876 0.157776 9.99824E-05
9.99825E-05 0.124394 0.536821 0.338585 9.99825E-05
9.997E-05 0.9996 9.997E-05 9.997E-05 9.997E-05
0.230637 9.99737E-05 9.99737E-05 9.99737E-05 0.769063
0.261198 0.55329 9.99824E-05 0.185313 9.99824E-05
9.99824E-05 9.99824E-05 0.0615812 0.813917 0.124302
0.9996 9.997E-05 9.997E-05 9.997E-05 9.997E-05
9.99737E-05 9.99737E-05 0.739015 9.99737E-05 0.260685
0.0516167 0.540435 0.407748 9.99825E-05 9.99825E-05
0.0487451 0.488466 9.99825E-05 9.99825E-05 0.462589
0.41321 0.334252 0.0698312 9.99911E-05 0.182607
0.149531 9.99825E-05 9.99825E-05 0.0140137 0.836256
9.99736E-05 0.223775 0.775925 9.99736E-05 9.99736E-05
0.677915 0.321785 9.99737E-05 9.99737E-05 9.99737E-05
0.227094 0.299542 0.201905 0.271359 9.99913E-05
0.224624 0.723474 0.0517015 9.99824E-05 9.99824E-05
0.118735 9.99913E-05 0.0326992 0.145532 0.702934
0.483114 9.99823E-05 0.0530107 0.463676 9.99823E-05
0.9996 9.997E-05 9.997E-05 9.997E-05 9.997E-05
9.997E-05 9.997E-05 0.9996 9.997E-05 9.997E-05
0.0957864 0.297099 0.477863 0.0738706 0.0553809
0.276837 0.506955 0.216008 9.99824E-05 9.99824E-05
9.99736E-05 0.599228 9.99736E-05 0.400472 9.99736E-05
0.364416 0.121584 0.494564 0.0193362 9.99912E-05
0.268837 0.368287 9.99826E-05 9.99826E-05 0.362676
9.99738E-05 9.99738E-05 0.800792 9.99738E-05 0.198908
0.0179498 0.9119 0.0699505 9.99824E-05 9.99824E-05
0.48238 0.0133904 0.50403 9.99826E-05 9.99826E-05
9.99826E-05 0.779467 0.0495207 9.99826E-05 0.170812
9.99738E-05 9.99738E-05 0.243669 0.756031 9.99738E-05
9.99737E-05 0.766719 0.232981 9.99737E-05 9.99737E-05
0.289116 0.0394703 0.128638 9.99913E-05 0.542676
9.99824E-05 0.750617 0.228235 9.99824E-05 0.020948
0.970803 0.0248431 0.00415426 9.99825E-05 9.99825E-05
0.000506769 0.802415 9.99825E-05 9.99825E-05 0.196878
9.99913E-05 0.405739 0.1173 0.373464 0.103398
9.99824E-05 0.0231314 0.936643 9.99824E-05 0.0400257
9.99737E-05 0.384463 0.615237 9.99737E-05 9.99737E-05
9.99734E-05 0.461256 0.538445 9.99734E-05 9.99734E-05
9.99739E-05 9.99739E-05 0.350288 9.99739E-05 0.649412
9.99738E-05 9.99738E-05 0.789124 0.210576 9.99738E-05
0.116916 0.396495 0.353694 0.132795 9.99912E-05
0.582755 0.022202 0.237142 9.99913E-05 0.157801
0.163417 9.99736E-05 0.836283 9.99736E-05 9.99736E-05
9.99826E-05 0.559591 9.99826E-05 0.28947 0.150739
0.0572799 9.99736E-05 9.99736E-05 9.99736E-05 0.94242
9.99825E-05 0.151789 0.271115 0.576896 9.99825E-05
0.838635 9.99737E-05 9.99737E-05 0.161065 9.99737E-05
0.208427 0.715761 0.0756118 9.99824E-05 9.99824E-05
0.475802 0.496766 9.99825E-05 9.99825E-05 0.0272325
0.0161397 0.427169 0.556491 9.99827E-05 9.99827E-05
0.266107 0.444824 9.99912E-05 0.122394 0.166575
0.213552 0.0109335 0.775315 9.99823E-05 9.99823E-05
0.000590533 0.702547 9.99824E-05 0.296663 9.99824E-05
9.99738E-05 0.0188996 9.99738E-05 0.9808 9.99738E-05
0.324029 0.555102 9.99824E-05 9.99824E-05 0.120669
0.465422 0.534278 9.9974E-05 9.9974E-05 9.9974E-05
0.152309 0.744772 9.99825E-05 0.102719 9.99825E-05
0.0241942 0.975506 9.99737E-05 9.99737E-05 9.99737E-05
0.614475 0.0805672 9.99825E-05 0.304758 9.99825E-05
0.16681 0.391685 0.00464627 9.99912E-05 0.436758
0.323971 0.100294 0.437875 0.137761 9.99913E-05
0.498073 0.501627 9.99736E-05 9.99736E-05 9.99736E-05
9.99736E-05 9.99736E-05 0.740409 0.259291 9.99736E-05
9.99737E-05 0.856259 9.99737E-05 9.99737E-05 0.143441
0.248915 9.99824E-05 0.620567 9.99824E-05 0.130317
9.99737E-05 0.773974 0.225726 9.99737E-05 9.99737E-05
0.0812004 0.699367 0.219233 9.99823E-05 9.99823E-05
9.99735E-05 0.477489 0.522211 9.99735E-05 9.99735E-05
9.99823E-05 0.513835 0.422257 9.99823E-05 0.0637084
0.0629626 9.99912E-05 0.52767 0.0778788 0.331388
9.99912E-05 0.0584996 0.513209 0.284309 0.143883
0.377854 0.166162 9.99823E-05 9.99823E-05 0.455784
0.619116 0.303013 9.99824E-05 9.99824E-05 0.0776718
9.99738E-05 9.99738E-05 0.713751 9.99738E-05 0.285949
0.25525 9.99825E-05 9.99825E-05 0.372915 0.371635
9.99736E-05 0.535462 9.99736E-05 9.99736E-05 0.464239
0.659317 0.156463 0.18402 9.99826E-05 9.99826E-05
0.581106 0.27232 0.146374 9.99823E-05 9.99823E-05
0.396814 0.168164 9.99827E-05 9.99827E-05 0.434823
0.381548 0.0580547 0.144508 9.99912E-05 0.41579
9.99825E-05 0.0933812 0.540152 9.99825E-05 0.366266
0.267686 0.343609 0.226973 9.99912E-05 0.161633
9.99825E-05 0.659646 0.191012 0.149143 9.99825E-05
0.377801 0.239441 9.99912E-05 0.189772 0.192886
0.315359 0.0208037 0.0975674 0.129007 0.437263
9.99738E-05 0.378715 0.620985 9.99738E-05 9.99738E-05
0.519429 0.106092 9.99824E-05 0.374279 9.99824E-05
9.99823E-05 0.443819 0.16949 0.386491 9.99823E-05
0.529141 0.300192 0.0596949 0.110872 9.99913E-05
0.293107 0.296933 9.99825E-05 9.99825E-05 0.40976
9.99826E-05 0.288312 9.99826E-05 0.502847 0.208641
0.110914 0.888786 9.99736E-05 9.99736E-05 9.99736E-05
9.99738E-05 0.870214 9.99738E-05 0.129487 9.99738E-05
9.99913E-05 0.770414 0.0208096 0.138395 0.0702813
0.137924 0.100985 0.214753 0.0160689 0.530269
9.99739E-05 0.45761 9.99739E-05 9.99739E-05 0.54209
9.99824E-05 0.602205 9.99824E-05 0.19597 0.201625
0.0551058 0.225769 0.453329 9.99912E-05 0.265697
0.0167748 0.650921 9.99823E-05 0.332105 9.99823E-05
0.215215 9.99825E-05 0.277866 0.506718 9.99825E-05
0.0827377 0.603688 0.23261 9.99912E-05 0.0808643
9.99823E-05 0.385355 0.422476 0.191969 9.99823E-05
0.296798 0.0697476 0.11701 9.99912E-05 0.516345
0.0350274 0.637386 0.137238 0.190248 9.99913E-05
9.99912E-05 0.15661 0.471445 0.161374 0.21047
9.99825E-05 0.399767 0.522493 9.99825E-05 0.07754
0.104869 9.99825E-05 0.316677 9.99825E-05 0.578254
9.99736E-05 0.443253 0.556447 9.99736E-05 9.99736E-05
0.0677475 0.470472 9.99912E-05 0.209193 0.252488
0.132763 0.376876 0.237485 9.99913E-05 0.252776
9.99825E-05 9.99825E-05 0.724989 0.155963 0.118848
9.99736E-05 0.60973 0.38997 9.99736E-05 9.99736E-05
0.0864035 9.99823E-05 0.390145 9.99823E-05 0.523251
9.99735E-05 0.638563 0.361137 9.99735E-05 9.99735E-05
0.319808 0.21907 0.460921 9.99826E-05 9.99826E-05
9.99738E-05 0.459462 9.99738E-05 9.99738E-05 0.540239
0.0936097 0.220445 9.99912E-05 0.00237496 0.68347
0.521762 9.99824E-05 9.99824E-05 0.414195 0.0638427
9.99737E-05 9.99737E-05 0.619184 9.99737E-05 0.380516
9.997E-05 0.9996 9.997E-05 9.997E-05 9.997E-05
9.99825E-05 0.490898 0.335845 0.173057 9.99825E-05
0.0390653 9.99913E-05 0.607041 0.226014 0.12778
0.0895556 0.0879657 0.224064 9.99913E-05 0.598314
0.0419349 0.915441 0.042424 9.99824E-05 9.99824E-05
0.0903904 0.123243 0.460853 0.325414 9.99912E-05
0.337276 9.99735E-05 0.662424 9.99735E-05 9.99735E-05
0.0475092 0.952191 9.99736E-05 9.99736E-05 9.99736E-05
0.55379 0.0821702 0.36384 9.99824E-05 9.99824E-05
0.02339 0.651067 0.00748911 9.99912E-05 0.317954
0.155268 0.118407 0.165741 0.477132 0.0834528
0.21525 9.99824E-05 9.99824E-05 0.720807 0.0637426
9.99913E-05 0.554287 0.00832259 0.202125 0.235165
0.0241395 9.99825E-05 0.904711 0.0709492 9.99825E-05
0.0102327 9.99823E-05 9.99823E-05 0.20564 0.783927
9.99735E-05 0.829221 0.170479 9.99735E-05 9.99735E-05
0.0283308 0.392042 0.579427 9.99824E-05 9.99824E-05
9.997E-05 9.997E-05 9.997E-05 0.9996 9.997E-05
9.99825E-05 0.826324 9.99825E-05 0.00476778 0.168708
9.99824E-05 0.45271 0.237936 9.99824E-05 0.309154
9.99826E-05 0.255036 0.334347 9.99826E-05 0.410417
0.128027 0.477049 0.029335 0.365489 9.99912E-05
9.99824E-05 0.551835 9.99824E-05 0.0576277 0.390338
0.377193 0.405554 0.217053 9.99824E-05 9.99824E-05
0.37358 9.99822E-05 0.431759 9.99822E-05 0.194461
0.373651 9.99826E-05 0.452321 9.99826E-05 0.173828
9.99824E-05 0.0514228 0.169074 9.99824E-05 0.779303
9.99912E-05 0.268724 0.434677 0.29578 0.000718565
9.99824E-05 0.784267 0.171903 0.0436298 9.99824E-05
9.99735E-05 0.622382 9.99735E-05 0.377318 9.99735E-05
9.99737E-05 0.0165829 0.983117 9.99737E-05 9.99737E-05
9.99825E-05 0.89245 0.050224 0.0571262 9.99825E-05
9.99738E-05 0.852104 9.99738E-05 9.99738E-05 0.147597
9.99913E-05 0.506164 0.459318 0.0126913 0.0217262
0.0206455 0.696561 0.282594 9.99824E-05 9.99824E-05
9.99736E-05 0.553515 9.99736E-05 0.446185 9.99736E-05
0.233575 0.147843 0.370234 9.99912E-05 0.248248
0.0861196 9.99738E-05 0.913581 9.99738E-05 9.99738E-05
9.99737E-05 0.898045 9.99737E-05 9.99737E-05 0.101655
0.703488 0.296212 9.99735E-05 9.99735E-05 9.99735E-05
0.286465 9.99824E-05 0.0516267 9.99824E-05 0.661708
9.99737E-05 9.99737E-05 0.897013 9.99737E-05 0.102687
0.351281 9.99826E-05 0.252962 9.99826E-05 0.395557
0.259777 9.99825E-05 0.550356 9.99825E-05 0.189667
0.12955 0.646787 0.115298 9.99912E-05 0.108265
9.99824E-05 9.99824E-05 0.643541 0.354095 0.00216399
9.99736E-05 0.361165 0.638535 9.99736E-05 9.99736E-05
0.266409 0.671014 0.0623766 9.99825E-05 9.99825E-05
0.797497 9.99825E-05 9.99825E-05 0.018036 0.184267
0.127805 0.223632 0.495464 0.152999 9.99912E-05
0.302511 0.697189 9.99736E-05 9.99736E-05 9.99736E-05
9.99825E-05 0.344163 0.592903 9.99825E-05 0.0627346
0.155615 0.127417 0.319779 0.397089 9.99913E-05
0.476506 9.99824E-05 0.412606 9.99824E-05 0.110687
0.174293 0.513481 0.293127 9.99913E-05 0.0189992
9.99825E-05 0.433509 9.99825E-05 0.0759069 0.490384
0.738709 9.99826E-05 9.99826E-05 0.232121 0.0289696
0.303542 9.99823E-05 0.554457 0.141801 9.99823E-05
0.123485 9.99737E-05 0.876215 9.99737E-05 9.99737E-05
0.192636 9.99824E-05 9.99824E-05 0.679923 0.127241
9.99736E-05 0.840448 9.99736E-05 0.159253 9.99736E-05
0.217276 0.278711 0.503813 9.99823E-05 9.99823E-05
9.997E-05 9.997E-05 0.9996 9.997E-05 9.997E-05
9.99736E-05 0.0443059 0.955394 9.99736E-05 9.99736E-05
9.99735E-05 9.99735E-05 0.262596 9.99735E-05 0.737104
9.99912E-05 0.203671 0.350032 0.0734304 0.372767
9.99912E-05 0.123807 0.0269702 0.393572 0.455552
9.99824E-05 0.373991 9.99824E-05 0.576364 0.0494458
9.99823E-05 0.0084823 0.363294 9.99823E-05 0.628024
0.0586242 0.783322 0.09623 9.99913E-05 0.0617235
0.607978 9.99736E-05 0.391722 9.99736E-05 9.99736E-05
