9.99561E-05 0.263377 9.99561E-05 0.372292 9.99561E-05 9.99561E-05 0.363831 9.99561E-05
9.99652E-05 0.268251 0.00126122 0.513114 9.99652E-05 0.216974 9.99652E-05 9.99652E-05
9.99474E-05 0.953657 9.99474E-05 9.99474E-05 9.99474E-05 9.99474E-05 9.99474E-05 0.0457434
9.99648E-05 9.99648E-05 9.99648E-05 0.572472 0.0834842 0.0234205 0.320223 9.99648E-05
0.120629 0.179191 9.99648E-05 0.0848066 9.99648E-05 0.614973 9.99648E-05 9.99648E-05
0.467115 9.99649E-05 0.0856667 0.365057 9.99649E-05 9.99649E-05 0.0817616 9.99649E-05
9.99474E-05 9.99474E-05 9.99474E-05 0.428073 9.99474E-05 9.99474E-05 0.571327 9.99474E-05
0.0249983 0.28669 9.99647E-05 9.99647E-05 0.639791 0.0481205 9.99647E-05 9.99647E-05
9.99563E-05 0.657696 9.99563E-05 9.99563E-05 0.195018 9.99563E-05 0.146786 9.99563E-05
9.99649E-05 0.0623446 0.222849 0.653487 9.99649E-05 0.0609195 9.99649E-05 9.99649E-05
9.99562E-05 9.99562E-05 0.0845909 9.99562E-05 9.99562E-05 0.131574 0.783336 9.99562E-05
0.102402 9.99562E-05 9.99562E-05 0.106672 9.99562E-05 9.99562E-05 9.99562E-05 0.790427
9.99563E-05 9.99563E-05 9.99563E-05 0.422919 0.0597709 0.51681 9.99563E-05 9.99563E-05
9.99648E-05 0.0382746 9.99648E-05 0.371617 9.99648E-05 0.143053 0.446656 9.99648E-05
0.293069 0.0240278 9.99562E-05 9.99562E-05 0.682403 9.99562E-05 9.99562E-05 9.99562E-05
9.99562E-05 0.343492 9.99562E-05 0.282763 9.99562E-05 0.373245 9.99562E-05 9.99562E-05
0.0920287 0.331498 9.99824E-05 0.0862252 0.18699 0.0164035 0.286655 9.99824E-05
0.149081 0.165711 0.341613 9.99648E-05 9.99648E-05 9.99648E-05 0.343196 9.99648E-05
0.536507 0.0648013 9.99736E-05 0.155821 9.99736E-05 0.0359763 0.206595 9.99736E-05
0.345444 9.99736E-05 9.99736E-05 0.245841 0.111965 9.99736E-05 0.0995811 0.196869
9.99736E-05 9.99736E-05 0.0937383 0.138166 9.99736E-05 0.548661 0.00352513 0.215609
0.00345823 9.99648E-05 9.99648E-05 0.633856 9.99648E-05 0.149031 0.213255 9.99648E-05
0.0924316 9.99648E-05 9.99648E-05 9.99648E-05 9.99648E-05 0.10781 0.297548 0.501811
9.99646E-05 9.99646E-05 0.258826 0.245633 9.99646E-05 0.442084 0.0530572 9.99646E-05
0.0359471 0.544443 9.99736E-05 0.273782 0.0112487 0.134279 9.99736E-05 9.99736E-05
0.343023 0.146592 0.023426 9.99738E-05 9.99738E-05 0.149954 9.99738E-05 0.336706
0.314467 0.469203 9.99735E-05 0.0933818 9.99735E-05 0.00274128 0.119906 9.99735E-05
0.0950012 9.996E-05 0.107825 0.538428 9.996E-05 0.258346 9.996E-05 9.996E-05
0.748894 9.99563E-05 9.99563E-05 9.99563E-05 0.0489998 0.201606 9.99563E-05 9.99563E-05
0.0794416 9.99647E-05 9.99647E-05 0.128358 9.99647E-05 0.318348 9.99647E-05 0.473452
0.725639 9.99559E-05 0.023302 9.99559E-05 0.25056 9.99559E-05 9.99559E-05 9.99559E-05
9.99559E-05 9.99559E-05 9.99559E-05 0.295187 0.336314 9.99559E-05 9.99559E-05 0.367999
0.110992 9.99559E-05 9.99559E-05 9.99559E-05 0.146123 9.99559E-05 9.99559E-05 0.742385
9.9956E-05 9.9956E-05 9.9956E-05 9.9956E-05 0.649285 0.172233 0.177982 9.9956E-05
9.99476E-05 9.99476E-05 9.99476E-05 0.728402 9.99476E-05 0.270998 9.99476E-05 9.99476E-05
0.0860228 0.465761 9.99649E-05 0.244765 9.99649E-05 0.203051 9.99649E-05 9.99649E-05
9.99648E-05 0.444689 9.99648E-05 9.99648E-05 0.252293 0.0613458 0.241272 9.99648E-05
9.99558E-05 9.99558E-05 0.452696 0.422577 0.124228 9.99558E-05 9.99558E-05 9.99558E-05
0.242575 0.164912 9.99647E-05 0.467401 0.124712 9.99647E-05 9.99647E-05 9.99647E-05
0.510355 0.142696 9.99736E-05 0.0377979 0.0623893 9.99736E-05 0.246461 9.99736E-05
0.235011 0.6237 9.9965E-05 0.124628 9.9965E-05 0.0162614 9.9965E-05 9.9965E-05
0.101139 0.666234 9.99648E-05 9.99648E-05 0.198501 0.0337262 9.99648E-05 9.99648E-05
9.99648E-05 9.99648E-05 0.0601465 0.115017 9.99648E-05 0.107454 0.716983 9.99648E-05
9.99562E-05 0.298748 9.99562E-05 9.99562E-05 9.99562E-05 0.45365 0.247102 9.99562E-05
0.187665 0.206345 9.99737E-05 9.99737E-05 0.384828 0.0775002 0.143362 9.99737E-05
0.254723 0.469037 9.9956E-05 9.9956E-05 9.9956E-05 9.9956E-05 0.27574 9.9956E-05
9.99738E-05 0.0374465 0.172811 0.0390316 0.239677 9.99738E-05 0.510734 9.99738E-05
0.158366 9.99649E-05 9.99649E-05 0.238256 9.99649E-05 0.564839 9.99649E-05 0.0381384
0.112692 0.0915947 9.99823E-05 0.0567609 9.99823E-05 0.443152 0.0340417 0.261558
0.357665 0.0303919 9.99648E-05 9.99648E-05 0.37262 9.99648E-05 0.238923 9.99648E-05
0.00907761 0.294329 0.235416 0.251087 9.99737E-05 0.209791 9.99737E-05 9.99737E-05
9.99648E-05 0.240497 9.99648E-05 9.99648E-05 9.99648E-05 0.313515 0.264983 0.180605
9.99565E-05 0.0550857 9.99565E-05 9.99565E-05 9.99565E-05 9.99565E-05 0.694394 0.25002
0.603517 9.99559E-05 9.99559E-05 9.99559E-05 9.99559E-05 0.0802262 0.315757 9.99559E-05
0.592695 9.99559E-05 9.99559E-05 0.267641 9.99559E-05 9.99559E-05 9.99559E-05 0.139164
0.516026 0.356823 9.99558E-05 0.126651 9.99558E-05 9.99558E-05 9.99558E-05 9.99558E-05
0.468286 0.0539191 9.99647E-05 0.0546202 9.99647E-05 0.422774 9.99647E-05 9.99647E-05
9.9956E-05 9.9956E-05 9.9956E-05 0.264665 9.9956E-05 0.544602 0.190233 9.9956E-05
9.99648E-05 0.526744 0.0854407 0.284027 9.99648E-05 0.103389 9.99648E-05 9.99648E-05
9.99647E-05 0.17839 9.99647E-05 0.187214 9.99647E-05 0.461682 0.172315 9.99647E-05
0.334824 9.99649E-05 9.99649E-05 0.155237 0.00631657 9.99649E-05 0.503223 9.99649E-05
0.493572 0.0681475 9.99648E-05 0.170789 9.99648E-05 9.99648E-05 9.99648E-05 0.267092
0.13209 0.0776656 9.99559E-05 9.99559E-05 9.99559E-05 0.789744 9.99559E-05 9.99559E-05
9.99472E-05 9.99472E-05 9.99472E-05 9.99472E-05 9.99472E-05 0.156717 9.99472E-05 0.842683
9.99564E-05 9.99564E-05 0.0392486 9.99564E-05 9.99564E-05 0.901238 9.99564E-05 0.0590139
9.99647E-05 9.99647E-05 9.99647E-05 0.51015 0.0225712 0.0976583 0.369221 9.99647E-05
0.179986 9.99735E-05 9.99735E-05 0.332318 0.0750394 0.237288 9.99735E-05 0.175069
9.99737E-05 9.99737E-05 0.35728 0.365962 9.99737E-05 0.0136735 0.043555 0.219229
9.99646E-05 9.99646E-05 9.99646E-05 0.0533551 0.0162492 0.435004 9.99646E-05 0.494991
9.99736E-05 0.22934 0.0811107 0.239032 9.99736E-05 0.0971056 9.99736E-05 0.353112
0.192867 9.99561E-05 9.99561E-05 9.99561E-05 9.99561E-05 9.99561E-05 0.465268 0.341365
0.105266 9.9956E-05 9.9956E-05 9.9956E-05 9.9956E-05 0.582247 9.9956E-05 0.311987
0.377279 0.131211 9.99561E-05 9.99561E-05 9.99561E-05 0.49101 9.99561E-05 9.99561E-05
9.99473E-05 0.0831134 0.916287 9.99473E-05 9.99473E-05 9.99473E-05 9.99473E-05 9.99473E-05
9.99563E-05 0.977993 9.99563E-05 0.000522191 9.99563E-05 9.99563E-05 0.0209854 9.99563E-05
0.103308 9.99734E-05 0.0875508 0.238686 0.356397 0.213758 9.99734E-05 9.99734E-05
0.524365 9.99559E-05 9.99559E-05 9.99559E-05 9.99559E-05 0.269782 9.99559E-05 0.205353
0.178383 0.182947 9.99736E-05 0.104112 9.99736E-05 0.328103 9.99736E-05 0.206156
0.516183 9.99559E-05 0.136881 0.346436 9.99559E-05 9.99559E-05 9.99559E-05 9.99559E-05
0.31004 9.99563E-05 9.99563E-05 0.0473482 9.99563E-05 9.99563E-05 9.99563E-05 0.642112
9.9956E-05 0.45338 9.9956E-05 0.505416 9.9956E-05 0.0407042 9.9956E-05 9.9956E-05
9.99475E-05 9.99475E-05 9.99475E-05 9.99475E-05 9.99475E-05 9.99475E-05 0.355786 0.643614
9.99648E-05 9.99648E-05 9.99648E-05 9.99648E-05 0.332616 0.27469 0.0245755 0.367718
0.812801 9.99473E-05 9.99473E-05 9.99473E-05 9.99473E-05 0.186599 9.99473E-05 9.99473E-05
0.289478 9.99649E-05 0.202674 0.014281 9.99649E-05 9.99649E-05 0.493167 9.99649E-05
0.864179 9.99561E-05 9.99561E-05 9.99561E-05 9.99561E-05 0.00943639 0.125885 9.99561E-05
0.246275 0.322099 9.99559E-05 9.99559E-05 9.99559E-05 9.99559E-05 0.431127 9.99559E-05
9.99823E-05 0.121381 9.99823E-05 0.43159 0.0293243 0.00516357 0.0901119 0.32223
0.438448 9.99739E-05 0.0148126 0.125768 9.99739E-05 0.101282 0.31939 9.99739E-05
0.518989 0.306387 9.99559E-05 9.99559E-05 9.99559E-05 9.99559E-05 9.99559E-05 0.174124
0.0182109 9.99559E-05 0.434887 9.99559E-05 9.99559E-05 0.546402 9.99559E-05 9.99559E-05
9.99563E-05 0.105043 9.99563E-05 0.604255 0.290202 9.99563E-05 9.99563E-05 9.99563E-05
0.269759 9.99735E-05 0.0273074 0.0528343 9.99735E-05 0.0645748 0.585225 9.99735E-05
0.186111 0.569468 0.243921 9.99559E-05 9.99559E-05 9.99559E-05 9.99559E-05 9.99559E-05
9.99648E-05 9.99648E-05 0.252728 0.205972 9.99648E-05 0.499965 9.99648E-05 0.0409346
9.99473E-05 9.99473E-05 9.99473E-05 0.741751 0.257649 9.99473E-05 9.99473E-05 9.99473E-05
9.99647E-05 0.27849 0.122363 0.213689 0.385059 9.99647E-05 9.99647E-05 9.99647E-05
0.29207 9.99651E-05 0.109745 0.036283 9.99651E-05 9.99651E-05 0.561502 9.99651E-05
9.99473E-05 9.99473E-05 0.244115 9.99473E-05 9.99473E-05 9.99473E-05 0.755286 9.99473E-05
0.221735 9.99649E-05 9.99649E-05 9.99649E-05 9.99649E-05 0.404642 0.240867 0.132357
9.99561E-05 9.99561E-05 0.24808 0.160432 9.99561E-05 9.99561E-05 0.590988 9.99561E-05
9.99564E-05 9.99564E-05 9.99564E-05 9.99564E-05 9.99564E-05 0.559443 0.179853 0.260204
9.99561E-05 9.99561E-05 0.177928 0.802466 9.99561E-05 9.99561E-05 9.99561E-05 0.0191062
0.536796 9.99473E-05 9.99473E-05 9.99473E-05 9.99473E-05 9.99473E-05 9.99473E-05 0.462604
0.148962 0.0177402 9.99735E-05 0.0275339 9.99735E-05 9.99735E-05 0.50056 0.304904
0.54783 9.99652E-05 9.99652E-05 0.030364 0.212188 9.99652E-05 0.209218 9.99652E-05
9.99647E-05 0.0325385 0.259472 9.99647E-05 9.99647E-05 0.293881 0.413709 9.99647E-05
9.99559E-05 9.99559E-05 9.99559E-05 0.402368 9.99559E-05 9.99559E-05 0.42481 0.172322
0.240125 9.99825E-05 9.99825E-05 0.218649 0.0175637 0.0603369 0.0565094 0.406616
9.9956E-05 0.738468 9.9956E-05 9.9956E-05 9.9956E-05 0.125733 9.9956E-05 0.1353
0.0803995 9.9965E-05 9.9965E-05 9.9965E-05 0.00670409 0.830988 0.0815083 9.9965E-05
0.227882 9.99559E-05 9.99559E-05 0.708975 9.99559E-05 0.0626432 9.99559E-05 9.99559E-05
9.99734E-05 9.99734E-05 0.0620505 0.474451 0.0162879 0.112591 0.33432 9.99734E-05
0.791758 0.207643 9.9947E-05 9.9947E-05 9.9947E-05 9.9947E-05 9.9947E-05 9.9947E-05
0.181306 9.9965E-05 0.287497 0.229382 0.301414 9.9965E-05 9.9965E-05 9.9965E-05
0.00321072 9.99648E-05 0.929589 0.029743 9.99648E-05 0.0370577 9.99648E-05 9.99648E-05
9.99735E-05 0.237178 9.99735E-05 0.131982 0.00285478 0.603613 0.0240723 9.99735E-05
0.104044 0.142488 0.0048772 0.227497 9.99826E-05 0.417973 9.99826E-05 0.102921
0.506291 9.9956E-05 9.9956E-05 0.463587 9.9956E-05 9.9956E-05 9.9956E-05 0.0296227
9.9956E-05 9.9956E-05 9.9956E-05 0.0528982 9.9956E-05 0.695956 0.250646 9.9956E-05
9.99735E-05 9.99735E-05 0.343423 0.0809716 0.347428 0.110883 0.116994 9.99735E-05
9.996E-05 9.996E-05 0.160448 9.996E-05 0.105253 0.514473 0.219426 9.996E-05
0.513947 0.109287 0.00334465 0.240093 9.99735E-05 9.99735E-05 0.133029 9.99735E-05
9.99561E-05 9.99561E-05 9.99561E-05 0.508348 0.135859 9.99561E-05 0.355293 9.99561E-05
9.99649E-05 9.99649E-05 0.260537 9.99649E-05 9.99649E-05 0.0537003 0.507138 0.178226
0.0169128 0.197012 9.99649E-05 0.380826 9.99649E-05 0.40485 9.99649E-05 9.99649E-05
0.0814001 9.99912E-05 0.133763 0.219727 0.00240662 0.121619 0.246176 0.194809
0.0729791 9.99559E-05 9.99559E-05 0.765911 9.99559E-05 0.16061 9.99559E-05 9.99559E-05
9.994E-05 9.994E-05 9.994E-05 0.9993 9.994E-05 9.994E-05 9.994E-05 9.994E-05
9.9965E-05 9.9965E-05 0.509639 9.9965E-05 0.432943 9.9965E-05 0.0497944 0.00722358
9.99559E-05 9.99559E-05 9.99559E-05 0.680061 9.99559E-05 0.0327764 0.286663 9.99559E-05
0.555548 0.171881 9.99651E-05 9.99651E-05 9.99651E-05 0.108258 0.163913 9.99651E-05
9.99563E-05 0.101854 9.99563E-05 0.554161 9.99563E-05 0.343486 9.99563E-05 9.99563E-05
9.99562E-05 0.295059 0.148733 9.99562E-05 9.99562E-05 0.555708 9.99562E-05 9.99562E-05
0.463961 0.0158133 9.99569E-05 9.99569E-05 9.99569E-05 9.99569E-05 9.99569E-05 0.519726
0.307298 9.996E-05 0.329826 9.996E-05 0.260854 9.996E-05 0.101622 9.996E-05
9.99647E-05 0.101407 9.99647E-05 0.0144735 9.99647E-05 0.749449 0.13427 9.99647E-05
0.240968 9.99474E-05 9.99474E-05 0.758432 9.99474E-05 9.99474E-05 9.99474E-05 9.99474E-05
0.0236786 9.99651E-05 9.99651E-05 0.344246 9.99651E-05 9.99651E-05 0.191122 0.440553
9.99649E-05 0.0713111 9.99649E-05 0.317193 0.0049677 9.99649E-05 0.606128 9.99649E-05
0.0243626 9.99737E-05 0.0655772 0.0306567 9.99737E-05 9.99737E-05 0.626171 0.252933
0.0749763 9.99647E-05 0.425653 0.24059 9.99647E-05 9.99647E-05 9.99647E-05 0.258381
0.191385 9.9956E-05 9.9956E-05 0.75071 9.9956E-05 9.9956E-05 9.9956E-05 0.0574049
0.543244 0.0126879 9.99823E-05 0.216231 0.0959358 0.0381276 9.99823E-05 0.0935735
0.327221 9.99651E-05 9.99651E-05 0.395721 9.99651E-05 9.99651E-05 0.236699 0.0399591
0.204004 9.99649E-05 0.081005 9.99649E-05 0.465427 9.99649E-05 0.249165 9.99649E-05
0.29743 9.99559E-05 9.99559E-05 0.134754 9.99559E-05 9.99559E-05 0.567316 9.99559E-05
9.99559E-05 9.99559E-05 9.99559E-05 0.340695 0.606798 9.99559E-05 0.0520072 9.99559E-05
9.99651E-05 9.99651E-05 9.99651E-05 0.248638 0.315015 9.99651E-05 0.262838 0.17311
0.272795 0.362756 9.99647E-05 0.20989 0.154159 9.99647E-05 9.99647E-05 9.99647E-05
9.99648E-05 0.0171124 9.99648E-05 0.252431 9.99648E-05 9.99648E-05 0.208433 0.521624
9.99652E-05 9.99652E-05 0.0776488 0.526866 0.0709619 9.99652E-05 0.324123 9.99652E-05
0.138042 0.202819 9.99736E-05 0.394784 0.0601339 9.99736E-05 0.203921 9.99736E-05
0.182861 9.99646E-05 9.99646E-05 0.248942 0.0356821 0.532115 9.99646E-05 9.99646E-05
9.99648E-05 0.188468 9.99648E-05 9.99648E-05 9.99648E-05 0.365268 0.180988 0.264876
9.99562E-05 0.478573 0.0474061 9.99562E-05 0.473521 9.99562E-05 9.99562E-05 9.99562E-05
0.345868 0.259755 9.99647E-05 0.13752 0.256458 9.99647E-05 9.99647E-05 9.99647E-05
9.9965E-05 0.248616 9.9965E-05 0.500796 9.9965E-05 0.226804 0.0233834 9.9965E-05
9.99475E-05 0.215267 9.99475E-05 9.99475E-05 9.99475E-05 0.784133 9.99475E-05 9.99475E-05
0.53009 0.0121241 9.99645E-05 0.24496 9.99645E-05 9.99645E-05 9.99645E-05 0.212426
0.679055 0.227874 9.99648E-05 0.031392 9.99648E-05 9.99648E-05 0.0612787 9.99648E-05
9.9956E-05 9.9956E-05 0.140703 9.9956E-05 9.9956E-05 0.830155 0.0286422 9.9956E-05
9.99561E-05 9.99561E-05 0.420475 9.99561E-05 0.11756 9.99561E-05 0.461466 9.99561E-05
0.674661 0.0283741 0.0148224 0.0768472 9.99736E-05 0.204996 9.99736E-05 9.99736E-05
0.202876 9.99565E-05 0.387258 9.99565E-05 9.99565E-05 0.409366 9.99565E-05 9.99565E-05
0.598491 9.99648E-05 0.0603821 0.0980992 9.99648E-05 9.99648E-05 0.242628 9.99648E-05
0.332761 0.370347 9.99647E-05 9.99647E-05 9.99647E-05 0.24891 9.99647E-05 0.047581
0.0637852 9.99824E-05 0.0602361 9.99824E-05 0.132665 0.236009 0.480067 0.0270376
0.35381 0.236709 0.166776 0.0690606 0.0235526 0.149891 9.99824E-05 9.99824E-05
0.884872 9.99472E-05 0.114528 9.99472E-05 9.99472E-05 9.99472E-05 9.99472E-05 9.99472E-05
0.472533 9.99647E-05 9.99647E-05 0.235094 9.99647E-05 9.99647E-05 0.234064 0.0579094
9.99563E-05 9.99563E-05 9.99563E-05 9.99563E-05 0.257524 0.61133 9.99563E-05 0.130646
0.133285 9.99824E-05 0.124592 0.249116 0.0310932 0.255411 0.206302 9.99824E-05
9.99561E-05 0.0249567 0.241263 0.733281 9.99561E-05 9.99561E-05 9.99561E-05 9.99561E-05
0.162073 0.405706 9.99651E-05 9.99651E-05 9.99651E-05 0.198267 0.233555 9.99651E-05
0.485374 0.0122894 0.292646 9.996E-05 9.996E-05 9.996E-05 0.209291 9.996E-05
0.391972 9.99646E-05 0.0250051 0.270102 9.99646E-05 9.99646E-05 9.99646E-05 0.312521
0.531212 9.99648E-05 0.0731797 9.99648E-05 9.99648E-05 0.227726 9.99648E-05 0.167482
0.199694 9.9956E-05 9.9956E-05 9.9956E-05 9.9956E-05 0.388433 9.9956E-05 0.411373
0.239623 0.386943 9.99647E-05 9.99647E-05 9.99647E-05 0.163255 0.209778 9.99647E-05
0.0741789 9.99736E-05 9.99736E-05 0.219246 0.041719 9.99736E-05 0.500324 0.164232
0.10359 9.99649E-05 9.99649E-05 0.524712 9.99649E-05 0.153318 0.217981 9.99649E-05
0.481006 0.0624853 9.99824E-05 0.105521 9.99824E-05 0.0521509 0.0602499 0.238387
0.402815 9.99735E-05 0.0366558 0.522476 0.00895674 9.99735E-05 0.0287964 9.99735E-05
0.388339 9.99562E-05 0.0283608 0.582801 9.99562E-05 9.99562E-05 9.99562E-05 9.99562E-05
0.0153008 0.0267293 0.316547 0.101639 9.99823E-05 9.99823E-05 0.414655 0.124929
0.202757 9.9965E-05 9.9965E-05 0.425731 9.9965E-05 0.0826206 9.9965E-05 0.288492
0.306823 9.99739E-05 0.108116 9.99739E-05 0.343669 0.133576 9.99739E-05 0.107516
9.9956E-05 0.18261 9.9956E-05 9.9956E-05 9.9956E-05 9.9956E-05 0.530385 0.286505
9.994E-05 9.994E-05 9.994E-05 9.994E-05 9.994E-05 9.994E-05 0.9993 9.994E-05
0.135723 0.0142716 0.304926 9.99824E-05 0.238217 0.20644 0.100222 9.99824E-05
0.378398 9.99648E-05 0.219069 9.99648E-05 9.99648E-05 0.132805 0.269328 9.99648E-05
9.99561E-05 0.623553 9.99561E-05 9.99561E-05 9.99561E-05 9.99561E-05 0.327163 0.0487842
9.99648E-05 0.0633211 9.99648E-05 9.99648E-05 9.99648E-05 0.3175 0.249898 0.368881
9.99649E-05 0.139514 0.531031 0.223013 0.106042 9.99649E-05 9.99649E-05 9.99649E-05
0.369205 0.185766 0.00877919 9.99734E-05 0.414824 0.0211253 9.99734E-05 9.99734E-05
0.166592 9.99561E-05 0.167681 0.665227 9.99561E-05 9.99561E-05 9.99561E-05 9.99561E-05
9.9947E-05 9.9947E-05 9.9947E-05 9.9947E-05 9.9947E-05 0.800538 9.9947E-05 0.198863
0.232862 0.347999 0.0603345 0.341472 0.0170327 9.99736E-05 9.99736E-05 9.99736E-05
0.00991118 0.37 9.99647E-05 0.414549 9.99647E-05 9.99647E-05 0.20514 9.99647E-05
0.547376 9.99649E-05 0.102481 9.99649E-05 9.99649E-05 0.239002 9.99649E-05 0.110741
0.212332 9.99647E-05 0.254674 9.99647E-05 0.00693906 0.525655 9.99647E-05 9.99647E-05
0.425897 9.9965E-05 0.110737 0.356007 9.9965E-05 9.9965E-05 9.9965E-05 0.106959
9.99649E-05 9.99649E-05 0.300876 0.108228 0.0794393 9.99649E-05 9.99649E-05 0.511057
9.99474E-05 9.99474E-05 9.99474E-05 0.954012 9.99474E-05 9.99474E-05 0.0453878 9.99474E-05
9.99648E-05 0.141474 9.99648E-05 0.680275 0.0226453 9.99648E-05 0.155206 9.99648E-05
0.0286892 9.99559E-05 9.99559E-05 9.99559E-05 9.99559E-05 0.00178949 0.969022 9.99559E-05
0.117407 0.160291 9.997E-05 0.301014 0.141118 0.279871 9.997E-05 9.997E-05
9.99559E-05 0.405353 9.99559E-05 9.99559E-05 0.254876 9.99559E-05 9.99559E-05 0.339271
9.99562E-05 9.99562E-05 9.99562E-05 0.324414 9.99562E-05 0.25111 9.99562E-05 0.423977
9.99563E-05 9.99563E-05 0.0741247 9.99563E-05 9.99563E-05 0.876342 0.0490331 9.99563E-05
9.99559E-05 9.99559E-05 9.99559E-05 9.99559E-05 9.99559E-05 0.371783 0.54703 0.0806874
9.99735E-05 0.0276664 0.322846 9.99735E-05 0.295368 0.280866 0.0729541 9.99735E-05
9.99564E-05 9.99564E-05 0.295079 0.406633 9.99564E-05 0.297788 9.99564E-05 9.99564E-05
9.99647E-05 9.99647E-05 9.99647E-05 0.365379 0.110073 0.463039 0.061109 9.99647E-05
0.510919 0.040886 0.209725 9.99738E-05 0.0183285 0.219841 9.99738E-05 9.99738E-05
0.639923 9.99563E-05 0.165005 9.99563E-05 9.99563E-05 9.99563E-05 0.194572 9.99563E-05
9.99824E-05 0.501701 9.99824E-05 0.0998833 0.0338713 0.289262 0.037281 0.037801
9.99471E-05 9.99471E-05 9.99471E-05 0.681112 9.99471E-05 9.99471E-05 0.318288 9.99471E-05
9.99471E-05 9.99471E-05 9.99471E-05 0.729739 9.99471E-05 9.99471E-05 0.269661 9.99471E-05
9.99825E-05 0.0247212 0.297619 0.288887 0.0468858 9.99825E-05 0.0965727 0.245114
9.99646E-05 9.99646E-05 9.99646E-05 0.606733 9.99646E-05 0.121649 0.0319374 0.239281
0.365663 0.0178017 9.99561E-05 0.616035 9.99561E-05 9.99561E-05 9.99561E-05 9.99561E-05
0.39391 9.99562E-05 0.03349 9.99562E-05 9.99562E-05 9.99562E-05 0.5721 9.99562E-05
9.994E-05 9.994E-05 9.994E-05 9.994E-05 9.994E-05 0.9993 9.994E-05 9.994E-05
9.99564E-05 0.184173 9.99564E-05 0.404876 9.99564E-05 0.410452 9.99564E-05 9.99564E-05
0.462131 9.99649E-05 0.0218329 0.265377 9.99649E-05 9.99649E-05 9.99649E-05 0.250259
0.351647 9.99825E-05 0.0396494 0.14749 0.356741 0.0490055 9.99825E-05 0.0552674
0.164671 9.99564E-05 0.140587 0.694242 9.99564E-05 9.99564E-05 9.99564E-05 9.99564E-05
0.553998 9.99475E-05 9.99475E-05 9.99475E-05 9.99475E-05 0.445402 9.99475E-05 9.99475E-05
0.00235695 9.99562E-05 9.99562E-05 0.633089 9.99562E-05 0.364054 9.99562E-05 9.99562E-05
0.180952 9.99823E-05 0.371417 0.0141291 0.101181 0.112149 9.99823E-05 0.219972
0.72255 0.194689 0.0310871 9.99648E-05 9.99648E-05 9.99648E-05 0.0512736 9.99648E-05
9.99561E-05 9.99561E-05 9.99561E-05 0.501454 0.031989 0.466058 9.99561E-05 9.99561E-05
0.118861 0.110395 0.0489048 0.588391 0.0136204 0.119627 9.998E-05 9.998E-05
0.221449 9.99735E-05 9.99735E-05 0.0742283 0.00906069 0.498268 0.196695 9.99735E-05
0.958996 9.99479E-05 9.99479E-05 9.99479E-05 9.99479E-05 9.99479E-05 9.99479E-05 0.0404043
0.380441 0.054013 9.99734E-05 0.111747 0.0448572 9.99734E-05 0.408641 9.99734E-05
0.0040096 9.99735E-05 9.99735E-05 0.128665 0.230666 0.192103 9.99735E-05 0.444256
0.00593061 9.99646E-05 9.99646E-05 0.262732 0.189546 9.99646E-05 0.541392 9.99646E-05
0.429831 9.99562E-05 9.99562E-05 0.478073 0.0915963 9.99562E-05 9.99562E-05 9.99562E-05
9.99647E-05 9.99647E-05 0.549403 0.144585 9.99647E-05 9.99647E-05 0.223733 0.0818796
9.996E-05 0.407161 9.996E-05 0.0668116 0.250678 0.274949 9.996E-05 9.996E-05
9.99561E-05 9.99561E-05 9.99561E-05 9.99561E-05 0.523585 0.252735 0.22318 9.99561E-05
0.010389 9.99647E-05 0.216731 0.642087 9.99647E-05 9.99647E-05 0.130393 9.99647E-05
0.106293 9.99561E-05 9.99561E-05 9.99561E-05 9.99561E-05 0.0825285 0.810679 9.99561E-05
9.99561E-05 0.31 9.99561E-05 0.681877 9.99561E-05 9.99561E-05 9.99561E-05 0.00762241
0.111346 9.99738E-05 9.99738E-05 0.271087 0.109104 0.0430109 0.465152 9.99738E-05
0.3601 0.146473 9.99647E-05 9.99647E-05 9.99647E-05 0.0810861 0.411942 9.99647E-05
0.147939 0.0380879 9.99824E-05 0.06092 0.0598206 0.648329 9.99824E-05 0.0447033
0.165533 9.99738E-05 0.0812147 9.99738E-05 0.0690479 0.540362 0.143543 9.99738E-05
9.99562E-05 0.0144859 9.99562E-05 9.99562E-05 0.351847 0.633167 9.99562E-05 9.99562E-05
0.149098 9.9956E-05 9.9956E-05 0.572613 9.9956E-05 0.27779 9.9956E-05 9.9956E-05
0.407809 0.216087 9.99735E-05 0.0697808 9.99735E-05 0.0308837 9.99735E-05 0.27514
9.9956E-05 0.346331 9.9956E-05 0.649997 9.9956E-05 9.9956E-05 9.9956E-05 0.00317188
9.99734E-05 9.99734E-05 9.99734E-05 0.120254 0.134312 0.514915 0.0773834 0.152836
9.99647E-05 0.128737 9.99647E-05 0.406763 9.99647E-05 9.99647E-05 0.274609 0.18949
9.9956E-05 0.173017 0.315661 9.9956E-05 9.9956E-05 0.510822 9.9956E-05 9.9956E-05
0.656307 9.9956E-05 9.9956E-05 0.321014 9.9956E-05 9.9956E-05 9.9956E-05 0.022179
0.458679 9.99564E-05 0.459236 9.99564E-05 9.99564E-05 9.99564E-05 0.0815857 9.99564E-05
9.99824E-05 0.0187781 0.126809 0.0238562 0.0816982 0.487302 0.261356 9.99824E-05
