0.0295811 9.99647E-05 0.291331 9.99647E-05 0.00725529 9.99647E-05 9.99647E-05 0.671432
9.99735E-05 9.99735E-05 9.99735E-05 0.00953472 0.445434 0.0456206 0.182526 0.316585
9.99649E-05 9.99649E-05 0.257651 0.0182404 9.99649E-05 9.99649E-05 0.236848 0.48686
9.99562E-05 9.99562E-05 0.282873 9.99562E-05 0.0922044 0.624423 9.99562E-05 9.99562E-05
9.99561E-05 9.99561E-05 9.99561E-05 0.0199614 9.99561E-05 0.0779326 0.901606 9.99561E-05
9.99475E-05 9.99475E-05 0.408245 9.99475E-05 9.99475E-05 9.99475E-05 0.591155 9.99475E-05
9.996E-05 9.996E-05 9.996E-05 0.640753 9.996E-05 0.0243127 0.184615 0.149919
9.99471E-05 0.909871 9.99471E-05 0.0895293 9.99471E-05 9.99471E-05 9.99471E-05 9.99471E-05
0.309969 0.269032 0.24635 9.99647E-05 9.99647E-05 9.99647E-05 9.99647E-05 0.174249
0.070886 9.99736E-05 9.99736E-05 0.0196231 9.99736E-05 0.424753 0.207504 0.276934
0.174353 0.102868 0.192865 9.99823E-05 9.99823E-05 0.033763 0.316304 0.179647
0.606888 0.304538 0.0270654 9.99649E-05 9.99649E-05 0.0611081 9.99649E-05 9.99649E-05
9.99646E-05 9.99646E-05 0.105917 9.99646E-05 0.0336233 0.613911 9.99646E-05 0.246149
0.278621 0.0169732 9.99647E-05 9.99647E-05 9.99647E-05 0.137097 9.99647E-05 0.566909
0.642004 0.187345 0.170151 9.99559E-05 9.99559E-05 9.99559E-05 9.99559E-05 9.99559E-05
9.99474E-05 9.99474E-05 9.99474E-05 0.673757 9.99474E-05 9.99474E-05 9.99474E-05 0.325643
0.0894985 9.9956E-05 0.607646 0.302356 9.9956E-05 9.9956E-05 9.9956E-05 9.9956E-05
0.461668 9.99558E-05 0.448031 9.99558E-05 9.99558E-05 0.0898007 9.99558E-05 9.99558E-05
0.6078 0.18509 9.99562E-05 0.20661 9.99562E-05 9.99562E-05 9.99562E-05 9.99562E-05
9.99824E-05 0.155356 0.174809 0.145117 0.260772 9.99824E-05 0.0877275 0.176018
9.99562E-05 9.99562E-05 9.99562E-05 9.99562E-05 0.227488 9.99562E-05 0.248669 0.523343
0.0744475 9.99737E-05 9.99737E-05 0.432649 0.208487 0.15157 0.132546 9.99737E-05
0.353799 9.99561E-05 9.99561E-05 9.99561E-05 0.17389 9.99561E-05 0.471811 9.99561E-05
0.280072 0.213873 9.99647E-05 9.99647E-05 0.0698686 0.435786 9.99647E-05 9.99647E-05
0.00418325 9.99736E-05 0.23328 0.298052 0.426609 0.0375761 9.99736E-05 9.99736E-05
0.684756 9.99471E-05 9.99471E-05 9.99471E-05 0.314644 9.99471E-05 9.99471E-05 9.99471E-05
9.99558E-05 0.189646 9.99558E-05 0.464665 9.99558E-05 9.99558E-05 9.99558E-05 0.345189
9.99649E-05 9.99649E-05 9.99649E-05 0.0646203 9.99649E-05 0.251037 0.414344 0.269599
0.0508753 0.0345404 9.99737E-05 9.99737E-05 0.468979 0.187733 9.99737E-05 0.257572
0.122474 0.145604 9.99735E-05 0.17346 9.99735E-05 9.99735E-05 0.403544 0.154618
9.99648E-05 0.0809401 9.99648E-05 9.99648E-05 0.701833 0.0603429 9.99648E-05 0.156484
9.994E-05 9.994E-05 0.9993 9.994E-05 9.994E-05 9.994E-05 9.994E-05 9.994E-05
9.9965E-05 9.9965E-05 0.000187748 0.00221642 9.9965E-05 0.599996 0.3972 9.9965E-05
0.488939 9.99651E-05 0.019792 0.152687 9.99651E-05 9.99651E-05 9.99651E-05 0.338182
9.99561E-05 0.28118 0.583082 9.99561E-05 9.99561E-05 9.99561E-05 0.135238 9.99561E-05
9.99561E-05 9.99561E-05 0.356533 0.24278 9.99561E-05 9.99561E-05 0.400187 9.99561E-05
9.9956E-05 9.9956E-05 0.330939 9.9956E-05 0.416705 0.251856 9.9956E-05 9.9956E-05
0.480876 9.99649E-05 0.109598 9.99649E-05 9.99649E-05 0.18413 0.224997 9.99649E-05
0.460029 9.99557E-05 0.267864 9.99557E-05 9.99557E-05 9.99557E-05 9.99557E-05 0.271607
0.522104 0.140863 0.336534 9.99561E-05 9.99561E-05 9.99561E-05 9.99561E-05 9.99561E-05
9.99475E-05 9.99475E-05 9.99475E-05 9.99475E-05 0.142675 9.99475E-05 0.856726 9.99475E-05
0.733723 9.99472E-05 9.99472E-05 9.99472E-05 9.99472E-05 0.265677 9.99472E-05 9.99472E-05
9.99646E-05 9.99646E-05 0.034066 0.296277 0.525574 0.143684 9.99646E-05 9.99646E-05
0.115445 9.99735E-05 9.99735E-05 0.223821 0.526507 0.110627 9.99735E-05 0.0232996
9.99561E-05 9.99561E-05 0.523389 9.99561E-05 9.99561E-05 9.99561E-05 0.347521 0.12859
9.99736E-05 0.141128 9.99736E-05 0.261245 0.17926 0.0898041 0.328263 9.99736E-05
9.99737E-05 0.367477 0.215816 0.0854833 0.247346 0.0835778 9.99737E-05 9.99737E-05
0.318891 9.9956E-05 9.9956E-05 9.9956E-05 0.093597 9.9956E-05 0.587012 9.9956E-05
0.0105546 9.99648E-05 9.99648E-05 0.349399 9.99648E-05 9.99648E-05 0.438705 0.200942
0.212238 9.99735E-05 0.0201706 0.311469 0.306977 0.148846 9.99735E-05 9.99735E-05
0.173704 9.99824E-05 0.304322 9.99824E-05 0.0345953 0.343635 0.0153366 0.128207
9.99646E-05 0.427823 0.054009 9.99646E-05 0.338639 0.179129 9.99646E-05 9.99646E-05
0.231372 9.99648E-05 9.99648E-05 0.154079 0.433974 9.99648E-05 9.99648E-05 0.180176
9.99646E-05 0.100994 0.59104 0.129179 0.178388 9.99646E-05 9.99646E-05 9.99646E-05
9.99557E-05 9.99557E-05 9.99557E-05 0.264874 0.46053 0.274095 9.99557E-05 9.99557E-05
9.99649E-05 0.227334 0.476165 0.237427 9.99649E-05 9.99649E-05 0.0586741 9.99649E-05
9.9965E-05 0.0659034 9.9965E-05 0.78931 9.9965E-05 9.9965E-05 0.014146 0.130241
0.573051 0.222755 9.99649E-05 0.130661 9.99649E-05 9.99649E-05 0.073132 9.99649E-05
9.99471E-05 0.225262 0.774138 9.99471E-05 9.99471E-05 9.99471E-05 9.99471E-05 9.99471E-05
9.99647E-05 9.99647E-05 0.326387 0.412358 9.99647E-05 0.252214 0.00864093 9.99647E-05
9.99825E-05 0.216539 0.269054 0.226537 0.056257 9.99825E-05 0.213642 0.0177708
0.00915751 0.0641654 0.534839 9.99823E-05 0.106567 9.99823E-05 0.144834 0.140237
9.99474E-05 9.99474E-05 9.99474E-05 9.99474E-05 0.764302 9.99474E-05 9.99474E-05 0.235098
9.99481E-05 0.353305 9.99481E-05 9.99481E-05 9.99481E-05 0.646096 9.99481E-05 9.99481E-05
0.166633 0.204989 0.0581486 9.99735E-05 9.99735E-05 0.207027 9.99735E-05 0.362903
0.735685 9.99472E-05 9.99472E-05 9.99472E-05 9.99472E-05 9.99472E-05 9.99472E-05 0.263715
0.48235 9.99563E-05 9.99563E-05 0.10976 9.99563E-05 9.99563E-05 0.40739 9.99563E-05
0.307204 0.065335 0.0223479 0.0253626 9.99912E-05 0.22521 0.141212 0.213228
0.581164 0.26145 9.99653E-05 0.153332 9.99653E-05 9.99653E-05 9.99653E-05 0.00365426
0.685397 9.99559E-05 0.259361 0.0547419 9.99559E-05 9.99559E-05 9.99559E-05 9.99559E-05
0.0225946 9.99736E-05 9.99736E-05 0.611631 0.200693 0.107875 0.0569066 9.99736E-05
0.161499 0.264732 9.99559E-05 0.573269 9.99559E-05 9.99559E-05 9.99559E-05 9.99559E-05
9.99476E-05 9.99476E-05 9.99476E-05 0.988048 9.99476E-05 9.99476E-05 0.0113521 9.99476E-05
9.99648E-05 0.893067 0.0117797 9.99648E-05 0.064395 9.99648E-05 0.0303586 9.99648E-05
0.0876904 0.211934 9.99736E-05 9.99736E-05 0.0410879 0.00806613 9.99736E-05 0.650922
0.214972 9.99563E-05 0.0112836 0.773245 9.99563E-05 9.99563E-05 9.99563E-05 9.99563E-05
0.0523421 9.99648E-05 9.99648E-05 0.280759 9.99648E-05 9.99648E-05 0.473462 0.193037
0.510972 9.99649E-05 0.257649 9.99649E-05 0.114318 9.99649E-05 0.11666 9.99649E-05
9.99646E-05 9.99646E-05 0.0366336 0.103652 9.99646E-05 9.99646E-05 0.345373 0.513942
0.486403 9.99648E-05 9.99648E-05 0.209663 0.0816237 9.99648E-05 0.22191 9.99648E-05
0.0965735 0.595879 9.99737E-05 0.189098 9.99737E-05 9.99737E-05 0.0498219 0.0683278
9.99564E-05 9.99564E-05 9.99564E-05 9.99564E-05 0.0450556 9.99564E-05 0.367955 0.586489
9.99648E-05 9.99648E-05 0.635638 9.99648E-05 9.99648E-05 0.11275 0.220828 0.0303846
0.0434253 9.9956E-05 0.776557 9.9956E-05 9.9956E-05 9.9956E-05 9.9956E-05 0.179518
9.99824E-05 0.00565282 0.0496576 0.0294273 9.99824E-05 0.781166 0.0812704 0.0526258
0.747272 9.99472E-05 0.252128 9.99472E-05 9.99472E-05 9.99472E-05 9.99472E-05 9.99472E-05
0.100555 9.9965E-05 0.458922 0.00153416 9.9965E-05 0.438589 9.9965E-05 9.9965E-05
9.99559E-05 0.328592 0.480217 9.99559E-05 0.190691 9.99559E-05 9.99559E-05 9.99559E-05
9.99563E-05 9.99563E-05 9.99563E-05 9.99563E-05 0.62215 9.99563E-05 0.302618 0.0747319
9.99562E-05 0.140693 9.99562E-05 9.99562E-05 9.99562E-05 9.99562E-05 0.725904 0.132904
0.263051 9.9956E-05 0.439045 0.297405 9.9956E-05 9.9956E-05 9.9956E-05 9.9956E-05
9.99651E-05 0.152096 0.636547 9.99651E-05 0.157777 9.99651E-05 9.99651E-05 0.0531796
0.279438 9.99737E-05 0.279263 9.99737E-05 0.308686 0.117499 0.014815 9.99737E-05
0.769372 9.99478E-05 9.99478E-05 0.230029 9.99478E-05 9.99478E-05 9.99478E-05 9.99478E-05
9.99562E-05 9.99562E-05 9.99562E-05 9.99562E-05 0.410952 0.343269 9.99562E-05 0.24528
9.99824E-05 0.234945 0.0390705 0.143189 0.357268 9.99824E-05 0.0676045 0.157722
0.498411 9.99646E-05 0.110137 0.224966 9.99646E-05 9.99646E-05 0.166086 9.99646E-05
0.00767657 0.317001 9.9965E-05 9.9965E-05 0.316708 0.358215 9.9965E-05 9.9965E-05
0.838985 9.99564E-05 9.99564E-05 9.99564E-05 0.0140172 9.99564E-05 9.99564E-05 0.146498
0.320738 0.0207259 0.245803 9.99737E-05 0.0560921 0.35634 9.99737E-05 9.99737E-05
0.00280508 9.99561E-05 0.490879 9.99561E-05 0.505816 9.99561E-05 9.99561E-05 9.99561E-05
9.99738E-05 9.99738E-05 0.465041 0.346703 0.0874167 9.99738E-05 0.0671632 0.0333761
9.99737E-05 9.99737E-05 0.244554 9.99737E-05 0.504863 0.017463 0.165712 0.0671089
0.0253166 0.0120331 9.99737E-05 9.99737E-05 9.99737E-05 0.019188 0.511657 0.431505
0.383786 9.9956E-05 9.9956E-05 0.417919 0.197795 9.9956E-05 9.9956E-05 9.9956E-05
0.0705601 0.147869 0.197354 9.99824E-05 0.0352002 0.312089 9.99824E-05 0.236728
0.154993 9.99651E-05 9.99651E-05 0.379756 9.99651E-05 9.99651E-05 0.0630363 0.401814
0.0260191 0.241455 0.313838 9.99738E-05 0.000868597 9.99738E-05 9.99738E-05 0.41752
0.090521 9.9956E-05 9.9956E-05 9.9956E-05 0.573242 9.9956E-05 9.9956E-05 0.335738
9.99649E-05 0.0970714 9.99649E-05 0.204623 9.99649E-05 0.515298 0.182608 9.99649E-05
0.361326 0.154275 9.99559E-05 0.4839 9.99559E-05 9.99559E-05 9.99559E-05 9.99559E-05
9.99559E-05 9.99559E-05 0.547578 0.383543 9.99559E-05 0.0683793 9.99559E-05 9.99559E-05
0.247292 9.99735E-05 0.43383 0.0684891 9.99735E-05 0.145284 0.104806 9.99735E-05
9.99735E-05 0.0864835 9.99735E-05 0.248166 0.251888 0.286072 9.99735E-05 0.12709
0.0673244 9.99652E-05 9.99652E-05 9.99652E-05 0.452366 9.99652E-05 0.0415726 0.438337
9.9956E-05 0.603611 9.9956E-05 0.178028 9.9956E-05 9.9956E-05 0.217861 9.9956E-05
9.9965E-05 0.000678922 0.468026 0.139513 9.9965E-05 0.391383 9.9965E-05 9.9965E-05
0.182789 0.262092 0.0161229 9.9974E-05 0.385661 0.153035 9.9974E-05 9.9974E-05
0.383596 9.9965E-05 0.574885 9.9965E-05 0.0234098 9.9965E-05 0.0177098 9.9965E-05
9.99474E-05 9.99474E-05 0.18763 9.99474E-05 0.81177 9.99474E-05 9.99474E-05 9.99474E-05
0.581271 9.99473E-05 9.99473E-05 0.41813 9.99473E-05 9.99473E-05 9.99473E-05 9.99473E-05
9.99736E-05 0.106841 9.99736E-05 9.99736E-05 0.16429 0.133946 0.142443 0.45218
0.384201 9.99558E-05 9.99558E-05 0.342385 9.99558E-05 0.272914 9.99558E-05 9.99558E-05
9.99738E-05 9.99738E-05 0.330673 0.152431 0.0562833 0.316747 9.99738E-05 0.143566
0.366115 9.99648E-05 0.096792 9.99648E-05 0.523468 9.99648E-05 9.99648E-05 0.0132253
0.232246 0.115405 0.00440388 0.395109 9.99737E-05 9.99737E-05 0.252536 9.99737E-05
9.9965E-05 9.9965E-05 0.0468864 0.073501 9.9965E-05 0.183195 9.9965E-05 0.696018
0.251674 9.99648E-05 9.99648E-05 0.140888 9.99648E-05 9.99648E-05 0.375584 0.231454
9.99563E-05 9.99563E-05 9.99563E-05 9.99563E-05 0.0456064 0.0578637 0.89603 9.99563E-05
0.605621 9.99649E-05 9.99649E-05 0.183598 9.99649E-05 0.0707513 9.99649E-05 0.13963
0.206809 9.9965E-05 9.9965E-05 0.465301 9.9965E-05 9.9965E-05 0.304473 0.0230162
0.501585 9.99471E-05 9.99471E-05 9.99471E-05 9.99471E-05 9.99471E-05 9.99471E-05 0.497816
9.99476E-05 9.99476E-05 0.978457 0.0209435 9.99476E-05 9.99476E-05 9.99476E-05 9.99476E-05
0.308941 9.99648E-05 0.145815 0.466425 0.0784191 9.99648E-05 9.99648E-05 9.99648E-05
0.416743 9.99649E-05 9.99649E-05 0.0401069 0.147113 0.395637 9.99649E-05 9.99649E-05
0.655803 0.0450433 9.99647E-05 9.99647E-05 0.125121 9.99647E-05 9.99647E-05 0.173633
0.0245297 9.99912E-05 0.040344 0.139895 0.422364 0.11318 0.254339 0.00524902
0.170828 9.99736E-05 0.252669 0.34477 0.115048 9.99736E-05 0.116385 9.99736E-05
9.99823E-05 0.0776775 0.0231719 0.440178 0.416242 0.0228888 0.0196419 9.99823E-05
0.492884 0.270083 9.99649E-05 9.99649E-05 0.213966 0.0226681 9.99649E-05 9.99649E-05
9.99559E-05 0.134056 0.319706 9.99559E-05 9.99559E-05 0.545739 9.99559E-05 9.99559E-05
0.111335 9.99738E-05 0.117832 0.139382 9.99738E-05 0.282888 9.99738E-05 0.348264
0.27587 9.996E-05 0.29036 9.996E-05 9.996E-05 9.996E-05 0.0309992 0.402371
9.99649E-05 9.99649E-05 0.046509 0.078289 9.99649E-05 9.99649E-05 0.286678 0.588124
0.446149 9.99559E-05 0.206937 9.99559E-05 9.99559E-05 9.99559E-05 0.346414 9.99559E-05
9.99564E-05 9.99564E-05 9.99564E-05 9.99564E-05 0.919433 0.0325086 9.99564E-05 0.0475586
0.104869 0.0376108 0.270973 0.257988 0.32826 9.99734E-05 9.99734E-05 9.99734E-05
0.269023 9.99823E-05 0.206957 9.99823E-05 0.153239 0.12774 0.162594 0.0802463
9.994E-05 9.994E-05 9.994E-05 9.994E-05 9.994E-05 0.9993 9.994E-05 9.994E-05
0.0724013 0.0421874 0.061203 0.247293 0.576615 9.99735E-05 9.99735E-05 9.99735E-05
9.99651E-05 0.135466 9.99651E-05 0.117418 0.491513 9.99651E-05 9.99651E-05 0.255203
9.99559E-05 0.121854 0.380358 0.497289 9.99559E-05 9.99559E-05 9.99559E-05 9.99559E-05
0.498532 0.14395 0.315658 9.99737E-05 0.0196853 0.0218743 9.99737E-05 9.99737E-05
9.99735E-05 9.99735E-05 9.99735E-05 0.0709412 0.0213276 0.559585 0.211321 0.136525
9.99736E-05 9.99736E-05 0.400638 0.0113299 9.99736E-05 0.10667 0.00225914 0.478804
9.99565E-05 9.99565E-05 0.481995 9.99565E-05 9.99565E-05 0.364564 9.99565E-05 0.152942
9.99561E-05 0.600598 9.99561E-05 9.99561E-05 0.368924 9.99561E-05 0.029978 9.99561E-05
0.602623 9.99469E-05 9.99469E-05 9.99469E-05 9.99469E-05 9.99469E-05 9.99469E-05 0.396777
0.0662619 0.380504 9.9965E-05 0.410502 9.9965E-05 0.142332 9.9965E-05 9.9965E-05
9.99565E-05 0.124101 0.654952 9.99565E-05 9.99565E-05 9.99565E-05 0.220447 9.99565E-05
0.478868 0.00720363 0.128608 0.38492 9.99647E-05 9.99647E-05 9.99647E-05 9.99647E-05
9.99558E-05 9.99558E-05 9.99558E-05 9.99558E-05 0.332926 0.0266871 0.639887 9.99558E-05
0.312744 9.99559E-05 9.99559E-05 9.99559E-05 0.504839 9.99559E-05 9.99559E-05 0.181917
0.29966 0.130797 0.113311 0.0779624 9.99825E-05 9.99825E-05 0.251118 0.126951
9.996E-05 0.168795 9.996E-05 0.16224 0.645554 0.0230111 9.996E-05 9.996E-05
9.99825E-05 0.0642516 0.185212 0.00794155 0.0965255 0.124328 9.99825E-05 0.521541
0.472789 0.124051 9.99648E-05 9.99648E-05 9.99648E-05 0.182749 9.99648E-05 0.220011
0.0527199 9.99736E-05 9.99736E-05 0.453071 0.0942512 0.181565 0.218092 9.99736E-05
0.515006 0.37337 9.99562E-05 9.99562E-05 9.99562E-05 0.111124 9.99562E-05 9.99562E-05
9.99559E-05 9.99559E-05 0.950205 0.0301238 9.99559E-05 0.0191717 9.99559E-05 9.99559E-05
0.350461 9.99564E-05 0.571016 9.99564E-05 9.99564E-05 9.99564E-05 0.078024 9.99564E-05
0.269046 9.99649E-05 9.99649E-05 0.539524 9.99649E-05 0.177031 0.0139996 9.99649E-05
0.230588 0.123526 9.99647E-05 0.193887 0.451599 9.99647E-05 9.99647E-05 9.99647E-05
9.99562E-05 0.0775941 9.99562E-05 9.99562E-05 9.99562E-05 0.0266921 0.895214 9.99562E-05
0.0960397 9.99477E-05 9.99477E-05 9.99477E-05 9.99477E-05 9.99477E-05 9.99477E-05 0.903361
0.909477 9.99561E-05 0.00446813 9.99561E-05 0.0855547 9.99561E-05 9.99561E-05 9.99561E-05
9.99562E-05 9.99562E-05 0.177878 0.726402 9.99562E-05 9.99562E-05 9.99562E-05 0.0952204
9.99649E-05 0.101376 0.433215 9.99649E-05 9.99649E-05 0.159196 9.99649E-05 0.305813
0.113308 9.99735E-05 0.523723 9.99735E-05 0.239484 0.119145 0.00403964 9.99735E-05
0.129725 9.99559E-05 0.502736 9.99559E-05 9.99559E-05 9.99559E-05 0.367039 9.99559E-05
0.215805 9.99559E-05 0.00589116 9.99559E-05 0.777804 9.99559E-05 9.99559E-05 9.99559E-05
0.192544 0.0800754 0.133225 9.99737E-05 9.99737E-05 0.024546 0.56931 9.99737E-05
9.99648E-05 0.483969 9.99648E-05 0.335682 9.99648E-05 9.99648E-05 0.0784356 0.101513
9.99647E-05 0.204692 9.99647E-05 0.357382 9.99647E-05 9.99647E-05 0.0911692 0.346356
0.272021 0.0197695 9.99647E-05 9.99647E-05 0.11423 9.99647E-05 0.593579 9.99647E-05
0.228792 9.99738E-05 0.0693149 9.99738E-05 0.265152 9.99738E-05 0.127568 0.308874
0.470166 9.9956E-05 9.9956E-05 0.0989827 9.9956E-05 9.9956E-05 0.430351 9.9956E-05
0.428282 9.99648E-05 9.99648E-05 0.323793 0.166107 9.99648E-05 0.0814174 9.99648E-05
9.99471E-05 9.99471E-05 9.99471E-05 0.124693 9.99471E-05 0.874708 9.99471E-05 9.99471E-05
9.9956E-05 9.9956E-05 9.9956E-05 0.176996 9.9956E-05 9.9956E-05 0.0546464 0.767857
0.0551695 9.99562E-05 0.411775 9.99562E-05 9.99562E-05 0.532556 9.99562E-05 9.99562E-05
9.99737E-05 0.104898 0.718509 0.0620272 9.99737E-05 9.99737E-05 0.00898479 0.105282
9.99649E-05 9.99649E-05 9.99649E-05 0.249531 9.99649E-05 0.0775942 0.464554 0.207921
0.130422 9.99649E-05 0.0802418 0.121474 9.99649E-05 9.99649E-05 9.99649E-05 0.667463
0.0908505 9.99558E-05 9.99558E-05 9.99558E-05 9.99558E-05 0.846481 0.0621685 9.99558E-05
9.99473E-05 9.99473E-05 0.709419 9.99473E-05 0.289981 9.99473E-05 9.99473E-05 9.99473E-05
9.9956E-05 9.9956E-05 9.9956E-05 0.380342 0.144904 9.9956E-05 0.474254 9.9956E-05
0.150067 0.283012 9.99823E-05 9.99823E-05 0.0528146 0.357572 0.0482076 0.108127
9.9965E-05 9.9965E-05 9.9965E-05 0.27248 0.110505 0.499599 9.9965E-05 0.117016
9.99824E-05 9.99824E-05 0.0439472 0.0504741 0.311515 0.176234 0.0318585 0.385771
9.99477E-05 9.99477E-05 0.682139 9.99477E-05 9.99477E-05 0.317261 9.99477E-05 9.99477E-05
9.9956E-05 9.9956E-05 0.292803 0.643793 0.0629038 9.9956E-05 9.9956E-05 9.9956E-05
0.0565403 9.99736E-05 0.193268 0.211811 9.99736E-05 0.138096 0.399985 9.99736E-05
0.110887 0.435323 0.244851 9.99735E-05 0.163173 0.0454661 9.99735E-05 9.99735E-05
9.99736E-05 9.99736E-05 0.0953811 0.072102 0.578736 0.184007 0.0694738 9.99736E-05
0.200506 9.99735E-05 9.99735E-05 0.330965 0.0422816 0.194674 0.231275 9.99735E-05
0.657344 9.99735E-05 0.0433269 9.99735E-05 0.0915289 9.99735E-05 0.13196 0.0755395
0.0154652 9.9974E-05 9.9974E-05 0.145907 0.0165281 9.9974E-05 0.646365 0.175435
0.193813 0.186935 0.341005 0.0670583 9.99824E-05 9.99824E-05 0.178211 0.032779
0.025321 9.99653E-05 0.299789 0.278868 0.395623 9.99653E-05 9.99653E-05 9.99653E-05
0.216047 9.99647E-05 0.0696552 9.99647E-05 0.0746518 9.99647E-05 0.639246 9.99647E-05
0.28998 9.99558E-05 0.3448 9.99558E-05 9.99558E-05 9.99558E-05 0.36472 9.99558E-05
0.00201606 9.99647E-05 0.307845 0.50797 9.99647E-05 9.99647E-05 9.99647E-05 0.181769
9.99824E-05 0.0765493 0.0288558 0.15214 0.176854 9.99824E-05 0.435918 0.129484
0.265619 9.99649E-05 9.99649E-05 9.99649E-05 0.458354 0.262756 9.99649E-05 0.0128707
9.99739E-05 0.250988 0.252429 9.99739E-05 0.347851 0.0797168 0.0687152 9.99739E-05
9.99473E-05 9.99473E-05 9.99473E-05 0.672557 9.99473E-05 9.99473E-05 0.326844 9.99473E-05
0.0287235 9.99824E-05 0.161999 0.180869 0.234546 0.334115 0.0595481 9.99824E-05
0.304003 9.99647E-05 0.141692 0.0477157 9.99647E-05 9.99647E-05 9.99647E-05 0.506189
0.814557 9.9947E-05 9.9947E-05 9.9947E-05 9.9947E-05 0.184844 9.9947E-05 9.9947E-05
0.102536 0.238301 9.99649E-05 9.99649E-05 0.344108 9.99649E-05 9.99649E-05 0.314654
0.334112 9.99562E-05 9.99562E-05 9.99562E-05 9.99562E-05 0.0731581 0.59223 9.99562E-05
0.311007 0.0483324 9.99738E-05 9.99738E-05 9.99738E-05 0.41833 0.00516706 0.216863
0.389613 9.99648E-05 0.233327 9.99648E-05 9.99648E-05 0.0790149 9.99648E-05 0.297645
9.99649E-05 9.99649E-05 0.324075 0.000963624 0.0417346 9.99649E-05 0.632827 9.99649E-05
0.139808 9.99651E-05 9.99651E-05 0.148596 9.99651E-05 0.544375 0.166822 9.99651E-05
0.211917 0.0445534 9.99648E-05 9.99648E-05 9.99648E-05 0.249658 9.99648E-05 0.493471
9.99558E-05 9.99558E-05 0.600069 9.99558E-05 9.99558E-05 9.99558E-05 0.121294 0.278137
9.99736E-05 0.165441 9.99736E-05 0.241063 0.155209 0.373078 9.99736E-05 0.0649089
9.99472E-05 9.99472E-05 9.99472E-05 9.99472E-05 0.909184 9.99472E-05 9.99472E-05 0.0902164
0.0906451 9.99736E-05 0.0393945 9.99736E-05 0.253687 0.567616 0.0483574 9.99736E-05
9.99566E-05 0.0918387 9.99566E-05 9.99566E-05 0.415237 9.99566E-05 0.492425 9.99566E-05
0.282419 9.99562E-05 9.99562E-05 9.99562E-05 0.594708 9.99562E-05 9.99562E-05 0.122374
9.99738E-05 9.99738E-05 9.99738E-05 0.0864467 0.458448 0.0738924 0.115966 0.264947
0.172499 0.0255628 0.373477 0.0577113 0.281755 9.99912E-05 0.0876097 0.00128614
9.99559E-05 9.99559E-05 0.0121391 0.944083 9.99559E-05 9.99559E-05 9.99559E-05 0.043278
0.258987 9.99563E-05 0.0764131 0.6641 9.99563E-05 9.99563E-05 9.99563E-05 9.99563E-05
0.113624 9.99736E-05 9.99736E-05 0.104215 0.322861 0.123369 0.335632 9.99736E-05
9.99648E-05 9.99648E-05 9.99648E-05 0.523031 0.296774 0.173638 9.99648E-05 0.00615703
0.317854 0.188411 9.99736E-05 0.0832441 9.99736E-05 0.312706 9.99736E-05 0.0974839
0.595082 9.99646E-05 0.0260662 9.99646E-05 9.99646E-05 9.99646E-05 0.305117 0.0733353
0.103864 0.0139371 0.118719 9.99735E-05 9.99735E-05 0.397895 9.99735E-05 0.365285
0.0935923 9.99737E-05 0.014666 9.99737E-05 0.141075 9.99737E-05 0.0466325 0.703735
9.99564E-05 9.99564E-05 0.169327 9.99564E-05 0.761584 0.0685894 9.99564E-05 9.99564E-05
0.163222 0.261018 9.99737E-05 9.99737E-05 0.240354 9.99737E-05 0.251923 0.0831826
9.99648E-05 9.99648E-05 0.360684 0.518258 9.99648E-05 0.112746 9.99648E-05 0.0079123
0.360616 9.99735E-05 0.141502 0.0321906 9.99735E-05 0.241102 0.224289 9.99735E-05
9.99561E-05 0.10719 9.99561E-05 0.601936 9.99561E-05 0.290375 9.99561E-05 9.99561E-05
0.0197817 0.288072 0.132503 9.99737E-05 0.0802146 9.99737E-05 9.99737E-05 0.479129
9.9947E-05 9.9947E-05 0.38954 9.9947E-05 9.9947E-05 9.9947E-05 9.9947E-05 0.609861
9.99556E-05 9.99556E-05 0.25 0.0834931 9.99556E-05 9.99556E-05 0.666007 9.99556E-05
9.99561E-05 9.99561E-05 9.99561E-05 9.99561E-05 0.751668 0.208927 0.0389054 9.99561E-05
0.141452 9.99561E-05 9.99561E-05 9.99561E-05 9.99561E-05 0.687955 9.99561E-05 0.170094
9.99648E-05 9.99648E-05 0.295715 9.99648E-05 0.220483 9.99648E-05 0.0401602 0.443242
0.338128 9.99653E-05 0.0552854 9.99653E-05 0.537765 9.99653E-05 9.99653E-05 0.0684221
0.565182 9.99652E-05 9.99652E-05 0.309732 9.99652E-05 0.00359427 0.121092 9.99652E-05
0.251227 0.0396665 0.0550083 0.0358953 0.315834 0.302169 9.99824E-05 9.99824E-05
0.289894 9.99563E-05 9.99563E-05 9.99563E-05 0.234099 0.475508 9.99563E-05 9.99563E-05
0.325933 9.99646E-05 9.99646E-05 0.214645 9.99646E-05 0.0857595 0.373263 9.99646E-05
9.99563E-05 9.99563E-05 9.99563E-05 0.112957 0.788348 0.0981954 9.99563E-05 9.99563E-05
9.99649E-05 9.99649E-05 9.99649E-05 0.0723534 9.99649E-05 0.499491 0.179421 0.248336
