0.105869 0.893831 9.99738E-05 9.99738E-05 9.99738E-05
0.264902 0.0974359 0.390306 0.0446357 0.20272
0.0774671 9.99825E-05 0.217957 0.704376 9.99825E-05
0.172527 9.99913E-05 0.548769 0.236683 0.0419208
0.77957 0.184176 9.99824E-05 9.99824E-05 0.0360537
0.160969 9.99824E-05 0.596142 0.242689 9.99824E-05
0.0676162 9.99735E-05 9.99735E-05 0.932084 9.99735E-05
0.315421 0.505341 0.179038 9.99825E-05 9.99825E-05
9.99824E-05 0.388657 9.99824E-05 0.166719 0.444424
9.99737E-05 0.764633 0.235067 9.99737E-05 9.99737E-05
0.486388 0.0731553 0.262635 9.99912E-05 0.177721
9.99824E-05 0.315767 0.683121 9.99824E-05 0.000911868
9.99913E-05 0.205663 0.218941 0.169654 0.405641
0.814833 9.99824E-05 9.99824E-05 0.145698 0.0392684
9.99737E-05 9.99737E-05 9.99737E-05 0.0924465 0.907254
0.00839275 9.99824E-05 0.402918 9.99824E-05 0.588489
0.105979 9.99827E-05 9.99827E-05 0.220207 0.673614
0.654628 9.99824E-05 9.99824E-05 0.0960841 0.249088
0.468662 9.99823E-05 0.0856874 0.445451 9.99823E-05
9.99737E-05 0.175924 0.823776 9.99737E-05 9.99737E-05
9.99737E-05 9.99737E-05 0.247929 9.99737E-05 0.751771
9.99824E-05 9.99824E-05 0.640622 0.147906 0.211272
0.490119 0.0843018 9.99913E-05 0.107176 0.318304
9.99735E-05 0.552112 9.99735E-05 0.447588 9.99735E-05
0.0399611 0.646659 0.217894 9.99913E-05 0.0953858
0.414221 0.426745 0.158834 9.99823E-05 9.99823E-05
0.672115 9.99824E-05 9.99824E-05 0.0842719 0.243414
0.463842 0.217568 9.99826E-05 9.99826E-05 0.318391
0.308936 9.99912E-05 0.242152 0.402318 0.0464941
0.288655 9.99912E-05 0.0697718 0.24497 0.396503
0.43533 9.99912E-05 0.423172 0.0596436 0.0817542
0.221402 9.99825E-05 0.36235 0.416048 9.99825E-05
9.99825E-05 9.99825E-05 0.293967 0.271195 0.434639
9.99824E-05 0.175192 9.99824E-05 0.0900324 0.734576
0.00365505 0.77234 9.99913E-05 0.201108 0.0227975
0.0321552 9.99912E-05 0.525402 0.168066 0.274276
9.99825E-05 0.142373 0.0434798 9.99825E-05 0.813947
9.99736E-05 0.805434 9.99736E-05 0.194266 9.99736E-05
0.312776 0.562267 9.99825E-05 9.99825E-05 0.124757
9.99824E-05 0.310024 9.99824E-05 0.148705 0.541071
0.119772 0.147088 0.183775 0.245335 0.304029
9.99737E-05 9.99737E-05 9.99737E-05 0.17347 0.82623
0.830101 9.99824E-05 0.136554 0.033145 9.99824E-05
9.997E-05 9.997E-05 9.997E-05 0.9996 9.997E-05
0.600264 0.372724 9.99825E-05 0.0268121 9.99825E-05
0.353898 9.99825E-05 0.372111 9.99825E-05 0.27379
0.442832 0.239195 0.317773 9.99825E-05 9.99825E-05
0.532241 0.0777149 0.054375 0.33557 9.99912E-05
0.185963 0.11368 9.99912E-05 0.28157 0.418687
9.99824E-05 0.157195 0.246643 9.99824E-05 0.595962
9.997E-05 9.997E-05 9.997E-05 9.997E-05 0.9996
9.99738E-05 0.945552 9.99738E-05 9.99738E-05 0.0541483
0.0909213 9.99825E-05 9.99825E-05 0.68051 0.228369
9.99823E-05 9.99823E-05 0.420144 0.284536 0.295121
0.0894159 9.99824E-05 0.750131 0.160254 9.99824E-05
0.34493 9.99913E-05 0.310864 0.168215 0.175891
9.99738E-05 9.99738E-05 0.661195 0.338505 9.99738E-05
0.377195 9.99826E-05 0.290486 9.99826E-05 0.33212
0.185284 0.245858 9.99825E-05 0.568657 9.99825E-05
0.179883 0.819817 9.99735E-05 9.99735E-05 9.99735E-05
0.39188 0.340367 9.99825E-05 9.99825E-05 0.267553
0.120325 0.301745 0.513411 0.0644187 9.99912E-05
9.99737E-05 0.899883 9.99737E-05 0.099817 9.99737E-05
9.99735E-05 0.408817 0.590883 9.99735E-05 9.99735E-05
9.99737E-05 0.338173 0.661527 9.99737E-05 9.99737E-05
9.99824E-05 0.63095 9.99824E-05 0.172665 0.196185
9.99736E-05 9.99736E-05 9.99736E-05 0.638031 0.361669
0.814721 9.99825E-05 9.99825E-05 0.103907 0.0811722
0.696778 0.262452 0.0405704 9.99824E-05 9.99824E-05
0.0981098 0.202529 0.699161 9.99822E-05 9.99822E-05
0.9996 9.997E-05 9.997E-05 9.997E-05 9.997E-05
9.99825E-05 0.587999 9.99825E-05 0.0358885 0.375913
9.99737E-05 9.99737E-05 0.73014 0.26956 9.99737E-05
9.99737E-05 9.99737E-05 0.998479 0.00122065 9.99737E-05
0.244405 0.252356 0.39889 0.104248 9.99912E-05
9.99823E-05 9.99823E-05 0.118412 0.272177 0.609211
0.010916 0.247934 9.99825E-05 0.74095 9.99825E-05
0.221702 0.00241488 0.37738 9.99913E-05 0.398404
0.0228175 0.381394 0.0728292 9.99912E-05 0.522859
0.0167303 9.99912E-05 0.779076 0.18996 0.0141336
9.99737E-05 9.99737E-05 9.99737E-05 0.417554 0.582146
0.222732 0.306307 0.470761 9.99825E-05 9.99825E-05
0.0383727 0.134037 0.482278 0.345213 9.99912E-05
0.272436 9.99825E-05 0.177933 9.99825E-05 0.549431
9.99736E-05 9.99736E-05 0.412516 9.99736E-05 0.587185
9.99736E-05 0.418618 9.99736E-05 9.99736E-05 0.581082
0.552728 9.99824E-05 0.305193 9.99824E-05 0.141879
9.99739E-05 9.99739E-05 0.0582503 9.99739E-05 0.94145
9.99738E-05 0.21244 0.78726 9.99738E-05 9.99738E-05
0.336853 9.99824E-05 9.99824E-05 0.366475 0.296472
0.204279 9.99825E-05 0.0376321 9.99825E-05 0.757889
9.99736E-05 9.99736E-05 0.488641 0.511059 9.99736E-05
0.349279 9.99824E-05 9.99824E-05 0.436617 0.213905
9.99737E-05 9.99737E-05 9.99737E-05 0.686713 0.312987
9.99824E-05 0.335469 0.367205 9.99824E-05 0.297127
0.9996 9.997E-05 9.997E-05 9.997E-05 9.997E-05
9.99825E-05 0.589948 9.99825E-05 0.123101 0.286751
9.99825E-05 0.189708 0.105353 0.704739 9.99825E-05
9.997E-05 9.997E-05 9.997E-05 9.997E-05 0.9996
0.430129 0.0866264 9.99823E-05 9.99823E-05 0.483045
0.00985584 9.99824E-05 9.99824E-05 0.583527 0.406418
0.292272 0.103723 0.363877 0.102949 0.137178
0.276672 9.99824E-05 0.381235 0.341893 9.99824E-05
9.99738E-05 9.99738E-05 9.99738E-05 0.860531 0.139169
0.247709 0.217346 9.99824E-05 0.534745 9.99824E-05
0.172168 9.99912E-05 0.424718 0.298185 0.104829
0.395182 9.99736E-05 9.99736E-05 9.99736E-05 0.604518
0.240381 0.0243742 0.735045 9.99826E-05 9.99826E-05
9.99734E-05 9.99734E-05 0.845347 0.154353 9.99734E-05
0.379366 0.266707 9.99912E-05 0.00209789 0.35173
9.99824E-05 0.454468 0.487799 9.99824E-05 0.0575325
9.9974E-05 9.9974E-05 0.594863 0.404838 9.9974E-05
0.263776 0.283285 0.0539796 9.99912E-05 0.39886
0.0787455 9.99824E-05 9.99824E-05 0.435175 0.48588
9.997E-05 9.997E-05 0.9996 9.997E-05 9.997E-05
9.99737E-05 9.99737E-05 0.99187 9.99737E-05 0.00782989
0.110531 0.577838 0.311431 9.99825E-05 9.99825E-05
9.99741E-05 9.99741E-05 0.510868 9.99741E-05 0.488832
0.398531 0.0885737 0.466273 9.99912E-05 0.0465215
9.99736E-05 9.99736E-05 0.914954 0.0847459 9.99736E-05
9.99824E-05 9.99824E-05 0.0062784 0.366658 0.626864
0.306111 9.99739E-05 9.99739E-05 9.99739E-05 0.693589
0.052664 9.99824E-05 9.99824E-05 0.709232 0.237904
9.99823E-05 0.0895888 0.301862 9.99823E-05 0.608349
0.727116 9.99825E-05 0.184062 9.99825E-05 0.0886212
9.99736E-05 9.99736E-05 9.99736E-05 0.570982 0.428718
9.99825E-05 9.99825E-05 0.855614 0.0394125 0.104774
0.0960522 0.602795 0.0492746 9.99912E-05 0.251778
9.99739E-05 0.763106 0.236594 9.99739E-05 9.99739E-05
9.99823E-05 0.206938 0.420209 9.99823E-05 0.372653
0.122506 9.99825E-05 0.857542 9.99825E-05 0.0197525
0.0111571 0.168236 0.721525 9.99912E-05 0.0989817
9.99739E-05 0.674188 9.99739E-05 0.325512 9.99739E-05
9.99912E-05 0.50298 0.189932 0.1926 0.114388
0.560826 0.295318 0.143656 9.99824E-05 9.99824E-05
9.99737E-05 0.148656 0.851044 9.99737E-05 9.99737E-05
0.328657 0.407916 0.0242163 0.123731 0.115479
0.284194 0.583744 0.131862 9.99824E-05 9.99824E-05
0.333026 0.392676 0.274098 9.99826E-05 9.99826E-05
0.426672 0.273529 0.0438685 0.255831 9.99912E-05
0.136228 9.99825E-05 9.99825E-05 0.263974 0.599598
0.282344 0.717356 9.99737E-05 9.99737E-05 9.99737E-05
9.99913E-05 0.0778509 0.0313135 0.476356 0.41438
9.99736E-05 9.99736E-05 9.99736E-05 0.410038 0.589662
9.99735E-05 0.354985 9.99735E-05 9.99735E-05 0.644715
0.613292 0.13393 9.99912E-05 0.245968 0.00670935
0.195038 0.735878 9.99913E-05 0.00789697 0.0610863
0.237067 9.99911E-05 0.314672 0.365218 0.0829432
0.182071 0.147275 0.00719884 0.663355 9.99912E-05
0.23557 9.99735E-05 9.99735E-05 9.99735E-05 0.76413
0.150171 0.567439 9.99912E-05 0.0544285 0.227862
0.0305157 0.13168 9.99827E-05 9.99827E-05 0.837604
9.99825E-05 9.99825E-05 0.155303 0.0970975 0.7474
0.352923 9.99912E-05 0.357588 0.191476 0.097913
9.99912E-05 0.0533885 0.149223 0.554006 0.243282
0.251771 9.99824E-05 9.99824E-05 0.0270673 0.720962
9.99824E-05 9.99824E-05 0.365238 0.476518 0.158044
0.204167 0.480871 0.314762 9.99824E-05 9.99824E-05
0.0228706 0.375266 0.266768 9.99913E-05 0.334995
0.392431 9.99738E-05 0.607269 9.99738E-05 9.99738E-05
9.99912E-05 0.176681 0.406931 0.0687759 0.347512
9.99735E-05 9.99735E-05 0.340015 0.659685 9.99735E-05
0.0249815 0.319365 0.655454 9.99825E-05 9.99825E-05
0.109105 9.99912E-05 0.543554 0.0432673 0.303974
0.148562 0.534489 0.316749 9.99824E-05 9.99824E-05
9.997E-05 9.997E-05 9.997E-05 0.9996 9.997E-05
0.024597 0.265895 0.675991 9.99913E-05 0.0334171
0.190917 0.808784 9.99737E-05 9.99737E-05 9.99737E-05
9.99826E-05 9.99826E-05 0.365508 0.558774 0.075518
0.0698802 0.141118 0.0777777 0.0808398 0.630384
0.377123 9.99824E-05 0.480326 0.142351 9.99824E-05
0.362205 9.99736E-05 0.637495 9.99736E-05 9.99736E-05
9.99737E-05 0.474445 9.99737E-05 0.525256 9.99737E-05
9.99824E-05 0.542808 9.99824E-05 0.276053 0.180938
0.425209 0.363374 9.99825E-05 0.211217 9.99825E-05
9.99737E-05 0.4977 9.99737E-05 0.502 9.99737E-05
0.311299 0.27517 9.99825E-05 9.99825E-05 0.413331
9.99825E-05 0.121297 9.99825E-05 0.262453 0.61605
9.99737E-05 0.152395 9.99737E-05 0.847305 9.99737E-05
9.99826E-05 0.242161 0.242727 0.514912 9.99826E-05
0.530305 0.146529 9.99823E-05 0.322966 9.99823E-05
0.573735 9.99826E-05 0.0540838 9.99826E-05 0.371981
0.233118 0.258981 0.277361 0.177075 0.0534645
0.0571229 0.296521 9.99912E-05 0.317247 0.329009
9.99824E-05 0.0881126 0.555364 9.99824E-05 0.356324
9.99737E-05 9.99737E-05 9.99737E-05 0.30945 0.69025
0.157983 9.99825E-05 0.0553876 9.99825E-05 0.78643
0.9996 9.997E-05 9.997E-05 9.997E-05 9.997E-05
9.99825E-05 9.99825E-05 0.588974 0.361119 0.0497065
9.99826E-05 0.0943576 0.594025 0.311418 9.99826E-05
9.99912E-05 0.0984046 0.420572 0.0998222 0.381101
0.174461 0.0853772 9.99912E-05 0.397049 0.343012
0.641517 9.99824E-05 0.236536 0.121747 9.99824E-05
0.198675 9.99827E-05 0.0442907 0.756834 9.99827E-05
0.357029 9.99912E-05 0.267108 0.199046 0.176716
0.286979 0.450915 0.222643 9.99912E-05 0.0393629
9.99827E-05 0.67413 9.99827E-05 0.0383697 0.287301
0.417513 0.434522 9.99825E-05 0.147765 9.99825E-05
0.175359 9.99825E-05 0.728819 0.095622 9.99825E-05
0.481122 9.99735E-05 9.99735E-05 0.518578 9.99735E-05
0.867639 9.99736E-05 9.99736E-05 0.132061 9.99736E-05
9.99736E-05 9.99736E-05 9.99736E-05 0.693561 0.306139
9.99824E-05 0.407065 0.169008 9.99824E-05 0.423727
0.27972 0.41769 0.302391 9.99824E-05 9.99824E-05
0.119922 0.165816 0.19103 0.523132 9.99912E-05
0.784891 0.0152012 9.99826E-05 9.99826E-05 0.199708
0.126788 0.0633809 0.809631 9.99825E-05 9.99825E-05
9.99738E-05 9.99738E-05 0.890496 0.109204 9.99738E-05
0.751814 0.247887 9.99735E-05 9.99735E-05 9.99735E-05
9.99738E-05 0.334136 9.99738E-05 0.665564 9.99738E-05
0.0663528 9.99912E-05 0.618401 0.0446048 0.270542
0.014867 0.0998616 0.675052 9.99912E-05 0.21012
0.649735 9.99738E-05 9.99738E-05 0.349965 9.99738E-05
0.0966007 0.260379 0.418076 9.99913E-05 0.224844
0.42072 0.0336165 9.99824E-05 0.545463 9.99824E-05
9.9974E-05 9.9974E-05 0.660956 0.338744 9.9974E-05
9.99826E-05 9.99826E-05 0.164244 0.0566479 0.778908
9.99825E-05 0.443503 0.391583 0.164714 9.99825E-05
0.198338 0.759166 0.042296 9.99825E-05 9.99825E-05
0.167517 0.357684 9.99912E-05 0.185698 0.289001
0.254619 0.0623426 0.00553231 0.566795 0.110711
0.0951622 9.99823E-05 0.615649 0.288989 9.99823E-05
0.388002 9.99824E-05 0.47738 9.99824E-05 0.134417
0.693233 9.99825E-05 0.158719 0.147848 9.99825E-05
9.99826E-05 0.688094 9.99826E-05 0.0247405 0.286965
0.338477 9.99823E-05 9.99823E-05 0.219192 0.442132
0.124824 0.0395318 9.99912E-05 0.691847 0.143696
0.111409 0.4016 9.99824E-05 9.99824E-05 0.486791
9.99913E-05 0.20825 0.451575 0.115328 0.224747
0.605727 0.37679 9.99825E-05 0.0172836 9.99825E-05
9.99824E-05 0.0500771 0.170029 0.779694 9.99824E-05
0.326893 0.39271 9.99912E-05 0.125422 0.154875
0.482442 0.517259 9.99737E-05 9.99737E-05 9.99737E-05
0.511926 9.99736E-05 0.487774 9.99736E-05 9.99736E-05
0.814778 0.127611 9.99825E-05 9.99825E-05 0.0574108
9.99824E-05 9.99824E-05 0.136344 0.344818 0.518638
0.173823 0.35876 9.99825E-05 0.467218 9.99825E-05
0.100348 0.119331 9.99913E-05 0.317087 0.463135
0.50399 9.99823E-05 0.0997824 9.99823E-05 0.396028
0.750437 9.99825E-05 0.107654 9.99825E-05 0.141709
0.178553 9.99912E-05 0.141928 0.241411 0.438007
0.843468 9.99737E-05 9.99737E-05 0.156232 9.99737E-05
9.99738E-05 9.99738E-05 0.517213 0.482487 9.99738E-05
0.102577 0.044534 0.852689 9.99824E-05 9.99824E-05
0.515128 9.99912E-05 0.0900869 0.034043 0.360642
0.424515 0.525899 9.99824E-05 0.0493855 9.99824E-05
0.0624345 0.0406781 9.99824E-05 0.896687 9.99824E-05
9.99912E-05 0.250415 0.365275 0.179404 0.204806
0.208139 9.99824E-05 9.99824E-05 0.371948 0.419714
0.213432 0.0114377 0.363816 0.0670016 0.344313
0.635221 9.99825E-05 9.99825E-05 0.309163 0.0554162
0.367973 0.218901 0.199683 9.99913E-05 0.213342
0.202896 9.99824E-05 0.0303952 0.766509 9.99824E-05
0.322918 0.15019 0.164708 9.99912E-05 0.362083
0.0511477 0.679335 9.99823E-05 9.99823E-05 0.269317
9.99736E-05 9.99736E-05 9.99736E-05 0.616664 0.383036
0.25841 9.99735E-05 9.99735E-05 9.99735E-05 0.74129
0.63514 9.99736E-05 9.99736E-05 9.99736E-05 0.36456
9.99824E-05 0.0235924 9.99824E-05 0.904707 0.0715011
9.99912E-05 0.301368 0.124713 0.258349 0.31547
0.230844 0.602311 0.0126125 0.154133 9.99912E-05
