9.99825E-05 0.30841 0.336201 0.355189 9.99825E-05
9.99738E-05 9.99738E-05 0.279768 9.99738E-05 0.719932
9.99823E-05 9.99823E-05 0.461922 0.158409 0.379469
9.99824E-05 0.350309 9.99824E-05 0.34652 0.302971
0.486651 0.0568825 0.456267 9.99825E-05 9.99825E-05
0.297451 0.609777 9.99824E-05 9.99824E-05 0.0925725
0.479971 0.308528 0.0854203 9.99912E-05 0.125981
9.999E-05 0.64542 0.154248 0.164532 0.0356998
0.012835 0.0566166 0.0927491 0.382096 0.455703
9.99824E-05 9.99824E-05 0.72094 0.104386 0.174474
0.08274 0.522169 9.99913E-05 0.22267 0.172321
0.29235 0.442886 0.264565 9.99825E-05 9.99825E-05
0.696265 9.99735E-05 9.99735E-05 9.99735E-05 0.303435
0.0997081 0.209036 9.99912E-05 0.500978 0.190177
9.99824E-05 0.273397 0.0452312 0.681172 9.99824E-05
0.248569 0.100895 9.99912E-05 0.610917 0.0395192
9.99737E-05 9.99737E-05 0.787886 9.99737E-05 0.211814
0.547549 0.127567 0.13515 0.189634 9.99912E-05
0.327352 0.179895 0.400511 9.99912E-05 0.092141
0.297323 0.311853 9.99823E-05 9.99823E-05 0.390624
0.402704 9.99823E-05 0.10037 9.99823E-05 0.496726
0.245496 0.329618 9.99826E-05 9.99826E-05 0.424686
0.101592 0.383717 9.99826E-05 9.99826E-05 0.514491
0.709545 9.99825E-05 9.99825E-05 0.0336973 0.256558
9.99736E-05 9.99736E-05 9.99736E-05 0.820613 0.179087
9.99823E-05 0.856037 0.0365845 0.107179 9.99823E-05
9.99912E-05 0.127885 0.347925 0.37965 0.14444
0.0997332 0.349274 9.99824E-05 9.99824E-05 0.550793
9.99736E-05 9.99736E-05 9.99736E-05 0.995018 0.00468176
0.355654 0.456982 0.141308 9.99912E-05 0.0459558
9.99736E-05 9.99736E-05 9.99736E-05 0.72876 0.27094
9.99823E-05 0.265287 9.99823E-05 0.329395 0.405118
9.99827E-05 0.20909 0.453995 9.99827E-05 0.336715
0.351055 0.315406 9.99912E-05 0.207714 0.125725
0.459931 0.0756296 9.99912E-05 0.209075 0.255264
0.354912 0.47513 9.99824E-05 9.99824E-05 0.169759
9.99737E-05 9.99737E-05 9.99737E-05 0.913098 0.0866022
0.460353 9.99824E-05 0.210862 9.99824E-05 0.328585
0.33468 9.99737E-05 9.99737E-05 0.66502 9.99737E-05
0.425915 9.99823E-05 9.99823E-05 0.0830145 0.490871
9.99826E-05 0.321477 9.99826E-05 0.431327 0.246996
0.535211 0.464489 9.99742E-05 9.99742E-05 9.99742E-05
9.99738E-05 9.99738E-05 9.99738E-05 0.0966991 0.903001
0.0159197 0.0147313 0.0544342 9.99912E-05 0.914815
9.99912E-05 0.233797 0.0990838 0.179819 0.487201
9.99825E-05 0.169245 9.99825E-05 0.0962463 0.734309
0.269559 0.33082 0.399421 9.99824E-05 9.99824E-05
9.99738E-05 9.99738E-05 0.703686 0.296014 9.99738E-05
0.814626 9.99735E-05 0.185074 9.99735E-05 9.99735E-05
0.445739 9.99735E-05 9.99735E-05 9.99735E-05 0.553961
0.767202 9.99824E-05 0.0220905 0.210507 9.99824E-05
9.99824E-05 0.043905 0.0348391 0.921056 9.99824E-05
9.997E-05 9.997E-05 9.997E-05 9.997E-05 0.9996
9.99911E-05 0.448621 0.0595768 0.172933 0.318769
0.346975 0.549001 9.99826E-05 0.103824 9.99826E-05
0.247515 0.0678247 0.299837 0.210533 0.174291
9.99825E-05 0.359403 0.294507 9.99825E-05 0.34589
0.300923 0.428572 0.0802157 0.190189 9.99912E-05
0.829922 0.169779 9.99737E-05 9.99737E-05 9.99737E-05
9.99824E-05 0.503359 0.268855 9.99824E-05 0.227586
9.99912E-05 0.278953 0.179777 0.288043 0.253127
0.172556 0.0763419 0.620358 9.99912E-05 0.130644
0.9996 9.997E-05 9.997E-05 9.997E-05 9.997E-05
0.0917234 0.3501 0.348785 0.209292 9.99913E-05
0.185318 9.99912E-05 0.410218 0.0301031 0.374261
0.613249 0.386451 9.99736E-05 9.99736E-05 9.99736E-05
0.430481 9.99913E-05 0.0283676 0.18343 0.357622
0.845716 9.99738E-05 9.99738E-05 9.99738E-05 0.153984
0.319739 9.99826E-05 0.366932 9.99826E-05 0.313129
9.99824E-05 0.326646 0.56661 9.99824E-05 0.106544
0.247802 0.532301 9.99825E-05 9.99825E-05 0.219698
9.99736E-05 9.99736E-05 0.390927 9.99736E-05 0.608773
0.277254 9.99824E-05 0.29271 9.99824E-05 0.429836
0.372374 9.99737E-05 0.627326 9.99737E-05 9.99737E-05
0.29523 9.99737E-05 9.99737E-05 0.70447 9.99737E-05
0.821988 9.99824E-05 0.0942526 9.99824E-05 0.0835595
0.0624089 0.46754 9.99825E-05 9.99825E-05 0.469851
9.99738E-05 0.913306 9.99738E-05 9.99738E-05 0.0863939
0.288199 9.99912E-05 0.490394 0.210316 0.0109915
0.7894 9.99737E-05 9.99737E-05 9.99737E-05 0.2103
0.866692 9.99823E-05 9.99823E-05 0.0969516 0.036156
0.201404 9.99739E-05 0.798296 9.99739E-05 9.99739E-05
0.0198596 0.0292745 9.99912E-05 0.282104 0.668662
0.0355721 0.554371 9.99824E-05 9.99824E-05 0.409857
9.99912E-05 0.156669 0.106577 0.132123 0.60453
0.252543 9.99912E-05 0.251829 0.0508912 0.444637
9.997E-05 9.997E-05 9.997E-05 0.9996 9.997E-05
0.176128 9.99826E-05 0.469903 9.99826E-05 0.353768
9.9974E-05 0.564822 0.434878 9.9974E-05 9.9974E-05
0.242793 9.99824E-05 0.203798 0.553209 9.99824E-05
0.084709 0.914991 9.99737E-05 9.99737E-05 9.99737E-05
0.42404 9.99912E-05 0.195532 0.109083 0.271245
0.131921 0.636222 0.231657 9.99825E-05 9.99825E-05
0.128011 9.99913E-05 0.208605 0.228782 0.434502
9.99823E-05 0.0980669 0.825447 0.0762865 9.99823E-05
0.676138 9.99738E-05 9.99738E-05 0.323562 9.99738E-05
9.99736E-05 0.938802 0.060898 9.99736E-05 9.99736E-05
9.99737E-05 0.928213 9.99737E-05 0.0714875 9.99737E-05
9.99738E-05 9.99738E-05 0.173069 0.826632 9.99738E-05
0.386642 0.216611 0.0738761 0.322771 9.99913E-05
9.99735E-05 9.99735E-05 9.99735E-05 0.859794 0.139906
0.00671773 9.99739E-05 9.99739E-05 0.992982 9.99739E-05
9.99824E-05 0.03075 9.99824E-05 0.697152 0.271898
9.99741E-05 9.99741E-05 0.0414095 9.99741E-05 0.958291
9.99824E-05 9.99824E-05 0.164055 0.0827423 0.753003
0.604557 0.00811345 9.99825E-05 9.99825E-05 0.38713
0.380675 0.193867 0.0401301 9.99912E-05 0.385228
0.0395089 0.0954236 0.770586 0.094382 9.99912E-05
9.997E-05 0.9996 9.997E-05 9.997E-05 9.997E-05
9.99736E-05 9.99736E-05 0.28402 9.99736E-05 0.71568
9.99912E-05 0.237218 0.111823 0.45861 0.192249
9.997E-05 9.997E-05 9.997E-05 9.997E-05 0.9996
0.37776 9.99825E-05 0.600831 9.99825E-05 0.0212085
9.99824E-05 0.210277 9.99824E-05 0.51907 0.270453
0.370461 9.99744E-05 0.629239 9.99744E-05 9.99744E-05
0.194596 9.99824E-05 0.700942 9.99824E-05 0.104262
9.99738E-05 9.99738E-05 0.372739 0.626961 9.99738E-05
9.99827E-05 9.99827E-05 0.125694 0.319338 0.554768
0.730631 0.258868 0.0103002 9.99825E-05 9.99825E-05
0.353515 9.99735E-05 9.99735E-05 9.99735E-05 0.646185
0.0917954 0.0630517 0.398919 0.0519367 0.394297
0.250388 0.312707 0.22926 0.149122 0.0585233
9.99738E-05 9.99738E-05 0.738305 9.99738E-05 0.261395
0.485878 0.272802 9.99825E-05 0.24112 9.99825E-05
0.654826 9.99736E-05 0.344874 9.99736E-05 9.99736E-05
0.10183 0.638872 9.99824E-05 9.99824E-05 0.259098
0.9996 9.997E-05 9.997E-05 9.997E-05 9.997E-05
0.00641743 9.99824E-05 0.0650159 9.99824E-05 0.928367
0.193805 0.805895 9.99737E-05 9.99737E-05 9.99737E-05
0.00837806 0.0840078 0.240967 0.426362 0.240285
0.57572 9.99824E-05 9.99824E-05 0.167533 0.256547
0.750806 9.99824E-05 0.042356 0.206638 9.99824E-05
0.118627 0.0179857 0.616304 9.99912E-05 0.246983
0.172845 0.180367 0.559341 9.99912E-05 0.0873464
9.99912E-05 0.0583286 0.0123278 0.490242 0.439002
0.342265 0.13 9.99912E-05 0.0214031 0.506231
0.828815 0.0332713 0.109567 9.99912E-05 0.028247
0.177739 0.292385 0.529676 9.99824E-05 9.99824E-05
0.0736466 0.682585 0.243569 9.99824E-05 9.99824E-05
0.478644 0.392994 0.126083 0.00217963 9.99912E-05
9.9974E-05 0.278361 0.721339 9.9974E-05 9.9974E-05
9.99736E-05 9.99736E-05 0.017614 9.99736E-05 0.982086
9.99737E-05 0.807121 9.99737E-05 0.192579 9.99737E-05
9.99824E-05 9.99824E-05 0.242098 0.376629 0.381072
0.072225 0.205548 9.99912E-05 0.102466 0.619661
0.566127 0.0440019 9.99825E-05 0.389672 9.99825E-05
9.99735E-05 0.0811977 0.918502 9.99735E-05 9.99735E-05
9.99737E-05 0.945144 9.99737E-05 0.0545565 9.99737E-05
0.0221758 0.0610612 9.99912E-05 0.434202 0.482461
9.997E-05 9.997E-05 0.9996 9.997E-05 9.997E-05
0.23371 9.99825E-05 9.99825E-05 0.106177 0.659914
0.000166169 0.160219 9.99913E-05 0.718714 0.120802
0.302498 0.203835 9.99913E-05 0.0885211 0.405046
9.99824E-05 0.289467 0.262701 0.447632 9.99824E-05
0.203859 9.99739E-05 0.795841 9.99739E-05 9.99739E-05
9.99825E-05 0.158378 0.0203837 9.99825E-05 0.821038
0.734529 9.99827E-05 0.141156 9.99827E-05 0.124116
9.99824E-05 0.40766 0.28692 9.99824E-05 0.30522
0.57121 9.99825E-05 0.0591209 9.99825E-05 0.369469
0.0856572 9.99824E-05 9.99824E-05 0.645515 0.268628
0.227548 0.0165823 0.563044 0.192726 9.99912E-05
0.16875 0.0621548 0.768896 9.99825E-05 9.99825E-05
0.126588 9.99824E-05 9.99824E-05 0.121361 0.751851
9.99824E-05 0.306656 0.676613 9.99824E-05 0.0165306
9.99824E-05 0.752974 9.99824E-05 0.221165 0.0256617
9.99824E-05 0.666311 9.99824E-05 0.293292 0.0401973
0.141853 9.99824E-05 0.175011 9.99824E-05 0.682937
9.99736E-05 0.424791 0.574909 9.99736E-05 9.99736E-05
9.99824E-05 0.271642 0.681413 0.0467448 9.99824E-05
0.878071 9.99738E-05 9.99738E-05 9.99738E-05 0.121629
9.99824E-05 0.443447 9.99824E-05 0.0815667 0.474786
9.99738E-05 0.721991 0.277709 9.99738E-05 9.99738E-05
9.99826E-05 9.99826E-05 0.401788 0.211217 0.386795
9.99737E-05 9.99737E-05 9.99737E-05 0.490813 0.508887
9.99912E-05 0.579942 0.0234723 0.224093 0.172392
0.0426091 0.346646 9.99827E-05 9.99827E-05 0.610545
0.107963 9.99912E-05 0.621892 0.123961 0.146084
9.99739E-05 9.99739E-05 0.735427 9.99739E-05 0.264273
9.99824E-05 0.0836392 0.890985 9.99824E-05 0.0251763
0.579188 0.201982 0.000266958 9.99912E-05 0.218463
0.415015 0.0415078 9.99824E-05 9.99824E-05 0.543277
0.337099 9.99912E-05 0.115888 0.345267 0.201646
9.99826E-05 9.99826E-05 0.420304 0.295529 0.283967
9.99824E-05 9.99824E-05 0.252938 0.398857 0.348004
9.99823E-05 0.900513 0.0223378 9.99823E-05 0.0769495
0.183068 9.99912E-05 0.322237 0.0369444 0.45765
0.426712 9.99737E-05 9.99737E-05 0.572988 9.99737E-05
9.99738E-05 9.99738E-05 0.48001 9.99738E-05 0.51969
0.0727102 0.389842 0.366548 0.170799 9.99912E-05
9.99824E-05 9.99824E-05 0.217629 0.272345 0.509826
9.997E-05 0.9996 9.997E-05 9.997E-05 9.997E-05
0.0418691 0.687074 0.250422 0.0205346 9.99912E-05
0.582802 0.0980687 9.99823E-05 9.99823E-05 0.318929
0.0407476 0.324617 0.634435 9.99824E-05 9.99824E-05
9.99913E-05 0.60821 0.0162427 0.135924 0.239523
0.0292802 0.280959 9.99912E-05 0.371271 0.31839
9.99826E-05 0.63548 9.99826E-05 0.125454 0.238866
9.99738E-05 0.392586 9.99738E-05 9.99738E-05 0.607114
0.417807 0.180141 0.249399 9.99912E-05 0.152553
0.0409197 9.99826E-05 9.99826E-05 0.755524 0.203356
0.261474 0.431805 0.161144 0.145476 9.99912E-05
9.997E-05 0.9996 9.997E-05 9.997E-05 9.997E-05
0.248471 0.23717 9.99826E-05 9.99826E-05 0.514159
0.0452737 0.682505 9.99824E-05 9.99824E-05 0.272021
9.99824E-05 0.228462 0.0939174 9.99824E-05 0.677421
0.250882 9.99912E-05 0.281232 0.168167 0.299619
9.99826E-05 9.99826E-05 0.17525 0.801537 0.0230129
0.203316 9.99913E-05 0.218193 0.554327 0.0240637
0.283321 0.0985529 0.49002 0.128005 9.99912E-05
0.0311533 0.968547 9.99736E-05 9.99736E-05 9.99736E-05
9.99737E-05 0.65018 9.99737E-05 0.34952 9.99737E-05
0.434124 0.130987 9.99914E-05 0.0349998 0.399789
0.146632 0.179814 0.244158 0.0188097 0.410585
0.412167 0.0598648 9.99912E-05 0.0251025 0.502765
0.59298 0.0537486 0.274074 0.0790974 9.99912E-05
9.997E-05 9.997E-05 9.997E-05 0.9996 9.997E-05
9.99825E-05 0.0262911 0.505291 9.99825E-05 0.468218
0.292939 0.706761 9.99737E-05 9.99737E-05 9.99737E-05
0.770815 0.228886 9.99735E-05 9.99735E-05 9.99735E-05
0.394673 0.605027 9.99735E-05 9.99735E-05 9.99735E-05
0.288938 0.0444152 9.99825E-05 9.99825E-05 0.666447
9.99737E-05 9.99737E-05 0.643252 9.99737E-05 0.356448
0.184674 9.99912E-05 0.490571 0.0954868 0.229169
9.99825E-05 0.301468 0.523321 0.175012 9.99825E-05
9.99736E-05 0.169407 9.99736E-05 9.99736E-05 0.830293
0.182215 9.99824E-05 9.99824E-05 0.38699 0.430595
9.99825E-05 0.688129 0.110527 9.99825E-05 0.201144
0.564215 0.0920929 0.215858 0.0686689 0.0591654
0.546462 0.453238 9.99738E-05 9.99738E-05 9.99738E-05
9.99736E-05 0.73579 0.26391 9.99736E-05 9.99736E-05
0.438613 0.300055 9.99824E-05 9.99824E-05 0.261132
0.181206 0.103212 0.193288 0.522194 9.99913E-05
9.99737E-05 9.99737E-05 9.99737E-05 0.508213 0.491487
0.32567 0.449382 0.177273 0.0475755 9.99912E-05
0.523048 9.99738E-05 9.99738E-05 9.99738E-05 0.476652
9.99824E-05 0.606182 0.036699 9.99824E-05 0.356919
0.113759 0.138793 0.747248 9.99824E-05 9.99824E-05
9.99737E-05 0.817853 9.99737E-05 9.99737E-05 0.181847
0.685364 9.99825E-05 9.99825E-05 0.276295 0.0381407
0.0424346 9.99825E-05 9.99825E-05 0.675674 0.281691
0.648143 9.99824E-05 0.166702 9.99824E-05 0.184955
0.77947 9.99739E-05 0.220231 9.99739E-05 9.99739E-05
9.99737E-05 9.99737E-05 9.99737E-05 0.358017 0.641683
0.0251735 9.99913E-05 0.242439 0.361189 0.371099
9.99736E-05 0.721728 9.99736E-05 9.99736E-05 0.277972
0.173285 0.480154 0.237472 0.108988 9.99912E-05
9.99736E-05 0.970651 9.99736E-05 9.99736E-05 0.0290496
0.274759 0.579109 0.145932 9.99824E-05 9.99824E-05
9.99737E-05 0.408095 0.591605 9.99737E-05 9.99737E-05
9.99824E-05 0.499206 0.0957752 9.99824E-05 0.404819
0.723298 0.0236778 0.252824 9.99824E-05 9.99824E-05
0.393621 0.606079 9.99736E-05 9.99736E-05 9.99736E-05
9.99911E-05 0.018206 0.478502 0.418972 0.0842203
0.0299935 9.99823E-05 0.00728003 9.99823E-05 0.962527
0.00677547 9.99825E-05 0.483157 0.509868 9.99825E-05
0.0535735 0.508749 9.99824E-05 0.437477 9.99824E-05
0.0279167 0.25784 0.651597 0.0625461 9.99912E-05
0.0243764 0.00803467 9.99826E-05 0.967389 9.99826E-05
0.9996 9.997E-05 9.997E-05 9.997E-05 9.997E-05
9.99737E-05 0.963103 9.99737E-05 0.0365973 9.99737E-05
0.343889 0.253869 9.99825E-05 0.402043 9.99825E-05
