0.172101 9.9991E-05 0.756479 0.0713202
9.9982E-05 9.9982E-05 0.991286 0.00851407
0.490189 9.9982E-05 0.509611 9.9982E-05
0.183298 0.183231 0.633371 9.9991E-05
0.444552 9.9982E-05 9.9982E-05 0.555248
0.0480505 0.82349 0.12836 9.9991E-05
0.834179 0.165621 9.9982E-05 9.9982E-05
0.0422099 9.99821E-05 0.95759 9.99821E-05
9.99821E-05 0.844089 9.99821E-05 0.155711
0.586127 9.9982E-05 9.9982E-05 0.413673
0.858367 9.99821E-05 9.99821E-05 0.141433
9.9982E-05 0.0470426 0.952757 9.9982E-05
0.355534 0.0982428 0.0122808 0.533943
0.905512 0.082782 0.0116056 9.9991E-05
0.251055 9.9982E-05 9.9982E-05 0.748745
0.0457157 0.34169 9.9991E-05 0.612495
9.99821E-05 0.0196563 0.980144 9.99821E-05
0.289887 0.4345 9.9991E-05 0.275513
9.9982E-05 0.872574 0.127226 9.9982E-05
9.9982E-05 0.311906 9.9982E-05 0.687894
9.99821E-05 0.405351 9.99821E-05 0.594449
9.9991E-05 0.609399 0.111913 0.278588
9.9982E-05 0.254662 9.9982E-05 0.745138
0.258697 0.154163 0.500132 0.0870074
0.849336 0.075034 0.0755301 9.9991E-05
0.122789 9.9982E-05 9.9982E-05 0.877012
0.307058 9.99821E-05 0.692742 9.99821E-05
0.25597 0.718443 9.9991E-05 0.0254864
9.99821E-05 9.99821E-05 0.978349 0.0214508
9.99821E-05 0.584266 0.415535 9.99821E-05
0.9997 9.998E-05 9.998E-05 9.998E-05
0.9997 9.998E-05 9.998E-05 9.998E-05
0.81513 9.9982E-05 9.9982E-05 0.18467
0.0413642 0.958436 9.9982E-05 9.9982E-05
0.0378436 0.0361552 0.925901 9.9991E-05
9.9982E-05 0.457289 9.9982E-05 0.542511
9.9982E-05 0.975808 0.0239922 9.9982E-05
0.0626464 0.919725 0.0175284 9.9991E-05
0.711079 0.151719 0.0703103 0.0668919
0.00907795 0.790797 0.200025 9.9991E-05
9.9982E-05 0.67335 0.32645 9.9982E-05
9.9982E-05 0.0668073 0.932993 9.9982E-05
9.9991E-05 0.0613178 0.00795127 0.930631
0.843766 9.9982E-05 0.156034 9.9982E-05
0.105054 9.9982E-05 9.9982E-05 0.894746
9.9982E-05 9.9982E-05 0.999153 0.000647516
9.9982E-05 0.572126 9.9982E-05 0.427674
9.99821E-05 0.96304 9.99821E-05 0.0367602
9.99821E-05 9.99821E-05 0.116156 0.883644
9.9982E-05 0.502006 9.9982E-05 0.497794
