0.0798888 0.742021 9.9991E-05 0.177991
0.0196355 0.980165 9.9982E-05 9.9982E-05
9.99821E-05 0.477949 9.99821E-05 0.521851
9.999E-05 0.728384 0.161695 0.10982
0.411138 9.9982E-05 9.9982E-05 0.588662
9.9991E-05 0.0551115 0.839079 0.105709
0.0783285 9.9991E-05 0.0866672 0.834904
0.0154555 0.982756 9.9991E-05 0.00168821
0.147215 9.99821E-05 0.852585 9.99821E-05
0.287946 9.9982E-05 9.9982E-05 0.711854
0.0306977 9.99821E-05 9.99821E-05 0.969102
9.9982E-05 0.88552 0.114281 9.9982E-05
0.501097 9.9991E-05 0.0470411 0.451762
9.999E-05 0.0647023 0.0439099 0.891288
0.68733 9.9982E-05 9.9982E-05 0.31247
0.687498 9.9991E-05 0.267923 0.0444797
9.9991E-05 0.827246 0.152938 0.0197155
0.319127 9.9991E-05 0.369082 0.311691
9.9982E-05 0.0421197 0.95768 9.9982E-05
0.876551 9.9982E-05 0.123249 9.9982E-05
0.717829 9.9982E-05 0.281971 9.9982E-05
0.245196 9.99821E-05 0.754604 9.99821E-05
0.881026 9.9982E-05 0.118774 9.9982E-05
0.143239 0.50392 0.103669 0.249172
9.9991E-05 0.0619475 0.0929507 0.845002
0.844594 9.9982E-05 9.9982E-05 0.155206
9.9991E-05 0.724606 0.0840668 0.191227
0.157572 0.026946 0.585724 0.229758
0.0269769 0.972823 9.99821E-05 9.99821E-05
9.99821E-05 0.306578 0.693222 9.99821E-05
9.9982E-05 0.00731146 9.9982E-05 0.992489
9.998E-05 9.998E-05 9.998E-05 0.9997
0.0698634 9.9982E-05 9.9982E-05 0.929937
9.9982E-05 9.9982E-05 0.932496 0.0673038
9.9991E-05 0.866314 0.127987 0.00559836
0.668011 9.9982E-05 0.331789 9.9982E-05
0.0385286 9.9982E-05 0.961271 9.9982E-05
9.9982E-05 9.9982E-05 0.884837 0.114963
9.9991E-05 0.119979 0.0840728 0.795848
9.99821E-05 0.166171 0.833629 9.99821E-05
9.9982E-05 0.233974 0.765826 9.9982E-05
9.9982E-05 0.846992 0.152808 9.9982E-05
0.918945 0.0344642 0.0464903 9.9991E-05
9.9982E-05 0.100877 9.9982E-05 0.898923
0.782958 9.9982E-05 9.9982E-05 0.216842
0.0166062 0.983194 9.99821E-05 9.99821E-05
0.503614 9.9982E-05 0.496186 9.9982E-05
0.0596182 9.99821E-05 0.940182 9.99821E-05
0.859837 0.0951774 9.9991E-05 0.0448858
0.625833 9.9982E-05 0.373967 9.9982E-05
