0.201687 9.9991E-05 0.0661458 0.732068
9.9982E-05 9.9982E-05 0.00827858 0.991521
0.548784 9.9982E-05 9.9982E-05 0.451016
0.119811 0.303059 9.9991E-05 0.57703
0.535019 9.9982E-05 0.464781 9.9982E-05
0.0822783 0.866285 9.9991E-05 0.0513371
0.907842 0.0876323 0.00442617 9.9991E-05
9.9991E-05 9.9991E-05 0.0315102 0.96829
9.9982E-05 0.793504 0.206296 9.9982E-05
0.709348 9.9982E-05 0.290452 9.9982E-05
0.943081 9.99821E-05 0.056719 9.99821E-05
9.9991E-05 0.0223004 0.0141552 0.963444
0.422367 0.0887243 0.470669 0.0182397
0.819364 0.0564199 9.9991E-05 0.124116
0.306817 9.9982E-05 0.692983 9.9982E-05
0.0211436 0.261802 0.716954 9.9991E-05
0.0340599 0.0159159 9.9991E-05 0.949924
0.291158 0.339971 0.368771 9.9991E-05
9.9982E-05 0.92846 9.9982E-05 0.0713397
9.9982E-05 0.221794 0.778006 9.9982E-05
9.9982E-05 0.335399 0.664401 9.9982E-05
9.9991E-05 0.545676 0.30589 0.148333
0.0162733 0.146496 0.837131 9.9991E-05
0.277151 0.227535 0.0564827 0.438831
0.842189 0.109185 9.9991E-05 0.0485267
0.137018 9.9982E-05 0.862782 9.9982E-05
0.30149 0.0693072 9.9991E-05 0.629103
0.21074 0.569961 0.219199 9.9991E-05
9.998E-05 9.998E-05 9.998E-05 0.9997
9.99821E-05 0.607145 9.99821E-05 0.392655
0.9997 9.998E-05 9.998E-05 9.998E-05
0.9997 9.998E-05 9.998E-05 9.998E-05
0.893941 9.9982E-05 0.105859 9.9982E-05
0.0751421 0.924658 9.9982E-05 9.9982E-05
0.0525822 0.0815189 9.9991E-05 0.865799
9.9982E-05 0.289662 0.710138 9.9982E-05
9.9982E-05 0.934208 0.0655921 9.9982E-05
0.110768 0.876143 9.9991E-05 0.0129889
0.582948 0.0077953 0.166208 0.243049
9.99821E-05 0.878429 9.99821E-05 0.121371
9.9982E-05 0.741613 9.9982E-05 0.258187
9.9982E-05 0.0734255 9.9982E-05 0.926375
9.998E-05 9.998E-05 0.9997 9.998E-05
0.868661 9.9982E-05 9.9982E-05 0.131139
0.19202 9.9982E-05 0.80778 9.9982E-05
9.998E-05 9.998E-05 9.998E-05 0.9997
9.9982E-05 0.459312 0.540488 9.9982E-05
9.99821E-05 0.876624 0.123176 9.99821E-05
0.0688707 9.9991E-05 0.823275 0.107754
9.9982E-05 0.509094 0.490706 9.9982E-05
