0.75052 9.9982E-05 0.0495385 0.199742 9.9982E-05
0.886018 0.0150064 0.025056 9.9991E-05 0.0738198
0.55369 9.9973E-05 9.9973E-05 0.44601 9.9973E-05
9.99731E-05 0.0004665 9.99731E-05 9.99731E-05 0.999234
9.998E-05 9.998E-05 0.255199 0.685432 0.0591689
0.0609564 0.873098 9.9982E-05 0.0657451 9.9982E-05
9.9982E-05 0.034436 9.9982E-05 0.811936 0.153428
0.960534 9.99821E-05 9.99821E-05 0.0355983 0.00366776
9.997E-05 0.705624 0.294076 9.997E-05 9.997E-05
9.997E-05 9.997E-05 0.142787 0.856913 9.997E-05
9.99731E-05 9.99731E-05 0.0126535 0.987047 9.99731E-05
0.871177 0.0762295 9.9982E-05 9.9982E-05 0.0523934
9.9982E-05 9.9982E-05 0.48603 0.477398 0.0363722
9.9982E-05 0.0255308 9.9982E-05 0.814087 0.160182
9.99731E-05 9.99731E-05 0.509499 0.490201 9.99731E-05
0.0454428 0.0455909 0.908766 9.9982E-05 9.9982E-05
0.538757 0.0518836 9.9982E-05 9.9982E-05 0.40916
9.998E-05 0.331249 0.365167 0.303384 9.998E-05
0.0661457 0.933554 9.9973E-05 9.9973E-05 9.9973E-05
9.99731E-05 0.0988391 0.900861 9.99731E-05 9.99731E-05
9.998E-05 0.124359 0.788059 9.998E-05 0.0873824
0.201466 0.381248 0.417086 9.9982E-05 9.9982E-05
0.00656442 9.9982E-05 0.988695 9.9982E-05 0.00454108
9.9973E-05 9.9973E-05 0.21795 9.9973E-05 0.781751
9.9973E-05 9.9973E-05 9.9973E-05 0.764065 0.235635
9.9973E-05 9.9973E-05 0.675705 0.323995 9.9973E-05
9.997E-05 9.997E-05 9.997E-05 9.997E-05 0.9996
9.99821E-05 0.644937 0.0590847 0.295778 9.99821E-05
0.9996 9.997E-05 9.997E-05 9.997E-05 9.997E-05
0.258714 0.618583 9.99821E-05 9.99821E-05 0.122503
0.0277197 9.9973E-05 9.9973E-05 0.97198 9.9973E-05
9.997E-05 9.997E-05 9.997E-05 0.973377 0.0263229
9.9982E-05 9.9982E-05 0.0530782 0.942245 0.00447699
9.99731E-05 0.926233 9.99731E-05 0.0734673 9.99731E-05
0.191372 9.9973E-05 9.9973E-05 9.9973E-05 0.808328
0.0271932 0.180031 0.792576 9.9982E-05 9.9982E-05
9.9973E-05 0.898028 0.101672 9.9973E-05 9.9973E-05
9.998E-05 0.910251 9.998E-05 0.0357583 0.0537911
0.168126 0.0619832 0.00886466 0.760926 9.9991E-05
9.99731E-05 0.696535 9.99731E-05 9.99731E-05 0.303165
0.259769 0.739931 9.9973E-05 9.9973E-05 9.9973E-05
0.881244 0.118457 9.9973E-05 9.9973E-05 9.9973E-05
9.99731E-05 9.99731E-05 0.949469 9.99731E-05 0.0502313
0.125817 9.9982E-05 9.9982E-05 0.865655 0.00832823
9.99731E-05 9.99731E-05 0.697448 0.302252 9.99731E-05
0.898142 9.99731E-05 9.99731E-05 9.99731E-05 0.101558
9.997E-05 0.26401 0.73569 9.997E-05 9.997E-05
9.997E-05 0.880958 0.118742 9.997E-05 9.997E-05
9.998E-05 9.998E-05 0.710318 0.128596 0.160886
9.9982E-05 0.354942 0.6229 9.9982E-05 0.0219574
