0.160587 9.9982E-05 0.673916 0.165297 9.9982E-05
0.0990846 9.9973E-05 0.900615 9.9973E-05 9.9973E-05
0.0436721 9.9982E-05 0.372289 0.583839 9.9982E-05
9.999E-05 0.0184411 0.617049 0.118115 0.246295
9.9973E-05 0.939229 0.0604715 9.9973E-05 9.9973E-05
9.9973E-05 9.9973E-05 9.9973E-05 0.108538 0.891162
0.000442109 0.193079 9.9991E-05 0.713609 0.0927691
0.00392769 9.99821E-05 0.976929 0.018943 9.99821E-05
0.404124 9.99731E-05 9.99731E-05 9.99731E-05 0.595576
9.997E-05 0.9996 9.997E-05 9.997E-05 9.997E-05
9.99731E-05 0.591488 9.99731E-05 0.408212 9.99731E-05
9.9973E-05 9.9973E-05 0.87286 9.9973E-05 0.126841
0.172186 0.582235 0.0214487 0.178823 0.0453073
9.999E-05 0.178105 0.0583371 0.66859 0.0948678
0.0638031 0.90215 9.9982E-05 9.9982E-05 0.0338469
0.87761 9.99731E-05 9.99731E-05 0.12209 9.99731E-05
9.9982E-05 0.00534757 0.876207 9.9982E-05 0.118245
0.399407 0.123144 9.9991E-05 0.250812 0.226537
9.9973E-05 9.9973E-05 0.0516081 9.9973E-05 0.948092
0.9996 9.997E-05 9.997E-05 9.997E-05 9.997E-05
0.817199 0.0166161 0.0164849 9.9991E-05 0.1496
0.363893 0.0390944 0.00649253 9.9991E-05 0.59042
0.82133 0.111412 9.9982E-05 0.0670573 9.9982E-05
0.130739 0.114324 0.508473 0.161055 0.0854085
9.9973E-05 9.9973E-05 9.9973E-05 0.950708 0.0489921
0.40929 0.59041 9.9973E-05 9.9973E-05 9.9973E-05
9.9982E-05 9.9982E-05 0.751132 0.204906 0.0437619
0.00015177 0.231152 9.9991E-05 0.112597 0.655999
0.0357804 9.99732E-05 0.96392 9.99732E-05 9.99732E-05
9.99731E-05 9.99731E-05 0.368256 9.99731E-05 0.631444
9.997E-05 9.997E-05 9.997E-05 0.9996 9.997E-05
9.997E-05 9.997E-05 9.997E-05 0.9996 9.997E-05
9.9973E-05 0.736667 9.9973E-05 0.263034 9.9973E-05
9.9973E-05 9.9973E-05 9.9973E-05 0.0415342 0.958166
9.9982E-05 0.0213333 0.815746 9.9982E-05 0.162721
0.937632 9.9973E-05 9.9973E-05 9.9973E-05 0.0620682
0.142294 9.9973E-05 9.9973E-05 9.9973E-05 0.857406
9.9973E-05 9.9973E-05 9.9973E-05 0.042831 0.956869
9.9991E-05 0.263736 0.0426666 0.602555 0.0909432
9.99821E-05 0.0467577 0.107166 9.99821E-05 0.845876
9.9973E-05 9.9973E-05 0.26867 9.9973E-05 0.73103
9.9973E-05 9.9973E-05 0.797981 9.9973E-05 0.201719
0.879811 0.11989 9.99731E-05 9.99731E-05 9.99731E-05
9.997E-05 9.997E-05 9.997E-05 0.9996 9.997E-05
0.283534 0.716166 9.99731E-05 9.99731E-05 9.99731E-05
0.0509577 9.99731E-05 0.948742 9.99731E-05 9.99731E-05
0.723649 9.9973E-05 9.9973E-05 9.9973E-05 0.276051
0.123848 9.99731E-05 9.99731E-05 9.99731E-05 0.875852
0.429957 0.485393 0.0844503 9.99821E-05 9.99821E-05
0.615464 0.0437198 9.9982E-05 9.9982E-05 0.340616
