9.99824E-05 9.99824E-05 0.548866 0.140826 0.310108
9.99737E-05 0.544049 9.99737E-05 9.99737E-05 0.455651
0.106057 9.99739E-05 9.99739E-05 9.99739E-05 0.893643
0.375975 9.99824E-05 0.109922 0.513903 9.99824E-05
9.997E-05 9.997E-05 9.997E-05 0.9996 9.997E-05
0.746238 9.99825E-05 0.0922228 9.99825E-05 0.161339
9.99735E-05 9.99735E-05 0.79689 0.20281 9.99735E-05
9.99736E-05 9.99736E-05 0.261315 0.738385 9.99736E-05
9.99826E-05 0.847325 9.99826E-05 0.0675396 0.0849356
0.84615 9.99736E-05 9.99736E-05 0.15355 9.99736E-05
9.999E-05 0.042387 0.445971 0.129294 0.382248
0.538818 9.99738E-05 9.99738E-05 9.99738E-05 0.460882
0.0530508 0.684813 0.0319366 9.99913E-05 0.2301
0.107791 0.165787 0.258356 0.467966 9.99912E-05
0.118712 0.136761 0.30605 0.438377 9.99912E-05
0.0717159 9.99737E-05 9.99737E-05 9.99737E-05 0.927984
0.423021 0.326121 9.99913E-05 0.0628763 0.187882
9.99825E-05 9.99825E-05 0.35521 0.608641 0.0359491
0.506121 0.327515 9.99824E-05 0.166163 9.99824E-05
0.906085 9.99824E-05 0.00908474 9.99824E-05 0.0846304
0.117108 9.99826E-05 0.588816 9.99826E-05 0.293876
0.426706 0.113793 9.99825E-05 9.99825E-05 0.459301
9.99825E-05 0.0545627 0.202547 0.74269 9.99825E-05
0.17845 0.259217 9.99824E-05 0.562133 9.99824E-05
0.0280697 9.99826E-05 0.44026 9.99826E-05 0.53147
9.99912E-05 0.201025 0.0867441 0.618324 0.0938068
9.99823E-05 0.367862 9.99823E-05 0.0852081 0.54673
0.390836 9.99824E-05 0.152982 0.455982 9.99824E-05
0.9996 9.997E-05 9.997E-05 9.997E-05 9.997E-05
0.286131 9.99824E-05 9.99824E-05 0.227064 0.486605
0.9996 9.997E-05 9.997E-05 9.997E-05 9.997E-05
0.347356 9.99823E-05 0.346284 9.99823E-05 0.306161
0.749885 9.99743E-05 9.99743E-05 0.249815 9.99743E-05
0.0247784 9.99825E-05 9.99825E-05 0.576337 0.398685
9.997E-05 9.997E-05 9.997E-05 0.9996 9.997E-05
0.304601 0.410924 0.284275 9.99825E-05 9.99825E-05
0.302315 9.99824E-05 0.188733 9.99824E-05 0.508752
0.59762 0.0381612 9.99912E-05 0.259254 0.104865
9.99825E-05 0.102599 0.799468 9.99825E-05 0.0977338
9.99912E-05 0.0303097 0.102782 0.852259 0.0145492
9.99737E-05 0.0187372 0.980963 9.99737E-05 9.99737E-05
9.99826E-05 0.329829 0.355007 0.314964 9.99826E-05
0.00285615 9.99739E-05 9.99739E-05 0.996844 9.99739E-05
0.961852 0.0378483 9.99734E-05 9.99734E-05 9.99734E-05
9.99824E-05 0.17226 9.99824E-05 0.798893 0.0286475
9.99826E-05 0.935032 0.0430273 9.99826E-05 0.0217405
0.272555 0.418555 9.99825E-05 0.30869 9.99825E-05
0.0239151 9.99912E-05 0.328212 0.461654 0.186119
0.702458 9.99827E-05 0.0268093 9.99827E-05 0.270532
0.0174101 0.365705 0.173315 0.392497 0.0510733
9.997E-05 9.997E-05 9.997E-05 0.9996 9.997E-05
9.99825E-05 9.99825E-05 0.519318 0.193945 0.286537
9.99737E-05 0.294287 0.705413 9.99737E-05 9.99737E-05
0.931965 9.99738E-05 0.0677348 9.99738E-05 9.99738E-05
9.99825E-05 9.99825E-05 0.169336 0.720736 0.109728
0.100327 9.99739E-05 0.899373 9.99739E-05 9.99739E-05
0.106282 0.617433 0.219491 0.0566943 9.99912E-05
0.158014 0.273638 9.99912E-05 0.158393 0.409855
0.694678 0.176273 9.99826E-05 9.99826E-05 0.128849
9.99824E-05 9.99824E-05 0.192285 0.51918 0.288336
0.833475 0.0216866 0.130111 9.99912E-05 0.0146275
0.0511836 0.0735656 0.248394 0.626757 9.99912E-05
0.495536 0.00903006 0.0900778 9.99912E-05 0.405256
9.99912E-05 0.20148 0.0823672 0.486371 0.229682
0.42738 0.308551 9.99912E-05 0.258119 0.00585055
9.99735E-05 0.135891 9.99735E-05 0.863809 9.99735E-05
9.99913E-05 0.147904 0.30873 0.306846 0.236421
0.187041 0.662221 0.150538 9.99824E-05 9.99824E-05
0.0598174 0.217515 0.538547 0.184021 9.99912E-05
0.0641856 0.638981 0.0950321 0.201702 9.99912E-05
0.640239 9.99823E-05 0.15434 0.20522 9.99823E-05
0.509606 9.99825E-05 9.99825E-05 0.0748974 0.415297
0.286139 9.99825E-05 9.99825E-05 0.218714 0.494947
0.169737 9.99825E-05 0.133473 9.99825E-05 0.696589
0.748364 9.99736E-05 9.99736E-05 0.251336 9.99736E-05
0.139121 9.99825E-05 0.175061 0.685618 9.99825E-05
9.99737E-05 9.99737E-05 0.523719 0.475981 9.99737E-05
0.640405 9.99736E-05 9.99736E-05 0.359295 9.99736E-05
9.99913E-05 0.117744 0.561045 0.202374 0.118737
9.99738E-05 9.99738E-05 0.365719 0.633981 9.99738E-05
0.545943 9.99824E-05 0.178931 0.274926 9.99824E-05
9.99825E-05 0.111533 0.343097 9.99825E-05 0.545171
0.0793166 0.460829 0.459654 9.99824E-05 9.99824E-05
9.99914E-05 0.170768 0.638005 0.0898451 0.101281
0.207442 0.792258 9.99739E-05 9.99739E-05 9.99739E-05
9.99738E-05 0.534303 9.99738E-05 0.465397 9.99738E-05
9.99912E-05 0.0321642 0.585878 0.145929 0.235929
9.99824E-05 0.106518 0.0782761 0.815006 9.99824E-05
0.164829 9.99825E-05 0.351716 0.483255 9.99825E-05
9.99736E-05 9.99736E-05 9.99736E-05 0.315583 0.684117
0.744038 0.21019 9.99825E-05 0.0455723 9.99825E-05
0.9996 9.997E-05 9.997E-05 9.997E-05 9.997E-05
0.49893 0.0249119 9.99912E-05 0.334552 0.141507
0.086401 9.99824E-05 9.99824E-05 0.826599 0.0867998
0.168502 9.99912E-05 0.361685 0.273643 0.19607
0.249018 9.99825E-05 0.0756994 0.675083 9.99825E-05
0.554707 9.99738E-05 9.99738E-05 9.99738E-05 0.444993
0.721218 9.9974E-05 9.9974E-05 9.9974E-05 0.278482
0.762087 9.99823E-05 9.99823E-05 0.150987 0.0867258
0.469953 9.99824E-05 0.207244 9.99824E-05 0.322603
0.768151 9.99735E-05 0.231549 9.99735E-05 9.99735E-05
0.271034 9.99739E-05 9.99739E-05 9.99739E-05 0.728666
0.79709 0.0945589 0.108151 9.99824E-05 9.99824E-05
0.298671 9.99824E-05 9.99824E-05 0.487067 0.214062
9.99739E-05 9.99739E-05 9.99739E-05 0.6582 0.3415
9.99825E-05 0.483834 0.292459 9.99825E-05 0.223508
0.377323 0.414889 0.0634072 9.99912E-05 0.14428
9.99913E-05 0.10107 0.395797 0.0807961 0.422236
9.99824E-05 9.99824E-05 0.396813 0.0246569 0.57833
0.673427 9.99826E-05 9.99826E-05 0.245214 0.081159
9.997E-05 0.9996 9.997E-05 9.997E-05 9.997E-05
0.0797549 9.99825E-05 9.99825E-05 0.881616 0.0384291
0.297982 9.99912E-05 0.421455 0.19666 0.0838039
0.694896 9.99736E-05 0.304804 9.99736E-05 9.99736E-05
0.218688 0.190765 0.431254 9.99912E-05 0.159193
0.273105 9.99824E-05 0.214165 9.99824E-05 0.51253
9.99912E-05 0.0837165 0.375633 0.315475 0.225076
0.44031 9.99827E-05 0.288587 9.99827E-05 0.270903
0.0611088 9.99823E-05 0.0549164 0.883775 9.99823E-05
9.99737E-05 0.446246 9.99737E-05 0.553454 9.99737E-05
0.270991 9.99824E-05 0.0542829 0.674526 9.99824E-05
0.22831 9.99738E-05 0.77139 9.99738E-05 9.99738E-05
0.169148 0.35478 0.2778 9.99912E-05 0.198172
0.65324 0.319384 0.0271761 9.99824E-05 9.99824E-05
0.185167 9.99913E-05 0.181614 0.399973 0.233145
9.99737E-05 9.99737E-05 0.777947 0.221753 9.99737E-05
0.456424 0.543276 9.99735E-05 9.99735E-05 9.99735E-05
0.178977 0.267461 9.99912E-05 0.0190422 0.53442
0.854205 9.99825E-05 0.117459 9.99825E-05 0.028136
0.489183 9.99824E-05 0.322525 9.99824E-05 0.188092
0.673669 0.326031 9.99734E-05 9.99734E-05 9.99734E-05
9.99825E-05 0.445456 0.143723 9.99825E-05 0.410621
9.99825E-05 9.99825E-05 0.025504 0.738811 0.235485
0.573694 9.99825E-05 0.295887 9.99825E-05 0.130219
0.493905 9.99825E-05 9.99825E-05 0.4368 0.0690957
0.558971 0.193716 9.99826E-05 9.99826E-05 0.247113
0.110543 0.528033 9.99912E-05 0.0255786 0.335745
0.642189 9.99824E-05 0.354182 0.00342914 9.99824E-05
0.70289 9.99828E-05 0.123546 0.173364 9.99828E-05
0.163305 0.254653 9.99824E-05 0.581842 9.99824E-05
0.655117 0.133034 9.99824E-05 9.99824E-05 0.211649
0.265593 0.250538 9.99912E-05 0.297474 0.186295
0.305617 9.99737E-05 9.99737E-05 0.694083 9.99737E-05
0.102744 0.54464 0.145193 9.99912E-05 0.207323
0.231391 9.99824E-05 0.504346 9.99824E-05 0.264064
0.801266 9.99824E-05 0.038435 9.99824E-05 0.160099
0.454687 9.99823E-05 0.0790432 0.46607 9.99823E-05
9.99823E-05 0.622848 0.162164 9.99823E-05 0.214788
0.162841 0.62226 0.201118 9.99912E-05 0.0136807
9.99736E-05 9.99736E-05 0.804371 9.99736E-05 0.195329
9.99735E-05 0.511928 0.487772 9.99735E-05 9.99735E-05
0.875929 9.99737E-05 9.99737E-05 9.99737E-05 0.123771
0.399514 0.265787 9.99825E-05 0.334498 9.99825E-05
0.466873 0.0755074 0.196542 9.99912E-05 0.260977
9.99826E-05 9.99826E-05 0.21224 0.607258 0.180301
0.650693 9.99824E-05 9.99824E-05 0.0165104 0.332596
0.739558 9.99738E-05 9.99738E-05 0.260142 9.99738E-05
9.99826E-05 0.669947 0.00706034 0.322793 9.99826E-05
0.0105196 0.230926 0.170198 9.99912E-05 0.588256
9.99912E-05 0.158316 0.351858 0.18514 0.304585
0.429186 0.437946 9.99826E-05 0.132669 9.99826E-05
0.501286 9.99824E-05 0.150386 9.99824E-05 0.348129
0.610657 9.99739E-05 9.99739E-05 0.389043 9.99739E-05
0.0439059 9.99824E-05 9.99824E-05 0.694306 0.261588
9.99912E-05 0.284294 0.24906 0.109555 0.356991
0.375717 9.99912E-05 0.350348 0.22608 0.0477549
0.185714 0.239238 0.549512 9.99912E-05 0.0254355
0.100705 0.112787 0.786308 9.99824E-05 9.99824E-05
0.352353 0.149982 0.497466 9.99824E-05 9.99824E-05
0.216003 9.99825E-05 9.99825E-05 0.362335 0.421462
0.518085 0.191593 9.99824E-05 0.290121 9.99824E-05
9.99823E-05 0.732168 0.138255 9.99823E-05 0.129377
0.161553 9.99736E-05 9.99736E-05 0.838147 9.99736E-05
9.99736E-05 0.914323 0.0853772 9.99736E-05 9.99736E-05
9.99824E-05 9.99824E-05 0.193039 0.788576 0.0181853
0.677622 9.99823E-05 0.000716434 0.321461 9.99823E-05
0.327179 0.585677 9.99824E-05 0.0869434 9.99824E-05
9.99826E-05 0.2998 9.99826E-05 0.435713 0.264287
0.475585 9.99824E-05 0.466668 0.0575464 9.99824E-05
0.503205 0.372126 9.99824E-05 9.99824E-05 0.124469
0.550157 9.99826E-05 9.99826E-05 0.432926 0.016717
9.99737E-05 0.738121 0.261579 9.99737E-05 9.99737E-05
0.0783818 0.208766 9.99824E-05 0.712653 9.99824E-05
9.997E-05 9.997E-05 0.9996 9.997E-05 9.997E-05
0.184165 0.815535 9.99736E-05 9.99736E-05 9.99736E-05
0.159532 0.840168 9.99737E-05 9.99737E-05 9.99737E-05
0.556285 9.99823E-05 0.31829 0.125226 9.99823E-05
9.99824E-05 0.309304 0.145364 9.99824E-05 0.545133
0.424992 0.0317226 0.543086 9.99825E-05 9.99825E-05
0.054915 9.99913E-05 0.26308 0.0876935 0.594212
0.567916 0.208635 9.99823E-05 0.223249 9.99823E-05
9.99823E-05 0.14547 0.5142 9.99823E-05 0.34013
9.99824E-05 9.99824E-05 0.280419 0.207899 0.511482
0.330734 9.99825E-05 0.13811 0.530956 9.99825E-05
0.564354 0.215009 0.220437 9.99825E-05 9.99825E-05
9.99737E-05 9.99737E-05 0.708268 0.291432 9.99737E-05
9.99824E-05 0.493599 9.99824E-05 0.406959 0.0992417
0.214621 0.105984 0.319796 0.359498 9.99913E-05
0.069565 0.0897369 9.99912E-05 0.673596 0.167002
0.269267 9.99824E-05 0.205601 0.524932 9.99824E-05
0.220974 9.99825E-05 0.3409 9.99825E-05 0.437925
9.99736E-05 0.428535 9.99736E-05 0.571165 9.99736E-05
0.355575 0.160814 9.99824E-05 0.483411 9.99824E-05
0.301323 9.99824E-05 9.99824E-05 0.15758 0.540897
0.398349 0.10059 9.99824E-05 0.50086 9.99824E-05
9.99736E-05 9.99736E-05 0.741599 9.99736E-05 0.258101
9.99912E-05 0.254055 0.107602 0.524489 0.113754
9.99824E-05 0.0157225 0.894894 9.99824E-05 0.0891832
0.434682 0.417883 9.99824E-05 9.99824E-05 0.147235
0.249987 9.99737E-05 9.99737E-05 0.749713 9.99737E-05
0.676834 0.0677858 0.072735 0.044702 0.137943
0.866647 9.99824E-05 0.0530064 0.0801467 9.99824E-05
0.0859376 0.173147 0.428001 0.312814 9.99912E-05
0.506219 0.269759 9.99912E-05 0.0289062 0.195016
0.266495 9.99738E-05 0.733205 9.99738E-05 9.99738E-05
0.919079 9.99739E-05 9.99739E-05 9.99739E-05 0.0806208
0.250521 0.243646 0.505632 9.99825E-05 9.99825E-05
0.139941 0.244638 9.99912E-05 0.120627 0.494694
9.99735E-05 0.093091 9.99735E-05 0.906609 9.99735E-05
9.99736E-05 0.305694 9.99736E-05 0.694006 9.99736E-05
9.99824E-05 9.99824E-05 0.205926 0.530815 0.263059
0.513458 0.0968759 0.344542 9.99913E-05 0.0450234
0.780418 0.219282 9.99737E-05 9.99737E-05 9.99737E-05
0.591998 9.99823E-05 0.223093 0.18471 9.99823E-05
0.275207 0.52753 9.99824E-05 0.197063 9.99824E-05
9.99823E-05 0.191301 0.0629657 9.99823E-05 0.745533
9.99737E-05 0.409234 9.99737E-05 0.590466 9.99737E-05
0.416767 0.0466876 0.150493 9.99912E-05 0.385953
0.7337 9.99823E-05 0.198633 0.0674678 9.99823E-05
9.99825E-05 9.99825E-05 0.138471 0.364132 0.497197
0.0106611 0.459928 0.308849 0.220462 9.99911E-05
0.259547 9.99912E-05 0.0197893 0.392629 0.327935
9.997E-05 9.997E-05 0.9996 9.997E-05 9.997E-05
0.447226 9.99735E-05 0.552474 9.99735E-05 9.99735E-05
0.324228 9.99737E-05 9.99737E-05 9.99737E-05 0.675473
0.335652 0.133274 0.530873 9.99823E-05 9.99823E-05
0.113405 0.427863 0.31698 0.141652 9.99912E-05
9.99826E-05 0.532213 0.298338 0.169249 9.99826E-05
0.186339 0.0117998 0.214447 9.99912E-05 0.587314
9.9974E-05 0.50647 9.9974E-05 9.9974E-05 0.49323
0.0851957 0.243295 0.0158522 0.152023 0.503634
0.474617 9.99825E-05 9.99825E-05 0.423437 0.101746
0.0696092 0.611174 0.288404 0.0307131 9.99912E-05
9.99738E-05 9.99738E-05 0.703586 0.296114 9.99738E-05
9.99736E-05 9.99736E-05 0.46281 0.53689 9.99736E-05
0.00901025 0.0596036 0.135089 0.796197 9.99912E-05
0.138943 0.191103 0.669754 9.99824E-05 9.99824E-05
0.561207 9.99737E-05 0.438493 9.99737E-05 9.99737E-05
0.391875 9.99825E-05 0.211432 0.396493 9.99825E-05
0.245603 0.210681 9.99912E-05 0.383349 0.160267
0.160151 9.99824E-05 9.99824E-05 0.670124 0.169525
0.509807 9.99914E-05 0.247137 0.172263 0.0706929
0.159455 9.99824E-05 0.594158 0.246187 9.99824E-05
0.128563 0.327838 9.99913E-05 0.142952 0.400547
0.742714 9.99736E-05 9.99736E-05 0.256986 9.99736E-05
0.413125 9.99735E-05 0.586575 9.99735E-05 9.99735E-05
9.99825E-05 0.635125 0.183167 0.181508 9.99825E-05
0.32466 0.56602 0.00216439 0.107056 9.99912E-05
0.460591 0.370547 9.99912E-05 0.0496193 0.119142
0.0464133 9.99825E-05 9.99825E-05 0.549204 0.404183
0.309765 0.439638 9.99825E-05 9.99825E-05 0.250397
