0.770429 9.99737E-05 0.229271 9.99737E-05 9.99737E-05
0.0407522 9.99912E-05 0.402601 0.220752 0.335795
0.518007 0.238332 0.0373284 0.206233 9.99912E-05
9.997E-05 9.997E-05 0.9996 9.997E-05 9.997E-05
0.357985 9.99827E-05 0.375595 9.99827E-05 0.266221
0.937254 0.0624459 9.99736E-05 9.99736E-05 9.99736E-05
0.638902 0.360798 9.99736E-05 9.99736E-05 9.99736E-05
9.99737E-05 9.99737E-05 0.787442 0.212258 9.99737E-05
9.99824E-05 0.168706 0.228503 0.602591 9.99824E-05
0.0176227 0.982077 9.99739E-05 9.99739E-05 9.99739E-05
0.33469 0.611664 0.00429583 0.0492498 9.99912E-05
0.159268 0.0148539 9.99823E-05 0.825679 9.99823E-05
0.366707 9.99739E-05 0.632993 9.99739E-05 9.99739E-05
0.638744 9.99825E-05 0.0706169 9.99825E-05 0.290439
0.0203233 0.0379082 0.941569 9.99825E-05 9.99825E-05
9.99738E-05 0.655924 9.99738E-05 0.343776 9.99738E-05
9.99825E-05 9.99825E-05 0.282133 0.317348 0.40032
9.99737E-05 9.99737E-05 0.894718 0.104982 9.99737E-05
9.99825E-05 9.99825E-05 0.263988 0.293621 0.442191
0.339753 0.0115378 0.0222739 0.115841 0.510594
0.0262331 0.360607 0.492157 9.99913E-05 0.120904
9.99737E-05 9.99737E-05 0.680828 9.99737E-05 0.318872
0.232715 9.99738E-05 9.99738E-05 9.99738E-05 0.766985
0.10453 9.99824E-05 0.628583 9.99824E-05 0.266687
0.613442 9.99824E-05 9.99824E-05 0.144694 0.241664
0.0163605 0.0375892 9.99912E-05 0.204349 0.741602
0.598525 0.264608 0.136667 9.99825E-05 9.99825E-05
0.16691 0.516313 0.316577 9.99825E-05 9.99825E-05
0.366279 0.479776 9.99825E-05 0.153745 9.99825E-05
0.783761 9.99826E-05 0.176747 9.99826E-05 0.039292
9.99737E-05 0.879122 9.99737E-05 0.120578 9.99737E-05
0.442115 0.39555 0.162135 9.99824E-05 9.99824E-05
9.99738E-05 9.99738E-05 0.893708 0.105993 9.99738E-05
0.559028 0.223765 0.217007 9.99824E-05 9.99824E-05
0.791159 9.99737E-05 9.99737E-05 9.99737E-05 0.208541
0.334258 0.217876 0.240984 0.206782 9.99912E-05
0.025782 0.508744 0.00017263 0.465201 9.99912E-05
9.99826E-05 0.10266 0.862759 9.99826E-05 0.0343811
0.45303 9.99736E-05 0.54667 9.99736E-05 9.99736E-05
9.99736E-05 9.99736E-05 0.0365674 9.99736E-05 0.963133
9.99825E-05 0.306638 0.231829 0.461332 9.99825E-05
0.72421 9.99824E-05 0.0569014 9.99824E-05 0.218688
0.504948 9.99826E-05 0.297112 9.99826E-05 0.19774
0.0551997 9.99825E-05 0.813213 9.99825E-05 0.131388
9.99826E-05 9.99826E-05 0.255027 0.242548 0.502225
0.040845 0.718463 9.99824E-05 0.240492 9.99824E-05
0.0298768 0.591527 0.378396 9.99823E-05 9.99823E-05
0.524103 9.99912E-05 0.287024 0.00830701 0.180466
9.99826E-05 0.539466 0.198937 9.99826E-05 0.261398
0.316748 0.413327 9.99825E-05 0.269725 9.99825E-05
9.99823E-05 0.411612 9.99823E-05 0.352186 0.236002
9.99736E-05 9.99736E-05 0.308515 9.99736E-05 0.691185
0.810017 0.0222808 9.99824E-05 0.167502 9.99824E-05
0.366387 0.633313 9.99736E-05 9.99736E-05 9.99736E-05
9.99824E-05 0.725412 9.99824E-05 0.0302449 0.244143
0.890813 0.108887 9.99736E-05 9.99736E-05 9.99736E-05
0.138667 0.745899 9.99827E-05 9.99827E-05 0.115234
0.241796 0.106273 9.99912E-05 0.601533 0.0502978
0.51057 0.453878 9.99825E-05 0.0353517 9.99825E-05
0.653005 9.99736E-05 0.346695 9.99736E-05 9.99736E-05
0.868045 9.99826E-05 9.99826E-05 0.122563 0.00919183
0.277028 0.390727 9.99824E-05 9.99824E-05 0.332046
0.271716 9.99911E-05 0.193469 0.397628 0.137087
0.973101 9.99737E-05 9.99737E-05 0.0265991 9.99737E-05
0.979249 0.020451 9.99738E-05 9.99738E-05 9.99738E-05
0.470956 9.99735E-05 0.528744 9.99735E-05 9.99735E-05
9.99912E-05 0.351522 0.227611 0.372978 0.04779
0.838816 9.99824E-05 0.138178 9.99824E-05 0.0228065
0.910721 0.00696689 9.99826E-05 0.0821124 9.99826E-05
0.347705 0.450292 0.201803 9.99825E-05 9.99825E-05
0.634615 0.338352 9.99823E-05 0.0268332 9.99823E-05
0.260927 0.318487 9.99912E-05 0.243971 0.176515
0.655693 9.99736E-05 0.344007 9.99736E-05 9.99736E-05
0.0275455 0.314365 9.99825E-05 0.65789 9.99825E-05
9.99739E-05 0.285364 9.99739E-05 9.99739E-05 0.714336
0.265541 9.99825E-05 0.20297 0.531289 9.99825E-05
0.805395 0.194305 9.99738E-05 9.99738E-05 9.99738E-05
0.371019 9.99824E-05 0.167845 0.460936 9.99824E-05
9.99912E-05 0.262657 0.145213 0.152264 0.439765
0.375464 0.105903 0.449116 0.0694171 9.99912E-05
0.694278 9.99739E-05 9.99739E-05 0.305422 9.99739E-05
0.0769696 0.359824 9.99913E-05 0.38914 0.173966
0.0236297 0.602644 9.99825E-05 0.373527 9.99825E-05
9.99825E-05 0.568352 0.324245 0.107202 9.99825E-05
0.9996 9.997E-05 9.997E-05 9.997E-05 9.997E-05
0.253734 0.0669695 0.679097 9.99823E-05 9.99823E-05
0.0567287 0.344731 0.524947 0.0734934 9.99912E-05
0.100604 0.246479 0.0977381 0.417732 0.137446
0.637794 9.9974E-05 9.9974E-05 0.361906 9.9974E-05
0.178529 0.269424 0.186748 9.99912E-05 0.365199
0.950113 0.049587 9.99736E-05 9.99736E-05 9.99736E-05
9.99741E-05 9.99741E-05 9.99741E-05 0.993309 0.00639071
0.461704 9.99912E-05 0.29712 0.231516 0.00956009
0.36214 0.184857 0.00152047 0.398541 0.0529424
0.29431 0.228111 9.99912E-05 0.30965 0.167829
0.795293 9.99825E-05 9.99825E-05 0.204204 0.000304002
0.885799 9.99738E-05 9.99738E-05 0.113901 9.99738E-05
0.488785 0.204582 9.99826E-05 0.306433 9.99826E-05
0.39831 0.394658 9.99824E-05 9.99824E-05 0.206832
9.99825E-05 0.66101 0.187708 9.99825E-05 0.151082
0.865851 9.99736E-05 0.133849 9.99736E-05 9.99736E-05
0.708424 0.0739327 9.99911E-05 0.122663 0.0948799
9.9974E-05 9.9974E-05 9.9974E-05 0.0718643 0.927836
0.126552 0.873148 9.99737E-05 9.99737E-05 9.99737E-05
9.99737E-05 0.477096 9.99737E-05 0.522604 9.99737E-05
0.524053 9.99823E-05 9.99823E-05 0.363029 0.112719
9.99825E-05 0.0732776 9.99825E-05 0.684229 0.242294
0.0191024 0.439638 9.99912E-05 0.00873858 0.532421
9.99824E-05 0.734389 0.102004 0.163408 9.99824E-05
0.363241 9.99913E-05 0.357812 0.214285 0.0645626
0.495691 9.99824E-05 0.377437 9.99824E-05 0.126671
0.227694 0.460004 0.0264141 0.285788 9.99912E-05
0.130775 0.501753 0.367271 9.99824E-05 9.99824E-05
9.99735E-05 0.831343 0.168357 9.99735E-05 9.99735E-05
0.477196 0.101749 9.99828E-05 0.420854 9.99828E-05
9.99738E-05 0.0911787 9.99738E-05 0.908521 9.99738E-05
0.28491 0.135662 0.0146425 0.274073 0.290714
0.2592 9.99827E-05 0.562935 0.177666 9.99827E-05
0.40759 9.99827E-05 0.166984 0.425225 9.99827E-05
9.99912E-05 0.296013 0.213682 0.256281 0.233925
9.99825E-05 0.120129 0.843453 9.99825E-05 0.0362188
9.99735E-05 0.29057 9.99735E-05 9.99735E-05 0.70913
0.369958 0.606506 9.99825E-05 0.0233355 9.99825E-05
0.147935 0.529999 9.99912E-05 0.207679 0.114288
9.99824E-05 0.593159 9.99824E-05 0.0732157 0.333426
0.173658 0.11502 9.99825E-05 9.99825E-05 0.711121
0.296194 0.489051 0.214555 9.99824E-05 9.99824E-05
0.0356847 0.45569 9.99913E-05 0.271785 0.236741
0.596378 9.99825E-05 0.13961 0.263812 9.99825E-05
0.314071 0.575421 0.110309 9.99824E-05 9.99824E-05
0.420902 0.114678 0.359593 0.104727 9.99912E-05
0.665263 0.332763 9.99824E-05 0.00177398 9.99824E-05
0.263458 9.99737E-05 0.736242 9.99737E-05 9.99737E-05
9.99824E-05 9.99824E-05 0.330629 0.35008 0.319091
0.234573 9.99912E-05 0.489968 0.195594 0.079765
0.9996 9.997E-05 9.997E-05 9.997E-05 9.997E-05
9.99827E-05 0.401198 0.26488 0.333722 9.99827E-05
0.0190117 0.230887 9.99912E-05 0.167116 0.582885
0.513499 9.99825E-05 0.0447007 0.4416 9.99825E-05
0.264952 0.580317 0.0285329 9.99913E-05 0.126098
0.367572 0.234589 0.142211 0.255527 9.99911E-05
0.00048434 9.99825E-05 0.608287 9.99825E-05 0.391029
0.277239 0.246047 0.0603959 0.413313 0.00300551
0.402938 0.401598 9.99823E-05 9.99823E-05 0.195264
0.387223 0.612477 9.99735E-05 9.99735E-05 9.99735E-05
0.955592 9.99736E-05 9.99736E-05 0.0441083 9.99736E-05
0.148124 0.373332 0.478345 9.99825E-05 9.99825E-05
0.294709 0.0373463 0.667745 9.99824E-05 9.99824E-05
0.462794 0.41502 9.99824E-05 0.121986 9.99824E-05
9.99824E-05 0.311156 0.161999 0.526645 9.99824E-05
9.99912E-05 0.525132 0.319418 0.0905814 0.0647682
9.99735E-05 9.99735E-05 0.579983 0.419718 9.99735E-05
9.99738E-05 9.99738E-05 0.305276 0.694424 9.99738E-05
0.296589 0.223139 0.259083 0.221088 9.99912E-05
0.92893 9.99738E-05 9.99738E-05 0.0707701 9.99738E-05
0.387855 9.99824E-05 0.269333 9.99824E-05 0.342612
0.744228 0.0894767 9.99825E-05 9.99825E-05 0.166095
9.99738E-05 9.99738E-05 0.36801 0.63169 9.99738E-05
0.014778 0.917024 0.0679978 9.99824E-05 9.99824E-05
0.338768 9.99824E-05 0.188549 0.472483 9.99824E-05
9.99737E-05 0.902771 9.99737E-05 0.0969287 9.99737E-05
0.99448 9.99736E-05 9.99736E-05 0.00521998 9.99736E-05
9.99825E-05 0.239862 0.520678 0.239261 9.99825E-05
0.179729 0.235126 9.99824E-05 0.584945 9.99824E-05
9.997E-05 0.9996 9.997E-05 9.997E-05 9.997E-05
0.165086 0.618222 9.99912E-05 0.204386 0.0122059
9.99824E-05 0.385103 0.484837 0.129859 9.99824E-05
9.99736E-05 0.816226 0.183474 9.99736E-05 9.99736E-05
0.198802 0.568417 0.232581 9.99823E-05 9.99823E-05
0.292001 0.246144 9.99824E-05 0.461656 9.99824E-05
9.99825E-05 0.475838 0.444112 9.99825E-05 0.0798499
0.362132 9.99824E-05 0.294744 0.342924 9.99824E-05
0.268182 0.00206685 0.625463 9.99912E-05 0.104188
0.126771 0.872929 9.9974E-05 9.9974E-05 9.9974E-05
0.43063 0.13723 9.99824E-05 0.43194 9.99824E-05
9.99825E-05 9.99825E-05 0.441473 0.0267089 0.531618
0.189379 9.99737E-05 9.99737E-05 0.810321 9.99737E-05
9.99739E-05 0.362363 0.637337 9.99739E-05 9.99739E-05
9.99737E-05 0.729313 9.99737E-05 9.99737E-05 0.270387
9.99737E-05 0.741175 0.258526 9.99737E-05 9.99737E-05
0.723829 0.275871 9.99737E-05 9.99737E-05 9.99737E-05
0.543785 9.99738E-05 0.455916 9.99738E-05 9.99738E-05
9.99824E-05 0.506897 0.326098 0.166805 9.99824E-05
9.99736E-05 9.99736E-05 9.99736E-05 0.190868 0.808832
0.46868 9.99825E-05 0.377426 0.153695 9.99825E-05
0.245907 0.0997502 9.99825E-05 0.654143 9.99825E-05
9.99823E-05 0.0570499 0.861261 0.0814888 9.99823E-05
0.308153 9.99825E-05 9.99825E-05 0.689582 0.00206476
9.99825E-05 0.517003 0.337386 0.145411 9.99825E-05
0.163496 9.99824E-05 9.99824E-05 0.703176 0.133128
0.600298 9.99912E-05 0.17539 0.174675 0.0495367
0.0540584 0.404828 0.124851 0.0610275 0.355236
0.346793 9.99825E-05 9.99825E-05 0.475242 0.177764
9.99824E-05 0.233681 0.0767462 0.689372 9.99824E-05
0.902427 9.99735E-05 0.0972733 9.99735E-05 9.99735E-05
0.741418 9.99738E-05 9.99738E-05 9.99738E-05 0.258282
0.608575 0.391125 9.99736E-05 9.99736E-05 9.99736E-05
0.298492 9.99912E-05 0.0498981 0.593979 0.0575316
0.337355 0.118695 0.54375 9.99824E-05 9.99824E-05
0.9996 9.997E-05 9.997E-05 9.997E-05 9.997E-05
0.107162 0.435495 9.99824E-05 0.457143 9.99824E-05
0.698176 9.99736E-05 9.99736E-05 9.99736E-05 0.301524
9.99825E-05 0.79917 9.99825E-05 0.164117 0.0365133
0.34254 0.304333 0.307755 0.0452715 9.99913E-05
0.0442002 0.837425 0.0898065 0.028468 9.99913E-05
0.390197 0.25373 0.0544752 9.99912E-05 0.301498
0.716156 0.283544 9.99738E-05 9.99738E-05 9.99738E-05
0.611512 0.18776 9.99827E-05 9.99827E-05 0.200528
0.126946 0.52152 0.351334 9.99825E-05 9.99825E-05
0.436376 9.99824E-05 9.99824E-05 0.354706 0.208718
0.814253 0.185447 9.99739E-05 9.99739E-05 9.99739E-05
0.00461934 9.99824E-05 0.721465 0.273715 9.99824E-05
0.26404 0.203624 0.442147 0.0900894 9.99912E-05
0.637506 0.272978 9.99912E-05 0.072004 0.0174123
9.997E-05 0.9996 9.997E-05 9.997E-05 9.997E-05
9.99825E-05 0.203445 9.99825E-05 0.36395 0.432405
9.99912E-05 0.0640894 0.26782 0.532931 0.135059
9.99824E-05 0.201222 0.690551 0.108027 9.99824E-05
0.989325 9.99735E-05 0.0103752 9.99735E-05 9.99735E-05
0.372139 9.99736E-05 0.627561 9.99736E-05 9.99736E-05
0.15697 9.99736E-05 9.99736E-05 0.84273 9.99736E-05
0.459217 9.99826E-05 9.99826E-05 0.374446 0.166137
0.522138 0.0243978 9.99913E-05 0.124789 0.328575
0.503629 9.99913E-05 0.392398 0.0208282 0.0830454
0.208289 0.790272 9.99824E-05 0.00123968 9.99824E-05
9.99739E-05 0.412072 0.587628 9.99739E-05 9.99739E-05
9.99737E-05 9.99737E-05 0.0103702 0.98933 9.99737E-05
0.899076 0.100624 9.99739E-05 9.99739E-05 9.99739E-05
0.367063 0.122011 0.510726 9.99825E-05 9.99825E-05
0.243833 0.525308 0.230659 9.99825E-05 9.99825E-05
0.395549 9.99824E-05 0.205 0.399251 9.99824E-05
9.99824E-05 0.657831 9.99824E-05 0.172775 0.169194
9.997E-05 0.9996 9.997E-05 9.997E-05 9.997E-05
9.99913E-05 0.226613 0.310057 0.085738 0.377492
9.99826E-05 0.576582 0.0483219 0.374896 9.99826E-05
0.501111 0.498589 9.99736E-05 9.99736E-05 9.99736E-05
0.153008 9.99826E-05 0.225147 9.99826E-05 0.621645
9.99912E-05 0.0642419 0.498695 0.364513 0.0724505
9.99739E-05 0.981837 0.017863 9.99739E-05 9.99739E-05
0.375269 0.465338 0.159194 9.99826E-05 9.99826E-05
9.99913E-05 0.00774739 0.863964 0.075784 0.0524049
0.467822 9.99825E-05 0.499671 9.99825E-05 0.0323065
9.99824E-05 0.660609 0.307153 9.99824E-05 0.0320384
0.728481 0.271219 9.99736E-05 9.99736E-05 9.99736E-05
0.532394 0.467306 9.99734E-05 9.99734E-05 9.99734E-05
0.494138 9.99824E-05 9.99824E-05 0.106434 0.399228
9.99912E-05 0.428535 0.323183 0.155588 0.0925941
0.529784 9.99737E-05 9.99737E-05 0.469916 9.99737E-05
0.511282 0.0308737 9.99912E-05 0.141724 0.316021
0.745774 9.99825E-05 0.197722 0.056304 9.99825E-05
0.9996 9.997E-05 9.997E-05 9.997E-05 9.997E-05
0.190137 0.357382 0.0450638 0.135049 0.272368
0.492615 0.22902 9.99823E-05 9.99823E-05 0.278165
0.205111 9.99735E-05 0.794589 9.99735E-05 9.99735E-05
0.0740587 0.44124 9.99825E-05 0.484501 9.99825E-05
0.439827 9.99735E-05 9.99735E-05 0.559874 9.99735E-05
0.446346 0.553354 9.99735E-05 9.99735E-05 9.99735E-05
0.232431 9.99912E-05 0.145202 0.419021 0.203246
9.997E-05 0.9996 9.997E-05 9.997E-05 9.997E-05
9.99912E-05 0.615355 0.297725 0.00952148 0.0772983
0.578263 0.0649191 0.356618 9.99824E-05 9.99824E-05
