0.128176 9.99912E-05 0.788839 0.0828851
9.99824E-05 0.375841 9.99824E-05 0.623959
0.272643 9.99912E-05 0.139843 0.587414
9.999E-05 0.459328 0.394995 0.145577
9.99824E-05 0.793787 0.206013 9.99824E-05
0.550179 0.124769 0.208695 0.116358
9.99824E-05 0.586178 9.99824E-05 0.413622
9.99824E-05 9.99824E-05 0.349945 0.649855
0.329197 0.258542 0.412161 9.99911E-05
9.99823E-05 9.99823E-05 0.677309 0.322491
0.653806 9.99824E-05 0.345994 9.99824E-05
9.999E-05 0.668197 0.139284 0.192419
0.533116 9.99825E-05 0.466684 9.99825E-05
0.183114 0.211038 9.99912E-05 0.605748
9.999E-05 0.514777 0.423499 0.0616239
0.364325 0.189418 0.0268919 0.419365
0.509694 0.161145 0.265041 0.0641211
0.0277995 0.46568 0.459349 0.0471707
9.99824E-05 0.562848 9.99824E-05 0.436952
9.99824E-05 9.99824E-05 0.468445 0.531355
0.321558 0.471872 9.99912E-05 0.20647
0.0788314 9.99825E-05 0.920969 9.99825E-05
0.150909 9.99913E-05 0.84324 0.00575142
0.0211764 0.978624 9.99826E-05 9.99826E-05
0.583326 9.99825E-05 0.416474 9.99825E-05
0.28904 0.226601 0.200854 0.283505
0.297676 0.0240669 0.678157 9.99912E-05
0.113418 9.99913E-05 0.0206004 0.865882
9.998E-05 9.998E-05 9.998E-05 0.9997
0.046105 0.0772302 9.99913E-05 0.876565
0.167252 9.99824E-05 9.99824E-05 0.832548
0.95806 9.99824E-05 0.0417398 9.99824E-05
0.00460305 9.99912E-05 0.5162 0.479097
0.123363 9.99825E-05 0.876437 9.99825E-05
0.045298 0.226188 0.728414 9.99912E-05
0.0628853 9.99912E-05 0.231515 0.7055
9.99913E-05 0.613156 0.297559 0.0891842
9.99825E-05 9.99825E-05 0.266816 0.732984
0.152597 0.197142 0.276319 0.373943
9.99824E-05 9.99824E-05 0.0791268 0.920673
0.428409 9.99826E-05 9.99826E-05 0.571391
9.99826E-05 9.99826E-05 0.920813 0.0789866
9.998E-05 0.9997 9.998E-05 9.998E-05
0.563964 0.0307111 9.99913E-05 0.405225
0.00305782 0.0564071 0.093003 0.847532
0.00679712 0.585881 0.220116 0.187206
0.333837 0.213208 0.273764 0.179191
0.0320139 0.639941 0.327945 9.99913E-05
0.0694811 0.685958 0.00443759 0.240123
0.0740532 0.258073 0.667774 9.99912E-05
0.458041 0.541759 9.99825E-05 9.99825E-05
0.681133 9.99824E-05 9.99824E-05 0.318668
0.639443 9.99825E-05 0.360357 9.99825E-05
9.99912E-05 0.0876658 0.383077 0.529157
0.165399 9.99913E-05 0.304825 0.529677
9.99913E-05 0.127268 0.825087 0.047545
9.99827E-05 9.99827E-05 0.884954 0.114846
9.99824E-05 0.279772 9.99824E-05 0.720028
0.0113653 0.617129 0.371406 9.99912E-05
9.99912E-05 0.333574 0.662903 0.00342327
0.397101 0.602533 0.000266763 9.99912E-05
0.245654 0.00979008 0.744456 9.99912E-05
0.652495 0.0648052 0.20767 0.0750292
0.799162 9.99825E-05 9.99825E-05 0.200638
0.05923 0.282365 0.658305 9.99912E-05
9.998E-05 9.998E-05 0.9997 9.998E-05
9.998E-05 9.998E-05 0.9997 9.998E-05
0.0160698 9.99912E-05 0.574898 0.408932
0.38248 0.114881 9.99913E-05 0.502539
0.178908 9.99824E-05 9.99824E-05 0.820892
0.261243 0.156745 0.167448 0.414564
9.99827E-05 0.132755 0.867045 9.99827E-05
9.99824E-05 0.0012021 0.998598 9.99824E-05
0.0477496 0.604949 9.99913E-05 0.347202
9.998E-05 9.998E-05 0.9997 9.998E-05
9.99912E-05 0.231084 0.509906 0.25891
9.99912E-05 0.255587 0.461529 0.282784
0.360821 0.638979 9.99825E-05 9.99825E-05
0.0170996 9.99824E-05 0.9827 9.99824E-05
0.363274 0.51002 0.126606 9.99912E-05
0.783274 0.216526 9.99826E-05 9.99826E-05
0.00246269 0.997337 9.99826E-05 9.99826E-05
0.126488 0.0775351 0.234855 0.561122
9.998E-05 9.998E-05 9.998E-05 0.9997
0.0192434 0.225657 0.257156 0.497943
9.99825E-05 9.99825E-05 0.674072 0.325728
9.99824E-05 9.99824E-05 0.851497 0.148303
0.805946 0.193855 9.99825E-05 9.99825E-05
9.99826E-05 0.44363 0.55617 9.99826E-05
9.99825E-05 0.0433542 0.956446 9.99825E-05
0.852528 9.99825E-05 0.147272 9.99825E-05
0.41036 0.22877 9.99912E-05 0.36077
0.617952 9.99825E-05 0.381849 9.99825E-05
0.114675 0.830011 0.055214 9.99912E-05
0.480461 0.178787 0.340651 9.99912E-05
9.99912E-05 0.434354 0.45996 0.105585
9.99825E-05 0.957209 9.99825E-05 0.0425905
9.99824E-05 0.659553 0.340247 9.99824E-05
9.99823E-05 0.223806 0.775995 9.99823E-05
9.99912E-05 0.101345 0.354824 0.543731
0.834982 9.99825E-05 9.99825E-05 0.164818
0.201455 0.0294343 0.108072 0.661038
9.99825E-05 9.99825E-05 0.764143 0.235657
0.690658 9.99824E-05 9.99824E-05 0.309142
9.99913E-05 0.0453476 0.44111 0.513443
0.513839 9.99912E-05 0.0723608 0.413701
0.246752 9.99823E-05 0.753048 9.99823E-05
9.99912E-05 0.321562 0.467999 0.210339
0.0220698 0.142536 0.835294 9.99912E-05
9.99826E-05 0.046005 0.953795 9.99826E-05
0.164082 0.544732 0.0555437 0.235643
0.141688 0.170932 0.68728 9.99912E-05
0.147609 0.347068 9.99913E-05 0.505223
9.99912E-05 0.606603 0.018593 0.374704
9.99913E-05 0.590304 0.181309 0.228287
0.224196 0.282535 9.99913E-05 0.493169
9.99913E-05 0.556192 0.305025 0.138682
9.998E-05 0.9997 9.998E-05 9.998E-05
0.189473 0.78943 0.0209972 9.99912E-05
0.273232 9.99826E-05 0.726568 9.99826E-05
0.065797 0.00504714 0.0584864 0.870669
9.99912E-05 0.28313 0.351292 0.365478
9.99826E-05 0.0598785 9.99826E-05 0.939922
0.106648 0.631996 9.99912E-05 0.261256
9.99825E-05 9.99825E-05 0.805388 0.194412
0.523202 9.99912E-05 0.455916 0.0207822
9.99824E-05 9.99824E-05 0.0287219 0.971078
0.421256 0.0627937 9.99912E-05 0.51585
9.99824E-05 0.170412 9.99824E-05 0.829388
0.931659 9.99824E-05 9.99824E-05 0.0681409
0.47684 0.247196 0.275864 9.99912E-05
0.236895 9.99825E-05 9.99825E-05 0.762905
9.99824E-05 0.558493 0.441307 9.99824E-05
0.0346465 0.419178 0.546076 9.99913E-05
9.99912E-05 0.589115 0.223308 0.187477
0.0592775 9.99823E-05 0.940522 9.99823E-05
9.99825E-05 0.0807783 0.919022 9.99825E-05
0.734745 0.0693667 9.99912E-05 0.195788
0.201967 0.202349 9.99912E-05 0.595584
9.998E-05 9.998E-05 0.9997 9.998E-05
9.99824E-05 0.589904 0.409896 9.99824E-05
9.99912E-05 0.206403 0.55214 0.241358
0.285929 0.422622 0.291348 9.99912E-05
0.0510293 0.766446 0.091361 0.0911639
9.99826E-05 0.779787 0.220013 9.99826E-05
9.99913E-05 0.430938 0.192425 0.376537
9.99912E-05 0.332675 0.248495 0.418729
0.475137 9.99912E-05 0.346106 0.178657
9.99824E-05 0.609931 0.389869 9.99824E-05
9.99825E-05 9.99825E-05 0.476862 0.522938
9.99825E-05 9.99825E-05 0.788631 0.211169
0.462618 9.99824E-05 9.99824E-05 0.537182
0.321645 9.99912E-05 0.390371 0.287884
0.0908188 0.320387 9.99913E-05 0.588695
0.0884846 0.0181976 0.191969 0.701349
9.99824E-05 0.325601 0.674199 9.99824E-05
9.99911E-05 0.539484 0.0305329 0.429883
0.153745 0.207473 9.99913E-05 0.638682
9.99913E-05 0.130557 0.0918602 0.777483
0.741263 9.99912E-05 0.0538649 0.204773
9.99825E-05 0.766445 9.99825E-05 0.233355
0.512501 0.487299 9.99824E-05 9.99824E-05
0.168837 9.99912E-05 0.494882 0.336181
0.375858 9.99824E-05 0.623942 9.99824E-05
0.0313597 0.386607 0.581933 9.99912E-05
9.99824E-05 0.560433 0.439367 9.99824E-05
9.99826E-05 9.99826E-05 0.111452 0.888348
0.254414 9.99913E-05 0.579567 0.165919
0.0637986 0.763265 0.172836 9.99912E-05
9.99824E-05 0.701647 9.99824E-05 0.298153
9.99825E-05 0.27933 0.72047 9.99825E-05
0.578613 0.168171 0.253116 9.99912E-05
9.99913E-05 0.530944 0.166289 0.302667
9.99912E-05 0.298244 0.336316 0.365341
0.405895 9.99827E-05 0.593905 9.99827E-05
0.0306555 0.885711 9.99912E-05 0.0835339
0.097151 0.701604 0.201145 9.99911E-05
9.99912E-05 0.0826615 0.274656 0.642582
0.0479513 9.99825E-05 0.951849 9.99825E-05
9.99825E-05 0.48441 0.51539 9.99825E-05
0.12485 0.542975 0.317494 0.0146809
0.118128 9.99912E-05 0.403513 0.478258
0.200557 9.99912E-05 0.320013 0.47933
0.16609 0.374193 0.459617 9.99913E-05
9.99912E-05 0.0337233 0.356868 0.609309
9.99825E-05 0.60098 0.398821 9.99825E-05
0.333943 9.99912E-05 0.230325 0.435632
0.421047 0.262195 9.99912E-05 0.316658
0.214292 0.168177 0.187655 0.429876
9.99827E-05 0.369759 0.630042 9.99827E-05
9.998E-05 0.9997 9.998E-05 9.998E-05
9.99912E-05 0.23586 0.331896 0.432144
0.540912 0.0396356 0.419352 9.99913E-05
0.502649 0.116259 9.99912E-05 0.380992
9.998E-05 0.9997 9.998E-05 9.998E-05
0.381816 9.99825E-05 0.617984 9.99825E-05
9.99824E-05 9.99824E-05 0.509131 0.490669
0.415726 0.537897 9.99912E-05 0.0462773
0.367558 9.99826E-05 9.99826E-05 0.632242
0.785811 0.0789703 9.99912E-05 0.135119
9.998E-05 9.998E-05 9.998E-05 0.9997
0.507655 0.0854027 9.99912E-05 0.406842
9.99912E-05 0.107402 0.718153 0.174345
0.194478 9.99912E-05 0.265632 0.539791
0.549374 9.99913E-05 0.187525 0.263001
9.99824E-05 0.612195 0.387605 9.99824E-05
9.99824E-05 0.764934 0.234866 9.99824E-05
0.10682 0.310564 0.059722 0.522894
0.26925 9.99823E-05 0.73055 9.99823E-05
9.99825E-05 0.10152 9.99825E-05 0.89828
9.99912E-05 0.372824 0.195617 0.431459
9.99826E-05 0.764398 0.235402 9.99826E-05
0.521426 9.99824E-05 9.99824E-05 0.478374
9.99825E-05 9.99825E-05 0.43217 0.56763
0.182669 0.78354 0.0336907 9.99912E-05
9.998E-05 9.998E-05 9.998E-05 0.9997
0.617384 0.211688 9.99912E-05 0.170828
0.507299 0.233681 9.99912E-05 0.258919
9.998E-05 9.998E-05 0.9997 9.998E-05
0.0628407 9.99824E-05 0.936959 9.99824E-05
9.99825E-05 0.43413 9.99825E-05 0.56567
0.0361492 0.103236 0.860515 9.99913E-05
0.177239 0.484023 9.99912E-05 0.338638
9.99912E-05 0.11712 0.324298 0.558482
0.0180056 9.99913E-05 0.34445 0.637444
0.226653 9.99912E-05 0.516801 0.256445
0.232431 0.356996 9.99912E-05 0.410473
9.998E-05 9.998E-05 9.998E-05 0.9997
9.99912E-05 0.0954113 0.739324 0.165165
0.306128 0.255645 9.99912E-05 0.438127
0.125369 0.625956 0.248575 9.99912E-05
0.899384 9.99826E-05 9.99826E-05 0.100416
0.336428 0.512007 9.99913E-05 0.151464
0.0180596 0.883086 9.99913E-05 0.0987539
9.99912E-05 0.539704 0.0607934 0.399403
0.483804 0.0784245 0.437672 9.99912E-05
0.276197 9.99824E-05 0.723603 9.99824E-05
9.99826E-05 0.380979 9.99826E-05 0.618821
9.99912E-05 0.404218 0.342066 0.253616
0.267565 0.13555 9.99912E-05 0.596785
0.0388922 0.778836 0.182172 9.99913E-05
9.99826E-05 9.99826E-05 0.919926 0.0798737
0.117876 0.881924 9.99826E-05 9.99826E-05
0.131986 9.99912E-05 0.548926 0.318988
9.99825E-05 0.657475 9.99825E-05 0.342325
0.0131177 0.113745 0.873037 9.99912E-05
9.99912E-05 0.324204 0.655524 0.0201713
9.99912E-05 0.322123 0.346888 0.330889
0.422529 0.289986 0.287386 9.99912E-05
0.493698 0.110027 0.396175 9.99912E-05
9.99824E-05 0.88675 9.99824E-05 0.11305
9.99824E-05 9.99824E-05 0.50135 0.49845
9.99824E-05 9.99824E-05 0.893449 0.106351
9.99913E-05 0.277862 0.0317702 0.690268
0.15622 0.215913 0.262151 0.365716
0.452843 9.99826E-05 0.546957 9.99826E-05
0.0867902 0.313756 0.0813679 0.518086
9.99912E-05 0.325383 0.577374 0.0971428
0.682303 9.99825E-05 0.317497 9.99825E-05
9.99912E-05 0.422753 0.33325 0.243897
0.107671 9.99912E-05 0.292195 0.600034
