0.0723483 0.245353 0.682199 9.99912E-05
9.99825E-05 0.938241 9.99825E-05 0.061559
0.607386 9.99824E-05 0.392414 9.99824E-05
0.171557 0.0372342 0.212856 0.578353
0.211532 0.460799 0.200326 0.127344
0.9997 9.998E-05 9.998E-05 9.998E-05
9.999E-05 0.789913 0.0652536 0.144733
0.431683 0.249835 0.120389 0.198093
9.998E-05 9.998E-05 9.998E-05 0.9997
9.999E-05 0.376069 0.405841 0.21799
9.99912E-05 0.632081 0.0743009 0.293518
0.371058 0.428618 0.200224 9.99912E-05
0.11849 9.99825E-05 9.99825E-05 0.88131
0.0536537 9.99913E-05 0.598461 0.347785
9.99823E-05 0.307747 0.692053 9.99823E-05
0.18226 0.185014 0.109054 0.523672
0.0144697 9.99825E-05 9.99825E-05 0.98533
0.695959 0.0834403 9.99913E-05 0.220501
0.328325 0.671475 9.99824E-05 9.99824E-05
0.80567 9.99912E-05 0.105273 0.0889566
0.415299 0.187842 0.280661 0.116197
0.676794 0.323006 9.99824E-05 9.99824E-05
0.38202 9.99826E-05 9.99826E-05 0.61778
0.518801 9.99825E-05 0.481 9.99825E-05
0.611125 0.304051 9.99912E-05 0.0847233
9.99825E-05 0.739454 9.99825E-05 0.260346
0.732027 0.0607662 9.99912E-05 0.207106
0.387777 9.99912E-05 0.361664 0.250458
0.0271743 0.899043 0.073683 9.99912E-05
0.34517 9.99824E-05 0.65463 9.99824E-05
9.99824E-05 0.933804 0.0659963 9.99824E-05
9.99913E-05 0.0803287 0.275314 0.644257
9.99825E-05 0.46277 9.99825E-05 0.53703
0.987775 9.99824E-05 0.0120251 9.99824E-05
0.492529 9.99824E-05 9.99824E-05 0.507271
0.265506 0.111177 0.623217 9.99912E-05
0.969935 9.99825E-05 0.0298646 9.99825E-05
9.99825E-05 9.99825E-05 0.91158 0.0882203
0.634406 0.270531 9.99912E-05 0.0949626
0.185416 0.605491 9.99913E-05 0.208992
9.99912E-05 0.142338 0.32888 0.528682
0.53246 0.223322 0.244118 9.99912E-05
0.437172 0.137834 0.214623 0.210371
0.9997 9.998E-05 9.998E-05 9.998E-05
0.488299 0.163558 9.99912E-05 0.348044
9.99912E-05 0.349821 0.101647 0.548433
9.998E-05 9.998E-05 0.9997 9.998E-05
0.510152 9.99824E-05 0.489648 9.99824E-05
0.664447 9.99825E-05 9.99825E-05 0.335353
0.35411 0.431216 9.99912E-05 0.214574
0.4897 9.99827E-05 9.99827E-05 0.5101
0.272879 0.283706 9.99912E-05 0.443315
0.101727 9.99823E-05 9.99823E-05 0.898073
0.178024 0.799831 9.99912E-05 0.0220451
0.406457 0.244732 0.348711 9.99913E-05
0.332896 0.546853 9.99912E-05 0.120151
9.99824E-05 9.99824E-05 0.0898288 0.909971
9.99912E-05 0.40217 0.413507 0.184223
0.554775 0.445025 9.99824E-05 9.99824E-05
0.177693 9.99823E-05 9.99823E-05 0.822107
9.99824E-05 0.502369 9.99824E-05 0.497431
0.00578903 0.733167 0.260944 9.99912E-05
9.99912E-05 0.347621 0.275147 0.377132
9.998E-05 9.998E-05 9.998E-05 0.9997
0.538301 0.461499 9.99824E-05 9.99824E-05
0.312514 9.99824E-05 9.99824E-05 0.687286
0.0178005 0.262099 9.99912E-05 0.720001
0.0953507 9.99912E-05 0.0467696 0.85778
0.477628 0.441524 0.0807475 9.99912E-05
9.998E-05 0.9997 9.998E-05 9.998E-05
0.426793 0.264087 0.30902 9.99912E-05
9.99912E-05 0.191208 0.00398207 0.80471
0.3464 0.478188 9.99913E-05 0.175313
9.99825E-05 0.621936 0.377864 9.99825E-05
9.99913E-05 0.664264 0.127662 0.207974
0.0625082 0.0401576 0.560344 0.33699
0.288795 0.417685 9.99913E-05 0.29342
0.742513 0.257287 9.99825E-05 9.99825E-05
9.99823E-05 0.915091 0.0847087 9.99823E-05
0.924622 0.0751782 9.99826E-05 9.99826E-05
9.99825E-05 0.400901 9.99825E-05 0.598899
0.637529 0.107765 0.254606 9.99913E-05
0.0860598 0.309335 0.197759 0.406846
0.0851771 0.914623 9.99826E-05 9.99826E-05
9.99825E-05 0.202598 0.797202 9.99825E-05
0.504519 9.99912E-05 0.389641 0.105739
0.185512 0.117252 0.584744 0.112491
0.686825 0.128807 0.184268 9.99912E-05
0.0849309 9.99826E-05 9.99826E-05 0.914869
0.601834 0.290494 9.99912E-05 0.107572
0.450852 0.05091 9.99911E-05 0.498138
0.275382 0.467278 0.25724 9.99912E-05
9.99824E-05 0.695531 0.304269 9.99824E-05
0.763204 9.99825E-05 9.99825E-05 0.236596
0.369535 9.99913E-05 0.398984 0.231381
0.219307 0.678036 0.0963652 0.00629126
9.99912E-05 0.339043 0.495007 0.165849
9.99825E-05 0.335164 9.99825E-05 0.664636
0.541941 0.457859 9.99824E-05 9.99824E-05
9.99824E-05 0.476499 9.99824E-05 0.523301
9.99827E-05 9.99827E-05 0.33531 0.66449
0.475838 9.99912E-05 0.310591 0.213471
9.99825E-05 9.99825E-05 0.107912 0.891888
0.330701 0.669099 9.99824E-05 9.99824E-05
0.909407 0.0636257 9.99912E-05 0.0268673
9.998E-05 0.9997 9.998E-05 9.998E-05
0.103 0.600046 0.111968 0.184985
9.998E-05 9.998E-05 0.9997 9.998E-05
9.99825E-05 9.99825E-05 0.246316 0.753484
9.998E-05 0.9997 9.998E-05 9.998E-05
0.0336062 0.0372732 0.929021 9.99913E-05
0.337028 0.0441729 0.316628 0.302171
0.922079 9.99825E-05 0.0777215 9.99825E-05
9.99823E-05 0.657877 9.99823E-05 0.341923
9.99825E-05 0.714463 9.99825E-05 0.285338
9.99825E-05 0.792177 0.207623 9.99825E-05
9.99825E-05 0.600387 0.399413 9.99825E-05
0.73313 0.0620396 0.204731 9.99914E-05
9.99827E-05 0.63717 0.36263 9.99827E-05
0.540353 0.459447 9.99824E-05 9.99824E-05
0.107321 9.99913E-05 0.0974002 0.795179
0.594316 0.322686 0.082898 9.99912E-05
0.549712 0.100099 9.99912E-05 0.350089
0.684878 9.99824E-05 0.314922 9.99824E-05
0.563851 0.435949 9.99825E-05 9.99825E-05
9.99826E-05 9.99826E-05 0.99521 0.00459004
0.463042 0.445861 9.99912E-05 0.0909972
9.99824E-05 9.99824E-05 0.428989 0.570811
0.323408 0.0896603 0.399071 0.187861
0.704641 9.99912E-05 0.0992248 0.196034
0.643857 9.99824E-05 0.355943 9.99824E-05
0.214563 0.128622 9.99912E-05 0.656715
0.356604 9.99912E-05 0.0397942 0.603501
0.0208813 0.49964 0.182112 0.297366
9.99912E-05 0.537796 0.217554 0.244551
0.64692 0.240336 0.112644 9.99912E-05
0.243195 0.756605 9.99826E-05 9.99826E-05
0.164344 0.835457 9.99824E-05 9.99824E-05
0.197679 0.194803 0.607418 9.99912E-05
0.9997 9.998E-05 9.998E-05 9.998E-05
0.319106 9.99912E-05 0.242539 0.438254
9.99824E-05 0.554877 9.99824E-05 0.444923
0.0332779 0.440888 0.328945 0.19689
0.818526 9.99826E-05 9.99826E-05 0.181274
9.99824E-05 0.145006 0.854794 9.99824E-05
0.135934 0.639512 0.0774525 0.147101
9.998E-05 0.9997 9.998E-05 9.998E-05
0.567838 9.99912E-05 0.0897726 0.342289
0.215243 0.784557 9.99824E-05 9.99824E-05
0.342729 0.413849 0.0204297 0.222992
0.556365 9.99912E-05 0.373608 0.0699272
0.9997 9.998E-05 9.998E-05 9.998E-05
0.600218 9.99826E-05 9.99826E-05 0.399582
0.522452 0.361816 0.115632 9.99912E-05
0.162929 0.836871 9.99824E-05 9.99824E-05
9.99824E-05 9.99824E-05 0.549147 0.450653
0.578855 9.99912E-05 0.404942 0.0161036
9.99824E-05 9.99824E-05 0.00328113 0.996519
0.489341 0.510459 9.99823E-05 9.99823E-05
9.998E-05 9.998E-05 0.9997 9.998E-05
9.99825E-05 0.549713 9.99825E-05 0.450087
0.529781 0.0981854 9.99912E-05 0.371934
0.600822 9.99912E-05 0.0871609 0.311917
0.239656 0.204141 9.99913E-05 0.556103
9.99824E-05 0.485766 9.99824E-05 0.514034
0.0245552 0.322119 9.99912E-05 0.653225
0.491693 0.250061 0.258146 9.99913E-05
9.99824E-05 0.676771 0.32303 9.99824E-05
0.458797 0.234266 0.306837 9.99912E-05
0.566644 0.264195 0.169061 9.99912E-05
0.253188 0.746612 9.99825E-05 9.99825E-05
0.9997 9.998E-05 9.998E-05 9.998E-05
9.99913E-05 0.611252 0.371244 0.0174035
9.99823E-05 0.363903 9.99823E-05 0.635898
0.286531 0.215117 9.99912E-05 0.498252
0.0658386 0.349382 0.0608962 0.523884
0.0355815 0.514948 9.99912E-05 0.44937
0.220591 0.779209 9.99824E-05 9.99824E-05
9.998E-05 0.9997 9.998E-05 9.998E-05
0.127201 9.99912E-05 0.685338 0.187361
9.99912E-05 0.381013 0.307058 0.311829
0.9997 9.998E-05 9.998E-05 9.998E-05
0.18702 0.154668 0.658211 9.99912E-05
9.998E-05 0.9997 9.998E-05 9.998E-05
9.99824E-05 0.439798 9.99824E-05 0.560002
0.629537 9.99825E-05 0.370263 9.99825E-05
9.99825E-05 9.99825E-05 0.379187 0.620614
0.42965 0.57015 9.99825E-05 9.99825E-05
0.466237 0.434893 0.0987696 9.99912E-05
0.154834 0.210352 0.172183 0.462631
0.411052 0.171943 0.416905 9.99912E-05
0.899229 0.100571 9.99824E-05 9.99824E-05
9.99913E-05 0.728563 0.145961 0.125376
0.538794 9.99823E-05 9.99823E-05 0.461006
0.0398029 0.0543239 0.898184 0.00768964
0.0141135 0.40346 0.582326 9.99912E-05
0.44486 0.203442 0.329204 0.0224948
9.99912E-05 0.206648 0.568966 0.224286
0.705208 9.99913E-05 0.211079 0.0836128
0.780815 9.99824E-05 9.99824E-05 0.218985
0.930039 9.99825E-05 0.0697612 9.99825E-05
9.99824E-05 9.99824E-05 0.337401 0.662399
0.45122 0.110226 0.378894 0.05966
0.9997 9.998E-05 9.998E-05 9.998E-05
0.929501 0.0702993 9.99825E-05 9.99825E-05
9.99823E-05 0.609593 0.390207 9.99823E-05
0.132018 9.99825E-05 9.99825E-05 0.867782
9.99913E-05 0.172097 0.661672 0.166131
0.311291 9.99824E-05 0.688509 9.99824E-05
0.299893 0.514514 0.185494 9.99912E-05
0.16332 9.99825E-05 9.99825E-05 0.83648
0.677637 0.322163 9.99824E-05 9.99824E-05
9.99825E-05 9.99825E-05 0.380008 0.619792
9.99824E-05 9.99824E-05 0.903754 0.0960456
0.390829 9.99913E-05 0.580291 0.0287794
9.99826E-05 0.64379 0.35601 9.99826E-05
9.99826E-05 0.823114 9.99826E-05 0.176686
9.99824E-05 0.356719 9.99824E-05 0.643081
0.566672 9.99912E-05 0.100838 0.332389
0.577401 9.99824E-05 9.99824E-05 0.422399
9.998E-05 0.9997 9.998E-05 9.998E-05
9.99825E-05 0.808405 9.99825E-05 0.191395
0.0148075 0.412784 0.572309 9.99912E-05
9.99913E-05 0.176126 0.187432 0.636342
9.99825E-05 0.728898 9.99825E-05 0.270902
9.99824E-05 0.845467 9.99824E-05 0.154333
9.99914E-05 0.0701644 0.583657 0.346078
0.0257009 0.162208 9.99912E-05 0.811991
0.36034 0.209858 9.99913E-05 0.429702
0.914231 0.0361211 0.0495483 9.99912E-05
0.660724 0.208998 9.99913E-05 0.130178
9.99826E-05 0.727638 9.99826E-05 0.272162
0.443812 0.555988 9.99825E-05 9.99825E-05
0.321791 0.521583 9.99912E-05 0.156526
0.122211 0.549267 0.239484 0.0890379
0.491341 0.399311 0.107797 0.00155121
0.795705 0.162732 9.99912E-05 0.0414633
0.577532 0.331036 9.99912E-05 0.0913318
0.35591 0.419061 0.205267 0.0197622
0.230458 0.34304 0.426402 9.99912E-05
0.565214 9.99825E-05 9.99825E-05 0.434586
0.544384 9.99912E-05 0.208113 0.247404
0.399815 0.532268 9.99912E-05 0.067817
0.155453 0.844347 9.99826E-05 9.99826E-05
0.830919 0.168881 9.99826E-05 9.99826E-05
0.480504 9.99825E-05 9.99825E-05 0.519296
0.492143 9.99825E-05 9.99825E-05 0.507657
0.0977031 0.00818203 0.215655 0.678459
9.99825E-05 0.586189 9.99825E-05 0.413611
0.0243532 0.975447 9.99825E-05 9.99825E-05
9.99824E-05 9.99824E-05 0.617419 0.382381
0.907073 9.99824E-05 9.99824E-05 0.0927267
0.459488 9.99912E-05 0.255023 0.285389
0.0471062 0.547968 9.99913E-05 0.404826
0.157389 9.99824E-05 9.99824E-05 0.842411
0.0257637 0.0703063 9.99912E-05 0.90383
0.425852 0.379799 0.194249 9.99912E-05
9.99826E-05 0.487884 0.511916 9.99826E-05
0.383583 9.99912E-05 0.279353 0.336964
9.99825E-05 0.95385 9.99825E-05 0.0459505
9.99824E-05 0.499911 9.99824E-05 0.499889
