0.497683 0.316277 0.185641 9.99647E-05 9.99647E-05 9.99647E-05 9.99647E-05
9.99647E-05 0.342792 0.251345 9.99647E-05 0.405463 9.99647E-05 9.99647E-05
9.99651E-05 9.99651E-05 0.321493 0.443468 9.99651E-05 0.234639 9.99651E-05
9.99648E-05 0.54052 0.00445795 9.99648E-05 0.454622 9.99648E-05 9.99648E-05
0.230156 0.356681 0.412763 9.99648E-05 9.99648E-05 9.99648E-05 9.99648E-05
0.28179 9.99738E-05 0.461799 0.157558 9.99738E-05 0.0985528 9.99738E-05
9.99736E-05 0.596182 0.18639 0.137426 9.99736E-05 0.0797025 9.99736E-05
0.0452256 0.054161 9.99736E-05 9.99736E-05 0.88367 9.99736E-05 0.016643
9.99648E-05 0.774235 9.99648E-05 0.0940874 0.131278 9.99648E-05 9.99648E-05
0.270978 0.198224 9.99735E-05 0.357395 9.99735E-05 9.99735E-05 0.173103
0.000894958 0.815849 9.99824E-05 0.0448358 9.99824E-05 0.112013 0.0262067
9.99739E-05 9.99739E-05 0.581964 0.179396 0.150468 0.0878728 9.99739E-05
0.32051 9.99737E-05 9.99737E-05 0.103592 0.433341 9.99737E-05 0.142257
9.99559E-05 0.211635 0.787865 9.99559E-05 9.99559E-05 9.99559E-05 9.99559E-05
0.485735 9.99824E-05 0.28272 0.0632938 0.0876043 9.99824E-05 0.0804467
0.193598 0.616413 9.99737E-05 0.11918 9.99737E-05 9.99737E-05 0.0705089
0.253707 0.530721 0.105694 0.0984719 0.0112059 9.99824E-05 9.99824E-05
9.99736E-05 0.585069 0.106526 0.241418 0.066687 9.99736E-05 9.99736E-05
0.0632984 9.9956E-05 0.936202 9.9956E-05 9.9956E-05 9.9956E-05 9.9956E-05
9.99646E-05 0.248865 0.662835 9.99646E-05 0.0879002 9.99646E-05 9.99646E-05
0.137287 9.99737E-05 9.99737E-05 0.65388 0.122818 9.99737E-05 0.0857148
0.337521 0.412345 0.225325 0.0245088 9.99738E-05 9.99738E-05 9.99738E-05
0.389621 9.99649E-05 0.129703 9.99649E-05 9.99649E-05 9.99649E-05 0.480276
9.99562E-05 0.230211 9.99562E-05 9.99562E-05 0.769289 9.99562E-05 9.99562E-05
9.9965E-05 0.491751 0.322759 9.9965E-05 0.18509 9.9965E-05 9.9965E-05
0.281911 0.0334053 9.99824E-05 0.0782382 0.259145 0.347101 9.99824E-05
9.99648E-05 0.644764 9.99648E-05 0.13417 9.99648E-05 9.99648E-05 0.220666
9.99651E-05 9.99651E-05 0.788397 0.0948718 0.116331 9.99651E-05 9.99651E-05
9.995E-05 0.9994 9.995E-05 9.995E-05 9.995E-05 9.995E-05 9.995E-05
0.411386 0.0757422 0.496639 9.99737E-05 9.99737E-05 0.0159326 9.99737E-05
9.995E-05 0.99146 9.995E-05 9.995E-05 9.995E-05 0.00804035 9.995E-05
0.284833 0.0844526 0.0376985 0.118142 0.474674 9.99824E-05 9.99824E-05
9.99735E-05 0.196854 9.99735E-05 9.99735E-05 0.325025 0.251798 0.226023
9.99559E-05 9.99559E-05 0.952196 0.0473039 9.99559E-05 9.99559E-05 9.99559E-05
0.28738 9.99562E-05 9.99562E-05 9.99562E-05 0.71212 9.99562E-05 9.99562E-05
0.0181303 0.36329 0.0184622 0.051502 9.99824E-05 0.548415 9.99824E-05
9.99735E-05 0.752965 9.99735E-05 0.170545 9.99735E-05 0.0693468 0.00684336
0.260098 9.99559E-05 9.99559E-05 9.99559E-05 9.99559E-05 0.739402 9.99559E-05
9.99735E-05 0.338382 0.256859 9.99735E-05 9.99735E-05 0.261457 0.143002
0.0702354 9.99736E-05 0.13629 9.99736E-05 0.633243 0.159932 9.99736E-05
9.99737E-05 0.135769 0.535551 0.25628 0.0721007 9.99737E-05 9.99737E-05
0.365259 0.0314188 0.0813247 0.00352421 0.518273 9.99823E-05 9.99823E-05
9.99565E-05 0.624953 9.99565E-05 9.99565E-05 9.99565E-05 0.374547 9.99565E-05
9.99565E-05 0.649233 9.99565E-05 9.99565E-05 0.350268 9.99565E-05 9.99565E-05
9.99561E-05 9.99561E-05 0.829599 9.99561E-05 9.99561E-05 9.99561E-05 0.169901
9.99649E-05 0.451864 0.341163 0.206573 9.99649E-05 9.99649E-05 9.99649E-05
9.99737E-05 0.188806 9.99737E-05 9.99737E-05 0.646764 0.0414341 0.122696
0.258864 0.445121 9.99737E-05 0.0864934 9.99737E-05 9.99737E-05 0.209221
9.99737E-05 0.378709 0.103106 0.037763 9.99737E-05 9.99737E-05 0.480121
0.372527 0.0209015 0.0674263 9.99912E-05 0.44773 0.0120308 0.0792843
0.463902 0.247465 0.288234 9.99646E-05 9.99646E-05 9.99646E-05 9.99646E-05
9.99558E-05 9.99558E-05 0.721866 9.99558E-05 9.99558E-05 0.277634 9.99558E-05
9.99736E-05 0.404888 0.445291 0.0216176 9.99736E-05 0.127904 9.99736E-05
9.99823E-05 0.666502 0.00161026 9.99823E-05 0.0919479 0.210788 0.0289515
0.290814 9.99736E-05 0.224766 0.0289664 0.455154 9.99736E-05 9.99736E-05
9.99648E-05 0.679255 0.318503 9.99648E-05 9.99648E-05 0.00184175 9.99648E-05
9.99736E-05 0.334861 0.151788 0.460402 9.99736E-05 9.99736E-05 0.0526491
9.99649E-05 9.99649E-05 0.0741205 0.371467 0.554012 9.99649E-05 9.99649E-05
9.99648E-05 0.397226 0.557988 9.99648E-05 0.0443853 9.99648E-05 9.99648E-05
9.995E-05 9.995E-05 0.9994 9.995E-05 9.995E-05 9.995E-05 9.995E-05
0.46846 9.9956E-05 0.53104 9.9956E-05 9.9956E-05 9.9956E-05 9.9956E-05
9.99737E-05 0.600963 0.00585415 9.99737E-05 0.205588 9.99737E-05 0.187295
0.371831 9.99648E-05 9.99648E-05 9.99648E-05 0.20097 0.426799 9.99648E-05
0.270484 0.0617946 0.475928 9.99824E-05 9.99824E-05 0.0077439 0.183849
0.475846 9.99646E-05 9.99646E-05 9.99646E-05 0.277086 0.246668 9.99646E-05
0.097676 9.99647E-05 0.572821 9.99647E-05 0.329103 9.99647E-05 9.99647E-05
0.16251 0.599664 0.174411 9.99736E-05 0.0631152 9.99736E-05 9.99736E-05
0.127774 9.99737E-05 0.408985 0.428378 9.99737E-05 0.0345632 9.99737E-05
9.99649E-05 0.256491 0.737556 9.99649E-05 9.99649E-05 0.00555289 9.99649E-05
0.249912 0.192147 0.1053 0.121295 0.331146 9.99823E-05 9.99823E-05
9.99739E-05 0.264833 0.345271 9.99739E-05 0.0603503 9.99739E-05 0.329245
9.99647E-05 9.99647E-05 0.108551 0.487082 0.403968 9.99647E-05 9.99647E-05
9.99737E-05 0.0392918 0.447341 0.0927879 9.99737E-05 0.42028 9.99737E-05
9.99649E-05 0.347676 9.99649E-05 0.534315 9.99649E-05 9.99649E-05 0.11761
9.99652E-05 0.526385 9.99652E-05 9.99652E-05 0.455665 9.99652E-05 0.01755
9.99648E-05 0.646461 0.243096 9.99648E-05 0.110043 9.99648E-05 9.99648E-05
0.166036 0.69878 0.0415588 9.99737E-05 9.99737E-05 0.0933252 9.99737E-05
0.799699 9.99649E-05 0.063649 9.99649E-05 9.99649E-05 9.99649E-05 0.136253
9.99736E-05 0.261668 0.508616 0.180272 9.99736E-05 0.0491446 9.99736E-05
0.292231 9.99648E-05 0.422378 9.99648E-05 0.284991 9.99648E-05 9.99648E-05
9.99648E-05 0.0835385 9.99648E-05 0.579754 0.336307 9.99648E-05 9.99648E-05
9.9965E-05 9.9965E-05 9.9965E-05 0.462504 0.292762 9.9965E-05 0.244334
0.235357 0.298866 9.99739E-05 9.99739E-05 9.99739E-05 0.0936354 0.371842
9.99737E-05 0.101718 9.99737E-05 0.0140538 0.747794 0.136135 9.99737E-05
0.0375943 0.305077 0.313986 0.223461 0.0107149 0.109066 9.99912E-05
0.34374 0.341164 0.155549 0.159246 9.99736E-05 9.99736E-05 9.99736E-05
0.689893 0.122054 9.99737E-05 0.0448166 0.142937 9.99737E-05 9.99737E-05
9.99648E-05 0.535439 0.257788 9.99648E-05 9.99648E-05 9.99648E-05 0.206373
0.317839 0.657243 9.99651E-05 9.99651E-05 9.99651E-05 0.024518 9.99651E-05
9.99912E-05 0.0274303 0.193834 0.0335471 0.400053 0.136151 0.208885
0.15998 0.337743 9.99739E-05 0.0612759 0.440702 9.99739E-05 9.99739E-05
9.9965E-05 0.479856 9.9965E-05 9.9965E-05 9.9965E-05 0.250263 0.269481
9.995E-05 9.995E-05 9.995E-05 9.995E-05 9.995E-05 9.995E-05 0.9994
0.120102 0.606785 0.272713 9.99649E-05 9.99649E-05 9.99649E-05 9.99649E-05
0.325896 9.99737E-05 9.99737E-05 0.170859 0.298032 0.204913 9.99737E-05
9.99558E-05 0.61025 0.38925 9.99558E-05 9.99558E-05 9.99558E-05 9.99558E-05
0.356036 0.0460986 0.302669 0.263935 0.0310611 9.99824E-05 9.99824E-05
9.99561E-05 9.99561E-05 9.99561E-05 9.99561E-05 0.757659 0.241841 9.99561E-05
9.99736E-05 0.0135066 0.34803 0.00648739 0.631676 9.99736E-05 9.99736E-05
9.9965E-05 0.26083 0.475614 9.9965E-05 9.9965E-05 9.9965E-05 0.263155
9.99648E-05 0.297933 9.99648E-05 9.99648E-05 9.99648E-05 0.566721 0.134946
9.99649E-05 0.0903473 0.699403 9.99649E-05 0.20985 9.99649E-05 9.99649E-05
9.99649E-05 9.99649E-05 0.459085 0.371014 0.169502 9.99649E-05 9.99649E-05
9.99738E-05 0.424473 0.410854 9.99738E-05 0.0192114 0.145162 9.99738E-05
0.204956 0.0984778 0.446065 9.99738E-05 0.250202 9.99738E-05 9.99738E-05
9.99565E-05 9.99565E-05 0.514407 9.99565E-05 0.485093 9.99565E-05 9.99565E-05
0.0239646 0.710885 9.9974E-05 0.148441 9.9974E-05 0.11641 9.9974E-05
0.182377 0.321354 0.0790525 0.165283 0.251734 9.99824E-05 9.99824E-05
9.9965E-05 9.9965E-05 9.9965E-05 0.599338 0.200693 0.199569 9.9965E-05
0.0339012 9.99648E-05 9.99648E-05 9.99648E-05 0.562715 0.402984 9.99648E-05
9.9965E-05 9.9965E-05 9.9965E-05 0.471069 0.377121 0.15141 9.9965E-05
9.99649E-05 0.328045 0.566997 9.99649E-05 9.99649E-05 0.104558 9.99649E-05
9.99738E-05 0.333305 0.275888 9.99738E-05 9.99738E-05 0.0908473 0.299659
0.348586 0.579391 0.0436548 9.99735E-05 9.99735E-05 9.99735E-05 0.0280685
9.99652E-05 0.41981 9.99652E-05 9.99652E-05 0.229023 0.350767 9.99652E-05
9.99561E-05 0.474439 9.99561E-05 0.525062 9.99561E-05 9.99561E-05 9.99561E-05
0.0280667 9.99647E-05 0.619171 0.352363 9.99647E-05 9.99647E-05 9.99647E-05
9.99654E-05 0.143192 0.598858 9.99654E-05 9.99654E-05 9.99654E-05 0.25755
9.99561E-05 0.201201 0.798299 9.99561E-05 9.99561E-05 9.99561E-05 9.99561E-05
9.99651E-05 9.99651E-05 0.150393 9.99651E-05 0.653803 9.99651E-05 0.195403
9.9965E-05 0.147649 0.654407 9.9965E-05 9.9965E-05 9.9965E-05 0.197543
0.491792 9.99739E-05 0.451925 9.99739E-05 0.0487661 0.00721686 9.99739E-05
9.99649E-05 9.99649E-05 0.355535 0.287981 0.356084 9.99649E-05 9.99649E-05
9.99737E-05 0.145112 0.412112 9.99737E-05 0.389174 0.0533022 9.99737E-05
0.214084 0.227002 0.344852 9.99825E-05 0.0844626 9.99825E-05 0.129399
9.99648E-05 0.0969482 0.714491 9.99648E-05 9.99648E-05 0.188161 9.99648E-05
0.045067 0.313456 0.121292 9.99824E-05 0.294647 0.225337 9.99824E-05
9.99649E-05 0.518354 0.347494 9.99649E-05 0.133753 9.99649E-05 9.99649E-05
9.99824E-05 9.99824E-05 0.441004 0.111078 0.00281332 0.00784455 0.43706
0.0947265 9.99648E-05 0.527228 9.99648E-05 9.99648E-05 0.377645 9.99648E-05
0.0706678 0.824633 9.99738E-05 0.0889215 9.99738E-05 9.99738E-05 0.0154775
9.996E-05 9.996E-05 0.193942 9.996E-05 0.626644 0.179014 9.996E-05
0.0195999 9.99737E-05 0.710862 9.99737E-05 9.99737E-05 0.158334 0.110903
0.265155 0.164892 0.412273 0.133107 9.99825E-05 0.0243721 9.99825E-05
0.0477266 0.632008 9.99648E-05 9.99648E-05 0.319866 9.99648E-05 9.99648E-05
0.196629 9.99736E-05 0.260121 0.256427 0.286523 9.99736E-05 9.99736E-05
0.278383 0.10565 0.0664709 9.99823E-05 0.0666395 9.99823E-05 0.482656
9.99736E-05 9.99736E-05 0.286669 0.167458 0.217856 9.99736E-05 0.327717
0.0448098 9.99736E-05 0.678408 0.114881 9.99736E-05 0.161601 9.99736E-05
0.227606 0.362421 0.0103792 9.99735E-05 9.99735E-05 0.399294 9.99735E-05
0.45861 0.152538 9.99737E-05 0.140792 0.24776 9.99737E-05 9.99737E-05
9.99563E-05 0.498302 9.99563E-05 9.99563E-05 0.501198 9.99563E-05 9.99563E-05
9.99648E-05 0.539293 0.349206 0.111101 9.99648E-05 9.99648E-05 9.99648E-05
9.99646E-05 0.5181 0.255704 9.99646E-05 0.225796 9.99646E-05 9.99646E-05
0.941957 9.99648E-05 0.00512575 9.99648E-05 9.99648E-05 0.0525178 9.99648E-05
9.9965E-05 9.9965E-05 0.351917 0.183904 0.463779 9.9965E-05 9.9965E-05
0.149184 0.0325299 0.482717 0.0146401 0.275299 0.04553 9.99912E-05
9.99737E-05 9.99737E-05 0.371486 0.0889665 9.99737E-05 0.239711 0.299537
9.99647E-05 9.99647E-05 0.307246 0.376808 9.99647E-05 0.315546 9.99647E-05
9.99738E-05 0.0955301 0.634696 0.174881 9.99738E-05 0.094593 9.99738E-05
9.99557E-05 0.978199 9.99557E-05 9.99557E-05 0.021301 9.99557E-05 9.99557E-05
9.99564E-05 0.144666 0.854834 9.99564E-05 9.99564E-05 9.99564E-05 9.99564E-05
9.99738E-05 0.158178 0.0279544 9.99738E-05 0.663159 0.150409 9.99738E-05
0.38657 0.276253 0.0802809 9.99738E-05 0.256596 9.99738E-05 9.99738E-05
0.063066 0.487009 0.0111042 0.0133719 9.99912E-05 0.178674 0.246675
9.99648E-05 0.30114 0.675016 9.99648E-05 0.0234441 9.99648E-05 9.99648E-05
0.336956 0.00724417 0.309265 9.99737E-05 0.346235 9.99737E-05 9.99737E-05
0.155026 0.364206 9.99825E-05 0.0977136 9.99825E-05 0.287528 0.0953266
9.99825E-05 0.105746 9.99825E-05 0.512079 0.296851 0.0579876 0.0271361
9.99557E-05 0.100999 0.898501 9.99557E-05 9.99557E-05 9.99557E-05 9.99557E-05
9.99824E-05 0.392247 0.239588 0.0312987 0.100829 9.99824E-05 0.235837
9.99739E-05 9.99739E-05 0.911174 0.0131542 9.99739E-05 0.0155285 0.0598437
9.99559E-05 0.965459 9.99559E-05 9.99559E-05 9.99559E-05 0.0340414 9.99559E-05
0.29218 0.216223 0.414863 0.0176345 0.058899 9.99823E-05 9.99823E-05
0.248619 0.179054 0.0924366 0.074545 0.181833 9.99912E-05 0.223412
0.0562131 0.301126 0.168474 0.267161 9.99824E-05 9.99824E-05 0.206826
9.99559E-05 0.801852 9.99559E-05 0.197648 9.99559E-05 9.99559E-05 9.99559E-05
9.99559E-05 0.895091 9.99559E-05 9.99559E-05 9.99559E-05 0.104409 9.99559E-05
9.99648E-05 0.845802 0.060152 9.99648E-05 9.99648E-05 0.0936458 9.99648E-05
9.99648E-05 0.0364935 0.862751 9.99648E-05 9.99648E-05 9.99648E-05 0.100356
9.99647E-05 0.140171 0.514142 0.345288 9.99647E-05 9.99647E-05 9.99647E-05
9.99646E-05 0.277462 9.99646E-05 9.99646E-05 0.646477 9.99646E-05 0.0756608
9.99565E-05 0.284882 9.99565E-05 0.714618 9.99565E-05 9.99565E-05 9.99565E-05
0.649951 9.99646E-05 0.149512 9.99646E-05 0.200138 9.99646E-05 9.99646E-05
9.99736E-05 9.99736E-05 0.579374 0.148548 0.170108 0.10167 9.99736E-05
0.828496 9.99563E-05 0.171004 9.99563E-05 9.99563E-05 9.99563E-05 9.99563E-05
9.99736E-05 9.99736E-05 0.553129 0.0740345 0.187465 0.185071 9.99736E-05
0.0329298 0.480571 0.248039 9.99823E-05 9.99823E-05 0.0566389 0.181621
9.99561E-05 9.99561E-05 0.829466 9.99561E-05 0.170034 9.99561E-05 9.99561E-05
9.99561E-05 0.360119 0.639381 9.99561E-05 9.99561E-05 9.99561E-05 9.99561E-05
9.99565E-05 0.974097 0.0254033 9.99565E-05 9.99565E-05 9.99565E-05 9.99565E-05
9.99648E-05 9.99648E-05 0.337995 9.99648E-05 0.395459 0.266147 9.99648E-05
0.0105965 0.272614 0.423714 9.99825E-05 0.192136 9.99825E-05 0.10074
9.99561E-05 9.99561E-05 9.99561E-05 0.267537 0.731964 9.99561E-05 9.99561E-05
0.392537 9.99648E-05 9.99648E-05 9.99648E-05 0.263217 9.99648E-05 0.343846
9.9965E-05 0.108173 0.826665 9.9965E-05 9.9965E-05 9.9965E-05 0.0647626
0.419236 0.10963 0.197379 9.99736E-05 0.273454 9.99736E-05 9.99736E-05
9.99824E-05 9.99824E-05 0.462069 0.0328434 0.279087 0.054218 0.171582
0.247588 9.99736E-05 0.369032 9.99736E-05 0.246355 9.99736E-05 0.136725
0.183713 0.54559 0.0956868 0.0898391 9.99823E-05 0.0849705 9.99823E-05
9.99648E-05 9.99648E-05 9.99648E-05 0.785479 0.0889561 0.125165 9.99648E-05
0.307846 0.0800148 0.159274 9.99823E-05 0.0369831 0.415682 9.99823E-05
9.99739E-05 0.0256972 9.99739E-05 0.0126854 0.190073 0.771245 9.99739E-05
9.9956E-05 0.390247 9.9956E-05 9.9956E-05 0.609253 9.9956E-05 9.9956E-05
0.054493 0.534232 0.410875 9.99652E-05 9.99652E-05 9.99652E-05 9.99652E-05
0.253397 0.401827 9.99737E-05 9.99737E-05 0.287231 0.0572446 9.99737E-05
9.99649E-05 9.99649E-05 0.310678 9.99649E-05 0.40709 9.99649E-05 0.281832
9.99729E-05 0.0427763 9.99729E-05 9.99729E-05 0.8813 9.99729E-05 0.0755234
0.282476 0.631114 9.99649E-05 0.0860102 9.99649E-05 9.99649E-05 9.99649E-05
0.769106 0.0490073 9.99649E-05 9.99649E-05 9.99649E-05 0.181486 9.99649E-05
9.99825E-05 0.468694 0.258599 0.0562575 9.99825E-05 0.170419 0.0458309
9.99736E-05 0.0221012 9.99736E-05 0.292549 0.281756 0.403293 9.99736E-05
9.99649E-05 0.0666019 0.924538 9.99649E-05 9.99649E-05 9.99649E-05 0.00846008
0.566356 0.433144 9.99559E-05 9.99559E-05 9.99559E-05 9.99559E-05 9.99559E-05
9.99647E-05 0.735483 9.99647E-05 9.99647E-05 0.171459 0.0926581 9.99647E-05
0.837183 9.99561E-05 9.99561E-05 0.162317 9.99561E-05 9.99561E-05 9.99561E-05
9.99736E-05 0.00105461 9.99736E-05 0.0910545 0.707411 9.99736E-05 0.20018
0.372503 0.0170801 0.221304 9.99736E-05 0.388813 9.99736E-05 9.99736E-05
0.156594 9.99649E-05 9.99649E-05 0.143357 0.699649 9.99649E-05 9.99649E-05
9.99647E-05 0.636608 0.016628 9.99647E-05 9.99647E-05 9.99647E-05 0.346364
0.0103022 0.865815 0.123483 9.99648E-05 9.99648E-05 9.99648E-05 9.99648E-05
0.492329 9.99736E-05 0.0469026 9.99736E-05 0.133363 0.327106 9.99736E-05
9.99738E-05 0.158335 0.30788 0.0684176 9.99738E-05 9.99738E-05 0.465067
9.99649E-05 0.197579 0.484258 0.317763 9.99649E-05 9.99649E-05 9.99649E-05
0.421356 0.130706 0.365383 9.99825E-05 0.0306221 0.0517328 9.99825E-05
9.99564E-05 0.830167 9.99564E-05 9.99564E-05 9.99564E-05 0.169333 9.99564E-05
0.080277 9.99825E-05 0.208542 0.195695 9.99825E-05 0.38582 0.129467
9.99823E-05 0.113898 0.317774 9.99823E-05 0.289422 0.267477 0.0112284
0.182684 9.99646E-05 9.99646E-05 0.177532 0.639383 9.99646E-05 9.99646E-05
0.0913387 9.99647E-05 0.591374 9.99647E-05 0.316887 9.99647E-05 9.99647E-05
9.99738E-05 0.0274404 0.244282 0.693056 9.99738E-05 0.0349209 9.99738E-05
9.99737E-05 0.657055 0.0655063 9.99737E-05 0.192962 0.0841767 9.99737E-05
9.99649E-05 9.99649E-05 0.38206 9.99649E-05 0.483829 9.99649E-05 0.133711
9.99559E-05 0.444117 9.99559E-05 9.99559E-05 0.555383 9.99559E-05 9.99559E-05
9.99735E-05 0.398243 0.349461 9.99735E-05 0.232328 0.019668 9.99735E-05
0.0217406 0.531505 0.215871 9.99826E-05 0.215994 0.0146898 9.99826E-05
0.286536 0.494849 9.99736E-05 0.205472 0.0128435 9.99736E-05 9.99736E-05
0.0338523 0.783535 9.99735E-05 9.99735E-05 0.130222 0.0520912 9.99735E-05
9.99647E-05 0.617253 9.99647E-05 9.99647E-05 0.0499045 0.332442 9.99647E-05
9.99736E-05 0.289449 0.0795519 9.99736E-05 0.340546 9.99736E-05 0.290153
0.693887 0.0243918 0.0661603 9.99737E-05 9.99737E-05 0.215261 9.99737E-05
9.99646E-05 0.209384 0.717176 9.99646E-05 0.0730406 9.99646E-05 9.99646E-05
9.99562E-05 0.671544 9.99562E-05 9.99562E-05 9.99562E-05 9.99562E-05 0.327957
9.99648E-05 9.99648E-05 0.393961 9.99648E-05 0.00468122 0.600958 9.99648E-05
0.756185 9.99565E-05 9.99565E-05 9.99565E-05 0.243315 9.99565E-05 9.99565E-05
9.99649E-05 9.99649E-05 0.411749 9.99649E-05 0.441857 0.145994 9.99649E-05
0.151902 0.447543 9.99735E-05 9.99735E-05 0.21572 9.99735E-05 0.184534
0.0826884 0.284929 0.426863 9.99735E-05 0.20522 9.99735E-05 9.99735E-05
0.0678211 9.99736E-05 0.165253 9.99736E-05 9.99736E-05 0.0412256 0.7254
0.860517 9.99561E-05 0.138983 9.99561E-05 9.99561E-05 9.99561E-05 9.99561E-05
0.178994 9.99826E-05 0.24367 0.409083 0.138004 9.99826E-05 0.0300491
0.445325 9.99652E-05 9.99652E-05 9.99652E-05 0.285888 0.268388 9.99652E-05
9.99561E-05 9.99561E-05 0.45567 9.99561E-05 9.99561E-05 0.54383 9.99561E-05
0.0325813 0.184719 9.99736E-05 0.646804 0.135596 9.99736E-05 9.99736E-05
9.99566E-05 0.846476 9.99566E-05 9.99566E-05 9.99566E-05 0.153024 9.99566E-05
0.616241 0.10135 9.9965E-05 9.9965E-05 9.9965E-05 0.282009 9.9965E-05
9.9965E-05 9.9965E-05 0.13041 0.491394 9.9965E-05 9.9965E-05 0.377796
9.99736E-05 0.0849921 0.582952 9.99736E-05 9.99736E-05 0.322376 0.00937995
0.316673 0.0877328 0.36765 9.99736E-05 9.99736E-05 0.227644 9.99736E-05
9.99735E-05 0.248706 9.99735E-05 0.210428 0.301299 9.99735E-05 0.239267
9.99562E-05 9.99562E-05 9.99562E-05 0.219464 0.780036 9.99562E-05 9.99562E-05
9.99737E-05 0.133623 0.355891 0.105821 9.99737E-05 0.404365 9.99737E-05
9.99649E-05 9.99649E-05 0.740695 0.0942822 9.99649E-05 0.164623 9.99649E-05
9.9965E-05 0.408111 9.9965E-05 0.356717 0.234772 9.9965E-05 9.9965E-05
9.99651E-05 0.506396 0.0802554 9.99651E-05 9.99651E-05 9.99651E-05 0.412949
0.138218 9.99649E-05 9.99649E-05 9.99649E-05 9.99649E-05 0.179983 0.681399
9.99824E-05 0.317506 9.99824E-05 0.0240064 0.37372 0.190673 0.0938945
0.451892 0.234411 9.99652E-05 9.99652E-05 9.99652E-05 0.313297 9.99652E-05
0.382181 9.99735E-05 9.99735E-05 0.268398 0.31514 9.99735E-05 0.0339813
9.99651E-05 9.99651E-05 0.387187 9.99651E-05 0.292774 9.99651E-05 0.319639
0.196215 9.99736E-05 0.395169 0.40091 9.99736E-05 0.00740591 9.99736E-05
