9.99649E-05 9.99649E-05 0.446235 9.99649E-05 0.381149 9.99649E-05 0.172216
0.384775 0.10113 0.103815 0.285318 9.99825E-05 0.124762 9.99825E-05
9.99564E-05 9.99564E-05 9.99564E-05 0.419916 0.579584 9.99564E-05 9.99564E-05
0.784748 9.99649E-05 9.99649E-05 9.99649E-05 0.011365 0.203487 9.99649E-05
0.243802 0.545692 9.99653E-05 0.210106 9.99653E-05 9.99653E-05 9.99653E-05
0.260774 0.0532667 0.463759 9.99735E-05 9.99735E-05 9.99735E-05 0.221901
0.0650186 0.370303 0.468739 9.99737E-05 9.99737E-05 0.0956389 9.99737E-05
0.313192 0.560189 0.06265 0.043102 9.99824E-05 0.0206677 9.99824E-05
9.9956E-05 9.9956E-05 0.288284 0.711216 9.9956E-05 9.9956E-05 9.9956E-05
0.339797 0.382983 0.0763846 0.10101 9.99823E-05 9.99823E-05 0.0996255
9.99562E-05 9.99562E-05 9.99562E-05 0.95112 9.99562E-05 9.99562E-05 0.0483801
9.99822E-05 0.622898 0.139397 0.0562054 0.0511329 0.130167 9.99822E-05
9.99737E-05 9.99737E-05 0.0130166 9.99737E-05 0.88754 0.048665 0.0504787
9.99648E-05 0.236992 0.12151 9.99648E-05 0.641098 9.99648E-05 9.99648E-05
0.596165 0.241066 9.99738E-05 0.105527 9.99738E-05 0.0569421 9.99738E-05
0.478808 9.99651E-05 9.99651E-05 0.433963 0.0868286 9.99651E-05 9.99651E-05
9.99646E-05 9.99646E-05 9.99646E-05 0.100907 0.164075 0.734618 9.99646E-05
0.188713 0.265462 9.9965E-05 0.545426 9.9965E-05 9.9965E-05 9.9965E-05
0.452767 9.99649E-05 0.0969672 9.99649E-05 9.99649E-05 0.449866 9.99649E-05
0.118672 0.408623 9.99737E-05 9.99737E-05 9.99737E-05 0.372533 0.0998722
9.99646E-05 9.99646E-05 0.0923784 9.99646E-05 9.99646E-05 0.730129 0.177093
9.99734E-05 9.99734E-05 0.566158 0.0718378 0.163278 9.99734E-05 0.198427
0.4302 9.99825E-05 9.99825E-05 0.0389873 0.327773 0.159523 0.0433164
9.99651E-05 9.99651E-05 0.0895204 0.654946 9.99651E-05 9.99651E-05 0.255133
0.0860248 0.25033 0.190179 9.99738E-05 9.99738E-05 0.473166 9.99738E-05
0.493597 9.99564E-05 9.99564E-05 9.99564E-05 9.99564E-05 9.99564E-05 0.505903
9.99737E-05 0.129274 0.391814 0.0781239 9.99737E-05 9.99737E-05 0.400488
9.99648E-05 9.99648E-05 0.49896 0.382538 9.99648E-05 0.118101 9.99648E-05
9.9965E-05 0.423565 9.9965E-05 9.9965E-05 0.480112 0.0959225 9.9965E-05
0.119193 0.278035 9.99649E-05 0.602372 9.99649E-05 9.99649E-05 9.99649E-05
9.99736E-05 0.150895 9.99736E-05 0.0351126 0.450284 0.363409 9.99736E-05
0.012904 0.121857 0.373253 0.0918583 0.373785 0.0262422 9.99912E-05
0.0118644 0.333404 9.99825E-05 0.22239 0.172183 9.99825E-05 0.259958
0.664927 0.0211518 0.0311007 0.28252 9.99738E-05 9.99738E-05 9.99738E-05
0.0811389 9.99647E-05 0.0839778 0.834483 9.99647E-05 9.99647E-05 9.99647E-05
9.99562E-05 0.260039 9.99562E-05 0.739461 9.99562E-05 9.99562E-05 9.99562E-05
9.99649E-05 9.99649E-05 9.99649E-05 0.425801 9.99649E-05 0.47931 0.0944893
0.0769384 0.0272261 0.0502739 0.785314 9.99825E-05 0.0600477 9.99825E-05
9.99826E-05 0.134439 9.99826E-05 0.177303 0.394629 0.223872 0.0695576
9.99647E-05 0.119767 9.99647E-05 0.682919 9.99647E-05 0.196914 9.99647E-05
0.306148 9.99824E-05 9.99824E-05 0.159132 0.231725 0.255689 0.0471052
0.0837398 0.730646 0.0408628 9.99738E-05 9.99738E-05 0.144452 9.99738E-05
0.479257 9.99825E-05 9.99825E-05 0.156418 0.00748945 0.302091 0.0545443
9.99653E-05 0.5106 0.202248 9.99653E-05 9.99653E-05 0.286752 9.99653E-05
0.114665 0.461201 0.155157 0.0650745 0.0519273 0.151876 9.99912E-05
9.9965E-05 9.9965E-05 0.291644 0.527103 9.9965E-05 9.9965E-05 0.180853
9.99735E-05 0.00399479 9.99735E-05 0.473722 0.122142 9.99735E-05 0.399842
0.166549 9.99737E-05 9.99737E-05 0.228672 0.0145083 0.589971 9.99737E-05
9.99737E-05 9.99737E-05 0.181847 0.0298772 0.131776 0.6562 9.99737E-05
9.99736E-05 0.143353 9.99736E-05 9.99736E-05 0.823684 0.00233854 0.0303242
9.99647E-05 0.664933 0.230888 9.99647E-05 9.99647E-05 9.99647E-05 0.103779
9.9965E-05 9.9965E-05 0.0220461 0.887554 9.9965E-05 9.9965E-05 0.0900002
0.25517 0.349517 9.99736E-05 0.210675 9.99736E-05 0.184338 9.99736E-05
9.99561E-05 9.99561E-05 0.842785 9.99561E-05 9.99561E-05 9.99561E-05 0.156715
9.99737E-05 0.288614 0.409653 9.99737E-05 9.99737E-05 0.154024 0.147409
9.99648E-05 0.399958 9.99648E-05 9.99648E-05 9.99648E-05 0.152929 0.446713
0.155924 0.0561492 0.754146 9.99736E-05 9.99736E-05 9.99736E-05 0.0334805
0.422858 0.431693 0.145049 9.99649E-05 9.99649E-05 9.99649E-05 9.99649E-05
0.554057 0.092979 9.99738E-05 9.99738E-05 0.0400851 0.312579 9.99738E-05
0.325745 0.0599915 9.99735E-05 0.311951 9.99735E-05 9.99735E-05 0.302012
0.259246 9.99648E-05 0.375973 0.364381 9.99648E-05 9.99648E-05 9.99648E-05
0.636275 0.137886 0.191594 9.99737E-05 0.0339444 9.99737E-05 9.99737E-05
0.03655 9.99737E-05 9.99737E-05 0.309174 0.255986 9.99737E-05 0.39799
9.99825E-05 0.0825936 0.101489 0.187679 0.413701 9.99825E-05 0.214336
9.9965E-05 0.234526 0.306468 9.9965E-05 9.9965E-05 9.9965E-05 0.458607
9.9956E-05 9.9956E-05 0.248683 0.750817 9.9956E-05 9.9956E-05 9.9956E-05
0.392853 9.9965E-05 9.9965E-05 0.503892 0.102854 9.9965E-05 9.9965E-05
9.99647E-05 0.385567 0.434451 0.179581 9.99647E-05 9.99647E-05 9.99647E-05
9.99648E-05 0.411566 0.460171 9.99648E-05 9.99648E-05 9.99648E-05 0.127863
9.99825E-05 0.0371086 0.105485 0.383037 9.99825E-05 0.314816 0.159354
0.0874019 9.99737E-05 0.303214 9.99737E-05 0.070518 9.99737E-05 0.538566
9.99737E-05 9.99737E-05 0.00189675 0.122994 9.99737E-05 0.52662 0.348189
9.99736E-05 9.99736E-05 0.372613 0.512614 9.99736E-05 0.0518677 0.0626049
9.99561E-05 0.979468 9.99561E-05 9.99561E-05 0.0200326 9.99561E-05 9.99561E-05
0.121745 0.265892 9.99734E-05 0.383042 9.99734E-05 9.99734E-05 0.22902
0.531204 9.99561E-05 9.99561E-05 9.99561E-05 9.99561E-05 0.468297 9.99561E-05
0.919857 9.99561E-05 9.99561E-05 0.0796432 9.99561E-05 9.99561E-05 9.99561E-05
9.99559E-05 9.99559E-05 9.99559E-05 0.675281 9.99559E-05 0.32422 9.99559E-05
0.140327 0.073924 0.355968 9.99824E-05 0.208376 0.221205 9.99824E-05
0.195181 0.491832 9.99737E-05 0.0655739 0.247113 9.99737E-05 9.99737E-05
0.258959 0.456184 0.0105006 0.204357 0.0638045 0.00609502 9.99912E-05
9.99562E-05 0.579068 9.99562E-05 9.99562E-05 9.99562E-05 9.99562E-05 0.420432
9.99648E-05 0.272734 9.99648E-05 0.148102 9.99648E-05 0.578765 9.99648E-05
9.99825E-05 9.99825E-05 0.0556109 0.333676 0.00316915 0.584577 0.0227668
0.430798 0.116806 9.99736E-05 0.0633389 9.99736E-05 0.388757 9.99736E-05
9.99739E-05 0.0463333 0.332811 0.0660737 9.99739E-05 0.554482 9.99739E-05
9.99738E-05 0.0581839 0.435805 9.99738E-05 0.243105 9.99738E-05 0.262606
9.99646E-05 0.463849 9.99646E-05 0.456672 0.0790786 9.99646E-05 9.99646E-05
9.995E-05 9.995E-05 9.995E-05 0.9994 9.995E-05 9.995E-05 9.995E-05
9.99561E-05 0.920054 9.99561E-05 0.0794457 9.99561E-05 9.99561E-05 9.99561E-05
9.99736E-05 0.196434 0.0786386 9.99736E-05 0.0331124 0.691515 9.99736E-05
9.99739E-05 9.99739E-05 0.0925005 0.2383 9.99739E-05 0.35637 0.31253
0.0779155 9.99735E-05 9.99735E-05 0.393496 0.115124 0.413164 9.99735E-05
9.99823E-05 0.23692 0.22934 9.99823E-05 0.216677 0.138071 0.178792
9.995E-05 9.995E-05 0.9994 9.995E-05 9.995E-05 9.995E-05 9.995E-05
9.99735E-05 0.466174 0.263274 0.016253 0.254 9.99735E-05 9.99735E-05
9.99562E-05 9.99562E-05 0.635804 9.99562E-05 9.99562E-05 9.99562E-05 0.363696
9.9965E-05 9.9965E-05 9.9965E-05 0.146947 0.55912 0.293533 9.9965E-05
0.247913 9.99736E-05 9.99736E-05 0.0895214 0.450988 0.211278 9.99736E-05
0.157413 9.99648E-05 9.99648E-05 0.824502 9.99648E-05 9.99648E-05 0.0176851
9.9956E-05 0.637548 9.9956E-05 9.9956E-05 9.9956E-05 0.361952 9.9956E-05
0.410628 0.269184 9.99824E-05 9.99824E-05 0.22488 0.0242788 0.0708297
9.99647E-05 9.99647E-05 0.317089 0.245865 0.436647 9.99647E-05 9.99647E-05
0.50305 0.110066 9.99648E-05 0.386484 9.99648E-05 9.99648E-05 9.99648E-05
9.99825E-05 0.575422 0.0418004 0.0851628 9.99825E-05 0.104779 0.192636
9.99648E-05 0.282618 9.99648E-05 0.474824 9.99648E-05 9.99648E-05 0.242159
9.99736E-05 0.663051 0.0685504 0.234809 0.0332902 9.99736E-05 9.99736E-05
0.15782 0.264105 0.204295 0.35797 9.99824E-05 0.0156094 9.99824E-05
9.99736E-05 9.99736E-05 0.170043 0.341795 0.483078 0.00478449 9.99736E-05
9.99649E-05 0.0271403 9.99649E-05 9.99649E-05 0.267403 9.99649E-05 0.705057
0.0562513 9.99913E-05 0.623709 0.0732636 0.133887 0.0151472 0.097642
0.168079 9.99736E-05 9.99736E-05 0.148751 9.99736E-05 0.358485 0.324385
0.00678702 0.536537 9.99736E-05 0.261587 9.99736E-05 9.99736E-05 0.194789
0.28415 0.287203 0.177061 9.99824E-05 0.160831 0.0905556 9.99824E-05
9.99739E-05 0.349938 0.0104609 0.495097 0.144203 9.99739E-05 9.99739E-05
9.995E-05 0.9994 9.995E-05 9.995E-05 9.995E-05 9.995E-05 9.995E-05
9.99651E-05 0.797078 0.0469155 0.155607 9.99651E-05 9.99651E-05 9.99651E-05
0.640836 0.121099 9.99737E-05 0.201342 9.99737E-05 9.99737E-05 0.0364236
0.0209124 9.99824E-05 0.0590059 0.483511 9.99824E-05 0.0184395 0.417931
9.99651E-05 0.32695 0.568258 0.104391 9.99651E-05 9.99651E-05 9.99651E-05
9.99559E-05 0.262442 9.99559E-05 9.99559E-05 9.99559E-05 9.99559E-05 0.737058
0.00995765 0.321498 9.99737E-05 9.99737E-05 9.99737E-05 0.0309997 0.637245
9.9965E-05 9.9965E-05 9.9965E-05 0.58041 0.206407 0.212783 9.9965E-05
0.454184 0.226456 9.99735E-05 9.99735E-05 0.0631577 9.99735E-05 0.255903
9.99824E-05 0.189237 0.00265039 0.235357 9.99824E-05 0.165062 0.407494
0.123466 0.037783 0.642926 0.162331 9.99824E-05 9.99824E-05 0.0332938
9.99737E-05 0.530609 0.125407 9.99737E-05 0.114303 0.229382 9.99737E-05
0.182114 9.99735E-05 0.565876 0.123403 9.99735E-05 9.99735E-05 0.128307
0.402977 0.425898 9.99645E-05 0.170725 9.99645E-05 9.99645E-05 9.99645E-05
0.779808 9.9956E-05 0.219692 9.9956E-05 9.9956E-05 9.9956E-05 9.9956E-05
0.132485 0.413151 9.99736E-05 9.99736E-05 0.274704 0.179361 9.99736E-05
0.940633 0.0311812 9.99648E-05 9.99648E-05 9.99648E-05 0.0277862 9.99648E-05
0.205655 9.99648E-05 9.99648E-05 0.122808 9.99648E-05 9.99648E-05 0.671137
0.0473758 0.0279219 9.99824E-05 0.413886 0.337722 9.99824E-05 0.172893
9.99736E-05 0.54701 0.275342 0.158551 9.99736E-05 0.018797 9.99736E-05
9.99559E-05 0.208973 9.99559E-05 0.790527 9.99559E-05 9.99559E-05 9.99559E-05
9.9956E-05 0.69876 9.9956E-05 0.30074 9.9956E-05 9.9956E-05 9.9956E-05
0.311854 9.99562E-05 9.99562E-05 0.687646 9.99562E-05 9.99562E-05 9.99562E-05
0.248563 9.99736E-05 0.262304 0.0620524 9.99736E-05 9.99736E-05 0.42678
0.0019974 0.421761 9.99912E-05 0.0369034 0.0124945 0.525747 0.000996672
9.99735E-05 0.0768063 9.99735E-05 0.176802 0.0277901 0.718301 9.99735E-05
9.99736E-05 0.145404 0.320812 0.239031 9.99736E-05 0.294453 9.99736E-05
9.99564E-05 9.99564E-05 9.99564E-05 0.695982 9.99564E-05 0.303518 9.99564E-05
0.651699 9.99738E-05 0.0284012 9.99738E-05 9.99738E-05 0.142313 0.177286
9.99648E-05 9.99648E-05 0.284685 0.605791 0.109125 9.99648E-05 9.99648E-05
9.99736E-05 0.212436 0.47852 0.215323 9.99736E-05 0.09342 9.99736E-05
9.99738E-05 0.0246204 9.99738E-05 0.154188 0.452068 0.368824 9.99738E-05
9.99563E-05 9.99563E-05 0.780541 9.99563E-05 9.99563E-05 0.21896 9.99563E-05
0.343805 9.99736E-05 0.045966 0.121882 0.488048 9.99736E-05 9.99736E-05
0.0475345 9.99648E-05 9.99648E-05 0.813687 9.99648E-05 0.138378 9.99648E-05
9.99562E-05 0.365483 9.99562E-05 0.634017 9.99562E-05 9.99562E-05 9.99562E-05
9.99738E-05 0.055921 0.734401 0.0730644 9.99738E-05 0.136314 9.99738E-05
9.99648E-05 0.0422813 9.99648E-05 0.576946 9.99648E-05 9.99648E-05 0.380373
9.99651E-05 0.740568 0.140549 9.99651E-05 9.99651E-05 9.99651E-05 0.118483
9.99649E-05 9.99649E-05 9.99649E-05 0.649572 0.183655 0.166372 9.99649E-05
9.99653E-05 0.122146 9.99653E-05 9.99653E-05 9.99653E-05 0.303519 0.573935
0.335776 9.99736E-05 0.105811 0.333972 0.224141 9.99736E-05 9.99736E-05
9.99649E-05 0.517918 9.99649E-05 0.00315407 9.99649E-05 0.478528 9.99649E-05
9.99649E-05 0.452037 9.99649E-05 0.533191 9.99649E-05 9.99649E-05 0.0143717
0.0128646 0.609237 9.99651E-05 0.377498 9.99651E-05 9.99651E-05 9.99651E-05
9.99826E-05 0.333202 0.451653 0.0820047 0.12266 9.99826E-05 0.0102805
0.318852 9.99648E-05 9.99648E-05 9.99648E-05 0.64273 9.99648E-05 0.0380175
0.423134 0.359365 9.99647E-05 9.99647E-05 9.99647E-05 9.99647E-05 0.217101
0.303471 0.329757 9.99648E-05 0.366372 9.99648E-05 9.99648E-05 9.99648E-05
0.475188 0.0535979 0.253381 0.0905023 9.99912E-05 0.0537968 0.0734342
0.114572 0.217574 0.270962 0.393122 9.99824E-05 0.0035696 9.99824E-05
9.99648E-05 9.99648E-05 0.649163 9.99648E-05 0.210319 9.99648E-05 0.140117
0.270755 0.374527 0.0377054 0.0201395 0.0844563 0.212317 9.99912E-05
9.99561E-05 0.743153 9.99561E-05 9.99561E-05 9.99561E-05 0.256348 9.99561E-05
0.120281 0.292287 0.207685 0.0346337 9.99824E-05 9.99824E-05 0.344914
0.560315 9.99648E-05 9.99648E-05 0.404185 9.99648E-05 9.99648E-05 0.0351008
9.99561E-05 9.99561E-05 9.99561E-05 0.991794 0.00770592 9.99561E-05 9.99561E-05
0.0605206 0.872958 9.9965E-05 9.9965E-05 0.066121 9.9965E-05 9.9965E-05
9.99648E-05 0.207215 9.99648E-05 9.99648E-05 9.99648E-05 0.732053 0.0603314
0.313581 0.0309479 0.245483 0.342655 9.99823E-05 0.0671324 9.99823E-05
0.194065 9.99825E-05 0.196015 0.197195 0.19147 0.221055 9.99825E-05
0.122166 9.99648E-05 0.621676 9.99648E-05 9.99648E-05 9.99648E-05 0.255758
9.99648E-05 9.99648E-05 9.99648E-05 0.286112 9.99648E-05 0.0179291 0.695559
0.617266 0.0557768 0.149759 9.99739E-05 0.176898 9.99739E-05 9.99739E-05
0.0457397 0.224786 0.225103 0.0841278 9.99912E-05 0.0907392 0.329404
0.692671 9.99649E-05 9.99649E-05 0.0902042 9.99649E-05 0.216725 9.99649E-05
9.99654E-05 0.100676 9.99654E-05 0.857144 9.99654E-05 9.99654E-05 0.0417801
0.318205 9.99736E-05 9.99736E-05 0.187088 9.99736E-05 0.0939956 0.400411
0.0616516 0.252028 0.0162824 0.669738 9.99738E-05 9.99738E-05 9.99738E-05
9.99649E-05 0.377839 9.99649E-05 9.99649E-05 0.000152237 0.621609 9.99649E-05
9.99736E-05 0.374346 9.99736E-05 0.16537 0.141659 9.99736E-05 0.318324
9.99561E-05 9.99561E-05 9.99561E-05 9.99561E-05 0.658967 9.99561E-05 0.340534
0.267188 0.441201 9.99737E-05 0.151683 0.139628 9.99737E-05 9.99737E-05
0.100289 0.197129 0.0498775 0.160509 9.99912E-05 0.139193 0.352902
0.0053045 0.682014 0.00210135 9.99824E-05 0.1241 0.18628 9.99824E-05
9.99649E-05 0.728169 9.99649E-05 9.99649E-05 9.99649E-05 0.144357 0.127074
9.99562E-05 9.99562E-05 9.99562E-05 0.143137 0.856363 9.99562E-05 9.99562E-05
9.99736E-05 9.99736E-05 0.494784 0.345229 0.111208 9.99736E-05 0.0484784
0.479776 9.9965E-05 9.9965E-05 9.9965E-05 9.9965E-05 0.164347 0.355477
0.0966138 9.99565E-05 9.99565E-05 9.99565E-05 0.902886 9.99565E-05 9.99565E-05
0.205432 9.99649E-05 0.300183 0.493985 9.99649E-05 9.99649E-05 9.99649E-05
9.99562E-05 9.99562E-05 9.99562E-05 0.509268 0.490232 9.99562E-05 9.99562E-05
9.99737E-05 0.444549 9.99737E-05 0.177849 9.99737E-05 0.0889359 0.288367
9.99737E-05 9.99737E-05 0.186847 0.714996 9.99737E-05 0.0681584 0.0296987
9.99649E-05 9.99649E-05 9.99649E-05 0.0333128 0.330873 9.99649E-05 0.635414
0.790238 0.129493 0.079869 9.99645E-05 9.99645E-05 9.99645E-05 9.99645E-05
9.9965E-05 9.9965E-05 0.0772708 0.862804 9.9965E-05 9.9965E-05 0.059525
9.99558E-05 9.99558E-05 9.99558E-05 0.467038 9.99558E-05 0.532463 9.99558E-05
0.475051 0.143614 9.99647E-05 9.99647E-05 9.99647E-05 0.380936 9.99647E-05
0.127518 0.319919 9.99824E-05 0.045051 9.99824E-05 0.00574499 0.501568
0.00892646 0.339586 9.99824E-05 0.506004 9.99824E-05 0.100821 0.0444629
9.99734E-05 0.374586 0.0545762 0.102489 9.99734E-05 0.468049 9.99734E-05
9.99558E-05 0.453529 9.99558E-05 0.545971 9.99558E-05 9.99558E-05 9.99558E-05
0.401088 0.39725 9.99739E-05 0.175555 9.99739E-05 9.99739E-05 0.0258074
0.130675 0.633623 9.99735E-05 0.203753 9.99735E-05 9.99735E-05 0.0316497
0.427126 9.99738E-05 0.297282 9.99738E-05 9.99738E-05 0.0866412 0.188652
0.0909252 0.46834 0.146704 9.99737E-05 9.99737E-05 0.293731 9.99737E-05
9.99736E-05 9.99736E-05 9.99736E-05 0.109015 0.0746926 0.204293 0.6117
0.246161 9.99648E-05 0.512936 9.99648E-05 0.240504 9.99648E-05 9.99648E-05
9.99562E-05 9.99562E-05 9.99562E-05 0.643902 9.99562E-05 0.355598 9.99562E-05
9.99649E-05 0.0705933 9.99649E-05 9.99649E-05 0.615259 0.313748 9.99649E-05
9.99651E-05 0.65291 0.144392 9.99651E-05 9.99651E-05 9.99651E-05 0.202299
9.99824E-05 0.139568 0.265347 0.0080553 9.99824E-05 0.0445974 0.542232
0.0221094 9.99647E-05 0.141237 0.836254 9.99647E-05 9.99647E-05 9.99647E-05
0.0296976 9.99648E-05 0.712101 0.257802 9.99648E-05 9.99648E-05 9.99648E-05
9.99824E-05 0.311718 0.0454961 9.99824E-05 0.073816 0.270464 0.298306
9.99736E-05 0.592089 9.99736E-05 0.168922 9.99736E-05 0.230771 0.00791821
9.99649E-05 9.99649E-05 0.396073 0.228 0.375527 9.99649E-05 9.99649E-05
0.381891 9.99736E-05 0.0202494 0.558224 9.99736E-05 9.99736E-05 0.0393357
9.99736E-05 9.99736E-05 0.0456367 9.99736E-05 0.246998 0.416101 0.290964
9.99737E-05 9.99737E-05 0.253955 9.99737E-05 0.283982 0.363053 0.0987103
0.254583 0.0207888 0.226183 9.99824E-05 9.99824E-05 0.131004 0.367242
0.152801 0.293312 9.99649E-05 9.99649E-05 9.99649E-05 9.99649E-05 0.553488
0.743179 9.99649E-05 0.0100251 9.99649E-05 9.99649E-05 9.99649E-05 0.246396
9.99824E-05 0.267677 0.20407 0.227457 9.99824E-05 0.131797 0.168799
9.9974E-05 0.287947 9.9974E-05 0.0061427 9.9974E-05 0.119763 0.585848
9.99562E-05 0.501379 9.99562E-05 9.99562E-05 0.498121 9.99562E-05 9.99562E-05
0.136935 0.0299458 0.404819 0.297707 9.99823E-05 9.99823E-05 0.130393
0.39535 0.27674 9.99737E-05 9.99737E-05 0.315283 0.012327 9.99737E-05
0.376569 9.99563E-05 9.99563E-05 9.99563E-05 9.99563E-05 0.622931 9.99563E-05
0.277095 0.132684 0.260469 9.99736E-05 9.99736E-05 9.99736E-05 0.329452
9.99647E-05 0.238908 0.174451 0.586241 9.99647E-05 9.99647E-05 9.99647E-05
0.160808 0.219948 0.0463961 0.463535 9.99912E-05 0.0244706 0.0847422
0.102629 9.99646E-05 9.99646E-05 0.702406 9.99646E-05 9.99646E-05 0.194565
9.99651E-05 0.0185577 9.99651E-05 0.565107 9.99651E-05 0.415936 9.99651E-05
0.598815 0.400685 9.99563E-05 9.99563E-05 9.99563E-05 9.99563E-05 9.99563E-05
9.99736E-05 0.208175 0.170739 0.167081 9.99736E-05 0.453705 9.99736E-05
0.130479 0.542681 0.106903 0.203299 9.99824E-05 9.99824E-05 0.0164378
9.99823E-05 0.0105746 0.425846 0.313679 0.204745 9.99823E-05 0.0449549
9.99825E-05 0.142119 0.0956564 0.158562 0.406329 0.197134 9.99825E-05
0.0600027 0.0268183 0.438735 0.408232 0.0142584 0.0518533 9.99912E-05
0.22124 9.99825E-05 0.167781 0.306305 0.253158 0.0513158 9.99825E-05
9.99648E-05 0.233926 0.657537 0.108137 9.99648E-05 9.99648E-05 9.99648E-05
0.167766 0.250287 0.214581 0.367065 9.99737E-05 9.99737E-05 9.99737E-05
9.99825E-05 0.656593 0.0509488 0.0874219 9.99825E-05 0.0523933 0.152443
0.455183 9.997E-05 9.997E-05 0.353158 0.117046 9.997E-05 0.0743133
9.9965E-05 9.9965E-05 9.9965E-05 0.527503 0.464542 9.9965E-05 0.00755535
9.99648E-05 9.99648E-05 0.780127 9.99648E-05 0.0619616 0.157512 9.99648E-05
0.33797 0.257088 9.99735E-05 9.99735E-05 0.167273 0.23737 9.99735E-05
9.99824E-05 0.138477 0.0705616 0.608397 0.0751416 0.107222 9.99824E-05
9.99737E-05 9.99737E-05 0.537212 0.409887 0.0451253 9.99737E-05 0.00747504
9.99563E-05 0.284823 0.714677 9.99563E-05 9.99563E-05 9.99563E-05 9.99563E-05
9.99648E-05 9.99648E-05 0.708116 0.215894 0.0755906 9.99648E-05 9.99648E-05
0.374618 0.343774 0.119223 9.99824E-05 0.0648516 9.99824E-05 0.0973333
9.99648E-05 0.451751 9.99648E-05 0.439632 9.99648E-05 9.99648E-05 0.108218
0.0362523 0.554577 9.99736E-05 0.359951 9.99736E-05 9.99736E-05 0.0489196
