9.9982E-05 0.113876 0.656459 0.00629103 0.223173 9.9982E-05
9.9964E-05 0.0708332 0.928767 9.9964E-05 9.9964E-05 9.9964E-05
9.9973E-05 0.0498 0.430469 9.9973E-05 0.519431 9.9973E-05
0.280366 9.9991E-05 0.531091 0.0325567 0.151239 0.00464715
9.9973E-05 9.9973E-05 9.9973E-05 0.704002 0.0867072 0.208991
0.848908 0.0393755 0.031004 9.9991E-05 0.0196723 0.0609402
0.0758984 0.0329305 9.9982E-05 9.9982E-05 0.280244 0.610727
9.99731E-05 0.00758096 0.961638 9.99731E-05 9.99731E-05 0.0304812
0.446133 0.553467 9.99641E-05 9.99641E-05 9.99641E-05 9.99641E-05
9.9964E-05 9.9964E-05 9.9964E-05 0.250083 9.9964E-05 0.749517
9.996E-05 9.996E-05 9.996E-05 9.996E-05 9.996E-05 0.9995
0.0650267 9.9964E-05 0.934573 9.9964E-05 9.9964E-05 9.9964E-05
0.11723 0.0411187 9.9991E-05 0.626202 0.187732 0.0276175
0.0583089 9.9991E-05 0.018888 0.0722564 0.691764 0.158683
9.996E-05 9.996E-05 9.996E-05 0.9995 9.996E-05 9.996E-05
9.99641E-05 0.845449 9.99641E-05 9.99641E-05 0.154151 9.99641E-05
0.155835 9.9982E-05 0.781953 9.9982E-05 0.0333028 0.0287083
0.232427 0.355868 9.9973E-05 9.9973E-05 9.9973E-05 0.411406
0.98206 9.9964E-05 0.01754 9.9964E-05 9.9964E-05 9.9964E-05
9.99641E-05 0.956018 9.99641E-05 0.0435819 9.99641E-05 9.99641E-05
9.99641E-05 0.897073 0.102527 9.99641E-05 9.99641E-05 9.99641E-05
0.425764 0.433317 0.0168241 9.998E-05 9.998E-05 0.123895
9.9982E-05 0.768698 9.9982E-05 0.145232 0.0735163 0.0123534
0.0508111 0.189755 0.542319 9.9991E-05 0.0884764 0.128539
0.0670931 9.9964E-05 9.9964E-05 9.9964E-05 0.932507 9.9964E-05
9.9964E-05 0.216738 9.9964E-05 0.782862 9.9964E-05 9.9964E-05
0.0642442 9.99731E-05 0.549688 9.99731E-05 0.385768 9.99731E-05
0.59147 9.99731E-05 9.99731E-05 0.32422 0.0840094 9.99731E-05
9.996E-05 9.996E-05 0.9995 9.996E-05 9.996E-05 9.996E-05
0.717271 9.99731E-05 0.279944 0.00248457 9.99731E-05 9.99731E-05
9.99641E-05 9.99641E-05 9.99641E-05 9.99641E-05 0.666015 0.333585
9.996E-05 9.996E-05 9.996E-05 9.996E-05 0.9995 9.996E-05
9.9973E-05 9.9973E-05 9.9973E-05 0.103437 0.089648 0.806615
0.861859 0.044152 9.9973E-05 9.9973E-05 0.0936895 9.9973E-05
0.137745 9.9973E-05 0.806756 9.9973E-05 0.0551984 9.9973E-05
0.0203186 0.979282 9.99641E-05 9.99641E-05 9.99641E-05 9.99641E-05
0.804736 0.183238 0.0117264 9.99731E-05 9.99731E-05 9.99731E-05
0.908212 0.0312379 9.9973E-05 9.9973E-05 9.9973E-05 0.0602499
0.0655026 9.99731E-05 0.11977 9.99731E-05 9.99731E-05 0.814427
0.870481 9.99821E-05 0.0572385 0.0212079 9.99821E-05 0.0508731
0.786813 9.99641E-05 0.212787 9.99641E-05 9.99641E-05 9.99641E-05
0.212518 9.9964E-05 0.787082 9.9964E-05 9.9964E-05 9.9964E-05
9.99641E-05 0.760008 9.99641E-05 0.239592 9.99641E-05 9.99641E-05
9.996E-05 9.996E-05 9.996E-05 9.996E-05 0.9995 9.996E-05
9.996E-05 9.996E-05 9.996E-05 0.9995 9.996E-05 9.996E-05
9.99641E-05 0.00206841 0.997532 9.99641E-05 9.99641E-05 9.99641E-05
0.211966 0.787634 9.9964E-05 9.9964E-05 9.9964E-05 9.9964E-05
0.837001 0.122977 9.99731E-05 0.0397224 9.99731E-05 9.99731E-05
9.99731E-05 0.247472 0.114553 0.637675 9.99731E-05 9.99731E-05
0.183939 0.790461 9.99731E-05 9.99731E-05 9.99731E-05 0.0253001
