9.9973E-05 0.293652 9.9973E-05 0.594102 0.111946 9.9973E-05
9.99641E-05 9.99641E-05 9.99641E-05 0.949122 0.0504779 9.99641E-05
9.9982E-05 0.618812 0.0283075 0.268239 0.0844414 9.9982E-05
9.99731E-05 0.210656 0.336087 0.452957 9.99731E-05 9.99731E-05
0.0702316 0.160887 9.9973E-05 9.9973E-05 9.9973E-05 0.768582
9.9982E-05 0.0806001 0.839844 0.0620648 9.9982E-05 0.017291
0.407645 0.437422 0.0111991 9.9982E-05 0.143533 9.9982E-05
0.0229346 0.0413679 9.99731E-05 0.935398 9.99731E-05 9.99731E-05
9.99641E-05 9.99641E-05 0.519804 9.99641E-05 0.479796 9.99641E-05
0.850697 9.9964E-05 9.9964E-05 9.9964E-05 9.9964E-05 0.148903
0.9995 9.996E-05 9.996E-05 9.996E-05 9.996E-05 9.996E-05
9.9964E-05 9.9964E-05 0.0650911 0.934509 9.9964E-05 9.9964E-05
0.194187 0.112849 0.0854199 0.035433 0.10328 0.468831
9.99731E-05 0.943544 0.0430866 9.99731E-05 0.01307 9.99731E-05
9.996E-05 9.996E-05 9.996E-05 9.996E-05 9.996E-05 0.9995
9.99641E-05 0.0206014 9.99641E-05 9.99641E-05 0.978999 9.99641E-05
9.9973E-05 0.0631817 0.140809 0.795709 9.9973E-05 9.9973E-05
0.470113 9.9973E-05 0.181708 9.9973E-05 0.347879 9.9973E-05
9.9964E-05 9.9964E-05 0.936346 0.0632545 9.9964E-05 9.9964E-05
9.996E-05 9.996E-05 9.996E-05 9.996E-05 0.9995 9.996E-05
9.9973E-05 9.9973E-05 0.162429 9.9973E-05 0.649945 0.187326
9.99731E-05 9.99731E-05 0.292535 0.146332 0.560832 9.99731E-05
0.0660593 9.9973E-05 9.9973E-05 9.9973E-05 0.717044 0.216596
0.0439506 0.249948 0.160481 0.338964 0.206557 9.9991E-05
9.99731E-05 0.936758 0.0424998 9.99731E-05 9.99731E-05 0.0204422
9.9973E-05 0.00803653 9.9973E-05 9.9973E-05 0.0968494 0.894814
9.99731E-05 0.401854 0.154891 0.442955 9.99731E-05 9.99731E-05
0.0178981 0.158812 0.622944 9.9991E-05 0.0356779 0.164568
9.99642E-05 9.99642E-05 9.99642E-05 0.902499 0.0971015 9.99642E-05
9.99642E-05 9.99642E-05 0.625758 0.373842 9.99642E-05 9.99642E-05
0.306366 0.693234 9.99641E-05 9.99641E-05 9.99641E-05 9.99641E-05
9.996E-05 0.9995 9.996E-05 9.996E-05 9.996E-05 9.996E-05
0.656391 0.191632 9.9973E-05 9.9973E-05 9.9973E-05 0.151676
9.99641E-05 0.100695 0.898905 9.99641E-05 9.99641E-05 9.99641E-05
9.997E-05 0.130136 0.12531 0.744254 9.997E-05 9.997E-05
9.99641E-05 9.99641E-05 9.99641E-05 0.00392543 0.995675 9.99641E-05
9.9964E-05 9.9964E-05 0.835053 9.9964E-05 0.164547 9.9964E-05
0.0718149 9.9973E-05 0.90786 9.9973E-05 0.0200256 9.9973E-05
0.819844 9.99731E-05 0.0072631 0.172593 9.99731E-05 9.99731E-05
0.0488154 9.99731E-05 0.857771 0.0931136 9.99731E-05 9.99731E-05
9.9964E-05 9.9964E-05 0.77168 0.22792 9.9964E-05 9.9964E-05
9.99641E-05 9.99641E-05 0.142105 0.857495 9.99641E-05 9.99641E-05
9.99641E-05 9.99641E-05 9.99641E-05 9.99641E-05 0.567679 0.431921
0.00642444 0.993176 9.9964E-05 9.9964E-05 9.9964E-05 9.9964E-05
9.996E-05 9.996E-05 9.996E-05 9.996E-05 9.996E-05 0.9995
0.00915776 9.99731E-05 9.99731E-05 0.95021 0.0403327 9.99731E-05
9.9964E-05 9.9964E-05 0.138678 9.9964E-05 0.860923 9.9964E-05
9.99641E-05 9.99641E-05 0.873044 9.99641E-05 0.126557 9.99641E-05
9.99731E-05 9.99731E-05 9.99731E-05 0.0971641 0.0260837 0.876452
0.115513 9.99731E-05 0.303988 9.99731E-05 0.580199 9.99731E-05
