9.99551E-05 9.99551E-05 0.106283 0.893218 9.99551E-05 9.99551E-05 9.99551E-05
9.9955E-05 9.9955E-05 9.9955E-05 0.668783 9.9955E-05 9.9955E-05 0.330717
9.9973E-05 0.0493047 0.646448 0.2196 9.9973E-05 9.9973E-05 0.0843477
9.99642E-05 9.99642E-05 9.99642E-05 9.99642E-05 0.14343 0.10246 0.75371
0.564961 9.9964E-05 0.0192979 9.9964E-05 0.415341 9.9964E-05 9.9964E-05
9.9964E-05 9.9964E-05 0.0395699 0.166045 9.9964E-05 0.793985 9.9964E-05
9.9982E-05 0.0564014 0.050138 0.0616455 0.774997 0.0566178 9.9982E-05
9.99731E-05 0.0760023 0.0757633 0.0631978 9.99731E-05 9.99731E-05 0.784737
9.99551E-05 0.537831 9.99551E-05 9.99551E-05 9.99551E-05 0.461669 9.99551E-05
0.0923697 9.9955E-05 9.9955E-05 9.9955E-05 0.907131 9.9955E-05 9.9955E-05
9.995E-05 9.995E-05 9.995E-05 9.995E-05 0.9994 9.995E-05 9.995E-05
9.9964E-05 9.9964E-05 9.9964E-05 0.179918 9.9964E-05 0.0150245 0.804657
0.339854 0.107823 0.0417211 0.0589824 0.41384 0.0376802 9.9991E-05
9.99731E-05 9.99731E-05 0.299059 0.0716623 0.581581 9.99731E-05 0.0473971
0.813806 9.99551E-05 9.99551E-05 9.99551E-05 0.185694 9.99551E-05 9.99551E-05
9.99551E-05 0.957215 0.0422849 9.99551E-05 9.99551E-05 9.99551E-05 9.99551E-05
9.99641E-05 9.99641E-05 0.041596 0.019668 9.99641E-05 9.99641E-05 0.938336
9.9964E-05 0.373492 9.9964E-05 9.9964E-05 0.380122 0.245986 9.9964E-05
9.99551E-05 9.99551E-05 9.99551E-05 9.99551E-05 9.99551E-05 0.975828 0.0236725
0.254477 0.745024 9.99551E-05 9.99551E-05 9.99551E-05 9.99551E-05 9.99551E-05
0.218402 0.601189 9.9973E-05 9.9973E-05 9.9973E-05 0.126979 0.0531297
9.99641E-05 0.491509 9.99641E-05 9.99641E-05 9.99641E-05 0.216002 0.292089
0.114808 0.764473 9.9964E-05 9.9964E-05 0.120319 9.9964E-05 9.9964E-05
0.194889 0.0905036 0.122425 9.9982E-05 0.0139388 9.9982E-05 0.578044
0.0353765 9.996E-05 0.929615 9.996E-05 9.996E-05 0.0346087 9.996E-05
0.927404 0.017207 0.0549892 9.9964E-05 9.9964E-05 9.9964E-05 9.9964E-05
9.99552E-05 9.99552E-05 0.317346 9.99552E-05 9.99552E-05 9.99552E-05 0.682155
0.234686 9.99821E-05 0.01406 9.99821E-05 0.131303 0.6182 0.00155135
9.995E-05 9.995E-05 9.995E-05 0.9994 9.995E-05 9.995E-05 9.995E-05
9.99642E-05 0.0195133 9.99642E-05 9.99642E-05 9.99642E-05 0.603999 0.376088
9.99551E-05 9.99551E-05 0.533934 9.99551E-05 0.465566 9.99551E-05 9.99551E-05
9.995E-05 9.995E-05 0.9994 9.995E-05 9.995E-05 9.995E-05 9.995E-05
0.0478052 9.9964E-05 0.00291871 9.9964E-05 0.948876 9.9964E-05 9.9964E-05
9.9973E-05 0.083349 0.0861866 9.9973E-05 9.9973E-05 0.791859 0.0383053
9.99551E-05 9.99551E-05 0.0316553 9.99551E-05 9.99551E-05 9.99551E-05 0.967845
9.9955E-05 0.99557 9.9955E-05 0.00393036 9.9955E-05 9.9955E-05 9.9955E-05
9.99551E-05 0.162159 9.99551E-05 9.99551E-05 9.99551E-05 0.837341 9.99551E-05
0.00284527 9.9973E-05 9.9973E-05 0.0347253 0.0545665 0.907563 9.9973E-05
0.086493 9.9982E-05 0.0734486 0.174444 0.481692 0.183722 9.9982E-05
0.00366543 9.99641E-05 9.99641E-05 9.99641E-05 9.99641E-05 0.649505 0.346429
9.9955E-05 9.9955E-05 9.9955E-05 9.9955E-05 9.9955E-05 0.724965 0.274535
9.99551E-05 9.99551E-05 9.99551E-05 9.99551E-05 9.99551E-05 0.0218641 0.977636
0.645161 0.35434 9.99551E-05 9.99551E-05 9.99551E-05 9.99551E-05 9.99551E-05
9.99551E-05 9.99551E-05 0.971498 9.99551E-05 0.0280019 9.99551E-05 9.99551E-05
0.938488 9.99551E-05 9.99551E-05 9.99551E-05 0.0610121 9.99551E-05 9.99551E-05
9.9964E-05 0.0756957 9.9964E-05 0.103775 9.9964E-05 9.9964E-05 0.820129
0.0127276 0.726792 9.9973E-05 0.0142933 9.9973E-05 0.245887 9.9973E-05
9.99551E-05 0.200415 9.99551E-05 9.99551E-05 9.99551E-05 0.799086 9.99551E-05
0.905429 9.9982E-05 0.00589268 0.0580732 9.9982E-05 0.0206799 0.00972492
9.9973E-05 0.648617 9.9973E-05 9.9973E-05 0.115048 0.135734 0.100302
