9.99731E-05 0.686041 9.99731E-05 0.0182793 9.99731E-05 0.0745157 0.220864
9.99641E-05 0.866792 0.0703656 9.99641E-05 9.99641E-05 0.0624422 9.99641E-05
9.9964E-05 0.378333 9.9964E-05 9.9964E-05 9.9964E-05 0.00407494 0.617192
9.995E-05 9.995E-05 0.9994 9.995E-05 9.995E-05 9.995E-05 9.995E-05
9.9973E-05 9.9973E-05 0.0414092 0.66367 0.224157 9.9973E-05 0.070464
0.876265 0.00136049 9.9982E-05 0.00222673 9.9982E-05 0.0358474 0.0841
9.9973E-05 9.9973E-05 0.162427 9.9973E-05 0.702586 0.0115118 0.123175
9.99641E-05 0.891598 0.0550107 9.99641E-05 0.0529919 9.99641E-05 9.99641E-05
0.576184 9.99551E-05 9.99551E-05 9.99551E-05 9.99551E-05 0.423316 9.99551E-05
9.99551E-05 9.99551E-05 9.99551E-05 0.205229 0.794271 9.99551E-05 9.99551E-05
9.995E-05 9.995E-05 9.995E-05 9.995E-05 0.9994 9.995E-05 9.995E-05
0.109276 0.884394 0.00592959 9.9964E-05 9.9964E-05 9.9964E-05 9.9964E-05
0.0262821 0.0398183 9.9991E-05 0.706269 0.000925398 0.0164918 0.210114
9.99731E-05 9.99731E-05 0.24036 0.000104127 0.1558 9.99731E-05 0.603436
9.99551E-05 9.99551E-05 9.99551E-05 0.974064 0.0254363 9.99551E-05 9.99551E-05
9.99551E-05 9.99551E-05 9.99551E-05 9.99551E-05 9.99551E-05 0.928956 0.0705439
0.0988333 0.74728 0.153487 9.996E-05 9.996E-05 9.996E-05 9.996E-05
0.143013 9.9964E-05 9.9964E-05 9.9964E-05 0.420173 0.436414 9.9964E-05
0.943971 0.0555289 9.99551E-05 9.99551E-05 9.99551E-05 9.99551E-05 9.99551E-05
9.99641E-05 9.99641E-05 0.0234381 0.0642074 9.99641E-05 0.911955 9.99641E-05
0.0177424 9.9973E-05 0.107578 0.248994 9.9973E-05 0.625385 9.9973E-05
0.348344 0.119297 0.0186562 9.99731E-05 9.99731E-05 0.513403 9.99731E-05
9.9964E-05 9.9964E-05 9.9964E-05 0.243114 9.9964E-05 0.735979 0.0205068
9.9964E-05 9.9964E-05 0.787864 9.9964E-05 0.0952949 0.116441 9.9964E-05
0.00252226 9.9973E-05 0.0155285 9.9973E-05 9.9973E-05 0.0279738 0.953676
9.9964E-05 9.9964E-05 9.9964E-05 0.831693 9.9964E-05 0.164663 0.00324433
9.995E-05 9.995E-05 0.950013 9.995E-05 9.995E-05 9.995E-05 0.0494876
0.444251 9.9982E-05 0.163014 0.302959 9.9982E-05 0.0450239 0.0445526
9.99553E-05 0.992779 9.99553E-05 9.99553E-05 9.99553E-05 0.0067214 9.99553E-05
0.601391 0.279286 0.118923 9.99641E-05 9.99641E-05 9.99641E-05 9.99641E-05
9.99551E-05 9.99551E-05 9.99551E-05 9.99551E-05 0.239646 9.99551E-05 0.759854
9.995E-05 9.995E-05 9.995E-05 9.995E-05 9.995E-05 9.995E-05 0.9994
9.9964E-05 9.9964E-05 0.00535289 0.144474 0.849773 9.9964E-05 9.9964E-05
0.891521 9.99641E-05 9.99641E-05 9.99641E-05 0.0106935 9.99641E-05 0.0973854
0.0342899 0.224736 0.740575 9.9964E-05 9.9964E-05 9.9964E-05 9.9964E-05
9.9964E-05 0.022639 9.9964E-05 9.9964E-05 9.9964E-05 0.976227 0.000734043
0.807155 9.99551E-05 9.99551E-05 9.99551E-05 9.99551E-05 0.192345 9.99551E-05
0.816822 9.9973E-05 0.0448908 9.9973E-05 0.106809 9.9973E-05 0.0311774
0.0463973 0.0423274 9.99641E-05 9.99641E-05 0.910875 9.99641E-05 9.99641E-05
0.802989 9.99641E-05 0.150522 0.0460892 9.99641E-05 9.99641E-05 9.99641E-05
0.808853 0.190647 9.9955E-05 9.9955E-05 9.9955E-05 9.9955E-05 9.9955E-05
0.178541 0.820959 9.9955E-05 9.9955E-05 9.9955E-05 9.9955E-05 9.9955E-05
9.99551E-05 9.99551E-05 9.99551E-05 0.334832 9.99551E-05 0.664668 9.99551E-05
9.9955E-05 9.9955E-05 9.9955E-05 9.9955E-05 9.9955E-05 0.00889383 0.990606
9.995E-05 9.995E-05 9.995E-05 0.9994 9.995E-05 9.995E-05 9.995E-05
9.99551E-05 0.85449 0.14501 9.99551E-05 9.99551E-05 9.99551E-05 9.99551E-05
0.121837 9.99551E-05 9.99551E-05 9.99551E-05 9.99551E-05 0.877663 9.99551E-05
0.796401 9.99551E-05 9.99551E-05 9.99551E-05 9.99551E-05 0.203099 9.99551E-05
9.99731E-05 0.0618648 0.0132658 0.902227 9.99731E-05 0.0223426 9.99731E-05
0.206406 9.99731E-05 0.0158017 9.99731E-05 0.0641445 0.713348 9.99731E-05
