0.774628 9.9982E-05 0.136596 9.9982E-05 0.0885757
0.946198 9.9982E-05 9.9982E-05 0.0137094 0.0398923
0.530607 9.9973E-05 0.469093 9.9973E-05 9.9973E-05
9.9982E-05 0.0396418 9.9982E-05 0.957638 0.00252053
9.9982E-05 9.9982E-05 0.623243 0.0432808 0.333276
0.101822 0.879071 0.018907 9.9982E-05 9.9982E-05
9.9982E-05 0.0573275 0.880327 0.062146 9.9982E-05
0.989329 9.99731E-05 0.0103714 9.99731E-05 9.99731E-05
9.99731E-05 0.698428 9.99731E-05 9.99731E-05 0.301272
9.997E-05 9.997E-05 0.949967 9.997E-05 0.0497332
9.997E-05 9.997E-05 0.9996 9.997E-05 9.997E-05
0.829199 0.141566 9.9982E-05 0.0290344 9.9982E-05
9.9982E-05 0.104431 0.531269 9.9982E-05 0.3641
9.99731E-05 9.99731E-05 0.660112 0.339588 9.99731E-05
9.99731E-05 9.99731E-05 0.55616 9.99731E-05 0.44354
0.0634188 0.119705 9.9982E-05 9.9982E-05 0.816676
0.52071 0.00894119 9.9982E-05 0.470149 9.9982E-05
9.9982E-05 0.309578 0.32695 9.9982E-05 0.363271
0.0878658 0.911834 9.9973E-05 9.9973E-05 9.9973E-05
9.99731E-05 9.99731E-05 9.99731E-05 0.0629498 0.93675
0.0261833 0.169052 9.999E-05 0.00181624 0.802849
9.999E-05 0.534228 0.0321148 0.117676 0.315881
9.998E-05 0.0818964 0.113549 9.998E-05 0.804355
9.9982E-05 9.9982E-05 0.0139 0.797997 0.187903
9.9973E-05 9.9973E-05 0.738449 0.261251 9.9973E-05
9.9973E-05 9.9973E-05 0.297059 9.9973E-05 0.702641
9.997E-05 9.997E-05 9.997E-05 0.9996 9.997E-05
9.999E-05 0.60035 0.314175 0.046828 0.0385473
0.9996 9.997E-05 9.997E-05 9.997E-05 9.997E-05
0.119963 0.502269 9.99821E-05 0.377568 9.99821E-05
0.0879434 9.997E-05 0.911757 9.997E-05 9.997E-05
9.997E-05 9.997E-05 0.9996 9.997E-05 9.997E-05
9.997E-05 9.997E-05 0.9996 9.997E-05 9.997E-05
9.997E-05 0.906267 0.0934333 9.997E-05 9.997E-05
9.997E-05 9.997E-05 9.997E-05 0.9996 9.997E-05
0.0424887 0.207278 9.998E-05 9.998E-05 0.750033
9.997E-05 0.894625 9.997E-05 9.997E-05 0.105075
0.0172858 0.880435 0.0643924 0.0377873 9.9991E-05
0.129427 0.127743 0.742629 9.998E-05 9.998E-05
9.99731E-05 0.720935 9.99731E-05 0.278765 9.99731E-05
0.207582 0.692578 9.998E-05 0.0996399 9.998E-05
0.703172 0.212794 9.998E-05 0.0838332 9.998E-05
9.99731E-05 9.99731E-05 9.99731E-05 0.00145735 0.998243
0.0712999 9.9982E-05 0.781325 0.147175 9.9982E-05
9.9973E-05 9.9973E-05 0.325741 9.9973E-05 0.673959
0.810276 0.0205443 9.9991E-05 0.161791 0.0072884
9.9973E-05 0.389856 9.9973E-05 9.9973E-05 0.609844
9.99731E-05 0.933416 9.99731E-05 9.99731E-05 0.0662841
9.998E-05 9.998E-05 0.205637 0.0959478 0.698216
9.9982E-05 0.363217 0.0145793 9.9982E-05 0.622003
