9.9982E-05 0.303945 0.0689069 0.626948 9.9982E-05
9.9973E-05 9.9973E-05 0.0888651 0.910835 9.9973E-05
9.998E-05 0.641895 0.0509956 0.30691 9.998E-05
0.13662 0.0494664 9.9991E-05 0.775291 0.0385226
0.0199887 9.9973E-05 9.9973E-05 9.9973E-05 0.979711
0.921953 0.0777469 9.9973E-05 9.9973E-05 9.9973E-05
0.00129672 0.716269 0.178773 9.999E-05 0.103561
9.99731E-05 0.088617 9.99731E-05 0.911083 9.99731E-05
0.547926 9.99731E-05 0.451774 9.99731E-05 9.99731E-05
9.997E-05 9.997E-05 9.997E-05 9.997E-05 0.9996
9.99731E-05 0.530923 9.99731E-05 9.99731E-05 0.468777
0.0557494 9.9982E-05 0.0322243 0.911826 9.9982E-05
0.105294 0.232944 0.19178 9.999E-05 0.469882
0.0687103 0.837289 9.99821E-05 9.99821E-05 0.0938009
9.99731E-05 9.99731E-05 0.0398092 9.99731E-05 0.959891
9.99731E-05 0.0757859 0.923914 9.99731E-05 9.99731E-05
0.0890615 9.9973E-05 9.9973E-05 0.910639 9.9973E-05
0.293161 0.15885 0.331848 9.9991E-05 0.216042
0.9996 9.997E-05 9.997E-05 9.997E-05 9.997E-05
9.997E-05 9.997E-05 0.9996 9.997E-05 9.997E-05
0.0468198 9.9991E-05 0.844849 0.02974 0.078491
0.387308 9.9982E-05 0.453823 0.158669 9.9982E-05
9.99821E-05 0.0317053 0.832101 9.99821E-05 0.135994
9.9991E-05 0.155406 0.23107 0.572792 0.0406319
0.0607501 0.93895 9.9973E-05 9.9973E-05 9.9973E-05
9.9973E-05 9.9973E-05 0.354546 9.9973E-05 0.645154
9.99731E-05 0.309423 9.99731E-05 0.690277 9.99731E-05
0.653849 0.036149 9.998E-05 9.998E-05 0.309802
9.997E-05 9.997E-05 0.0367889 0.962911 9.997E-05
0.652195 9.99731E-05 9.99731E-05 0.347506 9.99731E-05
9.997E-05 0.9996 9.997E-05 9.997E-05 9.997E-05
9.997E-05 0.9996 9.997E-05 9.997E-05 9.997E-05
9.9973E-05 0.288334 9.9973E-05 9.9973E-05 0.711366
0.868295 0.131405 9.9973E-05 9.9973E-05 9.9973E-05
0.0629558 0.0454199 9.998E-05 0.891424 9.998E-05
0.104783 0.00683737 0.88818 9.998E-05 9.998E-05
0.854375 9.9973E-05 0.145325 9.9973E-05 9.9973E-05
0.923837 0.041106 0.0274925 0.00746467 9.9991E-05
0.0987601 0.598761 9.999E-05 0.122263 0.180116
0.835707 9.99731E-05 9.99731E-05 0.163993 9.99731E-05
0.669158 9.9973E-05 9.9973E-05 0.330542 9.9973E-05
0.0855045 9.997E-05 9.997E-05 0.914196 9.997E-05
9.99731E-05 9.99731E-05 0.885549 9.99731E-05 0.114151
9.997E-05 0.9996 9.997E-05 9.997E-05 9.997E-05
9.997E-05 9.997E-05 0.251439 9.997E-05 0.748261
9.99731E-05 9.99731E-05 0.031889 0.967811 9.99731E-05
0.250093 9.9973E-05 0.749608 9.9973E-05 9.9973E-05
0.883386 9.997E-05 0.116314 9.997E-05 9.997E-05
9.99821E-05 9.99821E-05 0.369584 0.0955036 0.534712
0.273482 9.9982E-05 0.725354 9.9982E-05 0.000964124
