9.9991E-05 0.244455 0.755445
0.0364526 9.9991E-05 0.963447
9.999E-05 0.530723 0.469177
0.0685074 0.104845 0.826647
0.208596 0.791304 9.9991E-05
0.578941 9.9991E-05 0.420959
0.0346957 0.883613 0.0816917
9.999E-05 0.0541556 0.945744
0.9998 9.999E-05 9.999E-05
0.0396173 0.960283 9.9991E-05
9.999E-05 0.9998 9.999E-05
0.00164334 9.9991E-05 0.998257
0.371542 0.628358 9.9991E-05
9.9991E-05 0.769453 0.230447
0.325795 0.674105 9.9991E-05
0.798849 0.201051 9.9991E-05
9.9991E-05 0.029195 0.970705
0.600294 0.399606 9.9991E-05
0.502042 9.9991E-05 0.497858
0.912015 0.0878847 9.9991E-05
0.854122 0.145778 9.9991E-05
0.755108 9.9991E-05 0.244792
0.730524 0.269376 9.9991E-05
0.185777 0.264029 0.550193
9.9991E-05 0.786272 0.213628
0.477434 0.522466 9.9991E-05
9.9991E-05 0.211311 0.788589
0.498441 0.231341 0.270218
9.999E-05 9.999E-05 0.9998
0.373014 9.9991E-05 0.626886
9.9991E-05 0.941283 0.0586171
9.999E-05 0.9998 9.999E-05
9.999E-05 0.9998 9.999E-05
0.653061 9.9991E-05 0.346839
9.9991E-05 0.0354166 0.964483
0.9284 0.0714998 9.9991E-05
0.751168 9.9991E-05 0.248732
0.624088 9.9991E-05 0.375812
0.0786494 0.769559 0.151792
0.555739 9.9991E-05 0.444161
0.271559 9.9991E-05 0.728341
9.999E-05 9.999E-05 0.9998
0.872999 0.126901 9.9991E-05
9.9991E-05 0.860523 0.139377
0.369223 0.630677 9.9991E-05
9.9991E-05 0.00501907 0.994881
0.9998 9.999E-05 9.999E-05
0.845297 9.9991E-05 0.154603
0.516058 0.483842 9.9991E-05
0.859832 0.140068 9.9991E-05
