0.258933 0.740967 9.9991E-05
9.999E-05 0.9998 9.999E-05
0.49263 0.50727 9.9991E-05
0.20683 0.781307 0.0118632
0.909958 9.9991E-05 0.0899425
9.999E-05 0.414482 0.585418
0.810523 0.105504 0.0839732
0.0375741 0.962326 9.9991E-05
9.9991E-05 0.0379086 0.961991
0.984096 9.9991E-05 0.0158036
0.9998 9.999E-05 9.999E-05
9.999E-05 0.9998 9.999E-05
0.638263 9.9991E-05 0.361637
0.78643 0.21347 9.9991E-05
0.698928 9.9991E-05 0.300972
0.221994 9.9991E-05 0.777906
0.00225192 0.997648 9.9991E-05
0.329447 9.9991E-05 0.670453
9.9991E-05 0.511668 0.488232
0.101825 9.9991E-05 0.898075
0.140306 9.9991E-05 0.859594
9.9991E-05 0.265896 0.734004
0.305513 9.9991E-05 0.694387
0.253164 0.631346 0.11549
0.799238 0.200662 9.9991E-05
0.595514 9.9991E-05 0.404386
0.243213 0.756687 9.9991E-05
0.23134 0.22383 0.54483
0.00427984 0.99562 9.99911E-05
9.9991E-05 0.625777 0.374123
0.9441 0.0557996 9.9991E-05
0.9998 9.999E-05 9.999E-05
0.9998 9.999E-05 9.999E-05
9.9991E-05 0.394511 0.605389
0.0107511 0.989149 9.9991E-05
0.153635 9.9991E-05 0.846265
9.9991E-05 0.265084 0.734816
9.9991E-05 0.386595 0.613305
0.734109 0.205482 0.0604093
9.9991E-05 0.487866 0.512034
9.9991E-05 0.703686 0.296214
9.999E-05 0.9998 9.999E-05
0.152105 9.9991E-05 0.847795
0.861473 0.138427 9.9991E-05
0.703361 9.9991E-05 0.296539
9.999E-05 0.9998 9.999E-05
9.999E-05 9.999E-05 0.9998
9.9991E-05 0.0880475 0.911853
0.540808 9.9991E-05 0.459092
0.152577 9.9991E-05 0.847323
