9.99912E-05 0.846311 0.153589
9.999E-05 0.399827 0.600073
0.540046 0.0283385 0.431615
0.0103702 0.732177 0.257453
0.35678 9.99912E-05 0.64312
9.999E-05 0.9998 9.999E-05
0.772827 0.227073 9.99912E-05
0.493888 0.506012 9.99912E-05
0.442973 0.347864 0.209162
9.999E-05 0.9998 9.999E-05
9.99913E-05 0.347774 0.652126
0.9998 9.999E-05 9.999E-05
0.9998 9.999E-05 9.999E-05
0.189117 0.164908 0.645975
0.833622 9.99912E-05 0.166278
0.47945 9.99912E-05 0.52045
9.99912E-05 0.0466571 0.953243
0.776305 9.99913E-05 0.223595
0.468378 0.163272 0.36835
9.99912E-05 0.717528 0.282372
9.99912E-05 0.820726 0.179174
9.99912E-05 0.78846 0.21144
0.133024 0.397993 0.468983
9.999E-05 0.9998 9.999E-05
9.99913E-05 0.582644 0.417256
0.704732 9.99914E-05 0.295168
0.181119 0.818781 9.99912E-05
9.999E-05 9.999E-05 0.9998
9.999E-05 0.9998 9.999E-05
9.99912E-05 0.917996 0.0819036
9.999E-05 0.9998 9.999E-05
0.834823 0.165077 9.99913E-05
0.0799952 0.209026 0.710979
0.1169 9.99913E-05 0.883
0.238076 0.532763 0.229161
9.99913E-05 0.878789 0.121111
9.99911E-05 0.406568 0.593332
9.999E-05 9.999E-05 0.9998
0.377414 0.497792 0.124794
0.237982 0.761918 9.99912E-05
0.86597 0.13393 9.99912E-05
0.175458 0.824442 9.99912E-05
0.0906826 0.69843 0.210888
9.99912E-05 0.691898 0.308002
0.157107 9.99914E-05 0.842793
0.0788776 0.57149 0.349633
0.217117 0.397059 0.385824
9.99913E-05 0.456095 0.543805
0.307828 0.692072 9.99913E-05
0.281558 0.718342 9.99912E-05
0.529437 9.99912E-05 0.470463
9.99912E-05 0.207816 0.792084
0.9998 9.999E-05 9.999E-05
9.99912E-05 0.451868 0.548032
0.36112 0.216187 0.422693
0.15714 0.152318 0.690543
9.999E-05 9.999E-05 0.9998
9.99912E-05 0.10506 0.89484
0.013856 0.67118 0.314964
9.999E-05 9.999E-05 0.9998
9.999E-05 0.9998 9.999E-05
0.127324 0.583339 0.289337
0.274407 0.725493 9.99912E-05
9.999E-05 0.9998 9.999E-05
0.440051 9.99912E-05 0.559849
0.532909 9.99912E-05 0.466991
9.99913E-05 0.00441359 0.995486
9.999E-05 9.999E-05 0.9998
0.722693 9.99913E-05 0.277207
0.9998 9.999E-05 9.999E-05
0.0400859 0.196177 0.763737
9.99913E-05 0.782078 0.217822
0.303781 0.0894008 0.606818
0.416371 9.99913E-05 0.583529
0.983411 0.0164886 9.99912E-05
0.833609 0.166291 9.99913E-05
0.163812 9.99913E-05 0.836088
0.0933455 9.99912E-05 0.906554
9.999E-05 0.9998 9.999E-05
0.429555 9.99912E-05 0.570345
0.9998 9.999E-05 9.999E-05
0.390561 9.99913E-05 0.609339
0.226436 0.690876 0.0826884
9.99912E-05 0.677667 0.322233
9.99912E-05 0.436887 0.563013
0.824641 9.99914E-05 0.175259
0.39147 0.60843 9.99913E-05
0.254516 0.393713 0.351771
9.99913E-05 0.426279 0.573621
0.361931 0.25309 0.384979
0.88657 9.99913E-05 0.11333
9.999E-05 9.999E-05 0.9998
0.659372 0.0515371 0.289091
0.272306 9.99913E-05 0.727594
0.40862 0.111739 0.47964
9.999E-05 9.999E-05 0.9998
9.99912E-05 0.648854 0.351046
0.0121417 9.99912E-05 0.987758
9.999E-05 9.999E-05 0.9998
0.9998 9.999E-05 9.999E-05
0.310801 0.689099 9.99914E-05
9.99912E-05 0.0602331 0.939667
0.153407 0.434251 0.412343
9.99913E-05 0.593798 0.406102
0.0874617 0.912438 9.99912E-05
0.521239 0.478661 9.99912E-05
0.765143 0.234757 9.99912E-05
0.734208 9.99912E-05 0.265692
0.9998 9.999E-05 9.999E-05
0.037105 0.849081 0.113814
9.99913E-05 0.0439357 0.955964
9.999E-05 0.9998 9.999E-05
9.99912E-05 0.0594041 0.940496
9.999E-05 0.9998 9.999E-05
0.9998 9.999E-05 9.999E-05
0.350453 9.99913E-05 0.649447
0.00752214 0.875137 0.117341
0.9998 9.999E-05 9.999E-05
9.999E-05 9.999E-05 0.9998
9.99912E-05 0.30214 0.69776
9.999E-05 9.999E-05 0.9998
0.130791 0.339346 0.529864
0.214131 0.613216 0.172652
9.999E-05 9.999E-05 0.9998
0.165515 0.834385 9.99912E-05
9.999E-05 9.999E-05 0.9998
0.466159 0.322962 0.210879
9.99912E-05 0.635848 0.364052
0.126686 0.477931 0.395383
0.0550481 0.297283 0.647669
0.557601 0.287321 0.155077
0.48973 0.197414 0.312856
0.499425 0.0917933 0.408781
9.99913E-05 0.577125 0.422775
9.999E-05 9.999E-05 0.9998
0.527009 9.99913E-05 0.472891
0.471976 9.99912E-05 0.527924
0.634491 9.99911E-05 0.365409
0.476025 0.3176 0.206376
0.140587 0.246616 0.612797
9.99912E-05 0.60003 0.39987
0.881541 0.0631489 0.0553102
0.305534 0.0560515 0.638415
9.99912E-05 0.268927 0.730973
0.344244 0.655656 9.99912E-05
0.0257732 9.99912E-05 0.974127
0.430456 0.302401 0.267144
9.99914E-05 0.962934 0.0369662
9.999E-05 0.9998 9.999E-05
0.31365 0.305494 0.380856
0.159851 0.840049 9.99913E-05
0.644707 0.355193 9.99912E-05
9.99913E-05 0.162269 0.837631
0.375728 0.520164 0.104109
9.999E-05 9.999E-05 0.9998
9.99912E-05 0.786886 0.213014
0.528398 0.471502 9.99912E-05
0.888659 0.111241 9.99912E-05
0.65692 9.99912E-05 0.34298
0.964471 9.99913E-05 0.0354292
0.91099 0.0889099 9.99912E-05
0.238355 0.322685 0.43896
9.99913E-05 0.251199 0.748701
0.640949 9.99913E-05 0.358951
0.0754986 0.924401 9.99912E-05
0.848555 9.99912E-05 0.151345
0.452318 0.531606 0.0160757
0.851847 0.148053 9.99912E-05
0.158303 0.539514 0.302184
0.0706472 0.929253 9.99912E-05
9.99913E-05 0.40894 0.59096
9.999E-05 9.999E-05 0.9998
9.999E-05 0.9998 9.999E-05
9.99913E-05 0.134126 0.865774
0.0709617 0.477018 0.45202
0.724322 0.275578 9.99913E-05
9.99912E-05 0.559253 0.440647
0.0329203 0.36057 0.606509
9.99912E-05 0.41756 0.58234
0.581291 0.418609 9.99912E-05
9.99912E-05 0.464208 0.535692
9.99913E-05 0.444486 0.555414
0.12483 0.0584415 0.816729
0.0229845 0.459377 0.517638
0.349558 0.0754005 0.575041
9.999E-05 9.999E-05 0.9998
0.311026 9.99912E-05 0.688874
0.374518 0.114967 0.510515
0.497551 0.502349 9.99912E-05
9.99912E-05 0.663128 0.336772
0.405109 0.594791 9.99912E-05
0.491692 0.237222 0.271086
0.427427 0.572473 9.99912E-05
9.999E-05 0.9998 9.999E-05
0.511197 0.488703 9.99912E-05
0.518217 0.481683 9.99913E-05
0.0126375 9.99913E-05 0.987263
0.903099 0.096801 9.99912E-05
0.9998 9.999E-05 9.999E-05
0.297986 0.202558 0.499456
9.99913E-05 0.777946 0.221954
0.758884 0.174169 0.0669476
0.545038 9.99913E-05 0.454862
0.542265 0.457635 9.99912E-05
0.0431806 9.99913E-05 0.956719
0.392599 0.115419 0.491982
0.272827 0.576114 0.151059
9.99913E-05 0.309817 0.690083
0.387638 0.133339 0.479022
0.557264 9.99912E-05 0.442636
0.221425 0.126962 0.651613
0.347214 0.41114 0.241645
0.466827 0.452449 0.0807234
0.234204 9.99913E-05 0.765696
0.728904 0.0167553 0.254341
9.999E-05 0.9998 9.999E-05
0.0955472 0.255684 0.648769
0.860579 0.139321 9.99912E-05
0.503476 9.99912E-05 0.496424
0.349871 0.00430351 0.645825
0.611988 0.387912 9.99912E-05
0.990436 0.00946423 9.99913E-05
0.9998 9.999E-05 9.999E-05
0.334903 0.50654 0.158557
0.256616 0.743284 9.99912E-05
0.350011 0.231091 0.418897
0.499978 0.171346 0.328676
9.99913E-05 0.656928 0.342972
0.63576 0.0420906 0.322149
9.999E-05 9.999E-05 0.9998
9.99912E-05 0.570489 0.429411
0.230441 0.418108 0.351451
9.99913E-05 0.601161 0.398739
0.9998 9.999E-05 9.999E-05
9.999E-05 9.999E-05 0.9998
9.99912E-05 0.952365 0.047535
0.282985 9.99912E-05 0.716915
0.622422 0.185417 0.192161
0.37407 9.99912E-05 0.62583
9.99912E-05 0.856789 0.143111
0.769732 0.230168 9.99912E-05
0.12159 0.87831 9.99912E-05
0.00452395 0.377491 0.617985
0.219511 0.336985 0.443504
0.66451 0.133117 0.202373
9.999E-05 9.999E-05 0.9998
9.99912E-05 0.349449 0.650451
9.99913E-05 0.511549 0.488351
0.7726 9.99913E-05 0.2273
0.627247 0.353057 0.0196957
0.207979 0.0768752 0.715146
0.532186 9.99912E-05 0.467714
9.999E-05 9.999E-05 0.9998
9.999E-05 9.999E-05 0.9998
9.999E-05 9.999E-05 0.9998
9.999E-05 0.9998 9.999E-05
9.999E-05 9.999E-05 0.9998
0.497173 9.99912E-05 0.502727
0.9998 9.999E-05 9.999E-05
0.346671 0.459037 0.194291
0.724896 0.275004 9.99912E-05
