0.380826 0.408358 0.210816
9.999E-05 0.785339 0.214561
0.486723 0.513177 9.99912E-05
0.359498 0.113205 0.527297
9.99913E-05 0.308478 0.691422
9.999E-05 0.858439 0.141461
0.468219 9.99912E-05 0.531681
0.9998 9.999E-05 9.999E-05
9.99912E-05 0.595434 0.404466
0.111668 0.639344 0.248988
0.806132 0.193768 9.99913E-05
9.99912E-05 0.819741 0.180159
0.291948 0.707952 9.99913E-05
0.505899 0.0141968 0.479904
0.265413 0.734487 9.99912E-05
0.440426 0.368058 0.191516
9.99912E-05 0.917807 0.0820926
0.678034 0.275512 0.046454
0.582468 0.417433 9.99912E-05
9.99912E-05 0.952561 0.0473393
0.0139855 0.527184 0.45883
0.609283 9.99913E-05 0.390617
0.540814 0.459086 9.99913E-05
9.99913E-05 0.196495 0.803405
9.999E-05 0.9998 9.999E-05
0.0152039 0.868712 0.116084
9.99912E-05 0.827059 0.172841
0.9998 9.999E-05 9.999E-05
9.999E-05 0.9998 9.999E-05
0.773755 9.99912E-05 0.226145
9.999E-05 0.9998 9.999E-05
9.999E-05 0.9998 9.999E-05
0.59017 0.189928 0.219903
0.82542 0.17448 9.99912E-05
0.916722 9.99913E-05 0.0831783
9.99912E-05 0.522934 0.476966
0.0225665 0.508277 0.469156
9.99912E-05 0.392645 0.607255
0.627353 0.0570486 0.315599
0.604484 0.059174 0.336342
0.268063 0.731837 9.99912E-05
0.717037 0.282863 9.99912E-05
0.261017 0.738883 9.99913E-05
0.141291 0.515366 0.343343
0.224427 0.728842 0.0467309
0.201108 0.140394 0.658498
9.999E-05 0.9998 9.999E-05
9.99912E-05 0.636765 0.363135
0.398828 0.510185 0.0909866
9.999E-05 9.999E-05 0.9998
0.133321 0.765544 0.101135
0.501508 0.498392 9.99913E-05
9.999E-05 0.9998 9.999E-05
9.999E-05 0.9998 9.999E-05
0.216 0.780388 0.0036118
0.797285 0.202615 9.99911E-05
0.497172 0.502728 9.99912E-05
9.99912E-05 0.610023 0.389877
0.194778 0.468473 0.336749
0.64978 9.99912E-05 0.35012
0.597975 0.0535576 0.348467
9.99912E-05 0.40716 0.59274
9.99913E-05 0.495876 0.504024
0.509458 0.490442 9.99912E-05
0.217634 0.0133409 0.769025
0.9998 9.999E-05 9.999E-05
0.851975 0.147925 9.99913E-05
0.850155 9.99912E-05 0.149745
0.174255 0.825645 9.99912E-05
9.999E-05 0.9998 9.999E-05
0.437156 9.99912E-05 0.562744
0.702645 0.297255 9.99912E-05
0.520139 0.377558 0.102304
9.99913E-05 0.278658 0.721242
0.23274 0.76716 9.99912E-05
0.533545 9.99912E-05 0.466355
9.99912E-05 0.407746 0.592154
9.999E-05 0.9998 9.999E-05
0.876791 0.123109 9.99912E-05
9.99912E-05 0.63751 0.36239
9.99911E-05 0.855136 0.144764
9.999E-05 9.999E-05 0.9998
0.40913 0.0133763 0.577493
0.154345 0.819974 0.025681
0.582711 0.417189 9.99912E-05
0.317194 0.276929 0.405877
0.295259 0.370756 0.333986
0.301275 0.613775 0.0849499
0.316752 0.610033 0.0732155
0.526293 9.99912E-05 0.473607
0.00686781 0.993032 9.99912E-05
0.587618 0.412282 9.99912E-05
9.99912E-05 0.528333 0.471567
0.748567 0.251333 9.99913E-05
0.9998 9.999E-05 9.999E-05
0.297095 0.702805 9.99912E-05
0.732157 0.0706266 0.197216
0.2558 0.24339 0.50081
0.0962321 0.429264 0.474504
0.521732 0.469671 0.00859768
0.705203 0.00531213 0.289485
0.19312 0.80678 9.99912E-05
0.982902 0.0169977 9.99913E-05
0.873198 0.12615 0.000651828
0.614274 0.385626 9.99912E-05
9.99912E-05 0.436535 0.563365
9.999E-05 0.9998 9.999E-05
0.569896 9.99912E-05 0.430004
9.99912E-05 0.57076 0.42914
0.0768264 0.761988 0.161185
9.999E-05 0.9998 9.999E-05
0.213664 0.786236 9.99913E-05
0.119638 0.880262 9.99912E-05
0.0569252 0.942975 9.99912E-05
0.279058 9.99913E-05 0.720842
9.99913E-05 0.817877 0.182023
0.351324 0.0801109 0.568565
0.310597 0.624821 0.0645812
0.30715 0.69275 9.99913E-05
9.99912E-05 0.244514 0.755386
0.992616 0.0072837 9.99913E-05
0.990431 9.99912E-05 0.00946864
0.169048 0.79962 0.0313324
0.0363073 0.963593 9.99912E-05
0.350532 0.649368 9.99912E-05
9.999E-05 0.9998 9.999E-05
0.491767 0.136579 0.371654
0.163167 0.610308 0.226525
0.579748 9.99913E-05 0.420152
0.9998 9.999E-05 9.999E-05
0.597518 0.34958 0.0529022
0.234791 0.765109 9.99912E-05
0.384964 9.99912E-05 0.614936
0.202791 0.763951 0.0332581
0.664681 0.335219 9.99911E-05
0.435232 0.564668 9.99913E-05
9.99914E-05 0.989097 0.0108026
0.166342 0.293787 0.53987
0.213115 0.786785 9.99912E-05
9.99912E-05 0.826932 0.172968
0.364377 0.337067 0.298557
0.797087 9.99913E-05 0.202813
9.99912E-05 0.208124 0.791776
0.407593 0.592307 9.99913E-05
0.580951 0.331772 0.0872766
9.99913E-05 0.171256 0.828644
0.42949 0.392523 0.177988
0.466441 0.533459 9.99912E-05
0.58599 9.99913E-05 0.41391
9.999E-05 0.9998 9.999E-05
9.999E-05 0.9998 9.999E-05
0.192734 0.434464 0.372802
0.264718 9.99912E-05 0.735182
0.650599 0.349301 9.99912E-05
9.99913E-05 0.863498 0.136402
0.108909 0.890991 9.99912E-05
0.604523 0.173081 0.222395
0.722768 0.119133 0.158099
0.601464 0.103256 0.29528
0.83716 0.16274 9.99913E-05
0.77092 9.99912E-05 0.22898
9.999E-05 0.9998 9.999E-05
0.445439 0.388337 0.166225
0.454133 0.120606 0.425261
0.0711344 0.928766 9.99912E-05
0.9998 9.999E-05 9.999E-05
9.99912E-05 0.396442 0.603458
0.0822482 9.99912E-05 0.917652
9.999E-05 9.999E-05 0.9998
0.416597 0.104529 0.478874
9.99914E-05 0.527483 0.472417
0.9998 9.999E-05 9.999E-05
9.999E-05 0.9998 9.999E-05
0.59563 9.99913E-05 0.40427
0.70345 0.028 0.26855
0.9998 9.999E-05 9.999E-05
0.0479226 0.754471 0.197606
0.257636 0.201448 0.540916
0.246333 0.710358 0.0433087
9.99912E-05 0.813954 0.185946
9.999E-05 0.9998 9.999E-05
9.99912E-05 0.363401 0.636499
0.151693 0.589524 0.258783
0.633827 9.99912E-05 0.366073
0.655004 9.99913E-05 0.344896
9.999E-05 9.999E-05 0.9998
9.99912E-05 0.896576 0.103324
9.99911E-05 0.701831 0.298069
9.999E-05 0.9998 9.999E-05
0.700912 0.298988 9.99913E-05
0.210165 0.789735 9.99913E-05
0.0486395 0.885372 0.0659884
0.0206444 0.659034 0.320321
0.711254 9.99913E-05 0.288646
0.319427 0.418865 0.261708
0.746996 0.252904 9.99913E-05
0.642067 0.357833 9.99912E-05
0.633435 0.0354838 0.331081
0.443092 0.281927 0.274981
0.451699 0.297029 0.251272
0.822193 9.99912E-05 0.177707
0.565444 0.434456 9.99912E-05
9.99912E-05 0.977506 0.0223936
0.666551 0.323899 0.00954972
0.120833 0.879067 9.99912E-05
0.378017 0.621883 9.99912E-05
0.9998 9.999E-05 9.999E-05
9.99912E-05 0.923323 0.0765772
9.99912E-05 0.619986 0.379914
0.572873 0.337459 0.0896676
0.827477 0.172423 9.99913E-05
9.99913E-05 0.485701 0.514199
0.220264 0.109829 0.669907
0.450228 0.360997 0.188775
0.0928204 0.90708 9.99913E-05
9.999E-05 0.9998 9.999E-05
0.1705 0.596645 0.232855
0.362662 0.637238 9.99912E-05
0.9998 9.999E-05 9.999E-05
0.9998 9.999E-05 9.999E-05
0.9998 9.999E-05 9.999E-05
0.9998 9.999E-05 9.999E-05
9.99912E-05 0.354999 0.644901
9.99913E-05 0.414994 0.584906
9.999E-05 0.9998 9.999E-05
0.6031 0.3968 9.99912E-05
0.739653 0.260247 9.99912E-05
0.220682 0.692429 0.0868892
9.999E-05 0.9998 9.999E-05
0.286312 0.355674 0.358013
0.151768 0.848132 9.99912E-05
0.9998 9.999E-05 9.999E-05
9.99912E-05 0.583416 0.416484
9.99912E-05 0.94793 0.0519698
0.2599 0.74 9.99912E-05
0.199637 0.800263 9.99912E-05
0.58762 0.41228 9.99913E-05
0.657131 0.137618 0.205251
0.477772 9.99912E-05 0.522128
0.371845 9.99913E-05 0.628055
0.633415 0.285193 0.0813916
0.434315 0.124199 0.441486
0.667661 0.30314 0.0291992
0.954822 9.99913E-05 0.0450785
0.81702 0.18288 9.99913E-05
9.99912E-05 0.666792 0.333108
9.99914E-05 0.628372 0.371528
9.99913E-05 0.92781 0.0720902
0.28866 0.0331214 0.678219
0.979322 9.99913E-05 0.0205784
0.234388 0.217315 0.548297
0.159899 9.99912E-05 0.840001
0.622724 0.297923 0.079353
0.76341 0.219179 0.0174107
0.776558 0.223342 9.99912E-05
0.237126 0.762774 9.99912E-05
0.0731588 0.709793 0.217049
0.243382 0.630833 0.125785
9.999E-05 0.9998 9.999E-05
0.671278 0.328622 9.99913E-05
0.713416 9.99912E-05 0.286484
