9.99641E-05 0.564244 0.321518 9.99641E-05 0.0144368 9.99641E-05 0.0994013 9.99641E-05
9.9964E-05 0.878466 9.9964E-05 9.9964E-05 0.00489527 0.00531625 9.9964E-05 0.110923
9.9955E-05 0.359818 0.593911 9.9955E-05 0.0457717 9.9955E-05 9.9955E-05 9.9955E-05
9.995E-05 9.995E-05 9.995E-05 9.995E-05 9.995E-05 0.0331634 0.0227002 0.943637
0.225351 9.9964E-05 0.132682 0.601103 9.9964E-05 9.9964E-05 9.9964E-05 0.040464
0.0587589 9.99551E-05 0.0386672 9.99551E-05 9.99551E-05 0.902074 9.99551E-05 9.99551E-05
0.565264 9.9964E-05 0.22752 9.9964E-05 0.0312242 9.9964E-05 9.9964E-05 0.175592
0.000224811 0.950192 0.0244887 9.99641E-05 0.0246951 9.99641E-05 9.99641E-05 9.99641E-05
9.99461E-05 9.99461E-05 9.99461E-05 9.99461E-05 0.582133 0.417268 9.99461E-05 9.99461E-05
0.901631 9.9946E-05 9.9946E-05 0.0977692 9.9946E-05 9.9946E-05 9.9946E-05 9.9946E-05
0.9993 9.994E-05 9.994E-05 9.994E-05 9.994E-05 9.994E-05 9.994E-05 9.994E-05
9.9955E-05 0.870916 9.9955E-05 9.9955E-05 9.9955E-05 0.110609 9.9955E-05 0.0179747
0.115959 9.9973E-05 0.174097 0.540865 0.0625857 9.9973E-05 0.106194 9.9973E-05
0.0860788 9.99551E-05 0.545071 9.99551E-05 9.99551E-05 9.99551E-05 0.368351 9.99551E-05
0.160841 9.99551E-05 9.99551E-05 0.81554 9.99551E-05 0.0231195 9.99551E-05 9.99551E-05
9.99461E-05 9.99461E-05 0.0620973 9.99461E-05 0.937303 9.99461E-05 9.99461E-05 9.99461E-05
9.9964E-05 0.678976 9.9964E-05 9.9964E-05 9.9964E-05 0.0161658 0.00718359 0.297275
0.400206 9.9955E-05 9.9955E-05 9.9955E-05 0.422702 0.176592 9.9955E-05 9.9955E-05
9.99551E-05 0.0193851 9.99551E-05 9.99551E-05 9.99551E-05 0.965359 9.99551E-05 0.0147563
9.99462E-05 9.99462E-05 9.99462E-05 0.129385 0.870015 9.99462E-05 9.99462E-05 9.99462E-05
9.99551E-05 9.99551E-05 9.99551E-05 9.99551E-05 0.818692 9.99551E-05 0.118182 0.0626263
9.99641E-05 0.140813 9.99641E-05 9.99641E-05 0.513873 0.264709 0.0802051 9.99641E-05
9.99461E-05 9.99461E-05 9.99461E-05 0.331468 0.667933 9.99461E-05 9.99461E-05 9.99461E-05
9.99461E-05 9.99461E-05 9.99461E-05 9.99461E-05 0.207088 9.99461E-05 9.99461E-05 0.792312
9.99551E-05 9.99551E-05 0.936278 9.99551E-05 9.99551E-05 0.0599573 9.99551E-05 0.00326465
0.0409199 9.9964E-05 0.0199615 0.921013 0.0177059 9.9964E-05 9.9964E-05 9.9964E-05
9.99461E-05 9.99461E-05 0.0217544 9.99461E-05 9.99461E-05 9.99461E-05 9.99461E-05 0.977646
9.994E-05 9.994E-05 9.994E-05 9.994E-05 9.994E-05 9.994E-05 0.9993 9.994E-05
0.00752575 0.974023 9.99553E-05 9.99553E-05 0.0179518 9.99553E-05 9.99553E-05 9.99553E-05
9.9964E-05 0.156761 9.9964E-05 9.9964E-05 9.9964E-05 0.0963658 0.742309 0.00416367
0.223516 9.99461E-05 0.775885 9.99461E-05 9.99461E-05 9.99461E-05 9.99461E-05 9.99461E-05
9.994E-05 9.994E-05 0.9993 9.994E-05 9.994E-05 9.994E-05 9.994E-05 9.994E-05
0.830776 9.9973E-05 0.0483591 0.0275331 9.9973E-05 9.9973E-05 0.0770595 0.0159719
9.994E-05 9.994E-05 0.0966609 9.994E-05 9.994E-05 0.902739 9.994E-05 9.994E-05
9.99461E-05 0.16978 9.99461E-05 9.99461E-05 9.99461E-05 9.99461E-05 9.99461E-05 0.82962
9.9964E-05 0.000827374 0.00637949 9.9964E-05 0.990736 0.00165771 9.9964E-05 9.9964E-05
9.99551E-05 9.99551E-05 9.99551E-05 9.99551E-05 0.185934 0.716241 0.0973247 9.99551E-05
0.00758464 9.9973E-05 9.9973E-05 9.9973E-05 0.0904427 0.807057 0.0761004 0.0185149
0.791708 0.141075 0.00419276 9.99641E-05 9.99641E-05 0.062625 9.99641E-05 9.99641E-05
9.99462E-05 9.99462E-05 9.99462E-05 9.99462E-05 9.99462E-05 0.767206 9.99462E-05 0.232194
9.995E-05 0.215394 9.995E-05 9.995E-05 9.995E-05 0.669197 0.11491 9.995E-05
9.99551E-05 0.898013 9.99551E-05 9.99551E-05 9.99551E-05 0.0367931 0.0646942 9.99551E-05
9.99551E-05 9.99551E-05 9.99551E-05 0.567188 0.425334 0.00697873 9.99551E-05 9.99551E-05
9.99461E-05 9.99461E-05 0.995094 9.99461E-05 9.99461E-05 0.00430645 9.99461E-05 9.99461E-05
9.994E-05 9.994E-05 9.994E-05 0.9993 9.994E-05 9.994E-05 9.994E-05 9.994E-05
9.99552E-05 0.786558 9.99552E-05 9.99552E-05 0.0351307 9.99552E-05 9.99552E-05 0.177812
9.99461E-05 9.99461E-05 9.99461E-05 9.99461E-05 0.849741 0.149659 9.99461E-05 9.99461E-05
9.99552E-05 9.99552E-05 9.99552E-05 0.0243282 0.0925416 0.88263 9.99552E-05 9.99552E-05
9.99462E-05 9.99462E-05 9.99462E-05 0.874206 9.99462E-05 9.99462E-05 9.99462E-05 0.125194
0.109187 9.99641E-05 9.99641E-05 9.99641E-05 0.730286 0.157398 9.99641E-05 0.00272931
