9.9955E-05 0.0246623 0.156281 9.9955E-05 9.9955E-05 9.9955E-05 0.818556 9.9955E-05
0.172535 9.9955E-05 9.9955E-05 9.9955E-05 0.164122 9.9955E-05 0.662844 9.9955E-05
9.996E-05 9.996E-05 0.763837 0.0164813 0.127207 9.996E-05 0.0920743 9.996E-05
0.9993 9.994E-05 9.994E-05 9.994E-05 9.994E-05 9.994E-05 9.994E-05 9.994E-05
0.0477708 0.608563 0.0509572 9.9964E-05 9.9964E-05 0.292309 9.9964E-05 9.9964E-05
9.995E-05 9.995E-05 0.0564368 9.995E-05 9.995E-05 9.995E-05 0.122487 0.820577
0.119479 9.9964E-05 0.194315 0.0181006 9.9964E-05 0.667705 9.9964E-05 9.9964E-05
9.99462E-05 9.99462E-05 0.080293 9.99462E-05 0.919107 9.99462E-05 9.99462E-05 9.99462E-05
9.99461E-05 9.99461E-05 9.99461E-05 0.510758 9.99461E-05 9.99461E-05 9.99461E-05 0.488643
9.99461E-05 0.151011 9.99461E-05 9.99461E-05 9.99461E-05 0.848389 9.99461E-05 9.99461E-05
9.994E-05 9.994E-05 9.994E-05 9.994E-05 9.994E-05 0.9993 9.994E-05 9.994E-05
9.9973E-05 0.0062983 9.9973E-05 0.0060035 0.785467 9.9973E-05 0.152529 0.0494023
0.00632527 0.260644 0.012445 0.165163 0.0304653 0.511573 0.00294193 0.0104427
0.244523 9.99551E-05 0.216618 9.99551E-05 9.99551E-05 0.53836 9.99551E-05 9.99551E-05
9.99461E-05 0.812717 9.99461E-05 9.99461E-05 9.99461E-05 0.186684 9.99461E-05 9.99461E-05
9.99462E-05 9.99462E-05 0.0835196 0.915881 9.99462E-05 9.99462E-05 9.99462E-05 9.99462E-05
0.193908 9.99461E-05 9.99461E-05 9.99461E-05 0.805493 9.99461E-05 9.99461E-05 9.99461E-05
9.997E-05 9.997E-05 0.0702095 0.526916 0.0127472 0.283763 9.997E-05 0.106064
9.99461E-05 9.99461E-05 9.99461E-05 9.99461E-05 9.99461E-05 9.99461E-05 0.0463378 0.953063
0.0241759 0.127241 9.99552E-05 0.848083 9.99552E-05 9.99552E-05 9.99552E-05 9.99552E-05
9.99641E-05 0.229845 9.99641E-05 0.641485 0.030616 9.99641E-05 9.99641E-05 0.0976541
9.99551E-05 9.99551E-05 9.99551E-05 0.459745 0.175672 9.99551E-05 9.99551E-05 0.364083
9.99551E-05 0.227252 9.99551E-05 0.715391 9.99551E-05 0.0568574 9.99551E-05 9.99551E-05
0.774123 0.0720339 0.0212709 0.132172 9.9964E-05 9.9964E-05 9.9964E-05 9.9964E-05
9.99461E-05 9.99461E-05 0.949569 9.99461E-05 9.99461E-05 9.99461E-05 9.99461E-05 0.0498308
9.99551E-05 0.880221 0.105397 0.0138824 9.99551E-05 9.99551E-05 9.99551E-05 9.99551E-05
0.9993 9.994E-05 9.994E-05 9.994E-05 9.994E-05 9.994E-05 9.994E-05 9.994E-05
9.99731E-05 0.180406 9.99731E-05 0.00231315 0.0209124 0.216392 9.99731E-05 0.579676
9.994E-05 9.994E-05 9.994E-05 9.994E-05 9.994E-05 9.994E-05 0.9993 9.994E-05
9.99552E-05 9.99552E-05 9.99552E-05 9.99552E-05 0.372167 0.0275209 9.99552E-05 0.599813
9.99462E-05 9.99462E-05 0.666856 9.99462E-05 9.99462E-05 0.332545 9.99462E-05 9.99462E-05
9.994E-05 9.994E-05 0.9993 9.994E-05 9.994E-05 9.994E-05 9.994E-05 9.994E-05
9.9946E-05 0.069463 9.9946E-05 9.9946E-05 9.9946E-05 0.929937 9.9946E-05 9.9946E-05
9.99641E-05 9.99641E-05 0.0306386 0.0245976 9.99641E-05 0.0173464 9.99641E-05 0.927018
0.50921 9.9955E-05 9.9955E-05 9.9955E-05 0.473351 9.9955E-05 9.9955E-05 0.0169386
9.99461E-05 9.99461E-05 9.99461E-05 0.998031 9.99461E-05 9.99461E-05 0.00136889 9.99461E-05
9.9946E-05 9.9946E-05 9.9946E-05 0.22471 9.9946E-05 9.9946E-05 9.9946E-05 0.774691
9.99551E-05 9.99551E-05 9.99551E-05 9.99551E-05 9.99551E-05 0.0265237 0.0355994 0.937377
9.99551E-05 9.99551E-05 9.99551E-05 9.99551E-05 0.170225 0.777201 9.99551E-05 0.0520739
0.259344 0.00940442 9.99552E-05 9.99552E-05 9.99552E-05 9.99552E-05 9.99552E-05 0.730752
9.9946E-05 9.9946E-05 9.9946E-05 9.9946E-05 0.420128 9.9946E-05 9.9946E-05 0.579272
9.99461E-05 9.99461E-05 9.99461E-05 9.99461E-05 0.963468 9.99461E-05 9.99461E-05 0.0359322
9.99461E-05 0.668631 9.99461E-05 0.330769 9.99461E-05 9.99461E-05 9.99461E-05 9.99461E-05
9.99461E-05 9.99461E-05 0.983942 9.99461E-05 9.99461E-05 9.99461E-05 0.0154583 9.99461E-05
9.994E-05 0.9993 9.994E-05 9.994E-05 9.994E-05 9.994E-05 9.994E-05 9.994E-05
9.99462E-05 9.99462E-05 9.99462E-05 0.0142687 0.985132 9.99462E-05 9.99462E-05 9.99462E-05
9.9955E-05 9.9955E-05 9.9955E-05 0.808833 9.9955E-05 9.9955E-05 0.0621636 0.128504
9.99552E-05 0.0100468 9.99552E-05 0.136986 9.99552E-05 9.99552E-05 9.99552E-05 0.852467
0.0232958 0.880653 9.99641E-05 9.99641E-05 9.99641E-05 9.99641E-05 0.0752768 0.0203748
9.99641E-05 0.0320563 9.99641E-05 0.729667 9.99641E-05 0.0226355 9.99641E-05 0.215241
