0.589075 9.99824E-05 0.346105 0.0646202 9.99824E-05
9.99825E-05 0.348545 0.239959 9.99825E-05 0.411297
0.963692 9.9974E-05 9.9974E-05 0.0360085 9.9974E-05
0.194406 9.99912E-05 0.484831 0.20713 0.113533
0.330345 9.99825E-05 0.0186533 9.99825E-05 0.650802
0.236739 9.99825E-05 9.99825E-05 0.157117 0.605944
9.99825E-05 0.493028 0.0618919 9.99825E-05 0.44488
0.268758 9.99824E-05 9.99824E-05 0.559546 0.171495
0.678259 9.99825E-05 9.99825E-05 0.0593557 0.262186
0.277315 0.223407 0.0954735 9.99913E-05 0.403704
9.99737E-05 9.99737E-05 9.99737E-05 0.671662 0.328039
9.99737E-05 0.83254 9.99737E-05 9.99737E-05 0.16716
0.0717996 0.369446 9.99826E-05 0.558555 9.99826E-05
9.999E-05 0.354455 0.135613 0.38087 0.128963
0.123976 9.99825E-05 0.328228 0.547596 9.99825E-05
9.99824E-05 9.99824E-05 0.197358 0.348496 0.453947
9.99738E-05 0.0161438 9.99738E-05 9.99738E-05 0.983556
9.99736E-05 9.99736E-05 9.99736E-05 0.290147 0.709553
9.99825E-05 0.18772 9.99825E-05 0.125563 0.686517
9.997E-05 9.997E-05 9.997E-05 0.9996 9.997E-05
0.0305908 0.629113 9.99823E-05 9.99823E-05 0.340096
9.999E-05 0.851004 0.0945993 0.0274533 0.0268438
9.99825E-05 0.931256 0.0331784 9.99825E-05 0.0353659
0.234886 9.99824E-05 9.99824E-05 0.630376 0.134538
9.99824E-05 9.99824E-05 0.184894 0.632648 0.182258
9.99826E-05 9.99826E-05 0.0821359 0.659385 0.258279
9.99912E-05 0.635966 0.306352 0.0266116 0.0309706
0.332321 9.99823E-05 0.334208 9.99823E-05 0.333271
0.0513702 9.99825E-05 0.347267 0.601163 9.99825E-05
9.99739E-05 0.17168 9.99739E-05 0.82802 9.99739E-05
9.99824E-05 9.99824E-05 0.257102 0.454969 0.287729
9.99913E-05 0.109605 0.369805 0.172089 0.348401
0.0574945 9.99825E-05 0.273649 9.99825E-05 0.668657
0.765058 0.147475 0.0872673 9.99824E-05 9.99824E-05
9.99825E-05 0.114487 9.99825E-05 0.303777 0.581536
9.99824E-05 9.99824E-05 0.179181 0.358424 0.462195
0.186874 0.325076 0.153615 9.99912E-05 0.334335
9.99737E-05 9.99737E-05 0.542902 9.99737E-05 0.456798
0.22793 9.99737E-05 9.99737E-05 0.77177 9.99737E-05
0.0743086 0.00350116 9.99912E-05 0.411462 0.510628
0.483665 0.219487 9.99824E-05 0.296648 9.99824E-05
9.99737E-05 9.99737E-05 9.99737E-05 0.707813 0.291887
0.0127389 0.141903 9.99824E-05 9.99824E-05 0.845158
0.208941 9.99824E-05 9.99824E-05 0.589006 0.201853
9.99912E-05 0.0855234 0.153993 0.57852 0.181863
0.632639 0.279292 9.99824E-05 0.0878687 9.99824E-05
0.140306 9.99825E-05 0.283272 9.99825E-05 0.576222
9.99737E-05 0.403149 9.99737E-05 0.596551 9.99737E-05
9.99824E-05 0.480687 0.326886 0.192226 9.99824E-05
0.0259032 9.99824E-05 9.99824E-05 0.131485 0.842412
0.117065 0.241742 0.521692 0.119401 9.99913E-05
0.0964576 0.383224 0.0284312 9.99913E-05 0.491787
9.99824E-05 0.113641 9.99824E-05 0.186506 0.699653
0.15271 0.697346 0.0427656 9.99912E-05 0.107078
0.200884 9.99737E-05 9.99737E-05 9.99737E-05 0.798816
0.0947441 0.607069 0.176189 0.121898 9.99912E-05
9.997E-05 9.997E-05 9.997E-05 9.997E-05 0.9996
9.99736E-05 0.42102 9.99736E-05 0.578681 9.99736E-05
0.159607 0.0565179 0.475875 9.99912E-05 0.3079
0.00467675 0.480604 9.99912E-05 0.153723 0.360896
0.213024 9.99912E-05 0.506051 0.239499 0.0413259
0.585839 0.00126539 0.412695 9.99824E-05 9.99824E-05
0.105907 0.235193 0.597747 0.061053 9.99912E-05
9.99737E-05 9.99737E-05 0.223705 9.99737E-05 0.775995
9.99737E-05 9.99737E-05 0.537306 9.99737E-05 0.462394
0.101613 9.99735E-05 9.99735E-05 9.99735E-05 0.898087
0.217684 9.99823E-05 0.51952 9.99823E-05 0.262595
0.193633 0.181217 0.330306 9.99912E-05 0.294743
0.717219 9.99736E-05 9.99736E-05 0.282481 9.99736E-05
0.868856 9.99737E-05 9.99737E-05 9.99737E-05 0.130844
9.99737E-05 9.99737E-05 9.99737E-05 0.294066 0.705634
9.99825E-05 0.34355 9.99825E-05 0.272709 0.383541
0.228228 0.309391 9.99824E-05 9.99824E-05 0.462182
0.382249 9.99913E-05 0.0672527 0.310644 0.239754
0.89798 9.99735E-05 0.10172 9.99735E-05 9.99735E-05
9.99912E-05 0.0840482 0.0338434 0.00462464 0.877384
0.226772 9.99825E-05 9.99825E-05 0.507785 0.265243
0.17066 0.432329 0.268222 0.12869 9.99912E-05
0.229118 9.99913E-05 0.326751 0.249556 0.194475
9.99912E-05 0.435365 0.0641039 0.125334 0.375098
9.99912E-05 0.0195813 0.2003 0.00386685 0.776151
0.110712 0.602357 0.0821763 0.167703 0.0370514
0.438288 9.9974E-05 9.9974E-05 0.561412 9.9974E-05
9.99826E-05 0.610638 0.236366 9.99826E-05 0.152796
9.99737E-05 9.99737E-05 9.99737E-05 0.682622 0.317078
9.99736E-05 0.409723 9.99736E-05 0.589977 9.99736E-05
9.99736E-05 0.864476 9.99736E-05 0.135224 9.99736E-05
0.141317 0.113164 0.100829 9.99912E-05 0.64459
0.0668194 0.932881 9.99741E-05 9.99741E-05 9.99741E-05
0.678581 9.99735E-05 9.99735E-05 0.321119 9.99735E-05
9.99737E-05 9.99737E-05 0.0464473 9.99737E-05 0.953253
9.99736E-05 9.99736E-05 9.99736E-05 0.85627 0.14343
9.997E-05 9.997E-05 0.9996 9.997E-05 9.997E-05
0.357844 0.275123 0.0225322 9.99913E-05 0.344401
0.386488 0.0320168 0.581295 9.99825E-05 9.99825E-05
0.111455 9.99826E-05 0.384229 0.504117 9.99826E-05
0.230773 0.643953 9.99824E-05 0.125075 9.99824E-05
9.997E-05 9.997E-05 9.997E-05 0.9996 9.997E-05
0.540969 9.99912E-05 0.249887 0.190638 0.0184067
0.32352 9.99736E-05 9.99736E-05 9.99736E-05 0.67618
9.99825E-05 0.284337 0.463109 0.252354 9.99825E-05
9.99823E-05 0.489773 9.99823E-05 0.342737 0.16729
0.206672 0.0406042 0.445305 0.307319 9.99912E-05
9.99912E-05 0.3005 0.35455 0.181496 0.163355
9.99736E-05 0.677162 9.99736E-05 9.99736E-05 0.322538
9.99825E-05 9.99825E-05 0.114688 0.788197 0.0969149
9.99737E-05 9.99737E-05 0.83553 0.16417 9.99737E-05
0.0980428 9.99826E-05 0.403246 9.99826E-05 0.498511
0.132991 9.99824E-05 9.99824E-05 0.806033 0.0607758
9.99737E-05 0.565721 0.43398 9.99737E-05 9.99737E-05
0.874079 9.99738E-05 9.99738E-05 0.125621 9.99738E-05
9.99825E-05 0.0946788 9.99825E-05 0.517441 0.38768
0.206692 0.110735 0.302247 0.380227 9.99912E-05
0.0224784 0.548911 9.99824E-05 0.42841 9.99824E-05
0.903397 9.99826E-05 9.99826E-05 0.0918016 0.0046011
0.015284 9.99913E-05 0.197221 0.427679 0.359715
9.99825E-05 9.99825E-05 0.201645 0.290388 0.507767
0.528416 0.471284 9.99738E-05 9.99738E-05 9.99738E-05
0.0846746 9.99735E-05 9.99735E-05 9.99735E-05 0.915026
0.27214 9.99824E-05 0.478499 9.99824E-05 0.249161
9.99912E-05 0.471515 0.233341 0.0914312 0.203613
9.99736E-05 0.630835 9.99736E-05 0.368865 9.99736E-05
0.101912 0.377028 0.445445 0.0755151 9.99912E-05
0.0667617 0.616579 9.99825E-05 0.316459 9.99825E-05
0.287094 9.99823E-05 0.62874 0.0839662 9.99823E-05
0.699489 0.300211 9.99737E-05 9.99737E-05 9.99737E-05
0.0847644 9.99826E-05 0.514872 0.400163 9.99826E-05
0.366692 9.99825E-05 0.353606 9.99825E-05 0.279502
0.0628746 0.183089 9.99826E-05 0.753837 9.99826E-05
0.336313 0.459972 0.203515 9.99824E-05 9.99824E-05
9.99734E-05 0.076233 9.99734E-05 0.923467 9.99734E-05
9.99737E-05 9.99737E-05 9.99737E-05 0.291861 0.707839
9.99738E-05 0.490103 9.99738E-05 9.99738E-05 0.509597
0.000687226 9.99824E-05 0.0420912 9.99824E-05 0.957022
0.32688 0.183714 0.203049 0.286257 9.99912E-05
0.153416 0.1756 9.99912E-05 0.307546 0.363337
0.406663 0.399529 9.99824E-05 9.99824E-05 0.193607
0.0569935 0.591638 9.99912E-05 0.165503 0.185766
9.99912E-05 0.329003 0.035039 0.288572 0.347286
0.0978406 0.0698238 9.99823E-05 9.99823E-05 0.832136
9.99736E-05 0.505041 0.494659 9.99736E-05 9.99736E-05
0.100062 9.99912E-05 0.145294 0.530871 0.223673
0.637849 9.99737E-05 9.99737E-05 9.99737E-05 0.361851
9.99825E-05 0.715537 0.0500956 9.99825E-05 0.234168
9.99911E-05 0.250909 0.0972946 0.256184 0.395512
0.232328 0.096691 0.197901 0.47298 9.99912E-05
0.273313 9.99913E-05 0.0322299 0.577122 0.117235
9.997E-05 9.997E-05 9.997E-05 9.997E-05 0.9996
9.99824E-05 0.293944 9.99824E-05 0.227687 0.478169
0.132301 9.99823E-05 0.547082 0.320417 9.99823E-05
9.99827E-05 0.0297597 0.412197 0.557843 9.99827E-05
0.210149 9.99824E-05 0.436271 0.353381 9.99824E-05
9.99737E-05 9.99737E-05 9.99737E-05 0.813673 0.186027
0.592222 9.99825E-05 9.99825E-05 0.0692351 0.338343
9.99735E-05 9.99735E-05 9.99735E-05 0.186756 0.812944
0.523373 9.99824E-05 9.99824E-05 0.3877 0.0887272
0.176542 9.99824E-05 0.462979 9.99824E-05 0.360279
0.284229 0.156723 9.99912E-05 0.122636 0.436312
9.99826E-05 0.118971 0.0601354 9.99826E-05 0.820694
0.101438 0.01984 0.375486 0.206268 0.296967
0.424528 0.348972 9.99825E-05 0.2263 9.99825E-05
0.117904 9.99913E-05 0.194785 0.123416 0.563794
0.0440509 9.99825E-05 0.26618 0.689569 9.99825E-05
0.0440886 0.670892 9.99826E-05 9.99826E-05 0.284819
0.270159 0.377275 0.0531602 0.299306 9.99912E-05
9.997E-05 9.997E-05 9.997E-05 0.9996 9.997E-05
9.99912E-05 0.140358 0.217816 0.113501 0.528224
0.203697 9.99823E-05 0.338724 0.45738 9.99823E-05
9.99912E-05 0.390964 0.199051 0.0821087 0.327776
9.99736E-05 9.99736E-05 0.19067 0.80903 9.99736E-05
0.993264 0.00643572 9.99737E-05 9.99737E-05 9.99737E-05
0.822437 0.174912 9.99826E-05 0.002451 9.99826E-05
0.258414 9.99823E-05 0.0633064 0.67808 9.99823E-05
9.997E-05 9.997E-05 9.997E-05 9.997E-05 0.9996
9.99737E-05 0.613367 9.99737E-05 0.386333 9.99737E-05
9.9974E-05 0.200703 9.9974E-05 0.798997 9.9974E-05
9.99912E-05 0.0983153 0.144237 0.57116 0.186188
9.99737E-05 0.72546 0.27424 9.99737E-05 9.99737E-05
9.99824E-05 9.99824E-05 0.247351 0.0934049 0.659044
0.453001 9.99824E-05 0.372519 0.17428 9.99824E-05
9.99912E-05 0.114668 0.191562 0.121489 0.572181
0.0318288 9.99912E-05 0.355876 0.16756 0.444636
0.475737 9.99735E-05 9.99735E-05 0.523963 9.99735E-05
9.99736E-05 9.99736E-05 9.99736E-05 0.515748 0.483952
9.99911E-05 0.40589 0.0579803 0.192823 0.343206
0.0275778 0.606064 9.99912E-05 0.012435 0.353823
0.0501279 9.99912E-05 0.307638 0.560181 0.0819525
9.99736E-05 9.99736E-05 0.227354 0.772346 9.99736E-05
9.99912E-05 0.431583 0.0908613 0.275793 0.201663
0.549013 9.99824E-05 0.288749 9.99824E-05 0.162038
0.0601522 0.117375 9.99824E-05 9.99824E-05 0.822273
0.0458901 0.583104 9.99825E-05 9.99825E-05 0.370806
0.150564 0.550224 9.99912E-05 0.191879 0.107233
9.99825E-05 0.0922615 0.0971958 9.99825E-05 0.810343
9.99825E-05 0.0734402 0.660464 0.265896 9.99825E-05
0.522886 9.99824E-05 0.150063 0.326851 9.99824E-05
0.107852 9.99826E-05 0.277756 9.99826E-05 0.614192
9.997E-05 9.997E-05 0.9996 9.997E-05 9.997E-05
0.275289 9.99912E-05 0.522924 0.0159932 0.185693
0.2117 0.298945 0.40209 0.0871654 9.99912E-05
9.99739E-05 0.898545 9.99739E-05 0.101155 9.99739E-05
0.295903 0.351238 0.100695 9.99912E-05 0.252064
0.465428 9.99912E-05 0.00300066 0.204714 0.326757
0.295409 0.314452 9.99825E-05 9.99825E-05 0.389938
0.303363 0.362783 9.99912E-05 0.0726799 0.261074
9.99824E-05 9.99824E-05 0.293259 0.614228 0.092313
9.997E-05 9.997E-05 9.997E-05 9.997E-05 0.9996
9.997E-05 9.997E-05 9.997E-05 9.997E-05 0.9996
9.99737E-05 9.99737E-05 9.99737E-05 0.322265 0.677435
9.99824E-05 9.99824E-05 0.37392 0.165936 0.459944
9.99824E-05 0.385235 0.362424 9.99824E-05 0.252142
9.99825E-05 0.547276 9.99825E-05 0.18751 0.265014
9.99824E-05 0.71135 0.271858 0.0165919 9.99824E-05
0.314041 9.99823E-05 0.30978 9.99823E-05 0.375978
9.99825E-05 0.609084 9.99825E-05 0.186624 0.204092
9.99737E-05 9.99737E-05 0.645082 0.354618 9.99737E-05
0.0993171 0.822081 9.99826E-05 0.0784016 9.99826E-05
0.727423 9.99824E-05 9.99824E-05 0.0665543 0.205823
0.282288 9.99824E-05 0.4526 9.99824E-05 0.264913
9.99735E-05 9.99735E-05 0.0482169 9.99735E-05 0.951483
0.800533 0.011543 9.99826E-05 9.99826E-05 0.187724
9.99913E-05 0.475986 0.441332 0.00951949 0.0730625
9.99824E-05 0.38832 9.99824E-05 0.416166 0.195314
0.519248 0.3154 0.165152 9.99825E-05 9.99825E-05
0.705916 0.203734 9.99825E-05 9.99825E-05 0.0901502
9.99824E-05 9.99824E-05 0.0358353 0.482464 0.481501
9.99912E-05 0.165802 0.122645 0.638156 0.0732975
0.407306 0.235343 0.357151 9.99824E-05 9.99824E-05
9.99739E-05 9.99739E-05 0.727761 9.99739E-05 0.271939
0.249631 9.99825E-05 9.99825E-05 0.015012 0.735157
0.396225 0.0554758 9.99825E-05 9.99825E-05 0.548099
0.0108362 0.019711 0.145159 0.243525 0.580769
0.885237 9.99737E-05 9.99737E-05 0.114463 9.99737E-05
9.99825E-05 9.99825E-05 0.533607 0.148928 0.317265
0.635963 9.99826E-05 0.281766 9.99826E-05 0.0820711
0.686277 0.276221 9.99824E-05 0.0373027 9.99824E-05
9.99913E-05 0.131201 0.243883 0.066365 0.558451
0.521832 0.193185 0.0813592 0.203524 9.99912E-05
0.521678 9.99824E-05 9.99824E-05 0.33531 0.142812
9.99825E-05 9.99825E-05 0.205217 0.00146568 0.793117
9.99825E-05 0.446917 0.36629 9.99825E-05 0.186593
9.99824E-05 0.280748 0.00671164 9.99824E-05 0.71234
9.99738E-05 9.99738E-05 0.851491 9.99738E-05 0.148209
9.99827E-05 0.663442 9.99827E-05 0.00350694 0.332851
0.158716 0.0766083 9.99912E-05 0.564276 0.2003
0.571959 9.99737E-05 9.99737E-05 0.427741 9.99737E-05
9.99825E-05 0.142443 0.107082 9.99825E-05 0.750275
9.99736E-05 0.782033 9.99736E-05 0.217667 9.99736E-05
0.587982 9.99737E-05 9.99737E-05 9.99737E-05 0.411718
9.99737E-05 9.99737E-05 0.695846 0.303855 9.99737E-05
9.99913E-05 0.0186015 0.0878183 0.653733 0.239747
9.99824E-05 0.153328 0.402555 9.99824E-05 0.443918
0.00293407 0.66079 0.134452 9.99912E-05 0.201724
9.9974E-05 9.9974E-05 9.9974E-05 0.169784 0.829916
0.52557 9.99823E-05 0.215866 9.99823E-05 0.258364
0.0889043 0.127926 0.562481 0.155208 0.0654813
0.172426 0.665907 0.161467 9.99826E-05 9.99826E-05
0.452897 0.541632 9.99824E-05 9.99824E-05 0.00527108
9.99825E-05 0.186319 9.99825E-05 0.241754 0.571727
9.99823E-05 0.475435 0.320136 0.204229 9.99823E-05
9.99737E-05 9.99737E-05 9.99737E-05 0.658489 0.341211
