0.9996 9.997E-05 9.997E-05 9.997E-05 9.997E-05
9.99824E-05 0.371005 0.451325 0.17747 9.99824E-05
9.99738E-05 0.339655 9.99738E-05 0.660045 9.99738E-05
0.0786033 9.99912E-05 0.0555324 0.710981 0.154783
0.686826 9.99824E-05 0.152356 0.160619 9.99824E-05
0.832276 9.99827E-05 0.0896475 0.0778766 9.99827E-05
0.336167 0.651723 0.0119101 9.99824E-05 9.99824E-05
0.332457 9.99912E-05 0.437906 0.21708 0.0124576
0.251134 9.99824E-05 9.99824E-05 0.333332 0.415334
0.435147 0.0418311 0.0995741 9.99913E-05 0.423348
0.36615 0.206692 0.150631 9.99912E-05 0.276428
0.119252 0.305807 0.574742 9.99827E-05 9.99827E-05
0.478753 9.99739E-05 9.99739E-05 9.99739E-05 0.520947
0.0681231 0.261855 0.0498635 0.620058 9.99912E-05
9.99825E-05 0.608976 9.99825E-05 0.179857 0.210968
0.0699885 0.899615 0.0301962 9.99824E-05 9.99824E-05
9.99825E-05 9.99825E-05 0.239492 0.571982 0.188326
0.209226 9.99825E-05 0.257842 0.532731 9.99825E-05
0.235035 9.99737E-05 0.764665 9.99737E-05 9.99737E-05
9.99825E-05 0.150481 9.99825E-05 0.744884 0.104435
0.302337 9.99825E-05 0.338749 0.358714 9.99825E-05
0.66943 9.99737E-05 9.99737E-05 0.33027 9.99737E-05
9.99825E-05 0.316298 0.129921 0.553581 9.99825E-05
9.999E-05 0.255388 0.381997 0.172257 0.190259
0.305458 0.288912 9.99824E-05 0.405431 9.99824E-05
9.99737E-05 9.99737E-05 0.411771 9.99737E-05 0.587929
0.0918981 0.0728339 0.440842 0.394326 9.99913E-05
0.579719 9.99736E-05 0.419981 9.99736E-05 9.99736E-05
9.99736E-05 9.99736E-05 9.99736E-05 0.732785 0.266915
0.128198 9.99824E-05 9.99824E-05 0.824009 0.0475925
9.99735E-05 9.99735E-05 9.99735E-05 0.951706 0.0479937
0.101604 9.99824E-05 0.568641 0.329555 9.99824E-05
0.188395 0.186679 0.624726 9.99824E-05 9.99824E-05
0.652117 9.99736E-05 0.347584 9.99736E-05 9.99736E-05
9.9974E-05 0.891235 9.9974E-05 9.9974E-05 0.108465
9.99738E-05 9.99738E-05 9.99738E-05 0.407202 0.592498
9.997E-05 0.9996 9.997E-05 9.997E-05 9.997E-05
0.0170718 0.407456 0.245231 0.165076 0.165165
9.99912E-05 0.0221851 0.630777 0.208695 0.138243
0.0330818 0.168445 0.385669 0.176925 0.23588
9.99737E-05 0.101505 0.898195 9.99737E-05 9.99737E-05
0.9996 9.997E-05 9.997E-05 9.997E-05 9.997E-05
9.99825E-05 0.149042 0.104498 0.74626 9.99825E-05
0.359664 9.99913E-05 0.165748 0.426973 0.0475158
0.0194171 9.99824E-05 0.221525 0.758858 9.99824E-05
0.765709 9.99824E-05 0.151334 0.0827561 9.99824E-05
9.99737E-05 9.99737E-05 0.665477 0.334223 9.99737E-05
0.796147 9.99736E-05 0.203553 9.99736E-05 9.99736E-05
0.647972 0.0803625 0.271466 9.99823E-05 9.99823E-05
0.344405 9.99736E-05 9.99736E-05 0.655295 9.99736E-05
0.364063 9.99737E-05 0.635637 9.99737E-05 9.99737E-05
0.282463 9.99737E-05 0.717237 9.99737E-05 9.99737E-05
9.99824E-05 0.342299 9.99824E-05 0.652955 0.00454638
9.997E-05 9.997E-05 9.997E-05 0.9996 9.997E-05
0.218564 0.263664 0.517572 9.99824E-05 9.99824E-05
0.0845585 0.377729 9.99912E-05 0.251654 0.285959
0.797831 9.99735E-05 9.99735E-05 9.99735E-05 0.201869
0.698704 0.292263 9.99825E-05 0.0088337 9.99825E-05
0.402242 0.150404 9.99823E-05 0.447154 9.99823E-05
0.0300972 0.197072 0.772631 9.99824E-05 9.99824E-05
0.132351 0.559199 0.308249 9.99823E-05 9.99823E-05
9.997E-05 9.997E-05 0.9996 9.997E-05 9.997E-05
9.99738E-05 0.338685 9.99738E-05 0.661015 9.99738E-05
9.99736E-05 9.99736E-05 0.505229 0.494471 9.99736E-05
9.99825E-05 0.357944 9.99825E-05 0.505029 0.136827
0.0813538 0.918346 9.99735E-05 9.99735E-05 9.99735E-05
9.99737E-05 0.366825 9.99737E-05 0.632875 9.99737E-05
9.99824E-05 0.049343 0.859603 0.0908538 9.99824E-05
0.160888 9.99741E-05 9.99741E-05 0.838812 9.99741E-05
9.99825E-05 0.282802 9.99825E-05 0.333606 0.383393
0.408652 0.155031 9.99823E-05 0.436117 9.99823E-05
0.143085 9.99825E-05 9.99825E-05 0.771422 0.0852937
0.194688 0.115917 0.373686 0.31561 9.99912E-05
0.370877 9.99824E-05 0.105187 9.99824E-05 0.523737
0.451831 0.547869 9.99739E-05 9.99739E-05 9.99739E-05
0.0458384 9.99912E-05 0.424067 0.505191 0.024804
9.99736E-05 9.99736E-05 9.99736E-05 0.858511 0.14119
0.0429644 0.0898929 9.99824E-05 0.866943 9.99824E-05
0.685336 9.99824E-05 0.11677 0.197694 9.99824E-05
9.99824E-05 0.579508 0.298384 9.99824E-05 0.121908
0.169775 0.0689377 0.628472 0.132715 9.99912E-05
0.0812886 9.99825E-05 0.434513 9.99825E-05 0.483998
9.99826E-05 0.0527732 0.135434 0.811593 9.99826E-05
0.385892 0.220217 9.99824E-05 9.99824E-05 0.393691
9.99739E-05 9.99739E-05 0.942411 0.0572893 9.99739E-05
9.99735E-05 9.99735E-05 9.99735E-05 0.659935 0.339766
9.99735E-05 9.99735E-05 0.928342 9.99735E-05 0.0713579
0.135618 9.99824E-05 0.374719 0.489463 9.99824E-05
0.242489 9.9974E-05 9.9974E-05 0.757211 9.9974E-05
0.955325 9.99738E-05 0.0443748 9.99738E-05 9.99738E-05
0.140713 0.01312 0.314782 0.531285 9.99912E-05
0.662265 9.99735E-05 9.99735E-05 0.337435 9.99735E-05
0.450429 0.279817 0.144023 0.125631 9.99912E-05
0.25962 0.0597579 0.641231 0.0392906 9.99912E-05
9.99739E-05 0.230066 9.99739E-05 0.769634 9.99739E-05
0.285286 0.0128757 9.99824E-05 0.701638 9.99824E-05
0.326569 9.99824E-05 0.295051 0.37818 9.99824E-05
9.99823E-05 0.739464 9.99823E-05 0.200451 0.0598845
9.99824E-05 0.140084 0.6142 9.99824E-05 0.245516
0.17363 9.99824E-05 0.641489 9.99824E-05 0.18468
0.276919 0.144595 0.361909 0.00551973 0.211057
0.32543 9.99912E-05 0.000971137 0.656623 0.0168754
9.997E-05 9.997E-05 0.9996 9.997E-05 9.997E-05
9.99912E-05 0.00868966 0.328221 0.562057 0.100932
0.189101 0.176107 0.634591 9.99824E-05 9.99824E-05
0.0324552 0.195634 0.0901041 0.681707 9.99914E-05
9.99737E-05 9.99737E-05 0.346065 0.653635 9.99737E-05
0.321771 9.99825E-05 9.99825E-05 0.549218 0.128811
9.99826E-05 0.0300181 0.249497 0.720284 9.99826E-05
0.451202 0.548498 9.99737E-05 9.99737E-05 9.99737E-05
0.104196 0.13362 0.0625446 0.269194 0.430445
9.99737E-05 0.0862078 0.913492 9.99737E-05 9.99737E-05
9.9974E-05 0.532554 9.9974E-05 0.467146 9.9974E-05
9.997E-05 9.997E-05 9.997E-05 0.9996 9.997E-05
0.0675557 0.147599 0.56542 9.99913E-05 0.219326
0.245829 9.99824E-05 0.328045 9.99824E-05 0.425927
0.117188 9.99912E-05 0.731351 0.0180948 0.133267
0.406421 0.383188 0.210191 9.99826E-05 9.99826E-05
9.99735E-05 9.99735E-05 0.316859 9.99735E-05 0.682841
9.99912E-05 0.216844 0.292576 0.149143 0.341337
9.99737E-05 0.222461 9.99737E-05 9.99737E-05 0.777239
0.0754786 0.0667659 0.449238 0.314772 0.0937457
9.99823E-05 0.0708297 0.781641 0.147329 9.99823E-05
0.101597 9.99913E-05 0.338933 0.456689 0.102682
9.99736E-05 9.99736E-05 0.758564 9.99736E-05 0.241136
0.672329 9.99826E-05 0.181043 9.99826E-05 0.146427
0.823059 9.99824E-05 0.165861 0.0108803 9.99824E-05
9.99737E-05 9.99737E-05 9.99737E-05 0.560283 0.439417
9.99737E-05 9.99737E-05 0.779217 0.220483 9.99737E-05
0.355384 9.99824E-05 0.208102 9.99824E-05 0.436314
9.99735E-05 9.99735E-05 0.0716705 0.92803 9.99735E-05
0.114778 9.99736E-05 0.884922 9.99736E-05 9.99736E-05
0.161565 0.173537 0.659457 9.99912E-05 0.00534053
0.689911 0.309789 9.99738E-05 9.99738E-05 9.99738E-05
9.99824E-05 0.205084 0.264659 0.530057 9.99824E-05
0.000490894 0.51087 0.117229 0.37131 9.99912E-05
0.0748859 0.0453937 9.99827E-05 0.87952 9.99827E-05
0.0723983 0.200279 0.51243 9.99913E-05 0.214793
9.99739E-05 0.832681 9.99739E-05 9.99739E-05 0.167019
0.512235 0.134792 0.143857 0.209016 9.99913E-05
0.156736 9.99912E-05 0.329706 0.449174 0.0642852
9.99912E-05 0.174429 0.54832 0.259707 0.0174434
9.99823E-05 9.99823E-05 0.288544 0.661529 0.049727
0.288928 0.216699 9.99825E-05 0.494174 9.99825E-05
9.99824E-05 0.467177 9.99824E-05 0.149919 0.382704
9.99736E-05 0.956142 0.0435586 9.99736E-05 9.99736E-05
9.99735E-05 0.114836 9.99735E-05 9.99735E-05 0.884864
0.112035 0.426456 9.99825E-05 0.461309 9.99825E-05
0.22959 0.495967 0.274244 9.99824E-05 9.99824E-05
0.30177 9.99825E-05 9.99825E-05 0.300166 0.397863
9.99737E-05 0.826839 0.172861 9.99737E-05 9.99737E-05
0.593202 9.99737E-05 9.99737E-05 0.406498 9.99737E-05
0.232656 9.99912E-05 0.238572 0.477402 0.0512702
9.99825E-05 0.194867 0.638691 9.99825E-05 0.166243
0.200842 0.599182 9.99912E-05 0.08548 0.114396
9.997E-05 9.997E-05 0.9996 9.997E-05 9.997E-05
0.00103921 0.311989 0.0925325 0.594339 9.99912E-05
0.00270507 0.233654 0.616668 0.146873 9.99913E-05
9.99825E-05 0.0574151 0.486192 0.456193 9.99825E-05
0.869715 9.99738E-05 9.99738E-05 0.129985 9.99738E-05
0.136807 0.653149 9.99825E-05 9.99825E-05 0.209844
0.298682 0.265833 0.223715 0.190308 0.0214628
0.0481263 9.99737E-05 9.99737E-05 0.951574 9.99737E-05
9.99738E-05 0.496163 0.503537 9.99738E-05 9.99738E-05
9.99825E-05 0.00798229 9.99825E-05 0.69742 0.294398
9.99738E-05 9.99738E-05 0.994043 9.99738E-05 0.00565718
0.157345 9.99825E-05 0.681791 9.99825E-05 0.160664
0.0724153 9.99826E-05 0.72574 9.99826E-05 0.201645
0.0453473 0.0422596 0.241282 0.641217 0.0298944
0.0645168 9.99824E-05 0.739476 0.195808 9.99824E-05
0.684486 9.99738E-05 0.315214 9.99738E-05 9.99738E-05
0.745728 9.99824E-05 0.166267 0.0878042 9.99824E-05
0.351005 9.99827E-05 9.99827E-05 0.557251 0.0915437
0.2489 0.514422 9.99912E-05 0.169698 0.0668809
0.0498326 0.10872 0.657409 0.183939 9.99912E-05
0.608619 9.99737E-05 9.99737E-05 0.391081 9.99737E-05
9.99913E-05 0.300718 0.634281 0.00431552 0.0605859
0.789587 9.99736E-05 9.99736E-05 9.99736E-05 0.210113
0.00627373 9.99912E-05 0.304765 0.508353 0.180508
0.378801 0.0703535 0.550645 9.99824E-05 9.99824E-05
9.99826E-05 0.160357 0.604413 9.99826E-05 0.23503
0.568855 9.99824E-05 9.99824E-05 0.14888 0.282064
0.638621 0.17154 0.189639 9.99825E-05 9.99825E-05
9.99739E-05 9.99739E-05 0.749472 9.99739E-05 0.250228
0.229333 9.99738E-05 9.99738E-05 9.99738E-05 0.770368
0.0767609 9.99912E-05 0.170081 0.0819979 0.67106
0.224332 0.129642 0.598036 0.00938528 0.0386054
0.393822 0.316353 0.289625 9.99824E-05 9.99824E-05
9.99738E-05 9.99738E-05 0.359373 0.640327 9.99738E-05
9.99824E-05 9.99824E-05 0.0759689 0.837783 0.0860484
9.99737E-05 9.99737E-05 0.382448 0.617252 9.99737E-05
9.99739E-05 9.99739E-05 0.305923 9.99739E-05 0.693777
9.99738E-05 0.23598 9.99738E-05 0.76372 9.99738E-05
0.275493 0.194402 0.116409 0.413596 9.99912E-05
0.962001 0.0376993 9.99738E-05 9.99738E-05 9.99738E-05
0.721378 9.99739E-05 9.99739E-05 0.278322 9.99739E-05
0.112067 0.470403 0.412454 9.99913E-05 0.00497558
0.292851 0.102528 0.214087 0.390434 9.99912E-05
0.248672 9.99735E-05 9.99735E-05 0.751028 9.99735E-05
0.279594 9.99823E-05 0.393274 0.326932 9.99823E-05
0.893535 9.99738E-05 9.99738E-05 9.99738E-05 0.106165
0.203147 0.310765 0.441231 9.99912E-05 0.0447571
9.99912E-05 0.107459 0.322654 0.318092 0.251695
0.64833 9.99737E-05 9.99737E-05 9.99737E-05 0.35137
0.578241 9.99825E-05 0.0764321 9.99825E-05 0.345127
9.9974E-05 0.256815 0.742885 9.9974E-05 9.9974E-05
0.199866 9.99825E-05 0.793172 0.00676255 9.99825E-05
0.495007 0.035888 0.043428 0.425577 9.99912E-05
0.0462758 0.0898053 9.99912E-05 0.77265 0.0911685
9.99824E-05 0.203884 0.707804 9.99824E-05 0.088112
0.708191 9.99824E-05 0.255162 9.99824E-05 0.036447
0.334413 0.124354 0.19836 0.188297 0.154576
9.99823E-05 9.99823E-05 0.18984 0.655068 0.154892
9.99824E-05 0.0641883 0.527121 0.408491 9.99824E-05
0.38144 0.104189 9.99825E-05 0.51417 9.99825E-05
9.99739E-05 9.99739E-05 9.99739E-05 0.852358 0.147342
0.129458 9.99738E-05 0.870242 9.99738E-05 9.99738E-05
0.567446 9.99736E-05 0.432254 9.99736E-05 9.99736E-05
9.997E-05 0.9996 9.997E-05 9.997E-05 9.997E-05
0.222131 0.777569 9.99735E-05 9.99735E-05 9.99735E-05
9.99824E-05 0.255341 0.187276 0.557183 9.99824E-05
9.99825E-05 0.0684993 0.151812 0.779489 9.99825E-05
0.100628 9.99824E-05 0.592195 0.306977 9.99824E-05
0.374104 0.488096 9.99824E-05 0.1376 9.99824E-05
9.99824E-05 0.13178 0.825376 0.0426447 9.99824E-05
9.99737E-05 0.64998 0.34972 9.99737E-05 9.99737E-05
0.423491 0.258663 9.99825E-05 9.99825E-05 0.317646
0.658724 0.0174897 0.251098 0.0725889 9.99912E-05
9.99824E-05 0.175177 0.2273 0.597323 9.99824E-05
9.99824E-05 9.99824E-05 0.340655 0.373176 0.285969
9.99825E-05 9.99825E-05 0.16481 0.33509 0.499901
0.330948 9.99823E-05 0.48693 0.181922 9.99823E-05
0.41597 0.160753 0.231087 0.0228445 0.169345
0.03026 0.43977 0.019945 0.109129 0.400896
0.0599801 0.377109 9.99912E-05 0.222531 0.34028
0.125904 9.99736E-05 0.873796 9.99736E-05 9.99736E-05
0.975521 9.99736E-05 9.99736E-05 9.99736E-05 0.0241789
0.00771542 0.18564 0.350924 9.99912E-05 0.45562
0.743923 9.99825E-05 9.99825E-05 0.164405 0.0914728
9.99912E-05 0.323704 0.0338456 0.429434 0.212917
9.99824E-05 9.99824E-05 0.0845814 0.526684 0.388534
9.99737E-05 9.99737E-05 0.266779 0.732921 9.99737E-05
9.99736E-05 9.99736E-05 0.645072 9.99736E-05 0.354628
9.99736E-05 9.99736E-05 0.680918 0.318782 9.99736E-05
9.99824E-05 0.379042 0.322839 9.99824E-05 0.297919
9.99735E-05 9.99735E-05 0.624634 9.99735E-05 0.375066
9.99737E-05 9.99737E-05 0.684527 9.99737E-05 0.315173
9.99738E-05 9.99738E-05 0.975174 0.024526 9.99738E-05
9.99735E-05 0.509422 9.99735E-05 0.490278 9.99735E-05
9.99824E-05 0.0741628 0.824421 0.101216 9.99824E-05
0.0965566 0.813884 9.99825E-05 9.99825E-05 0.0893592
9.99739E-05 9.99739E-05 0.41212 0.58758 9.99739E-05
9.99824E-05 9.99824E-05 0.32313 0.543105 0.133565
9.99737E-05 0.402741 9.99737E-05 0.596959 9.99737E-05
0.354629 0.124787 0.325079 0.195405 9.99912E-05
9.99736E-05 9.99736E-05 0.0837344 0.915966 9.99736E-05
0.0895489 0.218579 0.610656 9.99912E-05 0.0811161
0.366931 9.99912E-05 0.276792 0.175847 0.180331
9.99825E-05 9.99825E-05 0.399689 0.406858 0.193253
0.0114216 0.0159257 0.667604 0.275634 0.0294153
9.99824E-05 0.0984885 0.0614793 9.99824E-05 0.839832
