0.0102052 9.9964E-05 0.686197 0.0469164 9.9964E-05 9.9964E-05 0.256281 9.9964E-05
9.9955E-05 9.9955E-05 0.864739 9.9955E-05 9.9955E-05 0.0165273 9.9955E-05 0.118234
0.0711688 9.9964E-05 0.418569 9.9964E-05 9.9964E-05 0.00573489 0.504127 9.9964E-05
9.99641E-05 9.99641E-05 9.99641E-05 0.0579084 0.0312658 0.112227 9.99641E-05 0.798199
9.9955E-05 0.912646 9.9955E-05 9.9955E-05 9.9955E-05 9.9955E-05 0.0553612 0.0314928
9.9964E-05 0.00780848 0.152895 9.9964E-05 9.9964E-05 0.758475 0.0804215 9.9964E-05
0.0631687 9.9973E-05 0.0159157 9.9973E-05 0.841562 0.0162742 0.0627791 9.9973E-05
9.99551E-05 9.99551E-05 0.796048 9.99551E-05 0.00811316 9.99551E-05 9.99551E-05 0.195339
0.431185 9.99461E-05 9.99461E-05 9.99461E-05 9.99461E-05 0.568216 9.99461E-05 9.99461E-05
9.99461E-05 0.588465 9.99461E-05 9.99461E-05 0.410936 9.99461E-05 9.99461E-05 9.99461E-05
9.994E-05 9.994E-05 9.994E-05 9.994E-05 0.9993 9.994E-05 9.994E-05 9.994E-05
9.9955E-05 9.9955E-05 0.373087 9.9955E-05 9.9955E-05 0.0713408 9.9955E-05 0.555072
9.99641E-05 9.99641E-05 9.99641E-05 0.607227 0.281893 0.0877207 0.0227588 9.99641E-05
9.99641E-05 0.00216791 9.99641E-05 9.99641E-05 0.443386 9.99641E-05 0.348339 0.205707
9.994E-05 0.9993 9.994E-05 9.994E-05 9.994E-05 9.994E-05 9.994E-05 9.994E-05
0.936742 9.99462E-05 9.99462E-05 9.99462E-05 9.99462E-05 9.99462E-05 0.0626581 9.99462E-05
9.99461E-05 9.99461E-05 0.0503125 9.99461E-05 9.99461E-05 9.99461E-05 9.99461E-05 0.949088
0.338404 0.0489033 9.9964E-05 9.9964E-05 0.428768 0.183525 9.9964E-05 9.9964E-05
9.9946E-05 9.9946E-05 0.0577626 9.9946E-05 9.9946E-05 0.941638 9.9946E-05 9.9946E-05
0.983236 9.99552E-05 9.99552E-05 0.00497385 9.99552E-05 9.99552E-05 9.99552E-05 0.0112902
0.754314 9.99641E-05 9.99641E-05 0.0907342 9.99641E-05 0.123416 9.99641E-05 0.0311359
0.434577 0.04158 9.99731E-05 9.99731E-05 0.0277702 0.382399 9.99731E-05 0.113374
0.737587 0.124658 9.9973E-05 0.0922741 0.0450754 9.9973E-05 0.000105728 9.9973E-05
0.237388 9.9964E-05 9.9964E-05 9.9964E-05 0.147378 9.9964E-05 0.00460705 0.610227
9.99551E-05 9.99551E-05 9.99551E-05 9.99551E-05 9.99551E-05 0.000341248 0.979984 0.0191745
0.170033 0.829367 9.99461E-05 9.99461E-05 9.99461E-05 9.99461E-05 9.99461E-05 9.99461E-05
9.99462E-05 9.99462E-05 9.99462E-05 9.99462E-05 9.99462E-05 9.99462E-05 0.124554 0.874846
9.99731E-05 9.99731E-05 9.99731E-05 0.160004 0.185241 0.606012 0.0228176 0.0256252
9.994E-05 9.994E-05 0.9993 9.994E-05 9.994E-05 9.994E-05 9.994E-05 9.994E-05
0.0609872 9.99552E-05 9.99552E-05 9.99552E-05 9.99552E-05 0.491982 9.99552E-05 0.446531
9.99461E-05 9.99461E-05 9.99461E-05 9.99461E-05 0.415448 9.99461E-05 0.583952 9.99461E-05
9.994E-05 9.994E-05 9.994E-05 9.994E-05 9.994E-05 9.994E-05 0.9993 9.994E-05
9.9964E-05 0.0735572 9.9964E-05 0.133785 0.776466 9.9964E-05 0.0157915 9.9964E-05
9.99551E-05 0.0110745 9.99551E-05 9.99551E-05 9.99551E-05 0.851991 0.136435 9.99551E-05
9.994E-05 9.994E-05 9.994E-05 9.994E-05 9.994E-05 9.994E-05 9.994E-05 0.9993
0.918681 9.99551E-05 9.99551E-05 9.99551E-05 9.99551E-05 0.071588 0.00923127 9.99551E-05
0.180792 9.99461E-05 9.99461E-05 9.99461E-05 9.99461E-05 0.818608 9.99461E-05 9.99461E-05
0.0192943 9.9964E-05 9.9964E-05 9.9964E-05 0.102574 0.867658 9.9964E-05 0.0100731
9.99551E-05 9.99551E-05 0.182816 9.99551E-05 0.786427 0.0302575 9.99551E-05 9.99551E-05
9.99641E-05 0.0259028 9.99641E-05 9.99641E-05 0.021294 0.768854 9.99641E-05 0.18355
9.9955E-05 9.9955E-05 0.0310124 9.9955E-05 9.9955E-05 0.795686 9.9955E-05 0.172802
9.9955E-05 9.9955E-05 0.19323 9.9955E-05 9.9955E-05 0.126463 9.9955E-05 0.679808
0.776479 0.152459 9.99551E-05 0.0705624 9.99551E-05 9.99551E-05 9.99551E-05 9.99551E-05
9.99461E-05 9.99461E-05 0.0137395 9.99461E-05 9.99461E-05 9.99461E-05 0.985661 9.99461E-05
9.994E-05 9.994E-05 9.994E-05 0.9993 9.994E-05 9.994E-05 9.994E-05 9.994E-05
9.99461E-05 9.99461E-05 0.457827 9.99461E-05 9.99461E-05 9.99461E-05 9.99461E-05 0.541573
0.810414 9.99461E-05 9.99461E-05 9.99461E-05 9.99461E-05 0.188986 9.99461E-05 9.99461E-05
0.03686 9.99552E-05 9.99552E-05 0.0693742 9.99552E-05 0.893266 9.99552E-05 9.99552E-05
9.99461E-05 9.99461E-05 9.99461E-05 0.988891 9.99461E-05 9.99461E-05 9.99461E-05 0.010509
0.721653 9.99641E-05 9.99641E-05 9.99641E-05 0.0457983 0.218273 9.99641E-05 0.0138754
