9.99551E-05 9.99551E-05 9.99551E-05 0.578132 9.99551E-05 0.342263 0.0791047 9.99551E-05
9.9955E-05 9.9955E-05 0.200904 0.727971 9.9955E-05 9.9955E-05 0.0706257 9.9955E-05
9.9955E-05 9.9955E-05 9.9955E-05 0.376838 9.9955E-05 0.587 0.0356618 9.9955E-05
9.99461E-05 9.99461E-05 0.958707 9.99461E-05 9.99461E-05 9.99461E-05 9.99461E-05 0.0406931
0.766421 9.9964E-05 0.0322665 9.9964E-05 0.120608 0.0803042 9.9964E-05 9.9964E-05
9.9955E-05 9.9955E-05 9.9955E-05 0.072577 9.9955E-05 0.0891091 9.9955E-05 0.837814
9.9964E-05 0.183801 0.244812 9.9964E-05 0.471845 0.0991427 9.9964E-05 9.9964E-05
9.99641E-05 9.99641E-05 9.99641E-05 0.896496 0.00264263 0.0439593 0.056502 9.99641E-05
9.99551E-05 0.150071 9.99551E-05 9.99551E-05 9.99551E-05 9.99551E-05 0.316304 0.533126
0.168419 9.99461E-05 9.99461E-05 9.99461E-05 0.830981 9.99461E-05 9.99461E-05 9.99461E-05
9.994E-05 9.994E-05 9.994E-05 9.994E-05 0.9993 9.994E-05 9.994E-05 9.994E-05
9.99461E-05 9.99461E-05 9.99461E-05 0.934718 9.99461E-05 9.99461E-05 9.99461E-05 0.0646822
0.551718 0.180601 0.0752098 0.0209142 0.0643656 0.106992 9.9982E-05 9.9982E-05
9.99551E-05 9.99551E-05 0.375248 9.99551E-05 0.336778 0.287475 9.99551E-05 9.99551E-05
0.9993 9.994E-05 9.994E-05 9.994E-05 9.994E-05 9.994E-05 9.994E-05 9.994E-05
9.994E-05 0.9993 9.994E-05 9.994E-05 9.994E-05 9.994E-05 9.994E-05 9.994E-05
9.9973E-05 9.9973E-05 0.177332 0.679791 0.019634 0.0451997 9.9973E-05 0.0777428
9.9955E-05 0.679267 9.9955E-05 9.9955E-05 0.243361 9.9955E-05 9.9955E-05 0.0768723
9.99461E-05 9.99461E-05 9.99461E-05 0.0795677 9.99461E-05 9.99461E-05 9.99461E-05 0.919833
9.994E-05 9.994E-05 9.994E-05 9.994E-05 9.994E-05 9.994E-05 0.9993 9.994E-05
9.99641E-05 9.99641E-05 0.0237304 9.99641E-05 0.0033572 0.00173595 0.970777 9.99641E-05
9.99551E-05 0.487552 9.99551E-05 0.115951 9.99551E-05 9.99551E-05 9.99551E-05 0.395998
0.0559836 0.943089 9.99551E-05 9.99551E-05 9.99551E-05 9.99551E-05 0.000427409 9.99551E-05
9.9955E-05 9.9955E-05 0.728287 9.9955E-05 0.034039 9.9955E-05 0.237174 9.9955E-05
9.9955E-05 9.9955E-05 0.0214438 9.9955E-05 9.9955E-05 0.940857 9.9955E-05 0.0371996
0.853821 0.0433838 9.9964E-05 0.009042 9.9964E-05 9.9964E-05 0.0933537 9.9964E-05
9.994E-05 9.994E-05 0.9993 9.994E-05 9.994E-05 9.994E-05 9.994E-05 9.994E-05
0.318162 9.99641E-05 0.188842 9.99641E-05 0.00803512 9.99641E-05 9.99641E-05 0.484562
9.99463E-05 0.000802176 9.99463E-05 0.998598 9.99463E-05 9.99463E-05 9.99463E-05 9.99463E-05
9.996E-05 9.996E-05 0.10765 0.248687 0.0258733 9.996E-05 9.996E-05 0.61739
9.99551E-05 9.99551E-05 9.99551E-05 0.0205851 0.378018 0.600898 9.99551E-05 9.99551E-05
9.994E-05 9.994E-05 9.994E-05 9.994E-05 9.994E-05 0.9993 9.994E-05 9.994E-05
0.121335 9.9964E-05 0.0357238 9.9964E-05 0.775493 0.0670485 9.9964E-05 9.9964E-05
9.99551E-05 0.0471173 9.99551E-05 9.99551E-05 9.99551E-05 0.104904 9.99551E-05 0.847479
9.9955E-05 9.9955E-05 0.704162 0.272746 9.9955E-05 9.9955E-05 9.9955E-05 0.0225922
9.9955E-05 0.818189 9.9955E-05 9.9955E-05 9.9955E-05 9.9955E-05 0.163865 0.0174454
9.99641E-05 0.0747088 0.023073 9.99641E-05 9.99641E-05 9.99641E-05 0.119731 0.782087
0.0519232 9.99551E-05 9.99551E-05 9.99551E-05 9.99551E-05 0.00855601 9.99551E-05 0.939021
9.99641E-05 9.99641E-05 9.99641E-05 0.137484 0.784949 9.99641E-05 0.0133941 0.0637731
9.99552E-05 9.99552E-05 0.0877637 9.99552E-05 0.0118038 9.99552E-05 9.99552E-05 0.899933
9.99461E-05 9.99461E-05 9.99461E-05 0.221566 9.99461E-05 9.99461E-05 9.99461E-05 0.777834
9.99461E-05 9.99461E-05 9.99461E-05 0.849208 9.99461E-05 9.99461E-05 9.99461E-05 0.150192
0.141954 9.99462E-05 9.99462E-05 9.99462E-05 9.99462E-05 9.99462E-05 0.857446 9.99462E-05
9.994E-05 9.994E-05 9.994E-05 9.994E-05 9.994E-05 0.9993 9.994E-05 9.994E-05
0.9993 9.994E-05 9.994E-05 9.994E-05 9.994E-05 9.994E-05 9.994E-05 9.994E-05
9.99462E-05 9.99462E-05 0.0273783 0.972022 9.99462E-05 9.99462E-05 9.99462E-05 9.99462E-05
9.9955E-05 0.13023 9.9955E-05 9.9955E-05 9.9955E-05 9.9955E-05 0.656809 0.212462
0.021064 0.0677012 9.99552E-05 9.99552E-05 9.99552E-05 9.99552E-05 9.99552E-05 0.910735
0.556515 9.99731E-05 0.00507811 0.0417302 9.99731E-05 0.0466764 0.349701 9.99731E-05
9.99551E-05 9.99551E-05 9.99551E-05 9.99551E-05 0.00868765 9.99551E-05 0.868075 0.122738
