9.99641E-05 0.232785 0.537792 9.99641E-05 0.17546 0.0535621 9.99641E-05 9.99641E-05
9.9946E-05 9.9946E-05 0.803589 0.195811 9.9946E-05 9.9946E-05 9.9946E-05 9.9946E-05
9.9946E-05 0.580277 0.419123 9.9946E-05 9.9946E-05 9.9946E-05 9.9946E-05 9.9946E-05
0.0663078 9.99551E-05 9.99551E-05 0.932929 0.000263763 9.99551E-05 9.99551E-05 9.99551E-05
9.9955E-05 9.9955E-05 9.9955E-05 0.035216 9.9955E-05 0.146258 9.9955E-05 0.818026
0.802306 0.0641982 0.132996 9.9955E-05 9.9955E-05 9.9955E-05 9.9955E-05 9.9955E-05
9.9964E-05 0.240491 9.9964E-05 0.278484 9.9964E-05 9.9964E-05 0.0635485 0.417077
9.99551E-05 0.0551517 0.790318 9.99551E-05 0.154031 9.99551E-05 9.99551E-05 9.99551E-05
0.413965 9.99461E-05 9.99461E-05 9.99461E-05 9.99461E-05 9.99461E-05 0.585436 9.99461E-05
9.994E-05 9.994E-05 9.994E-05 9.994E-05 9.994E-05 9.994E-05 9.994E-05 0.9993
9.99552E-05 0.0319538 0.0252164 9.99552E-05 9.99552E-05 9.99552E-05 9.99552E-05 0.94233
9.9955E-05 9.9955E-05 0.18436 9.9955E-05 0.788614 0.0265265 9.9955E-05 9.9955E-05
0.0366515 0.143035 9.9973E-05 9.9973E-05 9.9973E-05 0.111705 0.239109 0.4692
9.99551E-05 0.455394 9.99551E-05 0.352318 9.99551E-05 9.99551E-05 9.99551E-05 0.191789
9.99551E-05 9.99551E-05 9.99551E-05 9.99551E-05 9.99551E-05 0.18988 0.0495586 0.760062
9.994E-05 9.994E-05 9.994E-05 9.994E-05 9.994E-05 9.994E-05 0.9993 9.994E-05
9.99461E-05 9.99461E-05 9.99461E-05 0.089587 0.909813 9.99461E-05 9.99461E-05 9.99461E-05
0.102849 9.9955E-05 9.9955E-05 9.9955E-05 9.9955E-05 9.9955E-05 0.529405 0.367247
0.90695 9.9946E-05 0.0924501 9.9946E-05 9.9946E-05 9.9946E-05 9.9946E-05 9.9946E-05
9.994E-05 9.994E-05 9.994E-05 9.994E-05 9.994E-05 0.9993 9.994E-05 9.994E-05
0.0241241 9.99641E-05 0.0477764 9.99641E-05 9.99641E-05 0.586525 0.341175 9.99641E-05
0.0467561 9.99551E-05 9.99551E-05 9.99551E-05 0.329408 9.99551E-05 0.623336 9.99551E-05
9.9964E-05 0.0137311 9.9964E-05 9.9964E-05 9.9964E-05 0.121198 0.735042 0.12963
9.9955E-05 9.9955E-05 0.00894905 0.739219 9.9955E-05 0.251332 9.9955E-05 9.9955E-05
0.0678951 0.931505 9.99461E-05 9.99461E-05 9.99461E-05 9.99461E-05 9.99461E-05 9.99461E-05
9.9955E-05 9.9955E-05 9.9955E-05 9.9955E-05 9.9955E-05 0.519086 0.0632356 0.417178
9.994E-05 9.994E-05 9.994E-05 0.9993 9.994E-05 9.994E-05 9.994E-05 9.994E-05
0.489795 0.08029 9.99731E-05 9.99731E-05 0.17119 9.99731E-05 0.0743365 0.184088
9.994E-05 9.994E-05 0.9993 9.994E-05 9.994E-05 9.994E-05 9.994E-05 9.994E-05
0.653987 9.99642E-05 0.0363519 9.99642E-05 0.286835 9.99642E-05 9.99642E-05 0.0224266
9.99551E-05 0.844201 9.99551E-05 9.99551E-05 0.028662 9.99551E-05 9.99551E-05 0.126637
9.994E-05 0.9993 9.994E-05 9.994E-05 9.994E-05 9.994E-05 9.994E-05 9.994E-05
9.9946E-05 0.169933 9.9946E-05 9.9946E-05 9.9946E-05 9.9946E-05 9.9946E-05 0.829468
0.903667 0.0566112 9.99551E-05 9.99551E-05 9.99551E-05 9.99551E-05 0.0392219 9.99551E-05
9.994E-05 9.994E-05 9.994E-05 0.524224 0.475176 9.994E-05 9.994E-05 9.994E-05
9.9955E-05 9.9955E-05 0.012756 9.9955E-05 9.9955E-05 0.0772436 0.909501 9.9955E-05
0.764573 9.99551E-05 9.99551E-05 9.99551E-05 9.99551E-05 0.0390793 0.195848 9.99551E-05
0.897464 9.9964E-05 0.0433951 9.9964E-05 9.9964E-05 9.9964E-05 0.0208778 0.0378635
0.0414954 0.221814 0.186055 9.99641E-05 9.99641E-05 9.99641E-05 9.99641E-05 0.550235
0.798958 9.99641E-05 9.99641E-05 0.156245 9.99641E-05 0.0380471 9.99641E-05 0.00635012
0.623788 9.9946E-05 9.9946E-05 9.9946E-05 0.375613 9.9946E-05 9.9946E-05 9.9946E-05
9.994E-05 9.994E-05 9.994E-05 9.994E-05 0.9993 9.994E-05 9.994E-05 9.994E-05
9.994E-05 9.994E-05 9.994E-05 9.994E-05 9.994E-05 0.9993 9.994E-05 9.994E-05
9.99461E-05 0.992435 9.99461E-05 9.99461E-05 9.99461E-05 9.99461E-05 0.00696529 9.99461E-05
9.99461E-05 9.99461E-05 9.99461E-05 9.99461E-05 9.99461E-05 0.556893 9.99461E-05 0.442508
9.99641E-05 9.99641E-05 0.0648997 0.00363349 0.915713 9.99641E-05 0.0153538 9.99641E-05
0.178457 9.9964E-05 0.0170477 9.9964E-05 9.9964E-05 0.14919 0.654906 9.9964E-05
0.760284 9.99462E-05 9.99462E-05 9.99462E-05 9.99462E-05 9.99462E-05 0.239117 9.99462E-05
9.99641E-05 0.21066 9.99641E-05 0.0119599 9.99641E-05 0.732874 9.99641E-05 0.0441057
0.312027 9.99551E-05 9.99551E-05 9.99551E-05 9.99551E-05 0.61259 0.0748832 9.99551E-05
