9.99551E-05 9.99551E-05 9.99551E-05 9.99551E-05 9.99551E-05 0.388216 0.00951222 0.601772
9.99551E-05 0.08581 9.99551E-05 9.99551E-05 9.99551E-05 9.99551E-05 0.00768635 0.906004
9.9955E-05 9.9955E-05 9.9955E-05 9.9955E-05 9.9955E-05 0.605902 0.0260921 0.367506
9.99462E-05 0.901356 0.0980446 9.99462E-05 9.99462E-05 9.99462E-05 9.99462E-05 9.99462E-05
0.268415 9.99551E-05 9.99551E-05 9.99551E-05 0.694837 0.0362479 9.99551E-05 9.99551E-05
9.99641E-05 9.99641E-05 0.770241 0.109139 9.99641E-05 0.050219 9.99641E-05 0.070001
0.425868 0.12674 9.9964E-05 0.119413 9.9964E-05 0.32758 9.9964E-05 9.9964E-05
0.0745495 9.99461E-05 9.99461E-05 9.99461E-05 9.99461E-05 9.99461E-05 9.99461E-05 0.924851
9.99462E-05 9.99462E-05 0.528114 0.471286 9.99462E-05 9.99462E-05 9.99462E-05 9.99462E-05
0.896619 9.994E-05 9.994E-05 9.994E-05 0.102781 9.994E-05 9.994E-05 9.994E-05
0.9993 9.994E-05 9.994E-05 9.994E-05 9.994E-05 9.994E-05 9.994E-05 9.994E-05
9.99461E-05 9.99461E-05 0.101739 9.99461E-05 9.99461E-05 9.99461E-05 9.99461E-05 0.897661
0.00906734 0.0144367 0.0543389 0.160361 0.524307 0.236681 9.9991E-05 0.000707432
0.0940675 0.0718552 0.0224067 9.99731E-05 9.99731E-05 0.764045 0.0473261 9.99731E-05
0.107636 9.99461E-05 9.99461E-05 9.99461E-05 0.891764 9.99461E-05 9.99461E-05 9.99461E-05
9.994E-05 9.994E-05 9.994E-05 0.9993 9.994E-05 9.994E-05 9.994E-05 9.994E-05
9.99551E-05 0.441833 0.0118426 9.99551E-05 9.99551E-05 9.99551E-05 9.99551E-05 0.545824
0.329664 9.9955E-05 0.195861 0.473975 9.9955E-05 9.9955E-05 9.9955E-05 9.9955E-05
9.99461E-05 9.99461E-05 0.95283 9.99461E-05 9.99461E-05 9.99461E-05 9.99461E-05 0.0465704
9.99551E-05 0.0466911 9.99551E-05 0.436269 9.99551E-05 9.99551E-05 0.516541 9.99551E-05
9.994E-05 9.994E-05 9.994E-05 9.994E-05 9.994E-05 9.994E-05 0.9993 9.994E-05
9.9964E-05 0.104769 0.357008 0.509051 9.9964E-05 9.9964E-05 9.9964E-05 0.0287716
0.0296331 9.99641E-05 9.99641E-05 0.864613 0.087127 0.0182267 9.99641E-05 9.99641E-05
9.99641E-05 0.83052 9.99641E-05 0.0762772 9.99641E-05 0.0105517 0.0822514 9.99641E-05
9.99461E-05 0.0750806 9.99461E-05 9.99461E-05 9.99461E-05 0.92432 9.99461E-05 9.99461E-05
9.99461E-05 9.99461E-05 9.99461E-05 0.0794319 0.919968 9.99461E-05 9.99461E-05 9.99461E-05
9.994E-05 0.9993 9.994E-05 9.994E-05 9.994E-05 9.994E-05 9.994E-05 9.994E-05
0.0466779 9.99641E-05 0.54985 9.99641E-05 0.292802 0.11027 9.99641E-05 9.99641E-05
9.99463E-05 9.99463E-05 9.99463E-05 0.0353293 9.99463E-05 9.99463E-05 9.99463E-05 0.964071
0.0246149 0.184538 0.688945 9.99641E-05 9.99641E-05 9.99641E-05 9.99641E-05 0.101503
0.129591 9.99461E-05 9.99461E-05 9.99461E-05 9.99461E-05 0.86981 9.99461E-05 9.99461E-05
9.994E-05 9.994E-05 9.994E-05 9.994E-05 9.994E-05 0.9993 9.994E-05 9.994E-05
0.696725 9.9955E-05 9.9955E-05 9.9955E-05 0.18428 0.118495 9.9955E-05 9.9955E-05
9.99461E-05 9.99461E-05 0.920714 9.99461E-05 9.99461E-05 0.0786866 9.99461E-05 9.99461E-05
9.9955E-05 0.832712 0.0184089 9.9955E-05 9.9955E-05 9.9955E-05 9.9955E-05 0.14838
9.9946E-05 9.9946E-05 9.9946E-05 0.938461 9.9946E-05 9.9946E-05 9.9946E-05 0.0609394
9.99551E-05 9.99551E-05 0.818175 0.0452223 9.99551E-05 9.99551E-05 0.136103 9.99551E-05
0.0213083 0.0585715 0.768904 0.125946 9.9973E-05 0.0249699 9.9973E-05 9.9973E-05
0.829349 9.99551E-05 0.00878646 9.99551E-05 9.99551E-05 9.99551E-05 9.99551E-05 0.161365
9.99551E-05 0.23411 0.716974 9.99551E-05 0.0484155 9.99551E-05 9.99551E-05 9.99551E-05
9.9946E-05 9.9946E-05 0.804338 9.9946E-05 9.9946E-05 9.9946E-05 9.9946E-05 0.195063
9.99461E-05 9.99461E-05 0.208859 9.99461E-05 9.99461E-05 9.99461E-05 9.99461E-05 0.790541
9.99461E-05 9.99461E-05 9.99461E-05 9.99461E-05 0.0660144 9.99461E-05 0.933386 9.99461E-05
9.994E-05 9.994E-05 9.994E-05 9.994E-05 9.994E-05 0.9993 9.994E-05 9.994E-05
9.994E-05 9.994E-05 9.994E-05 9.994E-05 0.9993 9.994E-05 9.994E-05 9.994E-05
0.00716642 0.146403 9.99641E-05 0.0178685 9.99641E-05 9.99641E-05 9.99641E-05 0.828162
9.99551E-05 9.99551E-05 0.19315 0.560384 9.99551E-05 9.99551E-05 0.245966 9.99551E-05
9.99552E-05 9.99552E-05 0.786548 0.183088 9.99552E-05 9.99552E-05 0.029865 9.99552E-05
9.99551E-05 0.103031 9.99551E-05 9.99551E-05 0.806644 9.99551E-05 0.0898258 9.99551E-05
0.0435515 9.99551E-05 0.0713372 9.99551E-05 9.99551E-05 9.99551E-05 0.884612 9.99551E-05
