0.33242 0.402166 0.265415
0.708023 0.151092 0.140886
0.200801 0.799099 9.99912E-05
0.281683 9.99913E-05 0.718217
0.683496 9.99912E-05 0.316404
0.9998 9.999E-05 9.999E-05
9.999E-05 0.17762 0.82228
9.999E-05 0.9998 9.999E-05
9.999E-05 0.9998 9.999E-05
0.30355 9.99912E-05 0.69635
0.832331 0.167569 9.99912E-05
0.0581305 0.0465303 0.895339
9.99913E-05 0.918589 0.0813113
9.99912E-05 0.565838 0.434062
0.700325 9.99912E-05 0.299575
0.218683 0.781217 9.99912E-05
0.21111 9.99913E-05 0.788791
0.0985774 0.0981839 0.803239
9.999E-05 9.999E-05 0.9998
0.148426 0.423543 0.428031
9.99912E-05 0.733733 0.266167
0.237351 0.115732 0.646917
0.830262 9.99913E-05 0.169638
9.999E-05 9.999E-05 0.9998
0.394743 0.0894449 0.515812
0.4783 0.209925 0.311775
0.872077 9.99912E-05 0.127823
0.238572 0.27555 0.485878
0.86409 0.13581 9.99913E-05
0.305655 0.694245 9.99912E-05
0.786011 0.213889 9.99912E-05
0.0340258 0.55879 0.407184
9.99912E-05 0.129038 0.870862
0.9998 9.999E-05 9.999E-05
9.999E-05 9.999E-05 0.9998
0.281037 0.0167146 0.702249
0.9998 9.999E-05 9.999E-05
0.421614 0.246467 0.331919
0.799543 0.200357 9.99912E-05
9.99913E-05 0.226347 0.773553
0.736953 0.262947 9.99912E-05
9.99913E-05 0.593295 0.406605
9.99913E-05 0.0315949 0.968305
0.411331 0.398709 0.18996
0.611223 0.137987 0.25079
9.99912E-05 0.247498 0.752402
9.99912E-05 0.191199 0.808701
0.868236 0.131664 9.99912E-05
0.391468 9.99912E-05 0.608432
9.99912E-05 0.186633 0.813267
0.786217 0.213683 9.99913E-05
0.54476 9.99912E-05 0.45514
0.275968 9.99912E-05 0.723932
0.822848 9.99912E-05 0.177052
0.400542 0.222256 0.377202
9.99912E-05 0.531291 0.468609
0.0227156 0.321085 0.6562
9.99912E-05 0.340396 0.659504
0.9998 9.999E-05 9.999E-05
0.00812009 0.109702 0.882178
0.716646 9.99913E-05 0.283254
0.462987 0.362174 0.174839
0.800797 9.99912E-05 0.199103
0.676272 0.323628 9.99913E-05
0.537002 0.364701 0.0982971
9.999E-05 9.999E-05 0.9998
9.99912E-05 0.485872 0.514028
0.357585 0.346726 0.295689
0.13554 0.657839 0.206621
0.0496358 0.394535 0.555829
9.99913E-05 0.333307 0.666593
0.502981 0.274079 0.22294
0.0477108 0.709367 0.242922
9.999E-05 0.9998 9.999E-05
0.39847 0.560208 0.0413221
0.0813684 0.395944 0.522688
0.0936554 0.906245 9.99913E-05
0.769518 9.99913E-05 0.230382
0.822616 9.99913E-05 0.177284
0.682332 0.256488 0.06118
0.9998 9.999E-05 9.999E-05
9.999E-05 0.9998 9.999E-05
0.622343 9.99912E-05 0.377557
9.999E-05 9.999E-05 0.9998
0.779682 9.99912E-05 0.220218
0.267065 0.494243 0.238692
0.00285743 0.411762 0.585381
0.120719 0.0975943 0.781687
0.65512 0.34478 9.99913E-05
0.295848 9.99912E-05 0.704052
0.810646 0.189254 9.99913E-05
0.854306 9.99912E-05 0.145594
9.99913E-05 0.316996 0.682904
9.99912E-05 0.726683 0.273217
0.698009 9.99912E-05 0.301891
0.425204 9.99912E-05 0.574696
9.999E-05 9.999E-05 0.9998
0.550811 0.0718643 0.377324
0.200047 9.99913E-05 0.799853
0.364309 9.99912E-05 0.635591
0.317327 9.99912E-05 0.682573
9.99912E-05 0.583176 0.416724
9.999E-05 9.999E-05 0.9998
9.99913E-05 0.633314 0.366586
0.233439 0.766461 9.99912E-05
0.550427 0.449473 9.99913E-05
0.387649 0.410091 0.202261
0.9998 9.999E-05 9.999E-05
0.0755559 0.149084 0.77536
0.525383 0.29922 0.175396
0.825216 9.99912E-05 0.174684
0.455094 9.99912E-05 0.544806
0.821561 9.99912E-05 0.178339
0.9998 9.999E-05 9.999E-05
0.536011 0.391699 0.0722905
9.999E-05 0.9998 9.999E-05
0.675285 0.256306 0.0684094
0.967713 9.99913E-05 0.0321873
0.210287 0.425471 0.364242
0.081324 0.293052 0.625624
0.773528 9.99912E-05 0.226372
9.999E-05 9.999E-05 0.9998
0.135955 0.792497 0.0715484
0.697249 9.99912E-05 0.302651
0.00617382 9.99912E-05 0.993726
0.272918 0.647002 0.0800799
0.802546 0.00868844 0.188765
9.99912E-05 0.946186 0.0537144
0.348703 9.99913E-05 0.651197
9.99912E-05 0.470644 0.529256
0.271469 9.99912E-05 0.728431
0.176573 0.524672 0.298755
9.999E-05 9.999E-05 0.9998
0.419344 0.580556 9.99913E-05
0.320945 0.578985 0.10007
9.999E-05 9.999E-05 0.9998
0.0329224 9.99913E-05 0.966978
0.896238 9.99912E-05 0.103662
0.0215912 0.145698 0.832711
0.9998 9.999E-05 9.999E-05
0.886111 9.99913E-05 0.113789
9.99912E-05 0.550885 0.449015
9.99913E-05 0.11075 0.88915
9.99912E-05 0.443278 0.556622
0.9998 9.999E-05 9.999E-05
0.637382 0.362518 9.99912E-05
0.119676 0.394547 0.485777
9.999E-05 9.999E-05 0.9998
0.533479 0.398684 0.0678373
9.99912E-05 0.0525554 0.947345
9.999E-05 9.999E-05 0.9998
9.99912E-05 0.844918 0.154982
9.99913E-05 0.0709836 0.928916
0.381087 9.99912E-05 0.618813
9.999E-05 0.9998 9.999E-05
9.99912E-05 0.640598 0.359302
0.477091 9.99912E-05 0.522809
0.93126 0.0686401 9.99913E-05
0.173696 0.799642 0.0266615
0.30298 0.54264 0.15438
9.99912E-05 0.303591 0.696309
0.782311 0.217589 9.99912E-05
0.488846 0.0360827 0.475072
0.677737 0.322163 9.99913E-05
0.318721 0.681179 9.99913E-05
0.369112 9.99912E-05 0.630788
9.99913E-05 0.999138 0.000761937
9.99913E-05 0.169523 0.830377
9.999E-05 9.999E-05 0.9998
0.473578 0.353628 0.172794
9.99912E-05 0.47069 0.52921
0.645597 0.354303 9.99912E-05
9.999E-05 9.999E-05 0.9998
0.64293 0.307591 0.0494794
0.705409 9.99912E-05 0.294491
0.248803 0.574378 0.176819
0.587136 0.346541 0.0663223
9.99912E-05 0.0486049 0.951295
0.257812 0.210711 0.531478
0.725034 0.26842 0.00654557
0.965604 0.0342958 9.99912E-05
9.99912E-05 0.262239 0.737661
9.99913E-05 0.164909 0.834991
0.701793 0.298107 9.99912E-05
0.428939 9.99912E-05 0.570961
9.999E-05 9.999E-05 0.9998
0.382523 9.99912E-05 0.617377
0.0526609 0.947239 9.99912E-05
9.99912E-05 0.694588 0.305312
0.116528 0.241372 0.6421
9.99912E-05 0.536371 0.463529
9.99912E-05 0.899915 0.0999846
0.613265 0.386635 9.99912E-05
9.99912E-05 0.285206 0.714694
0.466001 0.0660665 0.467932
9.99912E-05 0.797731 0.202169
0.605561 0.132127 0.262312
0.358442 9.99912E-05 0.641458
0.330727 0.336729 0.332544
9.99911E-05 0.233804 0.766096
0.28348 0.244355 0.472165
0.203805 0.381433 0.414763
0.990721 0.00917874 9.99912E-05
0.583033 0.416867 9.99912E-05
0.00270361 0.0745146 0.922782
0.168117 0.66929 0.162593
0.659704 0.275569 0.0647267
9.99912E-05 0.735513 0.264387
9.999E-05 9.999E-05 0.9998
0.593511 9.99912E-05 0.406389
0.574089 0.425811 9.99912E-05
0.202818 0.419454 0.377728
9.999E-05 9.999E-05 0.9998
9.999E-05 0.9998 9.999E-05
0.9998 9.999E-05 9.999E-05
0.630573 0.369327 9.99913E-05
0.305626 0.694274 9.99912E-05
0.0569081 0.0440916 0.899
9.999E-05 9.999E-05 0.9998
9.999E-05 9.999E-05 0.9998
0.532425 9.99913E-05 0.467475
9.999E-05 9.999E-05 0.9998
0.550635 0.449265 9.99912E-05
0.262842 0.69823 0.0389274
0.586072 0.413828 9.99912E-05
0.0571585 0.00213841 0.940703
0.380277 0.141136 0.478587
0.678709 0.321192 9.99912E-05
0.434814 0.253862 0.311324
0.500029 0.499871 9.99913E-05
0.652265 9.99912E-05 0.347635
0.987445 9.99913E-05 0.0124549
0.0602489 9.99913E-05 0.939651
0.9998 9.999E-05 9.999E-05
0.9998 9.999E-05 9.999E-05
0.365976 9.99912E-05 0.633924
9.99913E-05 0.41599 0.58391
0.799993 0.199907 9.99913E-05
0.841405 9.99912E-05 0.158495
0.66663 0.189636 0.143735
9.99913E-05 0.382441 0.617459
9.99912E-05 0.0029954 0.996905
9.999E-05 0.9998 9.999E-05
0.64608 0.35382 9.99913E-05
9.99912E-05 0.0830805 0.91682
9.99912E-05 0.121199 0.878701
0.337255 0.0636283 0.599117
9.99913E-05 0.782191 0.217709
0.393649 0.489351 0.116999
0.732678 0.267222 9.99912E-05
0.689296 9.99912E-05 0.310604
0.0473824 9.99913E-05 0.952518
0.608737 0.130333 0.260931
0.336323 0.663577 9.99912E-05
0.121559 0.274739 0.603702
0.109451 9.99912E-05 0.890449
0.686522 0.313378 9.99913E-05
0.0781983 0.400373 0.521429
0.0514586 9.99913E-05 0.948441
0.961571 0.0383286 9.99912E-05
9.99912E-05 0.440217 0.559683
