0.722877 0.277023 9.99912E-05
0.709117 0.290783 9.99912E-05
0.183342 9.99913E-05 0.816558
0.9998 9.999E-05 9.999E-05
0.0702562 9.99913E-05 0.929644
0.9998 9.999E-05 9.999E-05
0.110953 9.99912E-05 0.888947
0.776868 0.223032 9.99913E-05
0.49107 0.50883 9.99912E-05
0.180169 0.819731 9.99912E-05
0.222749 0.777151 9.99912E-05
0.216575 0.783325 9.99912E-05
9.99912E-05 0.764289 0.235611
0.9998 9.999E-05 9.999E-05
9.99912E-05 0.200073 0.799827
0.9998 9.999E-05 9.999E-05
9.999E-05 0.9998 9.999E-05
0.9998 9.999E-05 9.999E-05
0.873114 0.126786 9.99913E-05
0.788009 0.178983 0.0330084
0.497284 9.99913E-05 0.502616
0.548899 9.99912E-05 0.451001
9.99913E-05 0.792346 0.207554
0.9998 9.999E-05 9.999E-05
0.266743 0.00851488 0.724742
0.12809 0.825033 0.046877
0.587465 9.99912E-05 0.412435
0.197682 0.802218 9.99912E-05
9.999E-05 9.999E-05 0.9998
0.168452 0.349917 0.481631
9.999E-05 9.999E-05 0.9998
9.999E-05 0.9998 9.999E-05
0.29999 0.337243 0.362767
0.63197 0.36793 9.99912E-05
0.337119 0.662781 9.99912E-05
0.878082 9.99912E-05 0.121818
0.179165 0.644459 0.176376
0.284653 0.715247 9.99913E-05
0.0243897 0.66592 0.30969
0.385557 0.120155 0.494288
0.302457 9.99911E-05 0.697443
9.99912E-05 0.393121 0.606779
0.189466 0.810434 9.99912E-05
0.9998 9.999E-05 9.999E-05
9.99913E-05 0.943033 0.056867
0.9998 9.999E-05 9.999E-05
0.976245 0.0236546 9.99912E-05
0.9998 9.999E-05 9.999E-05
0.946405 9.99912E-05 0.0534951
9.999E-05 0.9998 9.999E-05
0.610319 0.0213413 0.368339
9.99912E-05 0.650352 0.349548
0.634877 9.99913E-05 0.365023
0.163939 9.99912E-05 0.835962
0.266158 0.698574 0.0352684
0.254412 0.00377693 0.741812
0.540669 0.459231 9.99912E-05
0.295761 0.666425 0.0378142
0.9998 9.999E-05 9.999E-05
0.995402 0.00449778 9.99912E-05
0.118437 0.801936 0.0796271
9.99913E-05 0.37321 0.62669
0.0987708 0.110555 0.790674
0.974982 9.99913E-05 0.0249185
0.702548 0.297352 9.99911E-05
0.478717 0.521183 9.99912E-05
9.99912E-05 0.598374 0.401526
0.0587947 0.840996 0.100209
0.414912 0.299519 0.285569
9.99912E-05 0.205504 0.794396
0.86093 9.99912E-05 0.13897
0.882109 0.0632995 0.0545919
0.519362 9.99912E-05 0.480538
0.630276 9.99913E-05 0.369624
9.99912E-05 0.496881 0.503019
0.253334 0.67886 0.0678063
0.0439311 0.135705 0.820364
0.9998 9.999E-05 9.999E-05
0.0644294 0.463095 0.472475
9.99913E-05 0.617705 0.382195
9.99913E-05 0.156811 0.843089
0.115385 0.884515 9.99913E-05
0.209562 0.0226678 0.76777
0.947264 0.0526361 9.99912E-05
0.428696 0.571204 9.99912E-05
0.354727 9.99911E-05 0.645173
9.99912E-05 0.501226 0.498674
0.420697 9.99912E-05 0.579203
9.99913E-05 0.822967 0.176933
0.646925 0.0540429 0.299032
0.9998 9.999E-05 9.999E-05
0.901635 9.99912E-05 0.0982653
0.2522 0.397066 0.350734
0.839114 0.160786 9.99913E-05
0.183545 0.29685 0.519605
0.9998 9.999E-05 9.999E-05
0.635893 0.35396 0.0101474
0.439844 9.99912E-05 0.560056
0.256251 0.635019 0.10873
0.388626 9.99912E-05 0.611274
9.99913E-05 0.421731 0.578169
0.190151 0.0577985 0.75205
9.999E-05 0.9998 9.999E-05
9.99913E-05 0.0539487 0.945951
0.9998 9.999E-05 9.999E-05
0.9998 9.999E-05 9.999E-05
0.3698 0.6301 9.99913E-05
0.0332282 0.966672 9.99912E-05
0.51274 0.25731 0.22995
9.999E-05 9.999E-05 0.9998
0.287214 0.236518 0.476268
0.423957 9.99912E-05 0.575943
0.41368 0.0671517 0.519168
9.999E-05 9.999E-05 0.9998
0.0447932 9.99913E-05 0.955107
0.962222 9.99913E-05 0.037678
9.999E-05 0.9998 9.999E-05
0.654175 0.0696917 0.276133
0.324233 9.99912E-05 0.675667
9.99913E-05 0.877282 0.122618
0.0859621 0.0876339 0.826404
0.889097 0.110803 9.99912E-05
0.611239 9.99912E-05 0.388661
0.385156 0.614744 9.99912E-05
0.290852 0.499328 0.20982
0.794937 9.99912E-05 0.204964
0.477365 0.325007 0.197629
0.128788 0.807213 0.0639989
0.0317585 0.518789 0.449452
0.834701 0.165199 9.99912E-05
0.539111 9.99913E-05 0.460789
0.717131 0.282769 9.99912E-05
0.767605 9.99912E-05 0.232295
0.57638 9.99912E-05 0.42352
0.718943 0.22101 0.0600465
0.00495752 0.489426 0.505616
0.9998 9.999E-05 9.999E-05
0.883489 0.116411 9.99912E-05
0.698699 9.99913E-05 0.301201
0.302493 0.370074 0.327433
0.522408 9.99913E-05 0.477492
0.960099 9.99912E-05 0.0398011
9.999E-05 9.999E-05 0.9998
9.99912E-05 0.944523 0.055377
0.0486268 0.727127 0.224246
0.715973 0.158089 0.125938
9.99912E-05 0.676348 0.323552
9.99913E-05 0.00618959 0.99371
0.342514 0.527287 0.130199
0.600032 0.22165 0.178317
0.707248 0.0210726 0.271679
0.693266 0.208886 0.0978476
0.9998 9.999E-05 9.999E-05
0.605731 0.394169 9.99912E-05
0.618019 0.381881 9.99913E-05
0.718144 0.281756 9.99913E-05
0.290822 0.42574 0.283438
9.999E-05 9.999E-05 0.9998
0.82297 0.165061 0.0119693
0.00341636 0.418556 0.578028
9.99913E-05 0.75467 0.24523
0.222814 0.19169 0.585496
0.158617 9.99912E-05 0.841283
9.99913E-05 0.397211 0.602689
0.608497 0.37594 0.0155629
0.814829 0.056149 0.129022
0.537738 0.462162 9.99912E-05
0.0838034 0.916097 9.99912E-05
9.999E-05 9.999E-05 0.9998
0.9998 9.999E-05 9.999E-05
0.237965 0.421125 0.340909
9.99913E-05 0.110033 0.889867
0.584971 0.11407 0.300958
0.377766 0.257456 0.364778
0.497998 0.380757 0.121245
0.898218 9.99912E-05 0.101682
9.99912E-05 0.277242 0.722658
0.9998 9.999E-05 9.999E-05
0.779818 0.220082 9.99912E-05
0.432304 9.99913E-05 0.567596
0.479787 0.520113 9.99913E-05
0.9998 9.999E-05 9.999E-05
0.821832 0.15034 0.0278278
0.9998 9.999E-05 9.999E-05
0.718373 0.268723 0.0129032
9.99912E-05 0.371142 0.628758
0.754894 9.99913E-05 0.245006
0.584044 0.415856 9.99912E-05
0.0215413 0.358779 0.61968
0.12014 0.563716 0.316143
0.9998 9.999E-05 9.999E-05
0.148265 0.497931 0.353804
9.99911E-05 0.544944 0.454956
0.624483 9.99912E-05 0.375417
0.279064 0.401138 0.319798
0.9998 9.999E-05 9.999E-05
0.853161 0.146739 9.99913E-05
0.72616 0.175652 0.0981884
0.526142 0.0680853 0.405773
0.278395 0.00672793 0.714877
0.917336 0.0825639 9.99913E-05
0.615055 0.384845 9.99912E-05
0.167882 0.440068 0.39205
0.6053 9.99912E-05 0.3946
0.546286 9.99912E-05 0.453614
0.775388 9.99912E-05 0.224512
9.999E-05 0.9998 9.999E-05
0.255602 9.99913E-05 0.744298
0.0349224 9.99913E-05 0.964978
0.288744 0.289333 0.421923
0.299339 9.99912E-05 0.700561
0.765029 0.234871 9.99912E-05
0.506041 9.99912E-05 0.493859
9.99912E-05 0.545624 0.454276
0.0826993 9.99913E-05 0.917201
9.999E-05 9.999E-05 0.9998
0.519807 0.139637 0.340556
0.475797 9.99912E-05 0.524103
0.393643 0.606257 9.99912E-05
0.360188 0.639712 9.99912E-05
0.612219 9.99912E-05 0.387681
9.99913E-05 0.245875 0.754025
0.557632 9.99912E-05 0.442268
0.9998 9.999E-05 9.999E-05
9.999E-05 9.999E-05 0.9998
0.975417 9.99913E-05 0.024483
0.530235 0.469665 9.99912E-05
0.9998 9.999E-05 9.999E-05
0.928989 0.0709114 9.99912E-05
0.9998 9.999E-05 9.999E-05
0.0865717 0.190853 0.722575
0.700047 9.99912E-05 0.299853
9.99912E-05 0.115943 0.883957
0.9998 9.999E-05 9.999E-05
0.435666 9.99913E-05 0.564234
0.722351 0.113371 0.164278
0.710766 0.289134 9.99913E-05
9.99913E-05 0.70275 0.29715
9.999E-05 9.999E-05 0.9998
0.860253 0.139647 9.99913E-05
0.983891 0.0160085 9.99913E-05
0.550906 0.230978 0.218116
0.329321 0.670579 9.99913E-05
0.9998 9.999E-05 9.999E-05
0.469669 0.488848 0.0414832
0.9998 9.999E-05 9.999E-05
9.99912E-05 0.981344 0.0185555
0.0962875 0.110098 0.793614
0.0806775 0.814976 0.104346
0.35075 0.461316 0.187934
9.99913E-05 0.556199 0.443701
0.223654 0.776246 9.99912E-05
0.87911 9.99912E-05 0.12079
0.931802 0.0680983 9.99912E-05
0.9998 9.999E-05 9.999E-05
0.522819 9.99912E-05 0.477081
0.9998 9.999E-05 9.999E-05
9.99912E-05 0.603408 0.396492
0.330409 0.583405 0.0861857
0.904298 0.0956018 9.99913E-05
9.99912E-05 0.919019 0.0808808
