0.144306 9.99825E-05 0.744359 0.0134564 9.99825E-05 0.0976789
9.99824E-05 9.99824E-05 0.169145 0.394232 0.387808 0.0486156
0.116653 0.836969 0.0359187 9.99825E-05 9.99825E-05 0.0102589
0.333046 0.666554 9.9965E-05 9.9965E-05 9.9965E-05 9.9965E-05
9.99738E-05 9.99738E-05 0.379535 0.0377632 0.582402 9.99738E-05
0.198395 0.114409 0.0165582 0.217192 0.453347 9.99912E-05
0.684416 9.99735E-05 0.028286 9.99735E-05 0.286998 9.99735E-05
9.9965E-05 0.532762 9.9965E-05 0.466838 9.9965E-05 9.9965E-05
0.448659 0.462192 0.0230939 9.99824E-05 0.0658556 9.99824E-05
9.99738E-05 0.866698 9.99738E-05 0.00852047 9.99738E-05 0.124482
9.99737E-05 0.521454 0.167818 0.310428 9.99737E-05 9.99737E-05
0.267472 0.242154 0.490074 9.99736E-05 9.99736E-05 9.99736E-05
0.140378 9.99736E-05 9.99736E-05 0.183204 9.99736E-05 0.676118
9.99739E-05 9.99739E-05 9.99739E-05 0.373169 0.491195 0.135337
9.99738E-05 0.718902 0.141113 0.139684 9.99738E-05 9.99738E-05
0.0713614 0.427138 9.99735E-05 0.501201 9.99735E-05 9.99735E-05
9.99736E-05 0.429169 9.99736E-05 0.535011 0.0355198 9.99736E-05
0.0827125 0.56283 9.99825E-05 0.0701643 9.99825E-05 0.284093
0.0743438 0.0978661 9.99913E-05 0.34806 0.454618 0.0250128
9.996E-05 9.996E-05 0.346742 0.652858 9.996E-05 9.996E-05
0.391152 0.219412 9.99826E-05 0.0119444 0.377291 9.99826E-05
0.36542 0.189388 9.99825E-05 0.428635 9.99825E-05 0.0163577
9.998E-05 9.998E-05 0.106257 0.655659 0.0485323 0.189352
9.9974E-05 0.40092 0.448837 9.9974E-05 0.149944 9.9974E-05
0.0408781 0.918917 0.0198177 9.99825E-05 9.99825E-05 0.0201876
0.077827 0.258965 0.473497 0.189512 9.99823E-05 9.99823E-05
9.99737E-05 0.11578 0.128571 0.755349 9.99737E-05 9.99737E-05
0.219224 0.553159 9.99826E-05 0.0074785 0.219939 9.99826E-05
0.30021 9.996E-05 9.996E-05 0.69939 9.996E-05 9.996E-05
0.147556 0.170023 0.163695 0.451931 9.99912E-05 0.0666955
0.000337261 0.2052 0.028405 0.765858 9.99824E-05 9.99824E-05
0.102912 0.594131 9.99824E-05 0.0863311 9.99824E-05 0.216426
0.221162 0.0303728 9.99824E-05 0.270365 0.4779 9.99824E-05
0.524076 9.99735E-05 9.99735E-05 0.363697 0.111927 9.99735E-05
0.181809 9.99826E-05 0.62785 0.0259051 9.99826E-05 0.164236
0.13562 0.31185 0.00972759 0.492318 0.0503849 9.99911E-05
9.99736E-05 0.630419 9.99736E-05 0.0538304 0.315451 9.99736E-05
9.99646E-05 9.99646E-05 0.481548 0.518052 9.99646E-05 9.99646E-05
0.240146 9.997E-05 0.356834 0.40272 9.997E-05 9.997E-05
0.456083 0.291271 9.997E-05 0.252346 9.997E-05 9.997E-05
0.784319 9.99825E-05 0.0600146 0.115385 0.0400814 9.99825E-05
9.998E-05 0.250758 0.221782 0.31569 9.998E-05 0.21157
0.262111 9.99737E-05 0.167985 9.99737E-05 0.569604 9.99737E-05
9.99739E-05 0.232349 9.99739E-05 0.575858 0.191492 9.99739E-05
0.0246541 0.122936 0.288538 0.563672 9.99825E-05 9.99825E-05
0.0346496 9.99912E-05 0.0974449 0.050181 0.460267 0.357357
0.281666 9.99736E-05 9.99736E-05 0.0922888 0.625745 9.99736E-05
9.9965E-05 9.9965E-05 0.46391 9.9965E-05 0.53569 9.9965E-05
0.224169 0.699081 0.0764503 9.99737E-05 9.99737E-05 9.99737E-05
9.99648E-05 9.99648E-05 9.99648E-05 0.436589 0.563012 9.99648E-05
0.359785 9.99651E-05 9.99651E-05 0.639815 9.99651E-05 9.99651E-05
9.99824E-05 0.000400085 0.179504 0.419055 0.400841 9.99824E-05
0.624912 0.0556961 0.195093 9.99825E-05 9.99825E-05 0.124098
0.0360922 9.99737E-05 9.99737E-05 0.774096 0.189512 9.99737E-05
9.996E-05 9.996E-05 9.996E-05 0.9995 9.996E-05 9.996E-05
9.99823E-05 0.289904 0.477814 0.226374 0.00570854 9.99823E-05
9.99735E-05 9.99735E-05 0.19744 0.353433 9.99735E-05 0.448828
0.086023 0.00882373 9.99823E-05 0.151482 0.753472 9.99823E-05
0.459392 9.99736E-05 9.99736E-05 0.265533 9.99736E-05 0.274774
9.99735E-05 0.00911783 0.44225 9.99735E-05 0.548332 9.99735E-05
9.99651E-05 9.99651E-05 0.408077 9.99651E-05 9.99651E-05 0.591523
9.99736E-05 0.325155 0.109936 9.99736E-05 0.564609 9.99736E-05
0.334962 0.0213278 9.99825E-05 0.407995 9.99825E-05 0.235515
0.149014 9.99737E-05 0.684805 9.99737E-05 9.99737E-05 0.165881
0.198297 0.626 9.99823E-05 0.157631 9.99823E-05 0.0178714
9.99824E-05 0.758733 0.0833168 0.109277 9.99824E-05 0.0484734
9.99735E-05 0.390328 9.99735E-05 0.465513 0.14386 9.99735E-05
9.99649E-05 9.99649E-05 9.99649E-05 0.902377 9.99649E-05 0.0972235
9.99651E-05 9.99651E-05 9.99651E-05 9.99651E-05 0.234131 0.765469
0.583599 0.2917 9.99824E-05 0.0440066 9.99824E-05 0.0804937
0.31851 0.217547 9.99824E-05 0.108734 0.355009 9.99824E-05
0.548019 0.374826 9.99739E-05 9.99739E-05 0.0768547 9.99739E-05
0.0301105 0.0844819 9.99913E-05 0.543255 0.00328972 0.338763
0.405767 0.451747 9.99738E-05 9.99738E-05 9.99738E-05 0.142186
9.99737E-05 0.421604 9.99737E-05 0.273596 9.99737E-05 0.3045
0.0952326 0.0943632 0.318581 9.99912E-05 0.0375988 0.454125
9.996E-05 9.996E-05 9.996E-05 0.9995 9.996E-05 9.996E-05
0.350862 0.0968025 9.99824E-05 0.295145 0.256991 9.99824E-05
0.947197 9.99737E-05 9.99737E-05 0.00742587 9.99737E-05 0.0450773
0.357354 0.508063 0.0488076 9.99825E-05 0.0855756 9.99825E-05
9.99737E-05 0.284567 9.99737E-05 0.233996 9.99737E-05 0.481137
0.115407 0.327294 0.119659 9.99825E-05 9.99825E-05 0.43744
0.0387855 0.112983 9.99825E-05 0.695288 9.99825E-05 0.152744
0.0360302 0.347415 9.99912E-05 0.20259 0.324896 0.0889691
0.48761 9.99651E-05 0.51199 9.99651E-05 9.99651E-05 9.99651E-05
0.250011 9.99824E-05 0.519685 0.167591 0.062512 9.99824E-05
0.362723 9.99738E-05 0.044 9.99738E-05 0.592977 9.99738E-05
0.00850125 0.139967 0.126423 0.449347 0.0879353 0.187826
9.99739E-05 9.99739E-05 9.99739E-05 0.28697 0.490788 0.221943
0.150682 0.595561 0.083984 0.168364 0.00130938 9.99912E-05
9.99827E-05 0.45582 0.10486 9.99827E-05 0.0868427 0.352277
9.99735E-05 9.99735E-05 0.216224 0.216556 0.56692 9.99735E-05
9.99825E-05 0.364406 9.99825E-05 0.451785 0.148828 0.0347813
9.99651E-05 0.101039 9.99651E-05 9.99651E-05 0.898561 9.99651E-05
9.99651E-05 9.99651E-05 9.99651E-05 9.99651E-05 0.914437 0.0851629
0.837365 0.162236 9.99649E-05 9.99649E-05 9.99649E-05 9.99649E-05
9.99825E-05 0.295583 0.206466 0.220862 9.99825E-05 0.276889
0.489728 9.99736E-05 9.99736E-05 0.0735142 0.436458 9.99736E-05
0.0854106 0.573878 0.238554 9.99823E-05 0.101957 9.99823E-05
0.237463 0.528829 9.99736E-05 0.233408 9.99736E-05 9.99736E-05
9.99648E-05 0.680013 9.99648E-05 0.319587 9.99648E-05 9.99648E-05
0.62817 0.0360521 0.203817 0.030102 0.101759 9.99912E-05
9.996E-05 0.9995 9.996E-05 9.996E-05 9.996E-05 9.996E-05
0.106433 0.793672 9.99736E-05 9.99736E-05 0.0995956 9.99736E-05
9.99737E-05 0.416085 0.110399 0.473216 9.99737E-05 9.99737E-05
9.99734E-05 0.716719 0.127866 9.99734E-05 9.99734E-05 0.155114
9.99739E-05 9.99739E-05 9.99739E-05 0.247761 0.570428 0.181511
0.453567 0.357416 0.188717 9.99737E-05 9.99737E-05 9.99737E-05
0.288864 0.255464 9.99737E-05 0.455373 9.99737E-05 9.99737E-05
0.033203 9.99651E-05 9.99651E-05 0.966397 9.99651E-05 9.99651E-05
9.99735E-05 0.48021 9.99735E-05 0.0885103 0.43098 9.99735E-05
0.0529636 0.828952 9.99736E-05 0.117785 9.99736E-05 9.99736E-05
9.99824E-05 9.99824E-05 0.0376728 0.205151 0.298852 0.458124
9.99647E-05 9.99647E-05 9.99647E-05 0.616046 0.383555 9.99647E-05
9.99652E-05 0.730856 0.268744 9.99652E-05 9.99652E-05 9.99652E-05
0.377159 0.241932 9.998E-05 9.998E-05 0.110341 0.270369
0.493671 9.99735E-05 9.99735E-05 0.370997 0.135032 9.99735E-05
9.99654E-05 0.584384 9.99654E-05 0.415216 9.99654E-05 9.99654E-05
9.99738E-05 0.224943 0.212406 9.99738E-05 9.99738E-05 0.562351
0.0628108 0.180023 9.99736E-05 9.99736E-05 0.756866 9.99736E-05
0.803473 0.143607 9.99737E-05 9.99737E-05 0.0526202 9.99737E-05
9.997E-05 0.27891 0.372235 9.997E-05 0.348555 9.997E-05
9.99824E-05 9.99824E-05 0.535926 0.426385 0.0117308 0.0257589
9.99824E-05 0.553443 0.110611 0.256175 0.0795711 9.99824E-05
0.321251 0.147739 9.998E-05 9.998E-05 0.293414 0.237396
0.728917 9.99649E-05 9.99649E-05 0.270683 9.99649E-05 9.99649E-05
9.99738E-05 0.548279 9.99738E-05 0.223336 9.99738E-05 0.228086
0.30507 0.460106 9.99824E-05 0.019322 9.99824E-05 0.215302
0.156883 9.99825E-05 9.99825E-05 0.296187 0.424136 0.122594
9.997E-05 0.482238 0.392503 0.124959 9.997E-05 9.997E-05
9.99649E-05 9.99649E-05 0.897834 0.101766 9.99649E-05 9.99649E-05
9.99824E-05 0.322831 0.30678 0.354146 9.99824E-05 0.0160423
9.99647E-05 9.99647E-05 0.318018 9.99647E-05 0.681582 9.99647E-05
0.391832 0.144936 9.99823E-05 0.145154 9.99823E-05 0.317879
9.99825E-05 9.99825E-05 0.169117 0.717726 0.110545 0.00241181
9.99825E-05 0.274215 0.51265 0.0406582 0.172277 9.99825E-05
0.295284 0.600174 0.0153135 9.99827E-05 9.99827E-05 0.0890284
0.32268 0.00397136 0.113238 0.0770176 0.482994 9.99912E-05
9.99652E-05 0.273178 9.99652E-05 9.99652E-05 0.726422 9.99652E-05
0.385843 0.271254 9.99823E-05 9.99823E-05 0.216965 0.125738
0.154044 9.99737E-05 0.42164 0.424017 9.99737E-05 9.99737E-05
0.012509 0.112716 9.99913E-05 0.116061 0.668168 0.0904456
9.99649E-05 0.792432 9.99649E-05 0.207168 9.99649E-05 9.99649E-05
9.99649E-05 9.99649E-05 0.874509 9.99649E-05 9.99649E-05 0.125091
9.99649E-05 9.99649E-05 9.99649E-05 0.447188 9.99649E-05 0.552412
9.99824E-05 0.377189 0.0359508 0.244444 0.342216 9.99824E-05
0.198392 9.99649E-05 9.99649E-05 9.99649E-05 0.801208 9.99649E-05
9.99824E-05 0.323682 0.318308 9.99824E-05 0.32927 0.0285399
9.99824E-05 0.0399175 0.221381 9.99824E-05 0.491899 0.246602
9.99824E-05 0.106084 0.153962 0.316037 0.423717 9.99824E-05
9.99651E-05 9.99651E-05 0.766295 9.99651E-05 9.99651E-05 0.233305
9.99741E-05 9.99741E-05 0.309618 0.216275 9.99741E-05 0.473807
9.99826E-05 0.69191 0.061323 9.99826E-05 0.175686 0.0708809
9.99735E-05 0.386693 0.0490027 0.564005 9.99735E-05 9.99735E-05
0.156823 9.999E-05 0.0216096 0.376621 0.0855462 0.3593
9.99735E-05 0.456116 9.99735E-05 0.195919 9.99735E-05 0.347665
9.99736E-05 9.99736E-05 0.415628 0.295563 9.99736E-05 0.288509
0.0919312 0.5602 9.99824E-05 0.334091 9.99824E-05 0.0135784
9.99823E-05 0.162327 9.99823E-05 0.661664 0.0931987 0.0826102
9.9965E-05 0.407628 9.9965E-05 0.591972 9.9965E-05 9.9965E-05
0.0277233 0.181158 9.99823E-05 9.99823E-05 0.60195 0.188969
9.99823E-05 0.617129 0.117177 9.99823E-05 0.1979 0.0675951
9.99825E-05 0.00787275 0.681278 0.293424 9.99825E-05 0.0172248
0.0155941 0.787451 9.99735E-05 0.196655 9.99735E-05 9.99735E-05
9.99737E-05 0.859667 0.0309879 0.109045 9.99737E-05 9.99737E-05
0.306657 0.0366738 0.17837 0.478099 9.99823E-05 9.99823E-05
9.99648E-05 9.99648E-05 9.99648E-05 0.955161 9.99648E-05 0.0444393
0.0159129 0.0759354 0.548475 0.191771 0.167806 9.99912E-05
9.99825E-05 0.276913 0.164564 0.328113 9.99825E-05 0.230209
9.99912E-05 0.189776 0.104188 0.166503 0.117545 0.421889
0.546939 0.212887 0.175444 9.99824E-05 0.0645302 9.99824E-05
0.0313817 0.228806 0.288509 9.99912E-05 0.142226 0.308977
9.99737E-05 0.648794 0.108452 9.99737E-05 0.242454 9.99737E-05
9.99735E-05 9.99735E-05 0.270975 0.0924269 0.636299 9.99735E-05
0.0457388 0.0619196 0.653795 9.99823E-05 0.238346 9.99823E-05
0.451858 9.99737E-05 0.250842 9.99737E-05 0.297001 9.99737E-05
0.0314574 0.488884 9.99736E-05 9.99736E-05 9.99736E-05 0.479359
0.022679 9.99826E-05 0.15643 9.99826E-05 0.807106 0.0135855
0.0343711 9.9974E-05 0.278146 9.9974E-05 0.687183 9.9974E-05
9.99736E-05 0.0578695 9.99736E-05 0.778607 0.163224 9.99736E-05
9.99912E-05 0.229521 0.433201 0.0513362 0.0946119 0.191229
0.364414 9.99825E-05 0.271661 0.0491153 0.314611 9.99825E-05
9.99824E-05 0.451503 0.400365 0.0446538 0.103278 9.99824E-05
9.99737E-05 0.308189 9.99737E-05 9.99737E-05 0.37741 0.314101
9.99651E-05 0.643403 9.99651E-05 9.99651E-05 9.99651E-05 0.356197
0.0981197 9.99736E-05 9.99736E-05 9.99736E-05 0.684855 0.216725
9.99825E-05 0.107967 0.0314784 0.406535 9.99825E-05 0.453819
0.490435 0.022765 0.0583838 0.135971 9.99912E-05 0.292345
0.103526 0.105905 0.585285 0.205085 9.99825E-05 9.99825E-05
0.0907378 9.99737E-05 0.385087 0.523875 9.99737E-05 9.99737E-05
0.392658 9.99736E-05 9.99736E-05 0.535885 9.99736E-05 0.0711575
9.99825E-05 0.193826 9.99825E-05 0.25954 0.101933 0.4445
9.99649E-05 9.99649E-05 9.99649E-05 0.0809469 0.918653 9.99649E-05
9.99824E-05 0.201545 0.22087 0.193059 0.384326 9.99824E-05
9.99736E-05 0.220247 0.000649567 9.99736E-05 0.778804 9.99736E-05
0.098596 0.611098 9.99912E-05 0.174678 0.00445274 0.111075
9.99648E-05 9.99648E-05 9.99648E-05 0.331135 0.668466 9.99648E-05
0.358302 9.99738E-05 0.412002 9.99738E-05 0.229396 9.99738E-05
0.470493 0.056363 9.99735E-05 9.99735E-05 9.99735E-05 0.472844
9.99824E-05 0.653071 9.99824E-05 0.13885 0.140681 0.0671975
9.9965E-05 9.9965E-05 9.9965E-05 0.766719 0.232881 9.9965E-05
0.169325 9.997E-05 9.997E-05 9.997E-05 0.289396 0.540979
9.996E-05 0.9995 9.996E-05 9.996E-05 9.996E-05 9.996E-05
9.997E-05 9.997E-05 0.291589 0.363232 9.997E-05 0.344879
0.866382 9.99648E-05 9.99648E-05 9.99648E-05 9.99648E-05 0.133218
9.99912E-05 0.1071 0.166651 0.0379086 0.149216 0.539025
9.998E-05 0.456765 0.125433 0.135558 0.282044 9.998E-05
0.200232 0.222059 9.99824E-05 0.388249 9.99824E-05 0.18926
9.99735E-05 0.0833298 9.99735E-05 0.552339 0.364031 9.99735E-05
0.450168 0.45737 0.0921622 9.99737E-05 9.99737E-05 9.99737E-05
9.99651E-05 0.170148 9.99651E-05 0.829452 9.99651E-05 9.99651E-05
0.9995 9.996E-05 9.996E-05 9.996E-05 9.996E-05 9.996E-05
9.99649E-05 0.46147 9.99649E-05 9.99649E-05 9.99649E-05 0.53813
9.997E-05 9.997E-05 0.11098 0.340559 9.997E-05 0.548162
9.99738E-05 9.99738E-05 0.440516 0.34986 9.99738E-05 0.209324
0.618688 9.996E-05 9.996E-05 0.380912 9.996E-05 9.996E-05
0.236085 9.99736E-05 9.99736E-05 9.99736E-05 0.654865 0.10875
9.99736E-05 0.558037 9.99736E-05 9.99736E-05 0.272468 0.169195
9.99735E-05 0.975768 9.99735E-05 0.0128259 9.99735E-05 0.0111062
0.0306384 0.683127 0.285935 9.99735E-05 9.99735E-05 9.99735E-05
9.99648E-05 0.124758 9.99648E-05 0.874842 9.99648E-05 9.99648E-05
9.99648E-05 0.329101 9.99648E-05 9.99648E-05 0.670499 9.99648E-05
9.99824E-05 0.408094 0.0523929 0.445433 9.99824E-05 0.0938797
9.99737E-05 0.355544 9.99737E-05 9.99737E-05 0.575894 0.0682625
0.235966 0.433267 9.99738E-05 0.330467 9.99738E-05 9.99738E-05
0.647439 9.99737E-05 9.99737E-05 9.99737E-05 0.181774 0.170487
0.130998 0.371335 9.998E-05 0.381875 9.998E-05 0.115591
9.9965E-05 0.182054 9.9965E-05 0.817546 9.9965E-05 9.9965E-05
9.99735E-05 0.219014 0.000887441 9.99735E-05 0.779799 9.99735E-05
0.336717 0.231373 0.0522606 9.99825E-05 0.37945 9.99825E-05
0.528813 0.0891315 9.99735E-05 9.99735E-05 9.99735E-05 0.381755
9.99647E-05 0.78436 9.99647E-05 9.99647E-05 0.21524 9.99647E-05
9.99648E-05 0.700645 9.99648E-05 9.99648E-05 9.99648E-05 0.298955
9.99648E-05 9.99648E-05 9.99648E-05 9.99648E-05 0.737511 0.262089
0.0389362 9.99737E-05 0.0981231 0.862641 9.99737E-05 9.99737E-05
9.99648E-05 9.99648E-05 9.99648E-05 0.170151 0.82945 9.99648E-05
9.996E-05 0.9995 9.996E-05 9.996E-05 9.996E-05 9.996E-05
9.99647E-05 0.631543 9.99647E-05 9.99647E-05 9.99647E-05 0.368057
0.319131 0.115705 9.99738E-05 9.99738E-05 9.99738E-05 0.564864
0.492664 9.99739E-05 9.99739E-05 0.0674007 9.99739E-05 0.439635
0.245189 9.99647E-05 9.99647E-05 9.99647E-05 0.754411 9.99647E-05
9.99737E-05 0.175061 0.448064 9.99737E-05 0.376575 9.99737E-05
0.377379 0.0459015 9.99824E-05 0.568429 9.99824E-05 0.00809059
9.99736E-05 0.364322 9.99736E-05 0.438538 0.19684 9.99736E-05
9.99738E-05 0.827025 9.99738E-05 0.0281141 0.144561 9.99738E-05
9.99736E-05 0.0766353 0.37172 9.99736E-05 9.99736E-05 0.551345
0.101631 9.99824E-05 0.0640441 0.454919 0.379206 9.99824E-05
0.511625 9.9965E-05 9.9965E-05 0.487975 9.9965E-05 9.9965E-05
0.469323 0.116022 9.99825E-05 0.225041 0.189414 9.99825E-05
0.605272 0.391596 9.99737E-05 9.99737E-05 9.99737E-05 0.00283256
9.99824E-05 0.389624 0.341335 0.0718023 0.197038 9.99824E-05
0.437404 9.99736E-05 9.99736E-05 0.335379 0.226918 9.99736E-05
9.997E-05 0.121504 0.36037 0.517827 9.997E-05 9.997E-05
9.99737E-05 9.99737E-05 9.99737E-05 0.800519 0.19051 0.0086714
9.996E-05 9.996E-05 9.996E-05 0.900804 0.0987962 9.996E-05
9.9965E-05 9.9965E-05 9.9965E-05 9.9965E-05 0.845507 0.154093
9.9965E-05 9.9965E-05 9.9965E-05 0.199266 0.800334 9.9965E-05
9.99735E-05 0.195967 0.144183 0.65955 9.99735E-05 9.99735E-05
0.0576246 0.588074 9.99736E-05 9.99736E-05 0.354002 9.99736E-05
9.99736E-05 0.545211 9.99736E-05 0.0683556 9.99736E-05 0.386133
9.99824E-05 0.337607 0.211214 0.194631 9.99824E-05 0.256348
