0.00838107 0.38526 0.128751 9.99825E-05 9.99825E-05 0.477407
0.315756 9.99823E-05 0.0383625 9.99823E-05 0.287856 0.357826
9.99739E-05 9.99739E-05 9.99739E-05 0.0394023 0.548416 0.411882
0.0415662 0.113788 0.54379 9.99825E-05 9.99825E-05 0.300656
9.99647E-05 0.820585 0.179016 9.99647E-05 9.99647E-05 9.99647E-05
0.814087 9.99648E-05 9.99648E-05 9.99648E-05 9.99648E-05 0.185513
9.997E-05 9.997E-05 9.997E-05 0.412842 0.148169 0.438689
0.339247 9.99646E-05 9.99646E-05 9.99646E-05 9.99646E-05 0.660353
9.99736E-05 9.99736E-05 9.99736E-05 0.0115754 0.212679 0.775445
0.323567 9.99737E-05 9.99737E-05 0.594846 9.99737E-05 0.0812872
0.385044 9.99824E-05 0.316163 0.0745673 0.224026 9.99824E-05
9.998E-05 0.185094 0.147691 9.998E-05 0.127614 0.539401
9.997E-05 0.352843 9.997E-05 0.214013 0.432844 9.997E-05
0.0637681 0.544783 9.99912E-05 0.00511695 0.0566915 0.329541
0.539474 0.199814 0.21665 0.0438621 9.99824E-05 9.99824E-05
9.99739E-05 9.99739E-05 0.262415 0.16921 0.568075 9.99739E-05
9.997E-05 0.14259 9.997E-05 0.2313 0.62581 9.997E-05
0.474571 9.99737E-05 0.290073 9.99737E-05 0.235056 9.99737E-05
9.99651E-05 0.588433 0.411167 9.99651E-05 9.99651E-05 9.99651E-05
0.234883 0.12987 9.99824E-05 9.99824E-05 0.545099 0.089949
9.998E-05 9.998E-05 0.103966 0.207496 0.306998 0.38134
0.643523 9.99649E-05 9.99649E-05 9.99649E-05 0.356077 9.99649E-05
9.99736E-05 9.99736E-05 0.449036 0.0561842 9.99736E-05 0.49448
0.189512 0.154101 9.99912E-05 0.0953697 0.525627 0.03529
9.99824E-05 0.313639 9.99824E-05 0.0566327 0.451674 0.177855
0.489266 9.99737E-05 9.99737E-05 9.99737E-05 0.216989 0.293445
0.101835 9.99738E-05 9.99738E-05 9.99738E-05 0.418942 0.478923
0.237349 0.163959 9.99823E-05 9.99823E-05 0.216124 0.382368
9.99737E-05 0.064434 0.449652 9.99737E-05 9.99737E-05 0.485614
0.462137 0.101933 0.312066 0.0829655 9.99912E-05 0.0407976
9.9965E-05 9.9965E-05 0.291918 9.9965E-05 9.9965E-05 0.707682
0.10413 0.445627 9.99734E-05 9.99734E-05 9.99734E-05 0.449943
9.996E-05 9.996E-05 9.996E-05 9.996E-05 9.996E-05 0.9995
0.409757 0.208229 9.99824E-05 0.149399 9.99824E-05 0.232415
9.99735E-05 9.99735E-05 0.567616 0.238805 0.193278 9.99735E-05
0.350027 9.99736E-05 0.229425 9.99736E-05 0.420248 9.99736E-05
0.306643 0.420971 9.99737E-05 9.99737E-05 0.272086 9.99737E-05
0.372389 0.131812 0.249833 0.101497 0.144368 9.99912E-05
0.130548 0.299958 0.45084 9.99824E-05 0.118453 9.99824E-05
9.99825E-05 9.99825E-05 0.65206 0.054619 0.141736 0.151385
9.996E-05 9.996E-05 9.996E-05 9.996E-05 0.813494 0.186106
0.00329643 9.997E-05 9.997E-05 0.566066 9.997E-05 0.430338
9.99739E-05 9.99739E-05 9.99739E-05 0.366748 0.0762271 0.556725
0.279356 9.998E-05 0.473805 0.0880488 9.998E-05 0.158591
0.0984866 0.554597 9.99738E-05 9.99738E-05 0.346616 9.99738E-05
0.325182 0.209617 9.99736E-05 9.99736E-05 0.464901 9.99736E-05
9.99735E-05 0.704779 9.99735E-05 0.102861 0.19206 9.99735E-05
0.93989 0.0597103 9.99649E-05 9.99649E-05 9.99649E-05 9.99649E-05
9.99737E-05 9.99737E-05 0.597019 0.22299 0.179692 9.99737E-05
0.19427 9.99826E-05 0.718428 0.0102573 9.99826E-05 0.0768455
0.9995 9.996E-05 9.996E-05 9.996E-05 9.996E-05 9.996E-05
9.99735E-05 0.32338 0.482844 0.193476 9.99735E-05 9.99735E-05
0.272968 9.99651E-05 0.726632 9.99651E-05 9.99651E-05 9.99651E-05
0.0823286 9.99824E-05 0.101453 9.99824E-05 0.0770541 0.738964
9.99824E-05 9.99824E-05 0.472846 0.186647 0.158063 0.182245
9.99736E-05 0.0228135 9.99736E-05 9.99736E-05 0.216069 0.760817
0.196104 0.0633946 9.99912E-05 0.0409717 0.406825 0.292604
9.99738E-05 0.141555 0.114941 9.99738E-05 0.743204 9.99738E-05
0.541036 0.393308 9.99737E-05 9.99737E-05 0.065356 9.99737E-05
0.469547 9.99648E-05 9.99648E-05 9.99648E-05 0.530053 9.99648E-05
0.106461 9.99735E-05 9.99735E-05 9.99735E-05 0.219678 0.673562
9.99736E-05 9.99736E-05 0.371857 0.0272955 9.99736E-05 0.600548
0.0746497 0.0768569 9.998E-05 9.998E-05 0.541742 0.306551
9.99736E-05 0.291034 0.648983 9.99736E-05 0.0596825 9.99736E-05
9.997E-05 9.997E-05 0.209835 9.997E-05 0.305745 0.48412
9.99735E-05 0.0290911 0.485351 9.99735E-05 0.485258 9.99735E-05
0.434362 0.244562 0.231241 9.99912E-05 0.0509623 0.0387718
0.497635 9.99738E-05 0.339877 0.162189 9.99738E-05 9.99738E-05
0.0286841 9.997E-05 0.253984 9.997E-05 9.997E-05 0.717032
0.0702459 0.424277 9.99825E-05 9.99825E-05 0.184949 0.320328
0.346015 0.0256934 9.99824E-05 0.0347016 9.99824E-05 0.59339
9.99648E-05 9.99648E-05 0.565778 9.99648E-05 0.433822 9.99648E-05
0.567249 9.99737E-05 0.379817 9.99737E-05 9.99737E-05 0.0526336
0.418949 0.580651 9.99651E-05 9.99651E-05 9.99651E-05 9.99651E-05
9.99736E-05 0.0214496 9.99736E-05 9.99736E-05 0.88711 0.0911409
0.0350568 9.997E-05 9.997E-05 9.997E-05 0.326424 0.63822
9.99736E-05 0.476511 0.426726 0.0964638 9.99736E-05 9.99736E-05
9.9965E-05 9.9965E-05 9.9965E-05 0.200864 0.798736 9.9965E-05
0.0764334 0.0758684 0.209921 9.99913E-05 0.0809283 0.556749
9.99824E-05 0.19245 0.455715 9.99824E-05 0.0352028 0.316431
9.996E-05 9.996E-05 9.996E-05 0.9995 9.996E-05 9.996E-05
0.9995 9.996E-05 9.996E-05 9.996E-05 9.996E-05 9.996E-05
0.0377626 0.366877 9.997E-05 9.997E-05 9.997E-05 0.59506
0.577629 9.99646E-05 9.99646E-05 9.99646E-05 0.421971 9.99646E-05
0.419812 0.335581 0.244308 9.997E-05 9.997E-05 9.997E-05
9.99649E-05 9.99649E-05 9.99649E-05 9.99649E-05 0.305586 0.694014
0.08539 9.99736E-05 9.99736E-05 9.99736E-05 0.728744 0.185566
9.996E-05 9.996E-05 9.996E-05 9.996E-05 9.996E-05 0.9995
9.99825E-05 0.296241 0.248665 9.99825E-05 0.0136228 0.441271
9.99738E-05 0.605995 9.99738E-05 0.112829 0.280876 9.99738E-05
0.00248394 0.407313 0.394689 9.99825E-05 0.195314 9.99825E-05
0.156677 0.340538 0.313985 9.99823E-05 9.99823E-05 0.1886
0.604653 9.99737E-05 9.99737E-05 0.184929 0.210117 9.99737E-05
9.99739E-05 9.99739E-05 0.488355 9.99739E-05 0.240371 0.270974
0.298247 9.99825E-05 0.0411971 9.99825E-05 0.417175 0.24318
9.99649E-05 0.592007 9.99649E-05 9.99649E-05 0.407593 9.99649E-05
9.99648E-05 9.99648E-05 9.99648E-05 0.124374 9.99648E-05 0.875227
0.0541191 0.320952 9.99912E-05 0.0465265 0.420931 0.157371
0.712615 9.9965E-05 9.9965E-05 9.9965E-05 0.286985 9.9965E-05
9.997E-05 0.70878 9.997E-05 9.997E-05 0.279282 0.0116386
9.998E-05 0.454461 0.0609393 9.998E-05 0.140172 0.344228
9.99824E-05 0.211003 0.0515736 9.99824E-05 0.39095 0.346274
9.996E-05 9.996E-05 9.996E-05 9.996E-05 9.996E-05 0.9995
9.99826E-05 0.13804 9.99826E-05 0.0338296 0.0375097 0.790421
0.0773251 9.99739E-05 0.29386 9.99739E-05 9.99739E-05 0.628515
9.99649E-05 9.99649E-05 9.99649E-05 9.99649E-05 0.591507 0.408093
0.343276 0.2097 0.205077 9.99911E-05 0.198964 0.0428821
9.99825E-05 9.99825E-05 0.0205743 0.0267847 0.404648 0.547793
0.517001 9.99736E-05 9.99736E-05 0.322436 0.160263 9.99736E-05
0.625767 0.261357 9.99736E-05 9.99736E-05 0.112576 9.99736E-05
0.744534 0.0820603 9.99738E-05 9.99738E-05 9.99738E-05 0.173106
9.99738E-05 9.99738E-05 0.765497 0.0385075 0.195696 9.99738E-05
0.494243 9.998E-05 0.23901 9.998E-05 0.0364789 0.230068
9.99648E-05 0.02926 9.99648E-05 9.99648E-05 9.99648E-05 0.97034
9.99655E-05 9.99655E-05 9.99655E-05 0.0776173 9.99655E-05 0.921983
0.202014 0.797586 9.9965E-05 9.9965E-05 9.9965E-05 9.9965E-05
9.99736E-05 0.248941 9.99736E-05 0.159226 0.591534 9.99736E-05
0.518417 0.217116 9.99738E-05 9.99738E-05 9.99738E-05 0.264167
0.297004 0.273438 9.99912E-05 0.106746 0.294276 0.0284366
9.998E-05 9.998E-05 0.309393 0.158475 0.252444 0.279488
9.99735E-05 0.0527578 0.386092 9.99735E-05 9.99735E-05 0.56085
9.99737E-05 0.667272 9.99737E-05 0.292616 9.99737E-05 0.039812
9.99737E-05 0.94438 0.0460852 9.99737E-05 9.99737E-05 0.00923466
9.99737E-05 9.99737E-05 0.454551 9.99737E-05 0.220572 0.324577
9.997E-05 0.365479 0.430199 9.997E-05 0.204022 9.997E-05
9.99736E-05 9.99736E-05 0.0235832 9.99736E-05 0.103595 0.872522
0.0836436 0.635628 9.99912E-05 0.0891582 0.0942204 0.0972494
9.99913E-05 0.264842 0.378426 0.0186627 0.165755 0.172213
9.99649E-05 0.124518 0.875082 9.99649E-05 9.99649E-05 9.99649E-05
0.0531584 0.155062 0.0596127 0.148954 9.99912E-05 0.583113
0.494433 9.99825E-05 0.175401 9.99825E-05 0.00316777 0.326798
0.284009 9.99735E-05 0.182136 9.99735E-05 0.533555 9.99735E-05
0.376992 9.99737E-05 9.99737E-05 0.198732 0.423975 9.99737E-05
9.997E-05 0.119675 0.130321 9.997E-05 0.749704 9.997E-05
9.99736E-05 9.99736E-05 0.00416474 0.104015 0.89152 9.99736E-05
0.515825 9.9965E-05 9.9965E-05 9.9965E-05 0.483775 9.9965E-05
0.433638 9.998E-05 0.26695 0.213881 9.998E-05 0.0853317
9.99648E-05 0.263495 9.99648E-05 9.99648E-05 9.99648E-05 0.736105
0.662709 9.99648E-05 9.99648E-05 9.99648E-05 0.336891 9.99648E-05
9.99649E-05 9.99649E-05 0.85997 9.99649E-05 0.13963 9.99649E-05
9.99653E-05 0.340426 9.99653E-05 9.99653E-05 9.99653E-05 0.659174
0.000526313 0.327291 0.2421 0.239776 9.99912E-05 0.190207
9.99652E-05 0.184489 9.99652E-05 9.99652E-05 0.815111 9.99652E-05
0.154836 0.75957 9.998E-05 9.998E-05 0.0795804 0.00581377
0.282317 9.99912E-05 0.00182245 0.289062 0.408585 0.0181137
0.820336 9.99736E-05 0.0650475 9.99736E-05 9.99736E-05 0.114317
0.451805 0.494261 0.0536344 9.99738E-05 9.99738E-05 9.99738E-05
0.412799 9.9974E-05 9.9974E-05 9.9974E-05 0.133048 0.453853
0.307774 0.0504298 0.190054 0.0305823 0.42106 9.999E-05
0.337179 9.997E-05 9.997E-05 0.235769 9.997E-05 0.426752
9.9965E-05 9.9965E-05 9.9965E-05 9.9965E-05 0.711678 0.287923
0.0996077 9.99823E-05 0.601327 9.99823E-05 0.00701329 0.291852
9.99736E-05 0.418158 9.99736E-05 9.99736E-05 0.125892 0.45565
9.99912E-05 0.0236233 0.00382894 0.0891551 0.350413 0.53288
0.0796287 9.99824E-05 0.0123587 9.99824E-05 0.59835 0.309462
0.0925069 0.011773 0.275747 9.99911E-05 0.104069 0.515804
0.277268 9.99736E-05 0.539973 9.99736E-05 9.99736E-05 0.182459
0.242989 9.99736E-05 0.328252 0.428458 9.99736E-05 9.99736E-05
9.99825E-05 0.319997 0.209117 9.99825E-05 0.144856 0.32583
9.99824E-05 0.417465 0.0904214 0.2055 9.99824E-05 0.286413
0.0286953 9.998E-05 0.213577 9.998E-05 0.316993 0.440535
9.99824E-05 9.99824E-05 0.287856 0.348953 0.0958101 0.267181
0.235157 9.99912E-05 0.43918 0.188334 0.0522078 0.085021
9.998E-05 0.241173 0.198625 0.282572 9.998E-05 0.27743
0.37814 0.268402 9.997E-05 9.997E-05 9.997E-05 0.353158
0.511649 9.99737E-05 0.296371 0.19168 9.99737E-05 9.99737E-05
0.350685 0.335136 9.99824E-05 0.155021 9.99824E-05 0.158958
0.947271 9.9965E-05 0.0523293 9.9965E-05 9.9965E-05 9.9965E-05
9.9965E-05 9.9965E-05 9.9965E-05 9.9965E-05 0.68726 0.31234
9.99737E-05 0.166529 9.99737E-05 9.99737E-05 0.504417 0.328754
9.99649E-05 9.99649E-05 9.99649E-05 9.99649E-05 0.440423 0.559177
0.485834 0.228323 9.99825E-05 9.99825E-05 0.279592 0.00605161
0.450312 9.99647E-05 9.99647E-05 9.99647E-05 9.99647E-05 0.549288
0.238003 9.99736E-05 9.99736E-05 9.99736E-05 0.189044 0.572653
9.99736E-05 0.135457 0.834464 0.0297783 9.99736E-05 9.99736E-05
9.998E-05 0.205254 0.126542 9.998E-05 0.465219 0.202785
9.99737E-05 9.99737E-05 0.475458 9.99737E-05 0.328688 0.195554
0.626698 0.290215 9.99737E-05 9.99737E-05 9.99737E-05 0.0827865
0.397771 0.497729 9.99912E-05 0.042208 0.0064716 0.0557202
9.99738E-05 9.99738E-05 9.99738E-05 0.052239 0.523745 0.423716
0.670517 9.99648E-05 9.99648E-05 9.99648E-05 0.329083 9.99648E-05
9.99649E-05 0.647086 0.352514 9.99649E-05 9.99649E-05 9.99649E-05
9.997E-05 0.383404 9.997E-05 9.997E-05 0.171109 0.445188
9.99826E-05 0.0284315 0.0140464 9.99826E-05 0.534777 0.422545
9.99823E-05 0.237339 0.239521 9.99823E-05 0.204946 0.317994
9.99651E-05 0.766694 0.232906 9.99651E-05 9.99651E-05 9.99651E-05
0.368211 0.046056 0.251393 9.99912E-05 0.198622 0.135618
9.99824E-05 0.324743 9.99824E-05 0.458458 0.0971088 0.11949
9.9965E-05 0.348145 9.9965E-05 0.651455 9.9965E-05 9.9965E-05
9.99652E-05 0.654614 0.344986 9.99652E-05 9.99652E-05 9.99652E-05
9.9965E-05 9.9965E-05 0.570708 9.9965E-05 0.428892 9.9965E-05
0.300161 0.42418 9.99824E-05 0.0724009 0.203058 9.99824E-05
0.029624 0.149919 9.997E-05 9.997E-05 9.997E-05 0.820157
0.252535 9.99735E-05 0.539258 9.99735E-05 9.99735E-05 0.207908
0.596268 9.99736E-05 9.99736E-05 9.99736E-05 0.178201 0.225231
9.99649E-05 0.861868 9.99649E-05 0.137732 9.99649E-05 9.99649E-05
0.00223024 9.9965E-05 9.9965E-05 9.9965E-05 9.9965E-05 0.99737
0.0573526 9.99912E-05 0.132406 0.00305963 0.433784 0.373297
9.99913E-05 0.0486197 0.0238694 0.0389696 0.589968 0.298473
9.998E-05 0.673614 9.998E-05 0.0720809 0.146864 0.107241
0.0718331 0.640735 9.99825E-05 9.99825E-05 0.0671824 0.22005
9.99912E-05 0.156464 0.119288 0.134705 0.256862 0.332581
9.996E-05 9.996E-05 0.9995 9.996E-05 9.996E-05 9.996E-05
9.99738E-05 9.99738E-05 9.99738E-05 0.246668 0.425389 0.327643
0.0840653 9.99736E-05 0.296227 0.619407 9.99736E-05 9.99736E-05
9.99826E-05 9.99826E-05 0.405757 0.486454 0.075308 0.032281
9.99737E-05 9.99737E-05 9.99737E-05 0.127302 0.231521 0.640877
0.0346357 9.99912E-05 0.0160101 0.291964 0.0521886 0.605102
9.99824E-05 0.0213028 0.153443 0.606025 0.219029 9.99824E-05
0.245829 9.99737E-05 0.139142 0.614729 9.99737E-05 9.99737E-05
0.0914847 0.136242 9.998E-05 9.998E-05 0.488848 0.283225
9.99824E-05 0.229592 0.0141529 0.096451 0.659604 9.99824E-05
0.238835 9.99736E-05 0.572861 9.99736E-05 9.99736E-05 0.188004
9.99737E-05 9.99737E-05 0.0206167 9.99737E-05 0.284461 0.694623
9.99824E-05 0.412722 0.182605 0.249362 0.155111 9.99824E-05
9.998E-05 0.229378 9.998E-05 0.0188191 0.0485544 0.703049
0.649071 0.0499224 9.99825E-05 9.99825E-05 0.13011 0.170696
0.134762 0.287583 9.998E-05 9.998E-05 0.499324 0.0781309
9.99735E-05 9.99735E-05 0.421114 0.316233 0.262353 9.99735E-05
9.99647E-05 9.99647E-05 0.34924 9.99647E-05 0.65036 9.99647E-05
9.99651E-05 0.306853 9.99651E-05 9.99651E-05 0.692747 9.99651E-05
9.99736E-05 9.99736E-05 0.235762 9.99736E-05 0.151282 0.612656
0.160762 0.0430583 0.731536 9.998E-05 0.0644436 9.998E-05
0.100095 0.212312 0.312105 9.998E-05 0.375289 9.998E-05
0.190713 0.808887 9.99651E-05 9.99651E-05 9.99651E-05 9.99651E-05
0.448291 9.99651E-05 9.99651E-05 0.55131 9.99651E-05 9.99651E-05
9.99737E-05 9.99737E-05 0.0426143 0.461986 0.4951 9.99737E-05
9.99736E-05 0.458637 9.99736E-05 9.99736E-05 0.48203 0.0590333
0.447994 9.9974E-05 0.540216 0.0114901 9.9974E-05 9.9974E-05
9.99648E-05 0.395677 9.99648E-05 0.603923 9.99648E-05 9.99648E-05
0.653755 0.268825 9.99738E-05 9.99738E-05 9.99738E-05 0.0771199
0.143506 0.0380512 9.998E-05 9.998E-05 0.367963 0.45028
9.99648E-05 9.99648E-05 0.361525 9.99648E-05 9.99648E-05 0.638075
9.99648E-05 0.722274 0.277326 9.99648E-05 9.99648E-05 9.99648E-05
0.06409 9.99735E-05 0.181733 9.99735E-05 0.753878 9.99735E-05
9.99735E-05 0.603598 0.313175 0.0829262 9.99735E-05 9.99735E-05
9.998E-05 0.532037 0.194133 0.187153 9.998E-05 0.0864773
9.99826E-05 0.170284 9.99826E-05 0.0518788 0.313819 0.463818
0.635951 9.99648E-05 9.99648E-05 9.99648E-05 9.99648E-05 0.363649
9.997E-05 0.913622 0.057193 9.997E-05 9.997E-05 0.028885
0.151842 0.24618 9.99824E-05 9.99824E-05 0.145511 0.456266
0.321915 0.206597 9.99735E-05 9.99735E-05 9.99735E-05 0.471188
0.177767 9.99738E-05 0.25684 9.99738E-05 0.565093 9.99738E-05
0.853231 9.99737E-05 0.0192673 9.99737E-05 0.127202 9.99737E-05
9.99651E-05 0.0612943 0.938306 9.99651E-05 9.99651E-05 9.99651E-05
0.158087 9.99736E-05 0.791571 9.99736E-05 9.99736E-05 0.0500427
0.425739 0.261811 0.23812 9.99824E-05 0.0741296 9.99824E-05
0.0798352 0.530618 0.0126763 9.99823E-05 9.99823E-05 0.376671
0.120602 0.131572 0.747526 9.99738E-05 9.99738E-05 9.99738E-05
0.0136189 9.99738E-05 0.721505 9.99738E-05 9.99738E-05 0.264576
0.0874254 0.237998 0.527664 9.998E-05 0.146712 9.998E-05
9.997E-05 9.997E-05 0.263965 9.997E-05 0.680326 0.0554098
0.366616 0.418312 9.99912E-05 0.0162043 0.0406646 0.158103
0.1534 9.99825E-05 0.465595 0.0920543 9.99825E-05 0.28875
0.065571 9.99912E-05 0.137881 0.00396605 0.251509 0.540973
0.501759 9.99823E-05 0.137348 9.99823E-05 0.164036 0.196656
9.99737E-05 9.99737E-05 0.0253084 9.99737E-05 0.30801 0.666381
0.282487 0.128024 0.351863 9.99825E-05 0.237427 9.99825E-05
0.688759 9.99647E-05 0.310842 9.99647E-05 9.99647E-05 9.99647E-05
9.99912E-05 0.158924 0.372258 0.0575375 0.162027 0.249153
9.99736E-05 9.99736E-05 9.99736E-05 0.108326 0.476012 0.415361
