9.9991E-05 0.114971 0.708554 0.176375
9.9982E-05 0.0227376 0.977062 9.9982E-05
9.999E-05 0.0380851 0.50751 0.454305
0.137514 9.9991E-05 0.72284 0.139546
9.9982E-05 0.576859 9.9982E-05 0.422941
0.827939 9.9991E-05 0.0925559 0.0794052
0.127691 0.0244846 9.9991E-05 0.847724
9.99821E-05 9.99821E-05 0.949764 0.0500356
0.934736 0.0650638 9.99821E-05 9.99821E-05
9.9982E-05 0.464374 9.9982E-05 0.535427
9.99821E-05 0.0704018 9.99821E-05 0.929398
9.998E-05 9.998E-05 0.9997 9.998E-05
0.13744 0.516822 9.9991E-05 0.345638
0.0208184 9.9991E-05 0.0839433 0.895138
9.9982E-05 0.785972 9.9982E-05 0.213828
0.402008 0.597792 9.99821E-05 9.99821E-05
0.0669379 9.9991E-05 0.915072 0.0178898
0.399742 0.324388 9.9991E-05 0.275769
0.876298 9.9982E-05 0.123502 9.9982E-05
0.309591 0.690209 9.9982E-05 9.9982E-05
0.400674 0.599126 9.9982E-05 9.9982E-05
0.710085 0.207227 0.0825878 9.9991E-05
0.263076 0.736724 9.9982E-05 9.9982E-05
0.19363 0.10097 0.434852 0.270547
0.0153712 9.9991E-05 0.0375043 0.947024
9.9991E-05 0.948475 0.0299269 0.0214977
9.99821E-05 9.99821E-05 0.765904 0.233896
0.631049 0.101253 9.9991E-05 0.267597
9.99821E-05 0.0326878 0.967112 9.99821E-05
0.519651 9.99821E-05 0.480149 9.99821E-05
9.998E-05 9.998E-05 9.998E-05 0.9997
9.998E-05 9.998E-05 9.998E-05 0.9997
9.9982E-05 0.171547 9.9982E-05 0.828253
0.902154 9.9991E-05 0.0165981 0.0811484
0.00607963 9.9991E-05 0.924594 0.0692262
0.52221 0.47759 9.9982E-05 9.9982E-05
0.989735 0.010065 9.9982E-05 9.9982E-05
0.905609 9.9991E-05 0.0730066 0.0212839
0.108526 9.9991E-05 0.113529 0.777845
0.755608 9.99821E-05 0.244192 9.99821E-05
0.595748 9.9982E-05 0.404053 9.9982E-05
0.0597291 9.9982E-05 0.940071 9.9982E-05
0.103846 0.895954 9.99821E-05 9.99821E-05
9.9982E-05 9.9982E-05 0.0582736 0.941526
9.9982E-05 0.907979 9.9982E-05 0.0918206
9.99821E-05 0.00162764 0.998172 9.99821E-05
0.620047 0.379753 9.9982E-05 9.9982E-05
0.9997 9.998E-05 9.998E-05 9.998E-05
9.9991E-05 0.86068 0.118203 0.0210172
0.555542 0.444258 9.9982E-05 9.9982E-05
