0.177776 0.10554 9.9991E-05 0.716585
9.9982E-05 0.0412135 9.9982E-05 0.958587
0.478047 9.9982E-05 9.9982E-05 0.521753
0.0921504 9.9991E-05 0.306572 0.601178
0.591657 0.408143 9.9982E-05 9.9982E-05
0.0513659 9.9991E-05 0.921044 0.02749
0.872006 0.00998155 0.117913 9.9991E-05
0.0158663 9.99821E-05 9.99821E-05 0.983934
9.99821E-05 0.197802 0.801998 9.99821E-05
0.741568 0.258232 9.9982E-05 9.9982E-05
0.9997 9.998E-05 9.998E-05 9.998E-05
9.9982E-05 9.9982E-05 0.0973777 0.902422
0.419812 0.475592 0.104496 9.9991E-05
0.859544 9.9991E-05 0.0247508 0.115605
0.383214 0.616586 9.9982E-05 9.9982E-05
9.99821E-05 0.843511 0.156289 9.99821E-05
9.9982E-05 9.9982E-05 0.0284364 0.971364
0.242178 0.456173 0.301549 9.9991E-05
9.998E-05 9.998E-05 0.9997 9.998E-05
9.9991E-05 0.885406 0.1083 0.0061936
9.9982E-05 0.701853 0.297947 9.9982E-05
9.9991E-05 0.327484 0.614196 0.0582203
9.9982E-05 0.991208 0.00859177 9.9982E-05
0.226987 0.106052 0.192523 0.474438
0.729667 9.9991E-05 0.00878168 0.261451
0.158491 0.841309 9.9982E-05 9.9982E-05
0.205846 9.99821E-05 9.99821E-05 0.793954
0.283671 0.126259 0.58997 9.9991E-05
9.99821E-05 0.0479124 9.99821E-05 0.951888
9.99821E-05 9.99821E-05 0.668314 0.331486
0.9997 9.998E-05 9.998E-05 9.998E-05
0.9997 9.998E-05 9.998E-05 9.998E-05
0.989147 0.0106527 9.9982E-05 9.9982E-05
0.0640436 9.9991E-05 0.924547 0.0113093
0.0396545 9.9991E-05 0.09034 0.869906
9.9982E-05 0.736769 0.263031 9.9982E-05
9.9982E-05 0.0880509 0.911749 9.9982E-05
0.0341982 9.9982E-05 0.965602 9.9982E-05
0.643623 0.110067 0.101606 0.144704
9.99821E-05 9.99821E-05 0.8629 0.1369
9.9982E-05 9.9982E-05 0.719214 0.280586
9.9982E-05 9.9982E-05 0.127191 0.872609
9.99821E-05 0.988214 9.99821E-05 0.0115865
0.857429 9.9982E-05 9.9982E-05 0.142371
0.302667 0.697133 9.9982E-05 9.9982E-05
9.998E-05 9.998E-05 9.998E-05 0.9997
9.9982E-05 0.595989 0.403811 9.9982E-05
9.99821E-05 0.0591181 0.940682 9.99821E-05
0.121467 0.74782 9.9991E-05 0.130612
0.047002 0.456952 0.495946 9.9991E-05
