0.757713 9.9991E-05 0.242187
0.996207 0.00369328 9.9991E-05
0.5104 9.9991E-05 0.4895
0.803321 0.111998 0.0846808
9.9991E-05 0.130905 0.868995
0.422823 0.577077 9.9991E-05
0.055398 0.0747101 0.869892
0.942218 9.9991E-05 0.0576823
0.0420493 0.957851 9.9991E-05
9.9991E-05 0.0319508 0.967949
9.999E-05 9.999E-05 0.9998
0.9998 9.999E-05 9.999E-05
9.9991E-05 0.330842 0.669058
0.220218 9.9991E-05 0.779682
9.9991E-05 0.286516 0.713384
9.9991E-05 0.809342 0.190558
0.9998 9.999E-05 9.999E-05
9.9991E-05 0.617023 0.382877
0.475021 0.524879 9.9991E-05
9.9991E-05 0.899037 0.100863
9.9991E-05 0.833348 0.166552
0.252038 0.745731 0.00223123
9.9991E-05 0.751739 0.248161
0.542901 0.149222 0.307877
0.201268 9.9991E-05 0.798632
9.9991E-05 0.429549 0.570351
0.741464 9.9991E-05 0.258436
0.231868 0.510112 0.25802
0.976954 9.99911E-05 0.022946
0.670568 0.329332 9.9991E-05
0.038119 9.9991E-05 0.961781
0.0240861 9.9991E-05 0.975814
9.999E-05 9.999E-05 0.9998
0.345176 0.630245 0.0245798
0.947456 9.9991E-05 0.0524438
9.9991E-05 0.934206 0.0656943
0.23458 0.76532 9.9991E-05
0.386494 0.613406 9.9991E-05
0.0910229 0.159445 0.749532
0.479512 0.520388 9.9991E-05
0.722138 0.277762 9.9991E-05
0.9998 9.999E-05 9.999E-05
9.9991E-05 0.862238 0.137662
0.215161 9.9991E-05 0.784739
9.9991E-05 0.344707 0.655193
0.9998 9.999E-05 9.999E-05
9.999E-05 0.9998 9.999E-05
0.122057 0.877843 9.9991E-05
9.9991E-05 0.439009 0.560891
0.00778881 0.86267 0.129541
