0.217436 0.751922 0.0306424
0.00372474 0.996175 9.9991E-05
0.545379 0.454521 9.9991E-05
0.160054 0.839846 9.9991E-05
0.850459 9.9991E-05 0.149441
9.999E-05 0.460823 0.539077
0.83639 0.0450084 0.118601
0.184405 0.815495 9.9991E-05
9.9991E-05 0.0624737 0.937426
0.966137 9.9991E-05 0.0337631
0.977935 9.9991E-05 0.0219645
9.999E-05 0.9998 9.999E-05
0.629042 9.9991E-05 0.370858
0.858732 0.141168 9.9991E-05
0.675681 9.9991E-05 0.324219
0.0943622 9.9991E-05 0.905538
0.0547186 0.945181 9.9991E-05
0.350598 0.00178584 0.647616
9.9991E-05 0.62028 0.37962
0.0777071 9.9991E-05 0.922193
0.0971097 9.9991E-05 0.90279
9.9991E-05 0.279752 0.720148
0.219531 9.9991E-05 0.780369
0.350463 0.49144 0.158096
0.800484 0.199416 9.9991E-05
0.53753 9.9991E-05 0.46237
0.298045 0.701855 9.9991E-05
0.230691 0.247679 0.52163
0.0432945 0.956605 9.99911E-05
9.9991E-05 0.720191 0.279709
0.950719 0.049181 9.9991E-05
0.9998 9.999E-05 9.999E-05
0.9998 9.999E-05 9.999E-05
9.9991E-05 0.4819 0.518
0.0392501 0.96065 9.9991E-05
9.999E-05 9.999E-05 0.9998
9.9991E-05 0.36138 0.63852
9.9991E-05 0.426102 0.573798
0.676188 0.187369 0.136444
9.9991E-05 0.580946 0.418954
9.9991E-05 0.828404 0.171496
9.999E-05 0.9998 9.999E-05
0.094857 9.9991E-05 0.905043
0.863933 0.135967 9.9991E-05
0.592752 9.9991E-05 0.407148
0.0840452 0.915855 9.9991E-05
9.999E-05 9.999E-05 0.9998
9.9991E-05 0.200422 0.799478
0.431078 0.0225535 0.546368
0.11534 0.00792966 0.87673
