0.0845177 0.749684 9.9982E-05 0.0485189 0.11708 9.9982E-05
9.9964E-05 0.951614 9.9964E-05 0.0479866 9.9964E-05 9.9964E-05
9.9973E-05 0.267428 9.9973E-05 0.0248796 0.707392 9.9973E-05
9.997E-05 0.612302 0.219034 9.997E-05 9.997E-05 0.168364
0.735238 9.9973E-05 9.9973E-05 9.9973E-05 0.00883139 0.255631
0.00540684 0.033168 0.868057 9.9982E-05 0.0931683 9.9982E-05
9.9973E-05 9.9973E-05 0.0490446 0.0805903 9.9973E-05 0.870065
9.99641E-05 0.887818 9.99641E-05 9.99641E-05 0.111782 9.99641E-05
9.99641E-05 9.99641E-05 0.526162 0.473439 9.99641E-05 9.99641E-05
0.371901 9.9964E-05 9.9964E-05 9.9964E-05 9.9964E-05 0.627699
9.996E-05 9.996E-05 9.996E-05 9.996E-05 9.996E-05 0.9995
0.00168163 0.801668 0.19635 9.9973E-05 9.9973E-05 9.9973E-05
0.678395 9.9982E-05 0.0975219 9.9982E-05 0.0833343 0.140549
9.99731E-05 0.164898 9.99731E-05 9.99731E-05 0.0836753 0.751127
0.994538 9.99641E-05 9.99641E-05 9.99641E-05 9.99641E-05 0.00506201
9.99641E-05 9.99641E-05 9.99641E-05 0.874516 0.125084 9.99641E-05
9.99731E-05 0.837411 0.136953 9.99731E-05 9.99731E-05 0.0253361
0.261201 9.9991E-05 0.215612 0.34861 0.00353588 0.170941
9.996E-05 0.0202757 0.979324 9.996E-05 9.996E-05 9.996E-05
0.0258096 9.99641E-05 9.99641E-05 0.973791 9.99641E-05 9.99641E-05
0.0445268 0.0376692 0.0746738 0.84293 9.9982E-05 9.9982E-05
9.9982E-05 0.00400668 0.500574 0.360628 9.9982E-05 0.134591
0.297412 9.9973E-05 9.9973E-05 0.695807 0.0064816 9.9973E-05
9.999E-05 0.502263 0.133926 0.114464 0.0324737 0.216774
0.00942316 9.9964E-05 9.9964E-05 9.9964E-05 0.990177 9.9964E-05
0.896737 0.00213625 9.9973E-05 0.100826 9.9973E-05 9.9973E-05
9.9982E-05 0.714886 0.0111491 9.9982E-05 0.115088 0.158677
0.224576 9.99821E-05 0.563128 0.0407735 9.99821E-05 0.171322
9.996E-05 0.9995 9.996E-05 9.996E-05 9.996E-05 9.996E-05
9.997E-05 0.353877 0.607218 0.0386048 9.997E-05 9.997E-05
9.9964E-05 9.9964E-05 9.9964E-05 9.9964E-05 0.31509 0.68451
9.99641E-05 9.99641E-05 9.99641E-05 9.99641E-05 0.549124 0.450476
0.146945 9.9964E-05 9.9964E-05 9.9964E-05 9.9964E-05 0.852655
9.9973E-05 9.9973E-05 0.877562 0.0437398 0.0783985 9.9973E-05
9.9973E-05 0.650084 0.232981 9.9973E-05 0.116636 9.9973E-05
9.996E-05 9.996E-05 9.996E-05 0.9995 9.996E-05 9.996E-05
9.99641E-05 9.99641E-05 0.780424 0.219176 9.99641E-05 9.99641E-05
9.9973E-05 9.9973E-05 0.894844 0.01918 9.9973E-05 0.0856762
0.15995 0.0939561 9.9991E-05 0.0504929 0.536352 0.159149
0.0678185 0.0256456 0.906236 9.997E-05 9.997E-05 9.997E-05
9.9964E-05 0.133051 0.866549 9.9964E-05 9.9964E-05 9.9964E-05
9.99641E-05 0.754119 0.245482 9.99641E-05 9.99641E-05 9.99641E-05
0.24614 9.99641E-05 9.99641E-05 0.753461 9.99641E-05 9.99641E-05
9.996E-05 9.996E-05 9.996E-05 9.996E-05 0.9995 9.996E-05
0.9995 9.996E-05 9.996E-05 9.996E-05 9.996E-05 9.996E-05
9.99641E-05 0.930943 9.99641E-05 0.0686568 9.99641E-05 9.99641E-05
9.9964E-05 9.9964E-05 0.131107 0.868494 9.9964E-05 9.9964E-05
9.99641E-05 9.99641E-05 0.787337 0.212263 9.99641E-05 9.99641E-05
0.915578 0.0737543 0.00892848 0.00153896 9.99821E-05 9.99821E-05
0.00438009 9.9982E-05 0.252432 0.649419 9.9982E-05 0.0935693
