9.9973E-05 0.264389 9.9973E-05 0.147243 9.9973E-05 0.588069
9.9964E-05 9.9964E-05 9.9964E-05 0.118858 9.9964E-05 0.880742
9.9973E-05 0.607935 9.9973E-05 0.0894895 9.9973E-05 0.302275
9.99821E-05 0.109843 0.18895 9.99821E-05 0.0069927 0.694014
0.109634 0.103615 9.9982E-05 9.9982E-05 0.762676 0.0238754
9.9982E-05 0.126721 0.799229 0.0712273 9.9982E-05 0.00262221
0.170763 0.625898 9.9973E-05 9.9973E-05 0.203039 9.9973E-05
9.99731E-05 0.00758923 9.99731E-05 0.0384717 9.99731E-05 0.953639
0.00024268 9.99731E-05 0.589118 0.410339 9.99731E-05 9.99731E-05
9.996E-05 9.996E-05 9.996E-05 9.996E-05 0.9995 9.996E-05
9.99642E-05 0.163472 9.99642E-05 9.99642E-05 0.836128 9.99642E-05
9.9964E-05 9.9964E-05 0.10642 9.9964E-05 9.9964E-05 0.89318
0.131396 0.19915 9.9991E-05 0.212484 0.405256 0.0516139
9.9982E-05 0.784543 0.0706496 9.9982E-05 0.131676 0.0129317
9.99641E-05 9.99641E-05 9.99641E-05 0.127256 0.872345 9.99641E-05
0.9995 9.996E-05 9.996E-05 9.996E-05 9.996E-05 9.996E-05
9.99731E-05 0.00514349 0.120301 9.99731E-05 9.99731E-05 0.874256
0.392551 9.9973E-05 0.253295 9.9973E-05 0.353854 9.9973E-05
9.9964E-05 9.9964E-05 0.983428 9.9964E-05 9.9964E-05 0.0161724
9.99641E-05 0.0102755 9.99641E-05 0.989325 9.99641E-05 9.99641E-05
0.0904739 9.9982E-05 0.0133285 0.873156 9.9982E-05 0.0228415
0.526693 9.9973E-05 0.351238 9.9973E-05 9.9973E-05 0.121768
0.9995 9.996E-05 9.996E-05 9.996E-05 9.996E-05 9.996E-05
9.999E-05 0.218438 0.018564 0.282791 0.023074 0.457033
9.9973E-05 0.948841 0.0134189 0.0374405 9.9973E-05 9.9973E-05
9.9964E-05 9.9964E-05 9.9964E-05 0.408037 0.591563 9.9964E-05
9.99731E-05 0.363765 0.0650218 9.99731E-05 9.99731E-05 0.570914
0.384304 0.145367 0.429979 9.99821E-05 0.0401505 9.99821E-05
0.0959499 9.99731E-05 9.99731E-05 0.0161415 9.99731E-05 0.887609
9.99731E-05 9.99731E-05 0.657054 9.99731E-05 0.00626359 0.336383
9.99641E-05 0.90998 9.99641E-05 9.99641E-05 0.0896197 9.99641E-05
9.996E-05 0.9995 9.996E-05 9.996E-05 9.996E-05 9.996E-05
9.9973E-05 0.247096 9.9973E-05 9.9973E-05 0.74845 0.0041538
0.0526009 0.0582716 0.888828 9.9973E-05 9.9973E-05 9.9973E-05
9.9973E-05 0.0891792 0.211659 9.9973E-05 9.9973E-05 0.698862
0.224439 9.9973E-05 0.0353772 0.739884 9.9973E-05 9.9973E-05
9.99641E-05 9.99641E-05 0.7204 0.2792 9.99641E-05 9.99641E-05
0.0953067 0.0217947 0.882599 9.9973E-05 9.9973E-05 9.9973E-05
9.998E-05 0.306947 9.998E-05 0.0123605 0.476981 0.203511
9.99731E-05 9.99731E-05 0.88824 9.99731E-05 0.0343849 0.0770753
9.9964E-05 9.9964E-05 0.786284 9.9964E-05 9.9964E-05 0.213316
9.99641E-05 9.99641E-05 0.156923 9.99641E-05 9.99641E-05 0.842677
9.99641E-05 9.99641E-05 9.99641E-05 0.963324 0.0362758 9.99641E-05
9.996E-05 0.9995 9.996E-05 9.996E-05 9.996E-05 9.996E-05
0.539432 9.99641E-05 9.99641E-05 9.99641E-05 0.460168 9.99641E-05
0.00109743 9.99641E-05 9.99641E-05 9.99641E-05 9.99641E-05 0.998503
0.0403773 9.9973E-05 0.166228 0.793095 9.9973E-05 9.9973E-05
0.0439727 9.99731E-05 0.885326 0.0704018 9.99731E-05 9.99731E-05
9.99731E-05 9.99731E-05 9.99731E-05 0.638611 0.332923 0.0281663
0.130739 9.9982E-05 0.234464 0.604727 0.02987 9.9982E-05
