0.435084 9.99649E-05 9.99649E-05 0.0596009 0.504915 9.99649E-05 9.99649E-05
0.0753859 9.99651E-05 9.99651E-05 0.751407 9.99651E-05 9.99651E-05 0.172808
0.110146 9.99648E-05 9.99648E-05 0.561174 0.328281 9.99648E-05 9.99648E-05
0.215123 0.181193 9.99824E-05 0.291147 0.267386 0.0449508 9.99824E-05
9.995E-05 9.995E-05 9.995E-05 9.995E-05 0.9994 9.995E-05 9.995E-05
0.208605 0.561949 9.99737E-05 0.104663 9.99737E-05 9.99737E-05 0.124483
0.342104 9.99738E-05 0.249354 0.158806 9.99738E-05 9.99738E-05 0.249437
0.0967939 0.0931858 0.0625446 0.457754 0.164453 0.0682373 0.0570312
0.555616 9.99648E-05 9.99648E-05 0.205527 0.238457 9.99648E-05 9.99648E-05
9.99651E-05 0.229187 9.99651E-05 9.99651E-05 0.252605 0.517808 9.99651E-05
9.998E-05 0.0314219 0.00861939 9.998E-05 0.356884 0.240356 0.362519
9.99651E-05 0.115639 9.99651E-05 9.99651E-05 0.417887 0.466074 9.99651E-05
0.101747 0.125041 9.99651E-05 0.772811 9.99651E-05 9.99651E-05 9.99651E-05
9.99558E-05 0.314073 9.99558E-05 9.99558E-05 9.99558E-05 0.685427 9.99558E-05
9.99564E-05 9.99564E-05 9.99564E-05 0.413345 9.99564E-05 0.586156 9.99564E-05
9.998E-05 0.281844 0.178574 9.998E-05 0.0416252 0.447359 0.0503978
9.99649E-05 9.99649E-05 0.310436 0.15023 0.538934 9.99649E-05 9.99649E-05
9.9956E-05 9.9956E-05 9.9956E-05 0.615578 9.9956E-05 9.9956E-05 0.383922
9.996E-05 9.996E-05 0.0131535 0.18138 9.996E-05 0.805067 9.996E-05
0.467724 9.99648E-05 9.99648E-05 0.264817 9.99648E-05 9.99648E-05 0.267059
9.998E-05 9.998E-05 0.168509 0.0915174 0.0877213 0.580263 0.0717901
0.698315 0.26432 0.0369659 9.9965E-05 9.9965E-05 9.9965E-05 9.9965E-05
0.192022 0.0976105 9.99737E-05 0.620057 9.99737E-05 0.0900101 9.99737E-05
0.344769 9.99737E-05 0.187421 9.99737E-05 0.450844 0.0166663 9.99737E-05
0.22211 0.228012 9.9965E-05 0.549479 9.9965E-05 9.9965E-05 9.9965E-05
9.997E-05 0.386582 9.997E-05 0.0328487 0.482013 0.0982556 9.997E-05
9.99649E-05 9.99649E-05 0.162227 9.99649E-05 9.99649E-05 0.550488 0.286885
9.996E-05 9.996E-05 9.996E-05 9.996E-05 0.160887 0.80894 0.0297724
9.99649E-05 0.464722 9.99649E-05 9.99649E-05 0.416041 0.118837 9.99649E-05
9.99736E-05 0.127876 9.99736E-05 9.99736E-05 0.179089 0.342577 0.350159
9.99648E-05 0.451895 9.99648E-05 9.99648E-05 0.46691 0.0807959 9.99648E-05
0.214537 9.99648E-05 9.99648E-05 0.366239 0.418825 9.99648E-05 9.99648E-05
9.9965E-05 9.9965E-05 9.9965E-05 9.9965E-05 0.065809 0.624317 0.309474
0.0920922 0.377159 0.065865 9.99737E-05 0.464584 9.99737E-05 9.99737E-05
9.995E-05 9.995E-05 9.995E-05 0.9994 9.995E-05 9.995E-05 9.995E-05
0.389505 0.0784156 9.99736E-05 9.99736E-05 0.410524 9.99736E-05 0.121255
9.99737E-05 0.140005 9.99737E-05 9.99737E-05 0.451941 0.0724057 0.335348
0.0114525 0.988048 9.99561E-05 9.99561E-05 9.99561E-05 9.99561E-05 9.99561E-05
0.565932 9.99648E-05 9.99648E-05 9.99648E-05 0.338874 9.99648E-05 0.0947947
9.997E-05 9.997E-05 0.0626051 0.154118 0.483771 0.299206 9.997E-05
9.99737E-05 0.669749 9.99737E-05 0.131986 0.0867264 9.99737E-05 0.111238
9.996E-05 9.996E-05 0.602806 9.996E-05 0.0286274 9.996E-05 0.368167
9.99648E-05 9.99648E-05 0.613152 0.0585658 9.99648E-05 0.327882 9.99648E-05
9.99647E-05 0.350751 9.99647E-05 0.510771 9.99647E-05 0.138079 9.99647E-05
9.99649E-05 0.164475 9.99649E-05 0.236719 9.99649E-05 0.598405 9.99649E-05
0.0962285 9.99738E-05 0.192737 0.0812551 9.99738E-05 0.62948 9.99738E-05
0.398488 0.285701 9.99736E-05 9.99736E-05 0.120185 0.195326 9.99736E-05
9.99648E-05 0.0536153 0.073676 9.99648E-05 9.99648E-05 0.872309 9.99648E-05
9.99648E-05 9.99648E-05 9.99648E-05 9.99648E-05 0.379439 0.15917 0.46099
0.383542 0.219034 0.224866 9.997E-05 9.997E-05 0.172259 9.997E-05
9.99648E-05 0.300611 9.99648E-05 0.1841 0.51489 9.99648E-05 9.99648E-05
0.0502838 9.99824E-05 0.417378 0.3857 0.117418 0.0290207 9.99824E-05
0.258476 9.99737E-05 9.99737E-05 0.357576 0.37028 9.99737E-05 0.0133679
9.995E-05 9.995E-05 9.995E-05 9.995E-05 9.995E-05 0.9994 9.995E-05
0.502545 9.99559E-05 9.99559E-05 9.99559E-05 0.496956 9.99559E-05 9.99559E-05
9.99562E-05 9.99562E-05 0.15522 9.99562E-05 9.99562E-05 0.84428 9.99562E-05
9.997E-05 9.997E-05 0.408063 0.223118 0.00284741 9.997E-05 0.365671
0.0131087 9.99737E-05 9.99737E-05 0.287387 9.99737E-05 0.441034 0.25817
9.99737E-05 0.272199 0.311617 0.0308264 9.99737E-05 9.99737E-05 0.385058
9.997E-05 0.119972 9.997E-05 0.277201 9.997E-05 0.435979 0.166548
9.99562E-05 0.0687534 9.99562E-05 9.99562E-05 9.99562E-05 0.930747 9.99562E-05
9.99559E-05 9.99559E-05 9.99559E-05 0.969747 0.0297528 9.99559E-05 9.99559E-05
9.997E-05 0.293473 9.997E-05 0.265597 0.25254 9.997E-05 0.188091
9.997E-05 0.0258464 0.116255 0.26616 9.997E-05 0.591439 9.997E-05
9.996E-05 9.996E-05 9.996E-05 0.0713002 9.996E-05 0.512813 0.415487
0.16138 9.99647E-05 9.99647E-05 0.65181 9.99647E-05 9.99647E-05 0.18641
0.345244 0.292014 9.9965E-05 9.9965E-05 9.9965E-05 9.9965E-05 0.362342
9.99824E-05 0.0543609 0.0112611 9.99824E-05 0.051355 0.0521443 0.830679
9.99737E-05 0.21895 9.99737E-05 9.99737E-05 0.125919 0.621654 0.0331778
9.99648E-05 9.99648E-05 9.99648E-05 9.99648E-05 0.101367 0.665144 0.233089
0.544974 9.99737E-05 9.99737E-05 0.0960131 9.99737E-05 0.174096 0.184617
0.440528 9.99736E-05 9.99736E-05 9.99736E-05 0.0120432 0.295303 0.251826
9.99559E-05 9.99559E-05 9.99559E-05 0.723266 0.276234 9.99559E-05 9.99559E-05
9.99738E-05 9.99738E-05 0.0135672 0.245305 0.427118 0.31371 9.99738E-05
0.0551966 9.99646E-05 9.99646E-05 9.99646E-05 9.99646E-05 0.14902 0.795384
0.373404 9.996E-05 9.996E-05 9.996E-05 0.548167 0.07803 9.996E-05
0.211464 0.435046 9.997E-05 9.997E-05 9.997E-05 0.0152266 0.337963
0.555309 9.99737E-05 0.0841969 0.153783 9.99737E-05 9.99737E-05 0.206411
0.281727 0.371888 9.99734E-05 0.14047 9.99734E-05 0.205615 9.99734E-05
0.738668 0.12993 9.997E-05 9.997E-05 0.0738206 9.997E-05 0.0572816
9.996E-05 0.608331 9.996E-05 0.330356 9.996E-05 0.0609135 9.996E-05
9.99649E-05 0.195089 0.53862 9.99649E-05 0.265891 9.99649E-05 9.99649E-05
0.19876 0.00944022 9.99649E-05 0.791399 9.99649E-05 9.99649E-05 9.99649E-05
0.160805 9.99738E-05 0.075116 0.515235 0.248545 9.99738E-05 9.99738E-05
9.997E-05 9.997E-05 0.0974074 9.997E-05 0.130187 0.71348 0.0586264
0.0763591 9.998E-05 9.998E-05 0.0615043 0.189582 0.173572 0.498783
0.0453827 9.996E-05 9.996E-05 9.996E-05 0.568332 0.385885 9.996E-05
9.997E-05 0.750829 9.997E-05 0.19644 9.997E-05 0.0171784 0.0352529
0.497879 0.348488 9.99653E-05 9.99653E-05 9.99653E-05 0.153233 9.99653E-05
9.99647E-05 9.99647E-05 9.99647E-05 0.467582 0.332019 0.2 9.99647E-05
0.240805 9.99737E-05 0.0568405 9.99737E-05 0.378999 0.323056 9.99737E-05
9.997E-05 0.519972 9.997E-05 0.11594 0.0867686 9.997E-05 0.277019
0.291119 0.0243748 9.99736E-05 0.102512 9.99736E-05 0.581695 9.99736E-05
0.0686876 9.99651E-05 9.99651E-05 0.437958 9.99651E-05 9.99651E-05 0.492955
9.99649E-05 0.652355 9.99649E-05 9.99649E-05 9.99649E-05 0.000687878 0.346558
0.201855 0.0491972 9.99648E-05 9.99648E-05 9.99648E-05 9.99648E-05 0.748548
0.355642 0.165452 0.0555384 9.99824E-05 0.419561 9.99824E-05 0.00360556
9.99559E-05 0.0319923 9.99559E-05 9.99559E-05 9.99559E-05 0.967508 9.99559E-05
9.998E-05 0.117006 9.998E-05 0.209774 0.181808 0.069823 0.421389
0.0139857 0.313618 9.998E-05 9.998E-05 0.467836 0.147747 0.0566127
0.267424 0.322515 9.997E-05 9.997E-05 0.162705 0.247057 9.997E-05
9.9965E-05 9.9965E-05 9.9965E-05 0.283637 0.642553 9.9965E-05 0.0734107
9.998E-05 0.238212 0.169334 9.998E-05 0.098767 0.186668 0.306819
9.99649E-05 0.146466 9.99649E-05 0.38742 9.99649E-05 9.99649E-05 0.465714
0.0951951 9.997E-05 9.997E-05 0.160899 0.626342 0.117263 9.997E-05
9.997E-05 0.152208 9.997E-05 0.364605 0.451703 9.997E-05 0.0311835
9.996E-05 0.0774945 9.996E-05 9.996E-05 0.85213 9.996E-05 0.0699755
9.995E-05 9.995E-05 9.995E-05 9.995E-05 0.9994 9.995E-05 9.995E-05
0.258177 9.99737E-05 9.99737E-05 0.0261445 9.99737E-05 0.182731 0.532648
0.0107034 0.169928 0.267915 0.487229 9.99823E-05 0.0640247 9.99823E-05
9.99737E-05 0.218649 9.99737E-05 9.99737E-05 0.38808 0.153597 0.239374
0.216124 0.241254 9.998E-05 9.998E-05 0.22302 0.19696 0.122442
9.99736E-05 0.287473 9.99736E-05 0.333836 0.361896 0.0164945 9.99736E-05
0.112103 0.31144 9.99824E-05 0.0247267 0.0808685 0.470661 9.99824E-05
0.271411 0.467152 0.145535 9.997E-05 9.997E-05 9.997E-05 0.115603
9.996E-05 9.996E-05 9.996E-05 9.996E-05 0.736393 0.204996 0.0582107
0.0471956 9.99736E-05 0.0796786 9.99736E-05 9.99736E-05 0.787006 0.0858195
9.99739E-05 0.197261 0.285092 9.99739E-05 9.99739E-05 0.275804 0.241543
9.998E-05 0.075535 9.998E-05 0.0640911 0.23832 0.612551 0.00930251
9.99652E-05 9.99652E-05 9.99652E-05 9.99652E-05 0.558062 0.312391 0.129147
9.9965E-05 0.811073 9.9965E-05 9.9965E-05 0.00868704 9.9965E-05 0.17984
0.46642 0.175559 0.117169 9.998E-05 0.158657 0.0819944 9.998E-05
0.161076 0.0872145 9.99738E-05 0.150912 9.99738E-05 0.600498 9.99738E-05
9.996E-05 0.219774 9.996E-05 0.398311 9.996E-05 9.996E-05 0.381515
9.99649E-05 0.0842771 9.99649E-05 9.99649E-05 0.777865 0.137458 9.99649E-05
9.99825E-05 0.0551314 0.0645993 0.400724 0.219351 0.259994 9.99825E-05
0.645108 0.354392 9.99562E-05 9.99562E-05 9.99562E-05 9.99562E-05 9.99562E-05
0.0799698 9.99649E-05 9.99649E-05 9.99649E-05 0.652772 9.99649E-05 0.266858
9.99649E-05 0.435295 9.99649E-05 0.504949 9.99649E-05 0.0593567 9.99649E-05
9.995E-05 9.995E-05 9.995E-05 9.995E-05 9.995E-05 0.496826 0.502675
9.996E-05 0.503167 9.996E-05 9.996E-05 9.996E-05 0.311268 0.185164
9.99649E-05 0.0369043 9.99649E-05 9.99649E-05 0.367283 0.595413 9.99649E-05
0.220213 9.99825E-05 0.0353774 0.127135 9.99825E-05 0.215664 0.401411
9.99738E-05 9.99738E-05 0.377878 0.424165 0.119277 9.99738E-05 0.078381
0.464113 9.99648E-05 9.99648E-05 0.0605497 0.474937 9.99648E-05 9.99648E-05
0.19655 9.99736E-05 9.99736E-05 0.286468 9.99736E-05 0.193072 0.32361
9.99565E-05 9.99565E-05 9.99565E-05 9.99565E-05 9.99565E-05 0.9636 0.0358999
9.99647E-05 9.99647E-05 9.99647E-05 0.700027 9.99647E-05 0.228728 0.0708451
0.36219 0.212189 9.99734E-05 9.99734E-05 0.283164 9.99734E-05 0.142158
9.99649E-05 9.99649E-05 9.99649E-05 0.120764 9.99649E-05 0.542786 0.336051
0.406165 9.99735E-05 9.99735E-05 0.035652 0.161929 0.395954 9.99735E-05
0.0308676 0.233808 0.480004 9.99737E-05 9.99737E-05 0.255021 9.99737E-05
9.99649E-05 9.99649E-05 9.99649E-05 0.0213174 0.508599 9.99649E-05 0.469684
0.193095 0.102509 9.99825E-05 0.404852 0.223354 0.0759911 9.99825E-05
0.217868 9.996E-05 9.996E-05 9.996E-05 9.996E-05 0.35228 0.429452
9.99648E-05 9.99648E-05 0.0405889 9.99648E-05 0.53728 0.421731 9.99648E-05
0.0572478 0.0625495 9.99826E-05 0.0782814 0.238146 9.99826E-05 0.563575
9.99647E-05 0.163802 9.99647E-05 9.99647E-05 0.517261 0.318538 9.99647E-05
9.995E-05 9.995E-05 9.995E-05 0.9994 9.995E-05 9.995E-05 9.995E-05
0.155529 9.997E-05 9.997E-05 0.319502 0.285356 0.239314 9.997E-05
9.99651E-05 0.00427522 9.99651E-05 0.938313 9.99651E-05 0.0570121 9.99651E-05
9.99648E-05 9.99648E-05 9.99648E-05 9.99648E-05 0.593666 0.0540281 0.351906
0.880676 9.995E-05 9.995E-05 9.995E-05 9.995E-05 9.995E-05 0.118824
9.99648E-05 9.99648E-05 9.99648E-05 0.0791196 0.535717 9.99648E-05 0.384764
9.99563E-05 9.99563E-05 9.99563E-05 9.99563E-05 9.99563E-05 0.942775 0.0567253
0.175366 0.119685 9.99736E-05 0.595986 0.108664 9.99736E-05 9.99736E-05
9.995E-05 9.995E-05 9.995E-05 9.995E-05 0.232767 0.766734 9.995E-05
0.478355 0.521145 9.9956E-05 9.9956E-05 9.9956E-05 9.9956E-05 9.9956E-05
9.99736E-05 0.314618 9.99736E-05 9.99736E-05 0.282703 0.176488 0.225892
0.302489 9.99736E-05 9.99736E-05 9.99736E-05 0.345526 0.339662 0.0120228
9.997E-05 9.997E-05 0.260091 0.16562 0.526873 9.997E-05 0.0471165
9.99737E-05 0.208058 0.0911097 9.99737E-05 0.341737 0.358796 9.99737E-05
9.996E-05 0.0343289 9.996E-05 9.996E-05 9.996E-05 0.68803 0.277241
0.237203 0.350903 9.997E-05 9.997E-05 0.0136896 0.397905 9.997E-05
0.26719 0.279496 9.99912E-05 0.190005 0.212902 0.00141957 0.0488871
0.0252952 9.99563E-05 9.99563E-05 0.974205 9.99563E-05 9.99563E-05 9.99563E-05
9.99648E-05 0.531658 0.244597 9.99648E-05 0.223345 9.99648E-05 9.99648E-05
9.99647E-05 0.446938 0.159224 9.99647E-05 0.393438 9.99647E-05 9.99647E-05
9.9956E-05 9.9956E-05 9.9956E-05 9.9956E-05 0.910888 9.9956E-05 0.0886125
0.0449541 0.141603 9.99823E-05 0.114646 9.99823E-05 0.606706 0.0918911
9.99563E-05 9.99563E-05 0.153478 0.846022 9.99563E-05 9.99563E-05 9.99563E-05
9.99649E-05 0.870718 0.107195 0.0216874 9.99649E-05 9.99649E-05 9.99649E-05
0.141689 0.114988 9.99738E-05 0.238818 0.504205 9.99738E-05 9.99738E-05
0.396959 0.474676 9.99646E-05 9.99646E-05 9.99646E-05 0.127965 9.99646E-05
9.997E-05 9.997E-05 0.277092 9.997E-05 0.0821645 0.409397 0.231047
9.998E-05 0.188791 9.998E-05 0.11803 0.205606 0.159008 0.328364
0.325691 9.997E-05 9.997E-05 0.218488 0.353615 0.101907 9.997E-05
9.99648E-05 9.99648E-05 9.99648E-05 0.0371548 0.221922 0.740524 9.99648E-05
0.0520493 0.292023 9.99652E-05 0.655528 9.99652E-05 9.99652E-05 9.99652E-05
9.99647E-05 0.644823 9.99647E-05 9.99647E-05 0.0149026 0.339874 9.99647E-05
9.99562E-05 9.99562E-05 9.99562E-05 9.99562E-05 9.99562E-05 0.376652 0.622848
0.477394 9.99825E-05 0.0591313 0.140588 0.30168 9.99825E-05 0.0210074
9.99736E-05 9.99736E-05 0.0151194 0.305998 0.428125 0.250458 9.99736E-05
0.305335 9.997E-05 9.997E-05 0.182146 9.997E-05 0.354806 0.157412
0.149041 9.99822E-05 9.99822E-05 0.198081 0.154354 0.487232 0.0110918
9.99738E-05 0.0968707 9.99738E-05 0.32041 9.99738E-05 0.381567 0.200853
0.0170567 9.998E-05 9.998E-05 0.455248 0.0839169 0.302795 0.140784
0.0603068 0.493305 9.99735E-05 0.444992 9.99735E-05 0.00109554 9.99735E-05
9.997E-05 0.186436 0.0554564 0.137713 9.997E-05 0.620094 9.997E-05
0.476675 0.0214858 9.99736E-05 9.99736E-05 9.99736E-05 0.282703 0.218836
0.235282 9.99651E-05 9.99651E-05 9.99651E-05 0.542014 9.99651E-05 0.222304
9.9965E-05 0.157028 9.9965E-05 9.9965E-05 0.446514 9.9965E-05 0.396059
0.237328 9.99735E-05 9.99735E-05 0.337674 9.99735E-05 0.312464 0.112234
9.997E-05 0.0718877 9.997E-05 0.30505 0.370805 0.251957 9.997E-05
9.99648E-05 9.99648E-05 9.99648E-05 9.99648E-05 0.68683 0.036914 0.275856
9.99647E-05 9.99647E-05 0.30234 0.366324 9.99647E-05 9.99647E-05 0.330936
9.996E-05 9.996E-05 9.996E-05 0.454677 0.375378 0.169545 9.996E-05
0.28601 9.99651E-05 9.99651E-05 0.479183 9.99651E-05 0.234407 9.99651E-05
9.99651E-05 0.201193 9.99651E-05 0.531845 9.99651E-05 9.99651E-05 0.266562
9.99737E-05 0.217385 9.99737E-05 0.0960741 0.562987 9.99737E-05 0.123254
0.148313 9.998E-05 0.0593277 9.998E-05 0.492388 0.0268324 0.272939
0.137019 0.0914067 9.997E-05 9.997E-05 9.997E-05 0.628196 0.143079
9.99558E-05 9.99558E-05 9.99558E-05 9.99558E-05 9.99558E-05 0.868929 0.130571
0.362626 9.99648E-05 9.99648E-05 9.99648E-05 9.99648E-05 0.347247 0.289727
0.182525 0.194805 9.997E-05 9.997E-05 0.116373 0.505997 9.997E-05
0.424841 9.996E-05 9.996E-05 0.321186 9.996E-05 0.253572 9.996E-05
9.99561E-05 9.99561E-05 9.99561E-05 0.201276 9.99561E-05 0.798224 9.99561E-05
0.104233 9.9965E-05 9.9965E-05 9.9965E-05 0.810905 0.0844622 9.9965E-05
0.165174 0.0972041 0.228517 9.99823E-05 9.99823E-05 0.447621 0.0612837
9.997E-05 0.352097 0.0205429 9.997E-05 0.490277 9.997E-05 0.136783
9.99649E-05 9.99649E-05 9.99649E-05 0.368199 9.99649E-05 0.416244 0.215158
0.310356 0.0276845 9.998E-05 0.225373 9.998E-05 0.23582 0.200567
0.0887923 0.0601818 0.102608 0.157444 9.999E-05 0.354804 0.23607
0.21409 9.996E-05 9.996E-05 9.996E-05 0.506401 9.996E-05 0.279108
0.128561 0.472805 9.99648E-05 0.398235 9.99648E-05 9.99648E-05 9.99648E-05
9.995E-05 9.995E-05 9.995E-05 9.995E-05 0.9994 9.995E-05 9.995E-05
9.99562E-05 9.99562E-05 9.99562E-05 9.99562E-05 0.516454 9.99562E-05 0.483046
0.238489 9.996E-05 9.996E-05 9.996E-05 0.11201 9.996E-05 0.649101
0.125789 9.99736E-05 0.177814 0.665738 9.99736E-05 9.99736E-05 0.0303594
9.997E-05 0.152549 9.997E-05 0.76736 0.0014625 9.997E-05 0.0783287
9.996E-05 9.996E-05 9.996E-05 0.367315 0.411815 9.996E-05 0.22047
9.996E-05 9.996E-05 9.996E-05 0.269748 9.996E-05 0.47113 0.258722
0.518745 9.99649E-05 9.99649E-05 9.99649E-05 0.0920777 9.99649E-05 0.388777
9.99649E-05 9.99649E-05 9.99649E-05 0.369146 0.165417 9.99649E-05 0.465037
9.99649E-05 0.242152 9.99649E-05 0.610109 9.99649E-05 9.99649E-05 0.147339
9.998E-05 0.019123 0.0236069 0.029828 9.998E-05 0.678061 0.249181
9.997E-05 9.997E-05 9.997E-05 0.136902 0.194137 0.501174 0.167488
9.99559E-05 0.85646 9.99559E-05 9.99559E-05 9.99559E-05 9.99559E-05 0.14304
0.451617 9.99826E-05 9.99826E-05 0.0262666 0.228537 0.270572 0.022807
0.278772 0.108409 9.99736E-05 9.99736E-05 0.194333 0.418187 9.99736E-05
9.99737E-05 0.338709 9.99737E-05 0.276363 9.99737E-05 0.0717071 0.312922
9.997E-05 9.997E-05 0.157963 0.116214 9.997E-05 0.0249552 0.700568
9.99737E-05 9.99737E-05 0.0580825 9.99737E-05 0.299882 0.0987827 0.542953
0.993759 9.99564E-05 9.99564E-05 9.99564E-05 9.99564E-05 0.00574086 9.99564E-05
9.997E-05 0.432154 9.997E-05 0.354858 9.997E-05 0.0872287 0.125459
9.997E-05 0.218622 9.997E-05 0.0787469 9.997E-05 0.103222 0.599109
9.997E-05 9.997E-05 9.997E-05 0.290185 0.0672389 0.294144 0.348131
9.997E-05 0.31443 0.0750135 9.997E-05 9.997E-05 0.419065 0.191191
9.99648E-05 0.324209 9.99648E-05 0.420464 9.99648E-05 9.99648E-05 0.254927
0.0276255 0.197459 9.99824E-05 9.99824E-05 0.230153 0.199674 0.344889
0.0246289 0.201924 9.99651E-05 9.99651E-05 9.99651E-05 9.99651E-05 0.773048
0.135066 0.0436553 9.997E-05 0.438588 9.997E-05 0.38239 9.997E-05
9.99646E-05 9.99646E-05 9.99646E-05 0.443133 0.29088 0.265588 9.99646E-05
0.265742 9.996E-05 9.996E-05 9.996E-05 9.996E-05 0.576171 0.157687
0.0304401 9.99652E-05 9.99652E-05 0.0194564 0.949704 9.99652E-05 9.99652E-05
9.9965E-05 9.9965E-05 9.9965E-05 0.731958 9.9965E-05 0.194821 0.0728208
9.997E-05 0.407641 9.997E-05 0.192282 9.997E-05 0.37048 0.0292967
9.99824E-05 0.00141156 0.0843146 0.0627288 9.99824E-05 0.0876643 0.763681
0.0920204 9.99738E-05 0.102703 9.99738E-05 9.99738E-05 0.3836 0.421377
0.258127 9.996E-05 9.996E-05 0.334326 0.407147 9.996E-05 9.996E-05
9.99562E-05 0.110727 9.99562E-05 9.99562E-05 9.99562E-05 0.888773 9.99562E-05
9.99648E-05 0.11893 9.99648E-05 9.99648E-05 0.5713 0.30937 9.99648E-05
9.996E-05 0.0568388 9.996E-05 0.717763 0.224999 9.996E-05 9.996E-05
9.99736E-05 0.492353 0.0467289 9.99736E-05 0.274363 9.99736E-05 0.186256
0.123684 9.99738E-05 9.99738E-05 9.99738E-05 0.791362 0.081327 0.00332693
9.99558E-05 0.222714 9.99558E-05 0.776786 9.99558E-05 9.99558E-05 9.99558E-05
0.160278 9.99561E-05 9.99561E-05 9.99561E-05 9.99561E-05 0.839222 9.99561E-05
9.999E-05 0.0332529 0.154446 0.242152 0.308254 0.223533 0.0382621
0.24242 9.99649E-05 0.391754 9.99649E-05 9.99649E-05 0.365425 9.99649E-05
9.99648E-05 9.99648E-05 9.99648E-05 0.767618 9.99648E-05 0.229845 0.00213684
0.453083 0.134311 0.0268631 0.0885601 0.037121 0.248658 0.0114038
