9.99735E-05 0.152121 0.00879038 9.99735E-05 0.699006 9.99735E-05 0.139783
0.552452 9.99649E-05 9.99649E-05 0.160345 9.99649E-05 9.99649E-05 0.286803
0.239987 9.99563E-05 9.99563E-05 9.99563E-05 9.99563E-05 0.759514 9.99563E-05
9.99651E-05 0.24514 0.153831 9.99651E-05 9.99651E-05 0.600629 9.99651E-05
0.260425 9.9965E-05 9.9965E-05 9.9965E-05 0.282745 9.9965E-05 0.456431
0.256049 9.99651E-05 9.99651E-05 9.99651E-05 0.218511 9.99651E-05 0.52504
9.99648E-05 0.413056 0.501169 9.99648E-05 9.99648E-05 0.0853754 9.99648E-05
0.281317 0.396293 9.99736E-05 0.277668 9.99736E-05 0.0444222 9.99736E-05
9.99652E-05 0.472715 9.99652E-05 0.343178 9.99652E-05 9.99652E-05 0.183707
0.649124 0.0606245 9.99651E-05 0.289852 9.99651E-05 9.99651E-05 9.99651E-05
0.0416371 9.99737E-05 0.350435 9.99737E-05 0.312044 0.295584 9.99737E-05
0.53348 0.353819 9.99646E-05 9.99646E-05 0.112301 9.99646E-05 9.99646E-05
9.9965E-05 0.343415 0.0650429 9.9965E-05 9.9965E-05 0.591142 9.9965E-05
9.997E-05 0.198354 0.19619 0.196079 9.997E-05 0.409077 9.997E-05
9.99651E-05 0.85666 9.99651E-05 9.99651E-05 9.99651E-05 0.0691755 0.0737646
9.99563E-05 9.99563E-05 9.99563E-05 9.99563E-05 9.99563E-05 0.854857 0.144643
0.19934 0.0584672 0.357974 9.99825E-05 0.162063 0.221955 9.99825E-05
0.203192 9.99735E-05 0.202332 9.99735E-05 0.364541 0.229636 9.99735E-05
0.26158 0.73792 9.99562E-05 9.99562E-05 9.99562E-05 9.99562E-05 9.99562E-05
0.612039 0.00279249 0.186042 0.126677 0.07225 9.99825E-05 9.99825E-05
0.0658068 0.136471 0.109859 0.0453664 9.99823E-05 9.99823E-05 0.642296
0.0897612 0.511685 9.99736E-05 9.99736E-05 0.296081 0.102172 9.99736E-05
0.301352 0.106327 0.200163 0.266286 9.99825E-05 0.125671 9.99825E-05
9.996E-05 9.996E-05 9.996E-05 0.109149 0.221733 0.668719 9.996E-05
9.99648E-05 0.539302 9.99648E-05 9.99648E-05 9.99648E-05 0.0668543 0.393444
0.520495 0.412009 9.99646E-05 0.0670964 9.99646E-05 9.99646E-05 9.99646E-05
0.453339 9.99736E-05 0.218127 0.0440995 9.99736E-05 0.284135 9.99736E-05
0.132291 0.13096 9.99735E-05 0.728359 9.99735E-05 9.99735E-05 0.0080903
9.9956E-05 9.9956E-05 9.9956E-05 9.9956E-05 0.120042 9.9956E-05 0.879458
0.158146 9.99648E-05 0.152162 9.99648E-05 9.99648E-05 0.689292 9.99648E-05
9.9956E-05 9.9956E-05 9.9956E-05 9.9956E-05 0.047815 9.9956E-05 0.951685
0.0224761 9.99651E-05 9.99651E-05 9.99651E-05 9.99651E-05 0.805659 0.171465
9.99738E-05 0.407411 0.0309146 9.99738E-05 9.99738E-05 0.513784 0.0475908
0.0440604 0.590623 0.0102014 0.0664977 9.99825E-05 9.99825E-05 0.288417
0.9994 9.995E-05 9.995E-05 9.995E-05 9.995E-05 9.995E-05 9.995E-05
0.235045 9.99649E-05 0.52539 0.239165 9.99649E-05 9.99649E-05 9.99649E-05
0.0779945 9.99824E-05 9.99824E-05 0.0454339 0.115068 0.450157 0.311146
0.351724 0.00794654 9.99737E-05 9.99737E-05 9.99737E-05 0.255076 0.384954
9.998E-05 0.18423 0.359772 0.0959321 9.998E-05 0.0607178 0.299148
9.99558E-05 9.99558E-05 0.860511 9.99558E-05 0.138989 9.99558E-05 9.99558E-05
0.33911 0.576203 0.0451538 9.99736E-05 9.99736E-05 9.99736E-05 0.0392334
9.997E-05 0.400974 9.997E-05 0.242811 0.152811 0.203104 9.997E-05
9.9956E-05 0.153921 9.9956E-05 0.845579 9.9956E-05 9.9956E-05 9.9956E-05
9.99736E-05 0.407824 9.99736E-05 9.99736E-05 0.00605351 0.527755 0.0580677
9.99563E-05 9.99563E-05 9.99563E-05 9.99563E-05 9.99563E-05 0.370861 0.628639
9.997E-05 0.378229 0.221813 9.997E-05 0.376248 0.0234092 9.997E-05
9.997E-05 0.0345346 9.997E-05 0.294942 9.997E-05 0.605415 0.0648075
9.997E-05 9.997E-05 0.0649908 0.431028 0.416297 0.0873842 9.997E-05
9.99649E-05 9.99649E-05 9.99649E-05 0.412953 0.321331 9.99649E-05 0.265317
0.135044 0.655492 9.99737E-05 9.99737E-05 9.99737E-05 0.155105 0.0540592
0.678403 9.99563E-05 0.321098 9.99563E-05 9.99563E-05 9.99563E-05 9.99563E-05
0.0988292 9.99648E-05 0.665569 9.99648E-05 9.99648E-05 0.235201 9.99648E-05
9.997E-05 9.997E-05 9.997E-05 0.223491 0.2498 0.154121 0.372288
9.99647E-05 0.53175 9.99647E-05 0.210468 9.99647E-05 9.99647E-05 0.257383
9.996E-05 0.237563 9.996E-05 0.180257 9.996E-05 0.58178 9.996E-05
9.99735E-05 9.99735E-05 9.99735E-05 0.0553183 0.563916 0.0473104 0.333155
0.172197 0.307496 9.997E-05 0.0970709 0.422936 9.997E-05 9.997E-05
0.285122 9.99651E-05 9.99651E-05 9.99651E-05 0.242044 9.99651E-05 0.472434
9.99646E-05 0.52698 0.469852 0.00276738 9.99646E-05 9.99646E-05 9.99646E-05
0.408293 0.323116 9.997E-05 0.153923 0.114369 9.997E-05 9.997E-05
0.21046 0.00789144 9.998E-05 9.998E-05 0.195234 0.410312 0.175903
0.0583679 9.99736E-05 0.227434 0.0669861 0.646912 9.99736E-05 9.99736E-05
9.9956E-05 9.9956E-05 0.189872 0.809628 9.9956E-05 9.9956E-05 9.9956E-05
9.99738E-05 0.445799 0.0216075 9.99738E-05 0.128033 0.404261 9.99738E-05
9.9956E-05 9.9956E-05 9.9956E-05 9.9956E-05 0.0165659 0.982934 9.9956E-05
0.508663 9.996E-05 9.996E-05 0.0927988 9.996E-05 0.398139 9.996E-05
0.379863 0.22786 9.997E-05 0.271329 0.120648 9.997E-05 9.997E-05
9.99559E-05 9.99559E-05 0.650754 9.99559E-05 9.99559E-05 9.99559E-05 0.348747
0.124755 9.99563E-05 9.99563E-05 9.99563E-05 9.99563E-05 0.874745 9.99563E-05
0.0321042 0.0364289 9.997E-05 0.721699 9.997E-05 0.209468 9.997E-05
0.171994 0.0806524 0.331912 0.0963516 9.999E-05 0.295757 0.023234
9.99651E-05 9.99651E-05 0.52744 9.99651E-05 0.333365 9.99651E-05 0.138795
0.427344 0.144867 9.998E-05 0.317594 0.0807912 9.998E-05 0.0292035
9.99564E-05 9.99564E-05 0.347112 9.99564E-05 0.652388 9.99564E-05 9.99564E-05
9.995E-05 9.995E-05 9.995E-05 0.9994 9.995E-05 9.995E-05 9.995E-05
0.165577 9.99737E-05 0.277562 9.99737E-05 0.0418814 9.99737E-05 0.51468
9.99561E-05 9.99561E-05 9.99561E-05 0.720279 9.99561E-05 9.99561E-05 0.279221
0.598515 0.160921 9.999E-05 0.039426 0.0541489 0.131395 0.0154942
0.239953 9.996E-05 0.20876 9.996E-05 9.996E-05 0.550886 9.996E-05
9.99561E-05 0.542358 9.99561E-05 9.99561E-05 9.99561E-05 0.457142 9.99561E-05
0.0389542 9.99735E-05 9.99735E-05 0.128656 0.0929475 9.99735E-05 0.739143
9.99652E-05 9.99652E-05 0.835638 9.99652E-05 0.108851 0.0551111 9.99652E-05
9.996E-05 0.68326 9.996E-05 0.00591593 0.310424 9.996E-05 9.996E-05
0.130585 0.601494 0.0401542 0.0197186 0.207848 9.998E-05 9.998E-05
9.997E-05 0.185138 0.264622 0.0886445 9.997E-05 9.997E-05 0.461296
0.375421 9.99561E-05 0.624079 9.99561E-05 9.99561E-05 9.99561E-05 9.99561E-05
0.622755 9.99649E-05 9.99649E-05 9.99649E-05 0.113255 0.26359 9.99649E-05
9.99564E-05 9.99564E-05 0.830721 0.168779 9.99564E-05 9.99564E-05 9.99564E-05
9.99652E-05 0.883195 0.0811313 9.99652E-05 0.0352743 9.99652E-05 9.99652E-05
0.0922146 0.6912 9.997E-05 9.997E-05 9.997E-05 0.158679 0.0576066
9.996E-05 0.0483508 9.996E-05 0.375828 9.996E-05 0.575422 9.996E-05
9.996E-05 0.107936 9.996E-05 0.175901 9.996E-05 9.996E-05 0.715763
0.338539 0.105979 9.99738E-05 9.99738E-05 0.286002 9.99738E-05 0.269179
9.99738E-05 0.045853 9.99738E-05 9.99738E-05 0.742045 0.137608 0.0741947
0.128929 9.99738E-05 9.99738E-05 9.99738E-05 0.282096 0.479395 0.10928
9.99737E-05 0.0213417 0.116684 9.99737E-05 0.535049 9.99737E-05 0.326626
9.997E-05 0.0498988 0.0467634 9.997E-05 0.196251 0.706787 9.997E-05
9.99649E-05 9.99649E-05 0.296089 0.486326 9.99649E-05 9.99649E-05 0.217185
9.99561E-05 0.886083 9.99561E-05 9.99561E-05 9.99561E-05 9.99561E-05 0.113417
9.99648E-05 0.410239 9.99648E-05 9.99648E-05 0.243937 9.99648E-05 0.345425
0.288334 9.998E-05 0.0108757 0.277268 0.246797 9.998E-05 0.176525
0.691095 9.9956E-05 9.9956E-05 9.9956E-05 9.9956E-05 0.308405 9.9956E-05
9.99649E-05 9.99649E-05 9.99649E-05 0.194863 0.278431 9.99649E-05 0.526306
9.99559E-05 9.99559E-05 9.99559E-05 0.0455877 0.953912 9.99559E-05 9.99559E-05
0.0326686 0.247047 9.997E-05 0.680855 0.0391294 9.997E-05 9.997E-05
9.995E-05 9.995E-05 9.995E-05 9.995E-05 0.9994 9.995E-05 9.995E-05
0.0932078 9.9965E-05 9.9965E-05 0.569306 9.9965E-05 9.9965E-05 0.337087
0.18776 9.99561E-05 9.99561E-05 0.811741 9.99561E-05 9.99561E-05 9.99561E-05
0.0969488 0.52946 9.999E-05 0.100579 0.191791 0.0425119 0.038609
9.99649E-05 9.99649E-05 9.99649E-05 9.99649E-05 0.248372 0.700876 0.0503516
9.99562E-05 0.303309 9.99562E-05 0.696191 9.99562E-05 9.99562E-05 9.99562E-05
0.140139 0.514869 0.0673455 0.277347 9.99735E-05 9.99735E-05 9.99735E-05
0.00554999 0.737855 9.996E-05 9.996E-05 9.996E-05 9.996E-05 0.256195
0.0429897 0.518679 9.99735E-05 0.16131 9.99735E-05 9.99735E-05 0.276721
0.0926591 0.193792 9.99738E-05 9.99738E-05 0.217908 9.99738E-05 0.49534
9.997E-05 0.124341 0.0967346 9.997E-05 0.764576 9.997E-05 0.0140488
9.996E-05 9.996E-05 9.996E-05 0.595796 0.30983 9.996E-05 0.0939746
9.995E-05 9.995E-05 0.9994 9.995E-05 9.995E-05 9.995E-05 9.995E-05
9.99652E-05 0.0632234 9.99652E-05 0.351696 9.99652E-05 0.584681 9.99652E-05
9.99737E-05 0.569994 0.296534 9.99737E-05 9.99737E-05 0.0592501 0.0739214
9.997E-05 0.479278 0.219032 0.115119 0.186271 9.997E-05 9.997E-05
9.99649E-05 0.00215586 0.497508 9.99649E-05 0.499937 9.99649E-05 9.99649E-05
0.178776 0.145938 0.0697019 0.336162 9.998E-05 9.998E-05 0.269222
9.997E-05 0.296694 0.298372 0.300865 9.997E-05 9.997E-05 0.103769
9.997E-05 0.195102 9.997E-05 0.187654 0.147074 0.469869 9.997E-05
9.998E-05 0.216826 0.30704 0.15062 0.160006 9.998E-05 0.165309
9.9965E-05 9.9965E-05 9.9965E-05 0.190031 0.140805 0.668764 9.9965E-05
9.997E-05 9.997E-05 9.997E-05 0.120736 0.0870384 0.553081 0.238844
9.99652E-05 0.28046 9.99652E-05 9.99652E-05 0.204958 0.514182 9.99652E-05
9.99647E-05 9.99647E-05 0.116653 9.99647E-05 0.562341 9.99647E-05 0.320606
0.10173 9.997E-05 9.997E-05 0.375327 0.216226 0.306417 9.997E-05
0.580458 0.14361 0.0905857 0.0611247 0.0368574 0.0872643 9.999E-05
0.833317 0.0805625 9.99648E-05 9.99648E-05 9.99648E-05 9.99648E-05 0.0857211
9.99647E-05 9.99647E-05 9.99647E-05 0.507414 0.425814 0.066372 9.99647E-05
9.99651E-05 9.99651E-05 0.0170531 9.99651E-05 0.668568 0.313979 9.99651E-05
0.731316 9.997E-05 0.00279846 9.997E-05 0.209378 9.997E-05 0.0562079
9.99735E-05 9.99735E-05 0.440978 0.1536 9.99735E-05 0.287453 0.117669
0.352904 9.99737E-05 0.0211107 9.99737E-05 9.99737E-05 0.28681 0.338876
0.41319 0.0771004 0.449926 9.998E-05 0.0574909 0.00209287 9.998E-05
9.99561E-05 9.99561E-05 9.99561E-05 0.723517 9.99561E-05 9.99561E-05 0.275983
9.997E-05 9.997E-05 9.997E-05 0.347162 0.252675 0.368447 0.0314156
0.269766 9.9956E-05 9.9956E-05 0.729734 9.9956E-05 9.9956E-05 9.9956E-05
9.996E-05 9.996E-05 9.996E-05 0.312955 9.996E-05 0.216456 0.470189
9.99736E-05 0.244085 0.0889936 9.99736E-05 0.0511403 0.615481 9.99736E-05
9.99564E-05 0.624135 9.99564E-05 9.99564E-05 0.375366 9.99564E-05 9.99564E-05
9.99649E-05 0.184688 0.368496 0.446416 9.99649E-05 9.99649E-05 9.99649E-05
0.196979 0.238851 0.432222 0.0479276 9.999E-05 0.0346383 0.0492828
9.99736E-05 0.185153 0.527511 9.99736E-05 0.172798 0.114238 9.99736E-05
0.407402 9.99649E-05 9.99649E-05 0.219407 9.99649E-05 0.372791 9.99649E-05
9.9965E-05 0.103643 0.57946 9.9965E-05 9.9965E-05 0.316498 9.9965E-05
0.574309 9.9956E-05 9.9956E-05 0.425192 9.9956E-05 9.9956E-05 9.9956E-05
0.4403 0.444638 9.99735E-05 0.0232129 0.0915496 9.99735E-05 9.99735E-05
0.0984669 0.37595 9.99737E-05 9.99737E-05 0.336309 0.188975 9.99737E-05
9.997E-05 9.997E-05 0.271925 0.441187 0.254432 9.997E-05 0.032157
9.9965E-05 0.389365 0.00661693 0.603619 9.9965E-05 9.9965E-05 9.9965E-05
9.998E-05 0.366868 9.998E-05 0.237154 0.0516535 0.211225 0.1329
9.99736E-05 0.273976 0.460241 9.99736E-05 9.99736E-05 0.218912 0.0465718
9.99563E-05 9.99563E-05 9.99563E-05 9.99563E-05 9.99563E-05 0.555505 0.443995
9.996E-05 0.713238 9.996E-05 9.996E-05 9.996E-05 0.26772 0.0186421
9.99565E-05 9.99565E-05 9.99565E-05 9.99565E-05 9.99565E-05 0.659683 0.339818
0.127178 9.99648E-05 0.535791 9.99648E-05 0.336632 9.99648E-05 9.99648E-05
9.9965E-05 9.9965E-05 9.9965E-05 0.176385 0.479364 0.343852 9.9965E-05
9.999E-05 0.177753 0.120092 0.152039 0.176199 0.347805 0.0260129
9.9956E-05 9.9956E-05 9.9956E-05 9.9956E-05 0.907877 9.9956E-05 0.0916235
9.99646E-05 9.99646E-05 0.0748177 9.99646E-05 9.99646E-05 0.144772 0.78001
0.02935 9.99651E-05 9.99651E-05 0.719827 9.99651E-05 0.250423 9.99651E-05
0.249334 9.9965E-05 9.9965E-05 0.226051 0.524215 9.9965E-05 9.9965E-05
9.99565E-05 9.99565E-05 9.99565E-05 9.99565E-05 0.804803 0.194697 9.99565E-05
0.00787324 9.997E-05 0.0321183 0.15061 9.997E-05 0.809098 9.997E-05
0.245707 0.202744 9.99647E-05 9.99647E-05 9.99647E-05 0.551149 9.99647E-05
9.99737E-05 9.99737E-05 0.207548 0.0278594 9.99737E-05 0.0888377 0.675455
0.153757 0.0321449 9.997E-05 9.997E-05 0.228754 9.997E-05 0.585044
0.0301889 9.997E-05 9.997E-05 0.299 0.273676 0.396835 9.997E-05
0.194176 0.302592 0.165279 9.99736E-05 0.337653 9.99736E-05 9.99736E-05
0.741715 0.220608 0.0372773 9.99648E-05 9.99648E-05 9.99648E-05 9.99648E-05
9.99649E-05 9.99649E-05 0.217969 9.99649E-05 0.0520506 9.99649E-05 0.729581
0.172124 0.314289 9.99649E-05 9.99649E-05 9.99649E-05 9.99649E-05 0.513188
0.0412776 9.99736E-05 0.41131 9.99736E-05 0.00502945 9.99736E-05 0.542083
9.99564E-05 0.385947 9.99564E-05 0.613553 9.99564E-05 9.99564E-05 9.99564E-05
9.99736E-05 0.0295766 9.99736E-05 0.299423 9.99736E-05 0.519099 0.151601
9.99648E-05 9.99648E-05 9.99648E-05 0.0637944 0.792836 9.99648E-05 0.14297
9.998E-05 0.24614 0.0145031 9.998E-05 0.420312 0.0113519 0.307493
0.590097 9.997E-05 9.997E-05 0.0126112 9.997E-05 0.0735503 0.323441
9.99736E-05 0.412285 9.99736E-05 9.99736E-05 0.00844696 0.488985 0.0899825
0.122506 0.0584164 9.997E-05 0.347946 9.997E-05 0.470832 9.997E-05
9.9956E-05 9.9956E-05 0.0645723 9.9956E-05 0.934928 9.9956E-05 9.9956E-05
9.99735E-05 0.0173258 9.99735E-05 9.99735E-05 0.203701 0.668915 0.109759
0.0154194 0.916851 9.99648E-05 9.99648E-05 9.99648E-05 9.99648E-05 0.0673298
0.334908 0.299346 9.99737E-05 0.325261 9.99737E-05 9.99737E-05 0.0401851
9.9956E-05 9.9956E-05 9.9956E-05 9.9956E-05 9.9956E-05 0.90683 0.0926702
9.997E-05 0.750447 9.997E-05 0.0444139 9.997E-05 0.0898083 0.115031
0.436447 0.12494 9.9965E-05 9.9965E-05 0.438213 9.9965E-05 9.9965E-05
0.450801 9.99648E-05 9.99648E-05 0.378296 0.170503 9.99648E-05 9.99648E-05
0.00405346 0.646317 0.106574 9.99824E-05 0.0795613 0.163294 9.99824E-05
0.0144299 0.104053 9.99651E-05 9.99651E-05 0.881117 9.99651E-05 9.99651E-05
9.99651E-05 0.330697 9.99651E-05 9.99651E-05 0.431112 0.23779 9.99651E-05
9.99647E-05 0.179599 0.0936935 9.99647E-05 9.99647E-05 0.726308 9.99647E-05
9.99561E-05 0.458205 9.99561E-05 9.99561E-05 0.541295 9.99561E-05 9.99561E-05
9.997E-05 9.997E-05 0.204742 9.997E-05 0.521748 0.0747061 0.198504
0.286567 0.590668 9.99649E-05 9.99649E-05 0.122364 9.99649E-05 9.99649E-05
0.0863512 9.997E-05 9.997E-05 0.639848 0.164889 0.108613 9.997E-05
0.353884 0.364717 9.9965E-05 9.9965E-05 9.9965E-05 0.280999 9.9965E-05
9.99648E-05 0.604537 9.99648E-05 9.99648E-05 9.99648E-05 0.102104 0.29296
9.99649E-05 0.75094 0.0281072 9.99649E-05 0.220553 9.99649E-05 9.99649E-05
0.127067 9.99647E-05 9.99647E-05 0.55989 9.99647E-05 9.99647E-05 0.312644
9.99736E-05 0.26793 0.32531 0.243736 9.99736E-05 0.162723 9.99736E-05
0.100149 9.99735E-05 9.99735E-05 0.215937 0.460439 9.99735E-05 0.223176
9.998E-05 0.0472046 9.998E-05 0.335997 0.448457 0.0345129 0.133629
0.273538 9.998E-05 0.316397 0.232297 9.998E-05 0.174714 0.0028544
0.0385363 0.0143575 9.998E-05 0.0123074 0.876183 9.998E-05 0.0584157
0.0759786 9.997E-05 0.0980796 9.997E-05 0.494325 9.997E-05 0.331317
0.112561 0.478089 0.0845182 0.161247 0.163385 9.998E-05 9.998E-05
0.307256 0.296903 9.99736E-05 9.99736E-05 0.0884272 9.99736E-05 0.307114
9.9965E-05 0.415696 9.9965E-05 9.9965E-05 9.9965E-05 0.108739 0.475164
9.99559E-05 0.635007 9.99559E-05 9.99559E-05 0.364494 9.99559E-05 9.99559E-05
9.99563E-05 9.99563E-05 9.99563E-05 9.99563E-05 0.032699 9.99563E-05 0.966801
9.99562E-05 0.581801 9.99562E-05 9.99562E-05 0.417699 9.99562E-05 9.99562E-05
9.997E-05 0.158832 9.997E-05 0.284849 0.274459 0.28156 9.997E-05
0.0797941 9.99735E-05 0.0449598 0.222977 9.99735E-05 0.651969 9.99735E-05
0.192431 9.996E-05 9.996E-05 0.283526 9.996E-05 0.523643 9.996E-05
9.997E-05 0.127488 9.997E-05 0.336242 0.471355 0.0646159 9.997E-05
9.997E-05 0.171343 9.997E-05 9.997E-05 0.0618078 0.683048 0.083501
0.391082 0.442115 9.996E-05 0.166403 9.996E-05 9.996E-05 9.996E-05
0.208109 9.998E-05 0.0572454 0.113713 9.998E-05 0.215871 0.404863
9.99651E-05 0.294016 9.99651E-05 9.99651E-05 0.527128 0.178456 9.99651E-05
0.487594 9.99736E-05 0.357612 0.13162 9.99736E-05 0.0228751 9.99736E-05
9.99563E-05 9.99563E-05 9.99563E-05 9.99563E-05 9.99563E-05 0.100535 0.898965
9.99563E-05 0.51279 9.99563E-05 9.99563E-05 0.48671 9.99563E-05 9.99563E-05
9.99647E-05 9.99647E-05 0.218029 9.99647E-05 0.426719 0.354852 9.99647E-05
0.317749 0.576686 0.0640569 9.99736E-05 0.0412074 9.99736E-05 9.99736E-05
9.99647E-05 9.99647E-05 9.99647E-05 0.179624 0.475815 0.344161 9.99647E-05
0.0785944 0.492603 9.998E-05 0.109007 9.998E-05 0.116423 0.203173
9.998E-05 0.0309378 0.459769 0.355734 9.998E-05 0.00864856 0.144711
0.00210802 9.997E-05 0.100548 9.997E-05 9.997E-05 0.737741 0.159303
0.0121642 0.687208 0.285373 9.99737E-05 0.0149545 9.99737E-05 9.99737E-05
9.99735E-05 0.63546 0.00408153 9.99735E-05 0.302262 9.99735E-05 0.0578966
9.99558E-05 0.466074 9.99558E-05 9.99558E-05 9.99558E-05 0.533426 9.99558E-05
0.301638 9.99559E-05 9.99559E-05 0.697862 9.99559E-05 9.99559E-05 9.99559E-05
9.99648E-05 0.245418 9.99648E-05 9.99648E-05 0.491687 0.262495 9.99648E-05
9.9965E-05 0.464012 9.9965E-05 0.00748549 0.528103 9.9965E-05 9.9965E-05
9.99738E-05 9.99738E-05 0.401946 0.204544 0.22896 0.16425 9.99738E-05
0.419191 9.99561E-05 9.99561E-05 9.99561E-05 9.99561E-05 0.58031 9.99561E-05
9.99738E-05 0.693762 0.0127684 9.99738E-05 9.99738E-05 0.207272 0.0858978
9.996E-05 9.996E-05 9.996E-05 0.354736 0.465054 9.996E-05 0.179811
9.99648E-05 0.154154 9.99648E-05 9.99648E-05 9.99648E-05 0.0518321 0.793614
9.99736E-05 0.101936 9.99736E-05 0.635687 9.99736E-05 0.185603 0.0764748
9.99559E-05 0.635484 9.99559E-05 0.364016 9.99559E-05 9.99559E-05 9.99559E-05
9.99735E-05 0.146489 9.99735E-05 9.99735E-05 0.593404 0.195392 0.0644147
9.99737E-05 0.270364 0.0125259 9.99737E-05 0.60059 9.99737E-05 0.11622
9.997E-05 0.134336 9.997E-05 0.258681 9.997E-05 0.429787 0.176897
9.995E-05 0.9994 9.995E-05 9.995E-05 9.995E-05 9.995E-05 9.995E-05
0.239815 0.281353 9.997E-05 0.261359 9.997E-05 9.997E-05 0.217173
9.99648E-05 9.99648E-05 0.227083 9.99648E-05 0.59398 9.99648E-05 0.178537
9.9965E-05 9.9965E-05 0.00932993 0.353997 9.9965E-05 9.9965E-05 0.636273
9.997E-05 0.318683 0.168625 0.102175 9.997E-05 9.997E-05 0.410217
9.99561E-05 9.99561E-05 0.0299679 0.969532 9.99561E-05 9.99561E-05 9.99561E-05
9.99735E-05 0.00296278 0.337405 0.555982 9.99735E-05 9.99735E-05 0.10335
0.239494 9.99647E-05 9.99647E-05 9.99647E-05 0.321723 9.99647E-05 0.438383
0.53405 9.99648E-05 0.285072 9.99648E-05 9.99648E-05 0.180478 9.99648E-05
9.99563E-05 9.99563E-05 9.99563E-05 9.99563E-05 0.823753 0.175747 9.99563E-05
9.996E-05 0.0258406 0.217394 0.756365 9.996E-05 9.996E-05 9.996E-05
