0.246798 9.9955E-05 9.9955E-05 0.039589 0.00908633 0.704027 9.9955E-05 9.9955E-05 9.9955E-05
9.9937E-05 9.9937E-05 9.9937E-05 9.9937E-05 9.9937E-05 0.92199 9.9937E-05 0.0773102 9.9937E-05
0.525662 9.99461E-05 0.0369811 9.99461E-05 9.99461E-05 0.436757 9.99461E-05 9.99461E-05 9.99461E-05
0.020052 9.99641E-05 9.99641E-05 0.0662875 0.0429608 9.99641E-05 0.852092 0.0182079 9.99641E-05
9.99371E-05 9.99371E-05 9.99371E-05 9.99371E-05 0.097292 9.99371E-05 9.99371E-05 9.99371E-05 0.902008
0.070633 9.99461E-05 9.99461E-05 9.99461E-05 9.99461E-05 0.0860044 9.99461E-05 0.842763 9.99461E-05
0.261647 0.0095692 0.0196706 9.9973E-05 9.9973E-05 9.9973E-05 0.0255293 0.0501587 0.633126
0.0370754 9.99462E-05 9.99462E-05 9.99462E-05 9.99462E-05 0.560117 0.402208 9.99462E-05 9.99462E-05
9.99371E-05 9.99371E-05 0.576785 9.99371E-05 9.99371E-05 9.99371E-05 9.99371E-05 0.422515 9.99371E-05
9.993E-05 9.993E-05 9.993E-05 9.993E-05 9.993E-05 9.993E-05 9.993E-05 9.993E-05 0.999201
9.993E-05 0.999201 9.993E-05 9.993E-05 9.993E-05 9.993E-05 9.993E-05 9.993E-05 9.993E-05
9.994E-05 9.994E-05 9.994E-05 9.994E-05 9.994E-05 0.37066 0.589745 0.0389948 9.994E-05
0.175635 9.9964E-05 0.000457294 0.632777 9.9964E-05 9.9964E-05 9.9964E-05 0.0635536 0.127177
0.612427 9.99551E-05 9.99551E-05 9.99551E-05 9.99551E-05 9.99551E-05 0.0740086 0.0294207 0.283644
9.99461E-05 9.99461E-05 9.99461E-05 0.00974215 0.266776 9.99461E-05 9.99461E-05 9.99461E-05 0.722882
0.00508018 9.99371E-05 0.99422 9.99371E-05 9.99371E-05 9.99371E-05 9.99371E-05 9.99371E-05 9.99371E-05
9.99371E-05 9.99371E-05 9.99371E-05 9.99371E-05 9.99371E-05 0.063523 0.935777 9.99371E-05 9.99371E-05
9.9955E-05 0.209703 0.535934 9.9955E-05 9.9955E-05 9.9955E-05 9.9955E-05 0.0762705 0.177592
9.99371E-05 9.99371E-05 9.99371E-05 9.99371E-05 9.99371E-05 0.0394223 9.99371E-05 0.959878 9.99371E-05
9.993E-05 9.993E-05 9.993E-05 9.993E-05 0.999201 9.993E-05 9.993E-05 9.993E-05 9.993E-05
9.99641E-05 9.99641E-05 0.574651 0.206348 0.160664 0.0197596 0.0381768 9.99641E-05 9.99641E-05
9.99551E-05 9.99551E-05 0.545032 9.99551E-05 9.99551E-05 9.99551E-05 0.196225 0.255584 0.00265924
0.0312981 0.00556188 0.597087 0.153011 0.170066 9.99731E-05 9.99731E-05 9.99731E-05 0.0426761
0.104091 0.114478 9.9955E-05 9.9955E-05 0.243712 9.9955E-05 0.537219 9.9955E-05 9.9955E-05
0.900518 0.0255475 9.99551E-05 9.99551E-05 0.0119784 9.99551E-05 9.99551E-05 0.0614561 9.99551E-05
0.0113184 9.9964E-05 0.0718453 0.37262 0.256792 9.9964E-05 9.9964E-05 9.9964E-05 0.287025
0.233913 9.99372E-05 9.99372E-05 9.99372E-05 9.99372E-05 9.99372E-05 0.765388 9.99372E-05 9.99372E-05
0.0373872 9.99551E-05 9.99551E-05 0.473572 9.99551E-05 9.99551E-05 0.149679 0.338861 9.99551E-05
9.993E-05 9.993E-05 9.993E-05 9.993E-05 9.993E-05 0.999201 9.993E-05 9.993E-05 9.993E-05
9.99462E-05 9.99462E-05 0.0389111 9.99462E-05 9.99462E-05 9.99462E-05 0.570917 0.389572 9.99462E-05
0.747059 0.141285 9.99461E-05 9.99461E-05 9.99461E-05 9.99461E-05 9.99461E-05 9.99461E-05 0.111057
0.976786 9.99371E-05 9.99371E-05 9.99371E-05 9.99371E-05 9.99371E-05 9.99371E-05 9.99371E-05 0.0225144
0.0696141 0.00971014 9.99551E-05 9.99551E-05 9.99551E-05 9.99551E-05 0.0214259 9.99551E-05 0.89875
0.0843504 9.99461E-05 0.0181936 9.99461E-05 9.99461E-05 9.99461E-05 9.99461E-05 0.896856 9.99461E-05
9.993E-05 9.993E-05 9.993E-05 9.993E-05 9.993E-05 9.993E-05 0.999201 9.993E-05 9.993E-05
0.0229088 9.99461E-05 0.903873 9.99461E-05 0.0726189 9.99461E-05 9.99461E-05 9.99461E-05 9.99461E-05
9.99461E-05 9.99461E-05 0.257346 9.99461E-05 9.99461E-05 0.0234621 9.99461E-05 0.718592 9.99461E-05
9.9955E-05 0.0869651 9.9955E-05 0.0689139 0.0509294 9.9955E-05 9.9955E-05 0.792692 9.9955E-05
9.99461E-05 0.94623 9.99461E-05 9.99461E-05 9.99461E-05 9.99461E-05 0.037736 0.0154348 9.99461E-05
9.99461E-05 9.99461E-05 9.99461E-05 9.99461E-05 0.0751535 9.99461E-05 0.290674 0.633572 9.99461E-05
9.9937E-05 9.9937E-05 9.9937E-05 9.9937E-05 9.9937E-05 9.9937E-05 0.343936 0.655364 9.9937E-05
9.99372E-05 9.99372E-05 9.99372E-05 9.99372E-05 9.99372E-05 0.157169 0.842132 9.99372E-05 9.99372E-05
9.993E-05 9.993E-05 9.993E-05 9.993E-05 0.999201 9.993E-05 9.993E-05 9.993E-05 9.993E-05
0.996564 0.00273617 9.99371E-05 9.99371E-05 9.99371E-05 9.99371E-05 9.99371E-05 9.99371E-05 9.99371E-05
9.993E-05 9.993E-05 9.993E-05 0.999201 9.993E-05 9.993E-05 9.993E-05 9.993E-05 9.993E-05
9.99461E-05 9.99461E-05 0.0375866 9.99461E-05 9.99461E-05 0.294417 0.667397 9.99461E-05 9.99461E-05
9.9955E-05 9.9955E-05 0.807833 9.9955E-05 0.0858244 0.00708664 9.9955E-05 0.0987562 9.9955E-05
9.99462E-05 9.99462E-05 0.118983 0.0684672 9.99462E-05 9.99462E-05 9.99462E-05 0.81195 9.99462E-05
9.993E-05 9.993E-05 9.993E-05 0.999201 9.993E-05 9.993E-05 9.993E-05 9.993E-05 9.993E-05
9.99641E-05 0.0796085 0.181273 9.99641E-05 0.46654 9.99641E-05 9.99641E-05 0.261988 0.0101911
