9.99371E-05 9.99371E-05 9.99371E-05 9.99371E-05 0.797206 9.99371E-05 9.99371E-05 9.99371E-05 0.202095
9.9955E-05 0.126439 0.0297875 9.9955E-05 0.784716 9.9955E-05 9.9955E-05 0.0585575 9.9955E-05
0.0486118 9.99551E-05 9.99551E-05 9.99551E-05 0.132269 9.99551E-05 9.99551E-05 0.253194 0.565426
9.99371E-05 0.967895 9.99371E-05 9.99371E-05 9.99371E-05 0.0314052 9.99371E-05 9.99371E-05 9.99371E-05
9.9955E-05 0.0216747 9.9955E-05 0.732137 9.9955E-05 9.9955E-05 0.170338 9.9955E-05 0.0753508
9.9946E-05 9.9946E-05 9.9946E-05 9.9946E-05 0.118854 0.842461 9.9946E-05 9.9946E-05 0.0380857
0.0548648 0.164742 9.9946E-05 9.9946E-05 9.9946E-05 9.9946E-05 0.779793 9.9946E-05 9.9946E-05
0.0313527 9.99461E-05 9.99461E-05 9.99461E-05 9.99461E-05 9.99461E-05 9.99461E-05 0.930753 0.0372948
0.42336 9.99461E-05 0.103341 9.99461E-05 9.99461E-05 0.472699 9.99461E-05 9.99461E-05 9.99461E-05
9.99371E-05 9.99371E-05 9.99371E-05 0.323427 9.99371E-05 9.99371E-05 0.675873 9.99371E-05 9.99371E-05
9.993E-05 9.993E-05 9.993E-05 9.993E-05 9.993E-05 9.993E-05 0.999201 9.993E-05 9.993E-05
9.9946E-05 9.9946E-05 0.151057 9.9946E-05 0.0734981 9.9946E-05 9.9946E-05 0.774846 9.9946E-05
0.150562 0.0217765 9.9982E-05 0.355979 0.00272022 0.0546817 0.227529 9.9982E-05 0.186551
9.99551E-05 0.416654 9.99551E-05 9.99551E-05 0.0149002 9.99551E-05 0.488944 9.99551E-05 0.0790017
9.99371E-05 9.99371E-05 9.99371E-05 0.907144 9.99371E-05 9.99371E-05 0.0921564 9.99371E-05 9.99371E-05
0.976288 9.99372E-05 9.99372E-05 9.99372E-05 9.99372E-05 9.99372E-05 9.99372E-05 9.99372E-05 0.0230124
9.99461E-05 0.0813165 0.120958 9.99461E-05 9.99461E-05 9.99461E-05 9.99461E-05 0.797125 9.99461E-05
0.354544 9.99459E-05 9.99459E-05 9.99459E-05 9.99459E-05 0.237152 0.407705 9.99459E-05 9.99459E-05
9.9946E-05 9.9946E-05 0.247875 9.9946E-05 0.00788529 0.74364 9.9946E-05 9.9946E-05 9.9946E-05
0.725352 0.122842 9.99461E-05 0.151207 9.99461E-05 9.99461E-05 9.99461E-05 9.99461E-05 9.99461E-05
0.576226 9.99551E-05 0.209451 0.196921 9.99551E-05 0.0169026 9.99551E-05 9.99551E-05 9.99551E-05
0.31841 9.99551E-05 0.467032 9.99551E-05 9.99551E-05 0.0558759 9.99551E-05 0.158182 9.99551E-05
0.788935 9.9955E-05 9.9955E-05 0.134431 9.9955E-05 9.9955E-05 0.0554935 9.9955E-05 0.0206405
9.99551E-05 0.647504 0.284525 0.064608 0.00286307 9.99551E-05 9.99551E-05 9.99551E-05 9.99551E-05
9.99371E-05 9.99371E-05 9.99371E-05 9.99371E-05 9.99371E-05 0.04173 9.99371E-05 9.99371E-05 0.95757
0.0727071 9.9955E-05 0.0269333 0.882586 9.9955E-05 9.9955E-05 9.9955E-05 9.9955E-05 0.0172742
9.9937E-05 0.977446 9.9937E-05 9.9937E-05 9.9937E-05 9.9937E-05 9.9937E-05 9.9937E-05 0.0218546
9.99551E-05 0.118655 9.99551E-05 0.214919 9.99551E-05 0.642271 0.0236557 9.99551E-05 9.99551E-05
9.993E-05 9.993E-05 9.993E-05 9.993E-05 0.999201 9.993E-05 9.993E-05 9.993E-05 9.993E-05
9.99641E-05 0.0167434 0.0173052 0.00350454 9.99641E-05 0.606121 9.99641E-05 0.355926 9.99641E-05
9.99371E-05 9.99371E-05 9.99371E-05 9.99371E-05 9.99371E-05 9.99371E-05 0.395966 9.99371E-05 0.603335
9.993E-05 9.993E-05 9.993E-05 9.993E-05 9.993E-05 9.993E-05 9.993E-05 9.993E-05 0.999201
9.9937E-05 9.9937E-05 9.9937E-05 0.0852018 9.9937E-05 9.9937E-05 0.914099 9.9937E-05 9.9937E-05
9.99371E-05 9.99371E-05 9.99371E-05 9.99371E-05 9.99371E-05 0.952584 9.99371E-05 9.99371E-05 0.0467164
9.9946E-05 0.404646 9.9946E-05 9.9946E-05 9.9946E-05 0.0502733 9.9946E-05 0.544481 9.9946E-05
0.999201 9.993E-05 9.993E-05 9.993E-05 9.993E-05 9.993E-05 9.993E-05 9.993E-05 9.993E-05
0.0998048 9.99461E-05 9.99461E-05 9.99461E-05 0.018347 0.881249 9.99461E-05 9.99461E-05 9.99461E-05
9.9946E-05 9.9946E-05 0.544082 9.9946E-05 0.0721426 0.383176 9.9946E-05 9.9946E-05 9.9946E-05
9.99373E-05 9.99373E-05 9.99373E-05 9.99373E-05 9.99373E-05 9.99373E-05 0.816234 0.183067 9.99373E-05
9.993E-05 9.993E-05 0.999201 9.993E-05 9.993E-05 9.993E-05 9.993E-05 9.993E-05 9.993E-05
9.9937E-05 9.9937E-05 9.9937E-05 9.9937E-05 9.9937E-05 0.641989 9.9937E-05 0.357312 9.9937E-05
9.993E-05 9.993E-05 9.993E-05 9.993E-05 9.993E-05 0.00767525 9.993E-05 0.991625 9.993E-05
0.459826 9.99461E-05 9.99461E-05 0.532107 0.00746783 9.99461E-05 9.99461E-05 9.99461E-05 9.99461E-05
9.99371E-05 9.99371E-05 9.99371E-05 9.99371E-05 9.99371E-05 9.99371E-05 9.99371E-05 9.99371E-05 0.999201
0.0653948 9.99461E-05 9.99461E-05 0.87477 9.99461E-05 9.99461E-05 0.0592357 9.99461E-05 9.99461E-05
0.121812 0.0536371 9.9946E-05 9.9946E-05 9.9946E-05 9.9946E-05 9.9946E-05 0.823951 9.9946E-05
0.71769 9.9946E-05 9.9946E-05 9.9946E-05 0.00315248 0.278558 9.9946E-05 9.9946E-05 9.9946E-05
0.174522 9.99461E-05 0.176463 9.99461E-05 9.99461E-05 0.648415 9.99461E-05 9.99461E-05 9.99461E-05
9.99372E-05 9.99372E-05 9.99372E-05 0.933848 9.99372E-05 9.99372E-05 9.99372E-05 0.0654527 9.99372E-05
0.291584 9.99461E-05 0.642914 0.064902 9.99461E-05 9.99461E-05 9.99461E-05 9.99461E-05 9.99461E-05
