9.99731E-05 0.730556 9.99731E-05 0.000696572 0.0533044 9.99731E-05 0.215143
9.996E-05 0.805156 9.996E-05 9.996E-05 0.0338364 0.160607 9.996E-05
9.9964E-05 0.366934 9.9964E-05 9.9964E-05 0.0305245 9.9964E-05 0.602141
9.99551E-05 9.99551E-05 0.0862264 9.99551E-05 9.99551E-05 0.913274 9.99551E-05
0.798016 9.9964E-05 9.9964E-05 9.9964E-05 0.121541 0.0800434 9.9964E-05
9.9973E-05 0.0367175 0.822403 0.00927496 9.9973E-05 9.9973E-05 0.131304
0.32831 9.9973E-05 9.9973E-05 0.0234587 9.9973E-05 0.202535 0.445396
9.99551E-05 0.938798 9.99551E-05 9.99551E-05 9.99551E-05 9.99551E-05 0.0607021
9.99551E-05 9.99551E-05 0.485403 0.514098 9.99551E-05 9.99551E-05 9.99551E-05
0.9994 9.995E-05 9.995E-05 9.995E-05 9.995E-05 9.995E-05 9.995E-05
0.79941 9.99552E-05 9.99552E-05 9.99552E-05 9.99552E-05 9.99552E-05 0.20009
9.9982E-05 0.858729 0.094761 0.00562453 0.00578023 0.0349056 9.9982E-05
0.603253 0.0740516 9.9973E-05 0.31639 9.9973E-05 9.9973E-05 0.00600559
0.098144 9.99642E-05 9.99642E-05 9.99642E-05 9.99642E-05 0.25189 0.649567
0.799783 9.99641E-05 9.99641E-05 0.106569 0.0932474 9.99641E-05 9.99641E-05
9.995E-05 9.995E-05 9.995E-05 0.9994 9.995E-05 9.995E-05 9.995E-05
0.0212833 0.677379 0.096142 9.9973E-05 9.9973E-05 0.204896 9.9973E-05
0.403521 9.9964E-05 0.208907 0.387172 9.9964E-05 9.9964E-05 9.9964E-05
9.995E-05 9.995E-05 0.9994 9.995E-05 9.995E-05 9.995E-05 9.995E-05
9.99551E-05 9.99551E-05 9.99551E-05 0.0956891 0.903811 9.99551E-05 9.99551E-05
9.9973E-05 0.0064122 0.123624 0.139171 0.730492 9.9973E-05 9.9973E-05
9.9973E-05 0.0482477 0.267345 0.555579 9.9973E-05 0.128528 9.9973E-05
0.084105 9.99641E-05 9.99641E-05 0.811689 0.103806 9.99641E-05 9.99641E-05
9.9973E-05 9.9973E-05 0.00152129 9.9973E-05 0.304567 0.667791 0.0258207
9.9973E-05 9.9973E-05 0.00955073 9.9973E-05 0.0172941 0.0277236 0.945132
0.384881 9.9973E-05 9.9973E-05 0.158702 0.445356 9.9973E-05 0.0107611
9.995E-05 9.995E-05 9.995E-05 9.995E-05 9.995E-05 0.9994 9.995E-05
0.176262 9.9991E-05 0.542586 0.0102057 0.0544183 0.143601 0.0728264
9.995E-05 0.9994 9.995E-05 9.995E-05 9.995E-05 9.995E-05 9.995E-05
0.0791077 0.263924 0.628615 9.99731E-05 9.99731E-05 0.0280536 9.99731E-05
9.995E-05 9.995E-05 9.995E-05 9.995E-05 9.995E-05 9.995E-05 0.9994
9.995E-05 9.995E-05 9.995E-05 9.995E-05 9.995E-05 9.995E-05 0.9994
0.763474 9.9955E-05 9.9955E-05 9.9955E-05 9.9955E-05 9.9955E-05 0.236026
9.996E-05 9.996E-05 0.856632 0.0613879 9.996E-05 9.996E-05 0.08158
9.9964E-05 0.0940254 0.0186469 9.9964E-05 9.9964E-05 0.886928 9.9964E-05
9.99551E-05 9.99551E-05 0.0434654 0.956035 9.99551E-05 9.99551E-05 9.99551E-05
9.99641E-05 9.99641E-05 0.812473 0.123269 0.0638581 9.99641E-05 9.99641E-05
9.9964E-05 9.9964E-05 0.882985 9.9964E-05 0.0546829 9.9964E-05 0.0619323
0.515746 0.092404 0.0855183 9.99731E-05 9.99731E-05 9.99731E-05 0.306032
0.0359214 9.99731E-05 0.745389 9.99731E-05 0.055832 0.162557 9.99731E-05
9.9955E-05 0.201739 0.797761 9.9955E-05 9.9955E-05 9.9955E-05 9.9955E-05
9.99551E-05 0.765125 0.234376 9.99551E-05 9.99551E-05 9.99551E-05 9.99551E-05
9.995E-05 9.995E-05 9.995E-05 9.995E-05 0.9994 9.995E-05 9.995E-05
9.9955E-05 9.9955E-05 9.9955E-05 0.0239687 9.9955E-05 9.9955E-05 0.975532
0.438532 9.99551E-05 9.99551E-05 9.99551E-05 0.560968 9.99551E-05 9.99551E-05
9.99551E-05 0.823455 9.99551E-05 9.99551E-05 9.99551E-05 0.176045 9.99551E-05
9.9964E-05 9.9964E-05 0.2083 0.450392 0.340908 9.9964E-05 9.9964E-05
9.99552E-05 9.99552E-05 0.743261 0.256239 9.99552E-05 9.99552E-05 9.99552E-05
9.99641E-05 9.99641E-05 9.99641E-05 9.99641E-05 0.784917 0.0638127 0.150871
9.99551E-05 9.99551E-05 0.290967 9.99551E-05 0.708533 9.99551E-05 9.99551E-05
