9.99641E-05 9.99641E-05 0.613469 9.99641E-05 0.106207 9.99641E-05 0.279925
9.995E-05 9.995E-05 0.94672 9.995E-05 0.0527802 9.995E-05 9.995E-05
9.9964E-05 9.9964E-05 0.33314 9.9964E-05 0.114648 9.9964E-05 0.551812
0.294379 9.99641E-05 0.423338 9.99641E-05 9.99641E-05 9.99641E-05 0.281884
9.9964E-05 0.0693206 9.9964E-05 9.9964E-05 9.9964E-05 0.808651 0.121629
0.879139 0.0508847 0.00200179 0.00153453 0.0346392 9.9991E-05 0.0317011
0.0204142 0.425037 9.9973E-05 0.188504 9.9973E-05 9.9973E-05 0.365745
9.99552E-05 0.0664287 0.933072 9.99552E-05 9.99552E-05 9.99552E-05 9.99552E-05
0.50498 9.99641E-05 9.99641E-05 0.193175 0.301445 9.99641E-05 9.99641E-05
9.9955E-05 0.625553 9.9955E-05 9.9955E-05 9.9955E-05 0.373947 9.9955E-05
9.995E-05 0.9994 9.995E-05 9.995E-05 9.995E-05 9.995E-05 9.995E-05
0.0101886 9.9973E-05 0.941606 0.00572026 9.9973E-05 0.0421848 9.9973E-05
0.0785839 0.0565766 0.0072333 0.168563 9.9991E-05 0.470992 0.217951
0.0600535 0.0690742 0.0594657 9.99821E-05 9.99821E-05 0.0660889 0.745118
9.995E-05 9.995E-05 9.995E-05 9.995E-05 9.995E-05 0.9994 9.995E-05
9.995E-05 9.995E-05 9.995E-05 0.9994 9.995E-05 9.995E-05 9.995E-05
0.0934832 9.99641E-05 0.884712 9.99641E-05 9.99641E-05 9.99641E-05 0.0214051
0.144833 0.254935 9.9964E-05 0.599833 9.9964E-05 9.9964E-05 9.9964E-05
0.997382 9.9955E-05 0.00211832 9.9955E-05 9.9955E-05 9.9955E-05 9.9955E-05
9.995E-05 9.995E-05 9.995E-05 9.995E-05 0.9994 9.995E-05 9.995E-05
0.00966758 0.0528614 9.99641E-05 9.99641E-05 0.937071 9.99641E-05 9.99641E-05
0.296529 9.9973E-05 0.177174 0.497807 0.02819 9.9973E-05 9.9973E-05
9.9955E-05 9.9955E-05 9.9955E-05 0.959574 9.9955E-05 0.0399262 9.9955E-05
0.127998 0.0974072 0.405397 9.9982E-05 0.206988 9.9982E-05 0.16201
0.0113603 9.99551E-05 9.99551E-05 9.99551E-05 9.99551E-05 9.99551E-05 0.98814
9.9964E-05 9.9964E-05 9.9964E-05 0.0873763 0.0848152 0.827409 9.9964E-05
0.096577 9.99641E-05 0.548142 9.99641E-05 9.99641E-05 9.99641E-05 0.354881
0.584763 9.99731E-05 9.99731E-05 0.0231981 9.99731E-05 0.252597 0.139142
9.99553E-05 9.99553E-05 0.921348 0.0781521 9.99553E-05 9.99553E-05 9.99553E-05
0.601525 0.0403497 0.357725 9.99641E-05 9.99641E-05 9.99641E-05 9.99641E-05
9.99641E-05 0.118831 9.99641E-05 0.0847397 9.99641E-05 9.99641E-05 0.79603
9.995E-05 9.995E-05 9.995E-05 9.995E-05 9.995E-05 0.0625107 0.93699
9.9964E-05 0.651843 9.9964E-05 9.9964E-05 9.9964E-05 0.225959 0.121798
0.875193 9.9964E-05 9.9964E-05 0.0604977 9.9964E-05 9.9964E-05 0.0639099
0.100309 9.99641E-05 0.777668 9.99641E-05 9.99641E-05 9.99641E-05 0.121624
0.0269527 9.9964E-05 9.9964E-05 0.557537 0.415111 9.9964E-05 9.9964E-05
0.777664 9.9964E-05 9.9964E-05 0.136176 0.0857596 9.9964E-05 9.9964E-05
0.811391 0.0692396 0.000935709 0.110575 0.00765852 9.9982E-05 9.9982E-05
0.0541569 0.879326 0.0661174 9.99641E-05 9.99641E-05 9.99641E-05 9.99641E-05
0.896562 9.99641E-05 0.0198018 9.99641E-05 9.99641E-05 0.0832363 9.99641E-05
0.759186 9.9955E-05 0.240314 9.9955E-05 9.9955E-05 9.9955E-05 9.9955E-05
0.0886715 9.99551E-05 0.910829 9.99551E-05 9.99551E-05 9.99551E-05 9.99551E-05
9.99551E-05 9.99551E-05 9.99551E-05 9.99551E-05 0.907184 0.0923167 9.99551E-05
9.995E-05 9.995E-05 9.995E-05 9.995E-05 9.995E-05 9.995E-05 0.9994
9.995E-05 9.995E-05 9.995E-05 9.995E-05 9.995E-05 0.9994 9.995E-05
9.99551E-05 9.99551E-05 0.948733 0.0507675 9.99551E-05 9.99551E-05 9.99551E-05
0.18993 9.99641E-05 9.99641E-05 0.296254 0.513416 9.99641E-05 9.99641E-05
0.860297 9.99641E-05 9.99641E-05 0.121716 0.0175866 9.99641E-05 9.99641E-05
9.99641E-05 9.99641E-05 0.0901908 9.99641E-05 0.244591 0.664818 9.99641E-05
0.0730551 0.0578769 9.9964E-05 9.9964E-05 0.868668 9.9964E-05 9.9964E-05
