9.99641E-05 0.671042 9.99641E-05 0.079252 9.99641E-05 0.249306 9.99641E-05
9.99641E-05 0.902155 9.99641E-05 0.00321495 9.99641E-05 9.99641E-05 0.0942299
9.99641E-05 0.369264 9.99641E-05 0.00586568 9.99641E-05 0.624471 9.99641E-05
9.995E-05 9.995E-05 9.995E-05 9.995E-05 9.995E-05 9.995E-05 0.9994
0.142524 9.9973E-05 9.9973E-05 9.9973E-05 0.694419 0.0689503 0.0938069
9.9973E-05 0.0416759 0.865245 9.9973E-05 0.0249938 0.0677854 9.9973E-05
0.691506 9.9973E-05 9.9973E-05 0.0547241 9.9973E-05 0.0893261 0.164144
9.99641E-05 0.919173 9.99641E-05 9.99641E-05 9.99641E-05 0.0445312 0.0358958
9.99551E-05 9.99551E-05 0.469299 0.530201 9.99551E-05 9.99551E-05 9.99551E-05
0.582052 9.9955E-05 9.9955E-05 9.9955E-05 0.417448 9.9955E-05 9.9955E-05
0.9994 9.995E-05 9.995E-05 9.995E-05 9.995E-05 9.995E-05 9.995E-05
9.9964E-05 0.900169 0.0829782 9.9964E-05 0.016453 9.9964E-05 9.9964E-05
9.9973E-05 0.068292 0.0287559 9.9973E-05 0.71618 0.186472 9.9973E-05
0.473665 9.99641E-05 9.99641E-05 9.99641E-05 9.99641E-05 0.265879 0.260055
9.995E-05 9.995E-05 9.995E-05 9.995E-05 0.9994 9.995E-05 9.995E-05
9.99551E-05 9.99551E-05 9.99551E-05 0.872578 9.99551E-05 0.126922 9.99551E-05
9.99641E-05 0.569499 0.0528702 9.99641E-05 9.99641E-05 9.99641E-05 0.377231
0.296297 9.9982E-05 0.278866 0.298633 0.0990305 0.0269727 9.9982E-05
9.9955E-05 0.0452896 0.954211 9.9955E-05 9.9955E-05 9.9955E-05 9.9955E-05
9.995E-05 9.995E-05 9.995E-05 0.9994 9.995E-05 9.995E-05 9.995E-05
9.99731E-05 9.99731E-05 0.0317134 0.840328 0.0558012 9.99731E-05 0.0718572
0.0113299 0.111747 0.456579 0.420045 9.99731E-05 9.99731E-05 9.99731E-05
9.9973E-05 0.0125942 9.9973E-05 0.691506 0.289557 0.00604321 9.9973E-05
0.111037 9.9964E-05 9.9964E-05 0.172509 9.9964E-05 9.9964E-05 0.716053
9.99641E-05 9.99641E-05 0.00197202 9.99641E-05 9.99641E-05 0.894508 0.10312
9.996E-05 9.996E-05 9.996E-05 0.20932 0.772419 0.0178616 9.996E-05
9.99551E-05 9.99551E-05 9.99551E-05 9.99551E-05 9.99551E-05 0.0473855 0.952115
0.0427037 9.99821E-05 0.508031 0.0184348 0.224637 9.99821E-05 0.205994
9.995E-05 0.9994 9.995E-05 9.995E-05 9.995E-05 9.995E-05 9.995E-05
0.0173353 0.157092 0.646946 9.99731E-05 9.99731E-05 9.99731E-05 0.178327
0.279299 9.99551E-05 9.99551E-05 9.99551E-05 9.99551E-05 0.720201 9.99551E-05
9.995E-05 9.995E-05 9.995E-05 9.995E-05 9.995E-05 0.9994 9.995E-05
0.888977 9.9964E-05 9.9964E-05 9.9964E-05 0.0804986 9.9964E-05 0.0301244
9.99551E-05 9.99551E-05 0.923345 9.99551E-05 9.99551E-05 0.0761553 9.99551E-05
9.9964E-05 0.0732012 0.00191789 9.9964E-05 9.9964E-05 9.9964E-05 0.924481
9.99551E-05 0.013844 9.99551E-05 0.985656 9.99551E-05 9.99551E-05 9.99551E-05
9.99551E-05 9.99551E-05 0.847669 0.151831 9.99551E-05 9.99551E-05 9.99551E-05
0.0728233 0.0096194 0.904832 0.00074515 9.9982E-05 0.0117804 9.9982E-05
0.864837 0.0787422 0.0560212 9.99641E-05 9.99641E-05 9.99641E-05 9.99641E-05
9.99551E-05 9.99551E-05 0.75973 9.99551E-05 9.99551E-05 9.99551E-05 0.23977
9.9955E-05 0.190572 0.808929 9.9955E-05 9.9955E-05 9.9955E-05 9.9955E-05
9.9964E-05 0.86256 0.135405 9.9964E-05 9.9964E-05 9.9964E-05 0.00163521
9.99641E-05 9.99641E-05 9.99641E-05 0.83001 0.154688 9.99641E-05 0.0149022
9.995E-05 9.995E-05 9.995E-05 9.995E-05 9.995E-05 0.9994 9.995E-05
9.995E-05 9.995E-05 9.995E-05 9.995E-05 0.9994 9.995E-05 9.995E-05
9.99641E-05 0.915074 9.99641E-05 0.0255773 9.99641E-05 9.99641E-05 0.0589489
9.9955E-05 9.9955E-05 0.238929 0.760571 9.9955E-05 9.9955E-05 9.9955E-05
9.99552E-05 9.99552E-05 0.855855 0.143645 9.99552E-05 9.99552E-05 9.99552E-05
9.99641E-05 9.99641E-05 9.99641E-05 0.06845 0.82418 9.99641E-05 0.10697
0.0849035 9.99641E-05 0.240395 0.674301 9.99641E-05 9.99641E-05 9.99641E-05
