0.236406 0.0598156 0.669205 9.99731E-05 0.0342728 9.99731E-05 9.99731E-05
9.9973E-05 9.9973E-05 0.892233 9.9973E-05 0.0367859 0.0637881 0.00689279
0.626838 9.99551E-05 0.372663 9.99551E-05 9.99551E-05 9.99551E-05 9.99551E-05
9.99551E-05 9.99551E-05 9.99551E-05 9.99551E-05 9.99551E-05 0.956554 0.0429467
0.135599 0.769595 9.9964E-05 0.0944056 9.9964E-05 9.9964E-05 9.9964E-05
0.0902239 9.9964E-05 0.0561994 9.9964E-05 9.9964E-05 9.9964E-05 0.853177
0.307779 9.9973E-05 9.9973E-05 0.461797 0.111606 0.118518 9.9973E-05
0.00561004 9.99641E-05 0.967855 0.0261351 9.99641E-05 9.99641E-05 9.99641E-05
9.99551E-05 9.99551E-05 9.99551E-05 9.99551E-05 0.45677 9.99551E-05 0.54273
9.9955E-05 0.106345 9.9955E-05 0.893155 9.9955E-05 9.9955E-05 9.9955E-05
9.995E-05 9.995E-05 9.995E-05 0.9994 9.995E-05 9.995E-05 9.995E-05
9.9955E-05 9.9955E-05 0.913267 9.9955E-05 9.9955E-05 9.9955E-05 0.0862328
0.148808 0.383896 0.0230174 0.180876 0.211176 9.9991E-05 0.0521266
0.519521 0.0187644 9.99731E-05 0.180072 9.99731E-05 0.281343 9.99731E-05
9.995E-05 0.9994 9.995E-05 9.995E-05 9.995E-05 9.995E-05 9.995E-05
0.128274 9.99551E-05 9.99551E-05 9.99551E-05 0.871227 9.99551E-05 9.99551E-05
9.99641E-05 9.99641E-05 0.704579 9.99641E-05 9.99641E-05 0.258821 0.0361996
9.9964E-05 9.9964E-05 9.9964E-05 0.406699 0.403205 9.9964E-05 0.189697
9.99551E-05 9.99551E-05 0.0830644 9.99551E-05 9.99551E-05 9.99551E-05 0.916436
9.99641E-05 0.0336479 9.99641E-05 9.99641E-05 0.914162 0.05179 9.99641E-05
9.99731E-05 0.0950206 0.0283906 9.99731E-05 0.804542 9.99731E-05 0.0717474
9.99731E-05 9.99731E-05 0.0493728 0.0453105 0.499435 9.99731E-05 0.405582
9.99641E-05 0.0425137 9.99641E-05 0.160083 0.797004 9.99641E-05 9.99641E-05
9.997E-05 0.0383467 9.997E-05 0.004896 0.144858 0.811599 9.997E-05
0.937518 9.99551E-05 9.99551E-05 9.99551E-05 9.99551E-05 9.99551E-05 0.0619819
0.0382312 0.747766 9.9964E-05 9.9964E-05 0.213603 9.9964E-05 9.9964E-05
9.995E-05 9.995E-05 9.995E-05 9.995E-05 9.995E-05 0.9994 9.995E-05
0.0433751 0.126678 9.9982E-05 0.166128 9.9982E-05 0.0272279 0.636391
9.995E-05 9.995E-05 0.9994 9.995E-05 9.995E-05 9.995E-05 9.995E-05
9.99641E-05 9.99641E-05 0.236923 9.99641E-05 9.99641E-05 0.110591 0.652086
0.787263 9.99551E-05 9.99551E-05 0.212237 9.99551E-05 9.99551E-05 9.99551E-05
0.9994 9.995E-05 9.995E-05 9.995E-05 9.995E-05 9.995E-05 9.995E-05
0.00782841 0.0758125 9.9973E-05 0.856021 9.9973E-05 0.0600379 9.9973E-05
0.0664734 9.99641E-05 9.99641E-05 9.99641E-05 0.0213738 9.99641E-05 0.911753
9.9964E-05 9.9964E-05 0.215099 9.9964E-05 9.9964E-05 0.698087 0.0864146
9.9955E-05 9.9955E-05 0.0577783 9.9955E-05 0.941722 9.9955E-05 9.9955E-05
9.9955E-05 9.9955E-05 9.9955E-05 9.9955E-05 0.198134 9.9955E-05 0.801366
0.00832289 9.9973E-05 9.9973E-05 0.0717878 0.0487522 9.9973E-05 0.870837
9.99641E-05 9.99641E-05 0.169997 0.73656 9.99641E-05 9.99641E-05 0.0930436
9.99641E-05 0.059745 9.99641E-05 9.99641E-05 9.99641E-05 0.101724 0.838132
9.9955E-05 9.9955E-05 0.210762 9.9955E-05 9.9955E-05 9.9955E-05 0.788738
9.99551E-05 9.99551E-05 0.828829 9.99551E-05 9.99551E-05 9.99551E-05 0.170671
9.99552E-05 0.330257 9.99552E-05 9.99552E-05 0.669243 9.99552E-05 9.99552E-05
0.957388 9.9955E-05 9.9955E-05 9.9955E-05 9.9955E-05 9.9955E-05 0.042112
9.995E-05 0.9994 9.995E-05 9.995E-05 9.995E-05 9.995E-05 9.995E-05
9.99731E-05 9.99731E-05 0.819685 0.0071929 0.0281124 0.14471 9.99731E-05
9.99551E-05 9.99551E-05 9.99551E-05 9.99551E-05 0.719032 9.99551E-05 0.280469
9.99552E-05 9.99552E-05 9.99552E-05 9.99552E-05 0.0960476 9.99552E-05 0.903453
9.99641E-05 0.830319 0.060469 9.99641E-05 0.108812 9.99641E-05 9.99641E-05
9.99641E-05 9.99641E-05 9.99641E-05 0.0565951 0.693444 9.99641E-05 0.249561
