0.26509 0.00957153 0.0256685 0.69967
9.9982E-05 9.9982E-05 0.0189065 0.980894
0.546816 9.9982E-05 9.9982E-05 0.452984
0.125147 0.15676 9.9991E-05 0.717994
0.413257 9.9982E-05 0.586543 9.9982E-05
0.0551794 0.854684 9.9991E-05 0.0900362
0.755055 0.111158 0.123491 0.0102959
0.107126 9.9991E-05 0.000117874 0.892657
9.99821E-05 0.956707 0.0430932 9.99821E-05
0.498876 9.9982E-05 0.500924 9.9982E-05
0.85234 9.99821E-05 0.14746 9.99821E-05
9.9982E-05 0.034983 9.9982E-05 0.964817
0.344145 0.0939875 0.561768 9.9991E-05
0.87972 9.99821E-05 9.99821E-05 0.12008
0.226703 9.9982E-05 0.773097 9.9982E-05
0.00431534 0.431642 0.563942 9.9991E-05
0.00910775 9.9982E-05 9.9982E-05 0.990692
0.247213 0.420294 0.332393 9.9991E-05
9.9982E-05 0.868138 9.9982E-05 0.131662
9.9982E-05 0.263513 0.736287 9.9982E-05
9.9982E-05 0.410367 0.589433 9.9982E-05
9.9991E-05 0.660241 0.225081 0.114577
9.9982E-05 0.242504 0.757296 9.9982E-05
0.139832 0.0736048 0.200216 0.586346
0.895025 0.0672939 9.9991E-05 0.0375813
0.0790838 9.9982E-05 0.920716 9.9982E-05
0.252554 9.99821E-05 9.99821E-05 0.747246
0.174038 0.525244 0.264599 0.0361178
9.99821E-05 9.99821E-05 0.0530258 0.946774
9.99821E-05 0.551601 9.99821E-05 0.448199
0.9997 9.998E-05 9.998E-05 9.998E-05
0.9997 9.998E-05 9.998E-05 9.998E-05
0.774661 9.9982E-05 0.225139 9.9982E-05
0.0992615 0.846354 9.9991E-05 0.0542847
0.0591418 9.9982E-05 9.9982E-05 0.940658
9.9982E-05 0.537255 0.462545 9.9982E-05
9.9982E-05 0.980804 9.9982E-05 0.0189963
0.0569114 0.897189 9.9991E-05 0.0457993
0.569042 0.100537 0.207508 0.122914
9.9982E-05 0.676636 9.9982E-05 0.323164
9.9982E-05 0.612314 9.9982E-05 0.387486
9.99821E-05 0.0189007 9.99821E-05 0.980899
9.9982E-05 0.127765 0.872035 9.9982E-05
0.98192 0.00831047 9.9991E-05 0.00966975
0.0503149 9.9982E-05 0.949485 9.9982E-05
0.0107298 9.99821E-05 9.99821E-05 0.98907
9.9982E-05 0.651813 0.347987 9.9982E-05
9.99821E-05 0.994106 0.00569362 9.99821E-05
9.9982E-05 9.9982E-05 0.847259 0.152541
0.0338553 0.533066 0.432978 9.9991E-05
