0.14432 0.0824164 0.773164 9.9991E-05
9.9982E-05 0.0382364 0.961564 9.9982E-05
0.543167 9.9982E-05 0.456633 9.9982E-05
0.12014 9.9991E-05 0.702287 0.177473
0.584709 0.415091 9.9982E-05 9.9982E-05
0.0649489 9.9991E-05 0.0483585 0.886593
0.897197 9.9982E-05 9.9982E-05 0.102603
0.0264071 9.99821E-05 0.973393 9.99821E-05
9.99821E-05 0.0864599 9.99821E-05 0.91334
0.652077 0.347723 9.9982E-05 9.9982E-05
0.853208 0.146593 9.99821E-05 9.99821E-05
9.998E-05 9.998E-05 0.9997 9.998E-05
0.389098 0.505434 0.0335698 0.0718979
0.796097 9.9991E-05 0.130455 0.073348
0.307644 0.692156 9.9982E-05 9.9982E-05
9.99821E-05 0.688184 9.99821E-05 0.311616
9.9982E-05 9.9982E-05 0.990519 0.00928072
0.267426 0.408751 9.9991E-05 0.323723
9.9982E-05 9.9982E-05 0.0830806 0.916719
9.9991E-05 0.795445 0.0014792 0.202975
9.9982E-05 0.678149 9.9982E-05 0.321652
9.9991E-05 0.277296 0.11934 0.603264
9.9982E-05 0.849771 9.9982E-05 0.150029
0.266046 0.0924537 0.502239 0.139261
0.847927 9.9991E-05 0.0868212 0.0651515
0.129181 0.870619 9.9982E-05 9.9982E-05
0.298266 9.9991E-05 0.650998 0.0506366
0.245397 0.141956 0.0349181 0.577729
9.99821E-05 0.0481021 0.951698 9.99821E-05
9.99821E-05 9.99821E-05 0.370255 0.629545
0.9997 9.998E-05 9.998E-05 9.998E-05
0.9997 9.998E-05 9.998E-05 9.998E-05
0.901321 0.0984795 9.9982E-05 9.9982E-05
0.0578413 9.9982E-05 9.9982E-05 0.941959
0.0630504 9.9991E-05 0.880486 0.0563637
9.9982E-05 0.6661 9.9982E-05 0.3337
9.998E-05 9.998E-05 9.998E-05 0.9997
0.105091 9.9982E-05 9.9982E-05 0.894709
0.783558 0.0321463 9.9991E-05 0.184195
9.99821E-05 9.99821E-05 0.214314 0.785486
9.9982E-05 9.9982E-05 0.263219 0.736582
9.9982E-05 9.9982E-05 0.865504 0.134296
9.998E-05 0.9997 9.998E-05 9.998E-05
0.867459 9.9982E-05 0.132342 9.9982E-05
0.176715 0.823085 9.9982E-05 9.9982E-05
9.998E-05 9.998E-05 0.9997 9.998E-05
9.9982E-05 0.508772 9.9982E-05 0.491028
9.99821E-05 0.105586 9.99821E-05 0.894214
0.136435 0.787528 0.0759369 9.9991E-05
9.99821E-05 0.482287 9.99821E-05 0.517513
