0.596457 9.9982E-05 0.0986246 0.271651 9.9982E-05 0.0330678
0.90078 9.9964E-05 0.0988204 9.9964E-05 9.9964E-05 9.9964E-05
0.250164 9.9973E-05 0.00903015 0.740506 9.9973E-05 9.9973E-05
0.510918 0.305772 9.99821E-05 0.12762 0.0554892 9.99821E-05
9.9973E-05 9.9973E-05 9.9973E-05 0.152837 0.0892376 0.757625
9.99641E-05 0.916899 9.99641E-05 0.0827012 9.99641E-05 9.99641E-05
0.00148383 0.0343386 0.065023 0.138752 0.760303 9.9991E-05
0.9057 9.99731E-05 0.0359783 0.0580221 9.99731E-05 9.99731E-05
9.996E-05 0.412703 0.586898 9.996E-05 9.996E-05 9.996E-05
9.9964E-05 9.9964E-05 9.9964E-05 9.9964E-05 0.776875 0.222725
9.996E-05 9.996E-05 9.996E-05 9.996E-05 0.9995 9.996E-05
0.841469 0.139531 9.9973E-05 9.9973E-05 9.9973E-05 0.0187
0.0426571 9.9991E-05 0.21046 0.0346995 0.49406 0.218023
0.0651355 0.112474 9.9991E-05 0.372444 0.44912 0.000725825
9.99731E-05 9.99731E-05 9.99731E-05 0.00995053 0.0467698 0.94298
9.99641E-05 9.99641E-05 0.920927 0.0786728 9.99641E-05 9.99641E-05
0.782104 0.164242 9.9973E-05 0.0533538 9.9973E-05 9.9973E-05
9.9973E-05 0.127627 0.447856 9.9973E-05 0.424217 9.9973E-05
0.0423654 0.957235 9.9964E-05 9.9964E-05 9.9964E-05 9.9964E-05
9.99642E-05 9.99642E-05 0.87437 9.99642E-05 9.99642E-05 0.12523
0.0230569 0.121545 0.728719 9.9982E-05 9.9982E-05 0.12648
0.086625 0.417002 0.471518 9.9982E-05 0.0246546 9.9982E-05
9.9973E-05 9.9973E-05 0.811971 9.9973E-05 0.160854 0.0268748
0.379638 0.128095 0.103957 0.239109 0.0177398 0.131461
9.9964E-05 0.0507744 9.9964E-05 0.948826 9.9964E-05 9.9964E-05
9.9973E-05 9.9973E-05 0.124893 0.0754015 9.9973E-05 0.799405
0.552918 0.106189 9.9973E-05 0.340592 9.9973E-05 9.9973E-05
9.999E-05 0.602932 0.0657287 0.0446995 0.227651 0.0588884
0.98371 9.99642E-05 0.0158906 9.99642E-05 9.99642E-05 9.99642E-05
0.347221 0.643368 0.00911173 9.99731E-05 9.99731E-05 9.99731E-05
9.99641E-05 9.99641E-05 9.99641E-05 0.45093 0.54867 9.99641E-05
9.996E-05 9.996E-05 9.996E-05 0.9995 9.996E-05 9.996E-05
9.9973E-05 9.9973E-05 9.9973E-05 0.00194248 0.820739 0.177019
9.9982E-05 0.884918 0.0505209 0.0351908 0.0291703 9.9982E-05
0.643449 0.222991 9.9973E-05 0.13326 9.9973E-05 9.9973E-05
9.996E-05 9.996E-05 0.9995 9.996E-05 9.996E-05 9.996E-05
9.9964E-05 0.779146 0.220454 9.9964E-05 9.9964E-05 9.9964E-05
9.9973E-05 0.965659 0.0158071 9.9973E-05 0.0182344 9.9973E-05
0.0637823 0.0977028 9.99731E-05 9.99731E-05 0.838215 9.99731E-05
0.060436 0.829444 9.99731E-05 9.99731E-05 9.99731E-05 0.10982
0.187584 0.812017 9.9964E-05 9.9964E-05 9.9964E-05 9.9964E-05
0.765464 0.234136 9.996E-05 9.996E-05 9.996E-05 9.996E-05
9.99641E-05 9.99641E-05 0.448564 9.99641E-05 9.99641E-05 0.551036
9.996E-05 9.996E-05 9.996E-05 0.9995 9.996E-05 9.996E-05
9.996E-05 9.996E-05 9.996E-05 9.996E-05 9.996E-05 0.9995
0.884679 9.9973E-05 0.0459477 9.9973E-05 0.0690732 9.9973E-05
9.99641E-05 0.175853 0.823747 9.99641E-05 9.99641E-05 9.99641E-05
9.99731E-05 0.807277 0.168274 9.99731E-05 9.99731E-05 0.0241493
0.120185 9.99731E-05 0.00967098 9.99731E-05 9.99731E-05 0.869844
9.99731E-05 0.252081 0.684349 9.99731E-05 9.99731E-05 0.0632702
