9.99731E-05 0.239698 9.99731E-05 0.721609 9.99731E-05 0.0383933
0.0771669 9.9973E-05 9.9973E-05 0.914363 9.9973E-05 0.00816996
9.9973E-05 0.553763 9.9973E-05 0.401718 9.9973E-05 0.044219
0.9995 9.996E-05 9.996E-05 9.996E-05 9.996E-05 9.996E-05
0.102843 0.0486758 0.848181 9.9973E-05 9.9973E-05 9.9973E-05
9.9973E-05 0.126202 9.9973E-05 0.0397656 0.833733 9.9973E-05
0.0914012 0.592508 0.266078 9.9982E-05 0.0498121 9.9982E-05
0.0146818 0.0133887 9.99821E-05 0.947628 9.99821E-05 0.0241015
9.99641E-05 9.99641E-05 9.99641E-05 9.99641E-05 0.489063 0.510537
9.996E-05 9.996E-05 0.9995 9.996E-05 9.996E-05 9.996E-05
9.99642E-05 0.335589 0.664011 9.99642E-05 9.99642E-05 9.99642E-05
0.0165054 9.9973E-05 9.9973E-05 0.821089 0.162106 9.9973E-05
9.999E-05 0.0543193 0.699175 0.0608119 0.0600742 0.12552
0.110373 0.745814 0.118076 9.99821E-05 0.0255367 9.99821E-05
9.99731E-05 9.99731E-05 0.922415 9.99731E-05 0.0578833 0.0194013
9.99641E-05 0.105413 9.99641E-05 9.99641E-05 9.99641E-05 0.894187
0.343706 9.9973E-05 0.0294021 0.626592 9.9973E-05 9.9973E-05
9.9982E-05 0.075686 0.333733 9.9982E-05 0.251065 0.339316
9.99641E-05 9.99641E-05 9.99641E-05 0.0229684 0.976632 9.99641E-05
9.996E-05 9.996E-05 9.996E-05 9.996E-05 9.996E-05 0.9995
0.142598 9.99821E-05 0.0152376 9.99821E-05 0.0473064 0.794658
9.9982E-05 9.9982E-05 0.0741602 0.179192 0.366282 0.380165
9.99641E-05 9.99641E-05 0.172778 9.99641E-05 9.99641E-05 0.826822
0.647309 0.122062 9.9973E-05 9.9973E-05 9.9973E-05 0.230329
0.0735073 0.925204 9.9973E-05 9.9973E-05 0.000989018 9.9973E-05
9.9964E-05 9.9964E-05 0.7697 9.9964E-05 9.9964E-05 0.2299
0.909743 0.0898568 9.9964E-05 9.9964E-05 9.9964E-05 9.9964E-05
9.99641E-05 9.99641E-05 0.309545 9.99641E-05 0.690055 9.99641E-05
9.99642E-05 9.99642E-05 9.99642E-05 0.997488 9.99642E-05 0.00211165
0.319635 9.99821E-05 0.0141304 0.114707 0.551327 9.99821E-05
9.996E-05 0.9995 9.996E-05 9.996E-05 9.996E-05 9.996E-05
9.996E-05 0.9995 9.996E-05 9.996E-05 9.996E-05 9.996E-05
9.99641E-05 0.253008 0.746592 9.99641E-05 9.99641E-05 9.99641E-05
0.00377281 0.101919 9.9973E-05 9.9973E-05 0.894008 9.9973E-05
0.9995 9.996E-05 9.996E-05 9.996E-05 9.996E-05 9.996E-05
9.9964E-05 9.9964E-05 9.9964E-05 0.00879483 9.9964E-05 0.990805
9.9964E-05 9.9964E-05 9.9964E-05 9.9964E-05 0.811005 0.188596
9.9973E-05 0.0623867 9.9973E-05 9.9973E-05 0.892718 0.0445957
9.9991E-05 0.609485 0.110253 0.154128 0.000899778 0.125134
0.190339 9.99641E-05 9.99641E-05 9.99641E-05 0.809262 9.99641E-05
9.9964E-05 9.9964E-05 9.9964E-05 0.21307 0.78653 9.9964E-05
9.99641E-05 9.99641E-05 9.99641E-05 0.898759 0.100841 9.99641E-05
0.0520244 9.99731E-05 0.118032 9.99731E-05 9.99731E-05 0.829644
9.9973E-05 0.970927 9.9973E-05 0.0271963 0.00157685 9.9973E-05
9.99641E-05 9.99641E-05 0.673291 9.99641E-05 9.99641E-05 0.32631
0.159279 9.99641E-05 9.99641E-05 0.840321 9.99641E-05 9.99641E-05
9.9964E-05 9.9964E-05 9.9964E-05 9.9964E-05 0.116752 0.882848
9.99642E-05 9.99642E-05 9.99642E-05 9.99642E-05 0.831245 0.168355
0.152899 9.99731E-05 0.464285 9.99731E-05 9.99731E-05 0.382516
9.99731E-05 9.99731E-05 0.0880401 9.99731E-05 0.267296 0.644364
