0.172928 9.99641E-05 9.99641E-05 0.66423 9.99641E-05 0.0590783 9.99641E-05 0.103364
9.99551E-05 0.0406926 9.99551E-05 0.913834 9.99551E-05 0.044974 9.99551E-05 9.99551E-05
9.9946E-05 9.9946E-05 9.9946E-05 0.389243 9.9946E-05 9.9946E-05 9.9946E-05 0.610157
0.0173687 0.982032 9.99462E-05 9.99462E-05 9.99462E-05 9.99462E-05 9.99462E-05 9.99462E-05
0.0276836 0.0134744 0.794818 9.9973E-05 0.0351458 9.9973E-05 9.9973E-05 0.128578
9.9946E-05 9.9946E-05 9.9946E-05 9.9946E-05 9.9946E-05 9.9946E-05 0.799173 0.200227
0.168422 0.090828 9.9973E-05 9.9973E-05 0.492422 0.0928764 9.9973E-05 0.155152
9.99462E-05 9.99462E-05 9.99462E-05 0.916182 9.99462E-05 9.99462E-05 9.99462E-05 0.0832184
9.99461E-05 9.99461E-05 9.99461E-05 9.99461E-05 9.99461E-05 0.628004 0.371396 9.99461E-05
9.99461E-05 9.99461E-05 0.203261 9.99461E-05 0.796139 9.99461E-05 9.99461E-05 9.99461E-05
9.994E-05 9.994E-05 9.994E-05 9.994E-05 0.9993 9.994E-05 9.994E-05 9.994E-05
9.9946E-05 9.9946E-05 9.9946E-05 0.88857 9.9946E-05 9.9946E-05 0.110831 9.9946E-05
0.199818 9.9973E-05 0.600737 9.9973E-05 0.0865199 9.9973E-05 0.10079 0.0118347
0.9993 9.994E-05 9.994E-05 9.994E-05 9.994E-05 9.994E-05 9.994E-05 9.994E-05
9.99461E-05 9.99461E-05 0.997775 9.99461E-05 0.00162529 9.99461E-05 9.99461E-05 9.99461E-05
9.994E-05 9.994E-05 9.994E-05 9.994E-05 9.994E-05 0.851012 9.994E-05 0.148389
9.99641E-05 0.355781 9.99641E-05 0.614036 0.0104982 9.99641E-05 0.0192854 9.99641E-05
9.9964E-05 9.9964E-05 0.00890237 9.9964E-05 0.434087 0.364155 0.192455 9.9964E-05
9.9946E-05 9.9946E-05 9.9946E-05 0.0182811 9.9946E-05 9.9946E-05 0.981119 9.9946E-05
9.99552E-05 0.00587086 0.0721999 9.99552E-05 9.99552E-05 0.92143 9.99552E-05 9.99552E-05
9.99551E-05 0.0858813 9.99551E-05 9.99551E-05 0.0316288 0.88199 9.99551E-05 9.99551E-05
9.99641E-05 9.99641E-05 9.99641E-05 0.199172 0.0729235 0.419205 0.3083 9.99641E-05
0.020886 9.9973E-05 0.263692 0.00042617 9.9973E-05 0.687012 9.9973E-05 0.0276839
9.995E-05 0.717847 9.995E-05 9.995E-05 0.0896151 0.192038 9.995E-05 9.995E-05
9.99551E-05 0.0877602 9.99551E-05 9.99551E-05 9.99551E-05 9.99551E-05 0.011382 0.900358
9.99551E-05 9.99551E-05 0.87747 9.99551E-05 9.99551E-05 0.119904 9.99551E-05 0.00212566
0.0451501 0.95425 9.99461E-05 9.99461E-05 9.99461E-05 9.99461E-05 9.99461E-05 9.99461E-05
0.291291 9.99551E-05 0.195302 9.99551E-05 9.99551E-05 9.99551E-05 0.512907 9.99551E-05
0.0377564 9.99463E-05 9.99463E-05 0.961644 9.99463E-05 9.99463E-05 9.99463E-05 9.99463E-05
0.0605877 0.186323 9.99642E-05 0.118976 9.99642E-05 9.99642E-05 0.633713 9.99642E-05
0.0266462 9.99551E-05 9.99551E-05 9.99551E-05 0.215694 9.99551E-05 9.99551E-05 0.75716
0.0710247 9.99461E-05 9.99461E-05 9.99461E-05 9.99461E-05 9.99461E-05 9.99461E-05 0.928376
0.0861031 9.9964E-05 0.0936585 9.9964E-05 0.743291 9.9964E-05 9.9964E-05 0.0765475
9.99551E-05 9.99551E-05 9.99551E-05 9.99551E-05 9.99551E-05 0.00229222 0.911535 0.0856732
9.9955E-05 0.901314 9.9955E-05 0.078367 9.9955E-05 9.9955E-05 0.0198188 9.9955E-05
9.994E-05 9.994E-05 9.994E-05 9.994E-05 9.994E-05 0.9993 9.994E-05 9.994E-05
9.99461E-05 9.99461E-05 9.99461E-05 9.99461E-05 9.99461E-05 0.233982 0.765419 9.99461E-05
0.00967446 9.9955E-05 9.9955E-05 9.9955E-05 0.112296 9.9955E-05 0.87753 9.9955E-05
9.995E-05 9.995E-05 9.995E-05 0.0720034 0.868963 9.995E-05 0.0585334 9.995E-05
9.99551E-05 0.155613 0.0301022 9.99551E-05 9.99551E-05 9.99551E-05 0.813785 9.99551E-05
9.9955E-05 9.9955E-05 9.9955E-05 0.183716 9.9955E-05 9.9955E-05 0.809146 0.00663819
9.99461E-05 9.99461E-05 9.99461E-05 0.857199 9.99461E-05 9.99461E-05 0.142201 9.99461E-05
9.99462E-05 9.99462E-05 0.383747 9.99462E-05 9.99462E-05 0.615653 9.99462E-05 9.99462E-05
9.994E-05 9.994E-05 9.994E-05 9.994E-05 9.994E-05 9.994E-05 9.994E-05 0.9993
0.0302602 9.99461E-05 0.96914 9.99461E-05 9.99461E-05 9.99461E-05 9.99461E-05 9.99461E-05
9.99461E-05 9.99461E-05 9.99461E-05 0.945797 9.99461E-05 0.0536033 9.99461E-05 9.99461E-05
9.99461E-05 9.99461E-05 9.99461E-05 9.99461E-05 9.99461E-05 0.830585 0.168815 9.99461E-05
9.99552E-05 9.99552E-05 0.00373908 9.99552E-05 9.99552E-05 0.207328 0.788433 9.99552E-05
9.99641E-05 0.149034 0.781068 0.0394172 9.99641E-05 0.0300805 9.99641E-05 9.99641E-05
9.99551E-05 9.99551E-05 9.99551E-05 9.99551E-05 0.0507928 0.785802 0.162905 9.99551E-05
