0.0406941 9.9973E-05 0.780978 0.0800839 9.9973E-05 0.0951509 0.00279312 9.9973E-05
9.9955E-05 0.137456 0.86168 9.9955E-05 9.9955E-05 9.9955E-05 9.9955E-05 0.000364648
0.00773832 9.9973E-05 0.406513 0.263424 0.0712914 0.250734 9.9973E-05 9.9973E-05
9.99461E-05 0.9313 9.99461E-05 9.99461E-05 9.99461E-05 9.99461E-05 9.99461E-05 0.0681002
9.9955E-05 0.0432173 9.9955E-05 0.0714688 9.9955E-05 9.9955E-05 0.884814 9.9955E-05
9.9955E-05 9.9955E-05 0.0211048 0.165516 9.9955E-05 9.9955E-05 9.9955E-05 0.812879
0.132597 9.9955E-05 9.9955E-05 9.9955E-05 9.9955E-05 0.8438 9.9955E-05 0.0231023
9.9955E-05 9.9955E-05 0.360513 0.158308 0.48068 9.9955E-05 9.9955E-05 9.9955E-05
0.371245 9.99462E-05 9.99462E-05 9.99462E-05 9.99462E-05 9.99462E-05 9.99462E-05 0.628155
9.9946E-05 9.9946E-05 9.9946E-05 9.9946E-05 9.9946E-05 0.337793 0.661607 9.9946E-05
9.99552E-05 9.99552E-05 9.99552E-05 0.116563 9.99552E-05 0.416806 0.466132 9.99552E-05
9.99461E-05 9.99461E-05 0.040423 9.99461E-05 0.958977 9.99461E-05 9.99461E-05 9.99461E-05
0.124954 9.9982E-05 0.0388748 0.190079 9.9982E-05 0.0688929 0.482822 0.0941776
9.99461E-05 0.219745 9.99461E-05 9.99461E-05 9.99461E-05 0.779655 9.99461E-05 9.99461E-05
9.994E-05 9.994E-05 9.994E-05 9.994E-05 9.994E-05 9.994E-05 0.9993 9.994E-05
0.905375 9.99551E-05 9.99551E-05 0.0300443 9.99551E-05 0.0640804 9.99551E-05 9.99551E-05
9.99461E-05 0.136316 9.99461E-05 9.99461E-05 0.863084 9.99461E-05 9.99461E-05 9.99461E-05
0.40278 9.9973E-05 9.9973E-05 0.164911 9.9973E-05 0.0311877 0.218147 0.182674
9.99461E-05 9.99461E-05 9.99461E-05 9.99461E-05 0.029076 9.99461E-05 9.99461E-05 0.970324
0.916151 0.0321909 9.99552E-05 9.99552E-05 9.99552E-05 9.99552E-05 0.0511581 9.99552E-05
0.910996 0.0692881 9.99551E-05 9.99551E-05 0.0192164 9.99551E-05 9.99551E-05 9.99551E-05
0.459046 9.99551E-05 9.99551E-05 9.99551E-05 0.30665 9.99551E-05 9.99551E-05 0.233805
0.737154 9.99551E-05 9.99551E-05 0.106782 9.99551E-05 9.99551E-05 0.155564 9.99551E-05
0.193358 0.716908 0.0208695 0.0558242 9.9973E-05 9.9973E-05 0.0127409 9.9973E-05
9.994E-05 9.994E-05 9.994E-05 0.9993 9.994E-05 9.994E-05 9.994E-05 9.994E-05
0.182518 9.9946E-05 9.9946E-05 9.9946E-05 9.9946E-05 9.9946E-05 0.816883 9.9946E-05
9.994E-05 0.9993 9.994E-05 9.994E-05 9.994E-05 9.994E-05 9.994E-05 9.994E-05
0.0987329 9.99641E-05 9.99641E-05 9.99641E-05 9.99641E-05 0.239954 0.102203 0.558711
9.994E-05 9.994E-05 0.9993 9.994E-05 9.994E-05 9.994E-05 9.994E-05 9.994E-05
9.99551E-05 0.159771 9.99551E-05 9.99551E-05 0.272083 9.99551E-05 9.99551E-05 0.567647
9.995E-05 9.995E-05 9.995E-05 0.116162 0.00599996 0.877339 9.995E-05 9.995E-05
9.994E-05 9.994E-05 9.994E-05 0.212185 9.994E-05 0.787216 9.994E-05 9.994E-05
9.9946E-05 9.9946E-05 9.9946E-05 9.9946E-05 9.9946E-05 0.803937 0.195463 9.9946E-05
9.995E-05 9.995E-05 9.995E-05 0.019139 9.995E-05 0.0751662 9.995E-05 0.905195
9.99461E-05 0.497268 9.99461E-05 9.99461E-05 0.502133 9.99461E-05 9.99461E-05 9.99461E-05
0.935385 9.9964E-05 0.012119 9.9964E-05 9.9964E-05 0.0151789 9.9964E-05 0.0369172
0.207748 0.0048546 9.99551E-05 9.99551E-05 9.99551E-05 9.99551E-05 9.99551E-05 0.786898
9.9964E-05 9.9964E-05 0.0600399 9.9964E-05 9.9964E-05 0.0477464 0.00515414 0.88666
9.99641E-05 9.99641E-05 9.99641E-05 0.840549 0.00719233 9.99641E-05 0.124206 0.0276526
9.99552E-05 0.182894 9.99552E-05 9.99552E-05 9.99552E-05 9.99552E-05 0.00701917 0.809587
9.9946E-05 9.9946E-05 9.9946E-05 9.9946E-05 0.299739 9.9946E-05 9.9946E-05 0.699661
9.994E-05 9.994E-05 9.994E-05 9.994E-05 0.9993 9.994E-05 9.994E-05 9.994E-05
0.761068 0.0285293 9.99552E-05 9.99552E-05 9.99552E-05 9.99552E-05 0.209903 9.99552E-05
9.9946E-05 9.9946E-05 9.9946E-05 0.948736 9.9946E-05 0.0506644 9.9946E-05 9.9946E-05
0.159463 9.99461E-05 9.99461E-05 9.99461E-05 9.99461E-05 9.99461E-05 0.839937 9.99461E-05
9.99641E-05 0.0199416 0.143586 9.99641E-05 0.819149 0.016924 9.99641E-05 9.99641E-05
0.825581 9.99551E-05 0.017309 9.99551E-05 9.99551E-05 9.99551E-05 9.99551E-05 0.156611
0.224529 9.99462E-05 9.99462E-05 9.99462E-05 9.99462E-05 9.99462E-05 9.99462E-05 0.774871
0.255619 9.99552E-05 9.99552E-05 9.99552E-05 0.14964 9.99552E-05 0.594242 9.99552E-05
0.737968 9.996E-05 9.996E-05 9.996E-05 0.0339052 9.996E-05 0.01197 0.215757
