0.027604 9.99473E-05 0.588593 9.99473E-05 9.99473E-05 9.99473E-05 9.99473E-05 0.0145245 9.99473E-05 0.368679
0.330433 9.99558E-05 0.453863 0.10311 0.0652447 9.99558E-05 0.0468491 9.99558E-05 9.99558E-05 9.99558E-05
9.99736E-05 0.108168 0.0908461 9.99736E-05 0.0214937 0.0934921 0.21276 9.99736E-05 0.200606 0.272333
0.089677 0.122834 0.165364 9.9965E-05 0.185936 0.371236 9.9965E-05 9.9965E-05 9.9965E-05 0.0645527
0.143106 9.99648E-05 9.99648E-05 9.99648E-05 0.35611 9.99648E-05 0.141976 0.0274482 0.0456148 0.285345
9.99386E-05 9.99386E-05 0.406903 9.99386E-05 0.578059 9.99386E-05 0.0143385 9.99386E-05 9.99386E-05 9.99386E-05
9.99388E-05 0.114003 9.99388E-05 9.99388E-05 0.697516 9.99388E-05 0.187782 9.99388E-05 9.99388E-05 9.99388E-05
9.99471E-05 9.99471E-05 0.623924 9.99471E-05 9.99471E-05 9.99471E-05 0.0152003 9.99471E-05 0.234377 0.125899
9.99299E-05 9.99299E-05 9.99299E-05 0.959256 9.99299E-05 9.99299E-05 9.99299E-05 0.0399449 9.99299E-05 9.99299E-05
0.111711 9.99472E-05 9.99472E-05 9.99472E-05 9.99472E-05 0.431491 0.137653 0.318545 9.99472E-05 9.99472E-05
9.99383E-05 9.99383E-05 0.260503 0.117572 9.99383E-05 9.99383E-05 9.99383E-05 9.99383E-05 9.99383E-05 0.621226
9.9956E-05 9.9956E-05 9.9956E-05 0.21833 0.0514638 0.406955 9.9956E-05 0.187399 0.135353 9.9956E-05
0.483609 0.00743462 9.99559E-05 9.99559E-05 9.99559E-05 0.165698 9.99559E-05 0.0273738 9.99559E-05 0.315385
0.0423604 9.99473E-05 0.0585809 0.0687578 9.99473E-05 0.829701 9.99473E-05 9.99473E-05 9.99473E-05 9.99473E-05
9.9947E-05 9.9947E-05 9.9947E-05 9.9947E-05 9.9947E-05 0.0623048 0.612107 9.9947E-05 0.0184524 0.306537
0.255221 9.99561E-05 0.0686432 9.99561E-05 9.99561E-05 9.99561E-05 0.0423831 0.276466 9.99561E-05 0.356787
9.99382E-05 9.99382E-05 9.99382E-05 9.99382E-05 9.99382E-05 9.99382E-05 0.320999 0.0954101 9.99382E-05 0.582891
0.527428 9.99561E-05 0.201901 0.11681 9.99561E-05 9.99561E-05 9.99561E-05 0.0505124 0.102849 9.99561E-05
9.99294E-05 9.99294E-05 9.99294E-05 9.99294E-05 0.0840099 9.99294E-05 0.915191 9.99294E-05 9.99294E-05 9.99294E-05
0.235723 0.0426881 0.386408 9.99471E-05 9.99471E-05 0.334581 9.99471E-05 9.99471E-05 9.99471E-05 9.99471E-05
0.510526 0.309904 0.148115 9.9947E-05 9.9947E-05 0.0308557 9.9947E-05 9.9947E-05 9.9947E-05 9.9947E-05
9.99385E-05 0.173175 9.99385E-05 9.99385E-05 0.646357 0.179768 9.99385E-05 9.99385E-05 9.99385E-05 9.99385E-05
0.69363 9.99474E-05 9.99474E-05 9.99474E-05 9.99474E-05 9.99474E-05 0.14407 0.0881283 0.0735726 9.99474E-05
0.173355 0.0335593 9.99737E-05 9.99737E-05 0.312661 0.109012 0.162536 9.99737E-05 0.0279644 0.180613
9.9956E-05 9.9956E-05 9.9956E-05 9.9956E-05 9.9956E-05 0.198386 0.020097 0.539321 0.131565 0.110131
9.99387E-05 9.99387E-05 0.350715 9.99387E-05 0.436226 9.99387E-05 9.99387E-05 9.99387E-05 0.212359 9.99387E-05
9.99561E-05 0.116786 9.99561E-05 9.99561E-05 0.286277 0.00202181 0.46916 0.125256 9.99561E-05 9.99561E-05
0.185955 0.183714 0.075208 9.99649E-05 9.99649E-05 0.172066 9.99649E-05 0.334118 0.0485389 9.99649E-05
9.99385E-05 9.99385E-05 0.930643 0.000941145 9.99385E-05 9.99385E-05 9.99385E-05 9.99385E-05 0.0677163 9.99385E-05
9.99382E-05 9.99382E-05 9.99382E-05 9.99382E-05 9.99382E-05 0.274646 9.99382E-05 0.367759 0.356895 9.99382E-05
9.99297E-05 9.99297E-05 0.918515 9.99297E-05 9.99297E-05 9.99297E-05 9.99297E-05 9.99297E-05 9.99297E-05 0.0806857
0.218541 9.99561E-05 0.133883 0.0631997 9.99561E-05 0.394115 0.189763 9.99561E-05 9.99561E-05 9.99561E-05
0.0119143 9.99649E-05 0.354263 9.99649E-05 9.99649E-05 0.254243 9.99649E-05 0.100752 0.275306 0.00312178
0.0627476 9.9948E-05 9.9948E-05 9.9948E-05 0.377439 9.9948E-05 9.9948E-05 0.444177 9.9948E-05 0.115037
0.990393 9.993E-05 9.993E-05 9.993E-05 0.00880742 9.993E-05 9.993E-05 9.993E-05 9.993E-05 9.993E-05
9.99383E-05 9.99383E-05 9.99383E-05 9.99383E-05 9.99383E-05 0.659195 9.99383E-05 0.189559 0.150546 9.99383E-05
0.559574 9.99649E-05 0.00655538 0.0589124 0.0863815 0.135919 9.99649E-05 0.152258 9.99649E-05 9.99649E-05
9.99471E-05 9.99471E-05 0.0259913 9.99471E-05 0.33716 0.305801 0.330448 9.99471E-05 9.99471E-05 9.99471E-05
0.76674 0.0481998 9.9956E-05 9.9956E-05 9.9956E-05 0.0417421 0.0506863 0.092132 9.9956E-05 9.9956E-05
0.518344 9.9939E-05 0.237354 9.9939E-05 0.243602 9.9939E-05 9.9939E-05 9.9939E-05 9.9939E-05 9.9939E-05
0.414976 0.100238 0.294277 9.99563E-05 0.138964 0.0510458 9.99563E-05 9.99563E-05 9.99563E-05 9.99563E-05
0.366079 9.9956E-05 0.161386 9.9956E-05 9.9956E-05 9.9956E-05 0.275762 0.0776971 0.118576 9.9956E-05
9.99558E-05 9.99558E-05 0.102166 9.99558E-05 0.0898988 0.386235 9.99558E-05 0.103679 9.99558E-05 0.317521
0.213573 9.99383E-05 0.458665 9.99383E-05 9.99383E-05 0.327062 9.99383E-05 9.99383E-05 9.99383E-05 9.99383E-05
0.458585 9.99472E-05 9.99472E-05 0.407075 9.99472E-05 9.99472E-05 0.0439978 9.99472E-05 9.99472E-05 0.0897425
9.99646E-05 0.196648 0.35435 9.99646E-05 0.0917467 9.99646E-05 9.99646E-05 0.109634 0.157885 0.0893363
9.99384E-05 0.476049 9.99384E-05 9.99384E-05 9.99384E-05 0.0742515 9.99384E-05 0.449 9.99384E-05 9.99384E-05
0.16815 0.0481058 9.9947E-05 9.9947E-05 0.581307 9.9947E-05 0.201837 9.9947E-05 9.9947E-05 9.9947E-05
9.9947E-05 9.9947E-05 0.0746664 0.224323 0.504143 0.196267 9.9947E-05 9.9947E-05 9.9947E-05 9.9947E-05
9.99382E-05 9.99382E-05 0.0343273 9.99382E-05 0.0121056 9.99382E-05 9.99382E-05 0.952868 9.99382E-05 9.99382E-05
0.323754 9.99471E-05 9.99471E-05 9.99471E-05 9.99471E-05 9.99471E-05 0.0967144 9.99471E-05 0.434201 0.144731
0.068113 9.99558E-05 0.176437 9.99558E-05 0.199824 0.270244 9.99558E-05 9.99558E-05 0.284883 9.99558E-05
0.104496 9.99562E-05 0.0313159 9.99562E-05 0.186589 0.604471 9.99562E-05 0.0726279 9.99562E-05 9.99562E-05
0.166019 9.99384E-05 0.619214 9.99384E-05 0.214067 9.99384E-05 9.99384E-05 9.99384E-05 9.99384E-05 9.99384E-05
9.99561E-05 9.99561E-05 9.99561E-05 0.2352 0.123102 0.524821 9.99561E-05 0.105812 9.99561E-05 0.0105652
9.9965E-05 9.9965E-05 0.352112 0.0260619 0.201192 0.184452 0.0882584 9.9965E-05 0.147524 9.9965E-05
0.0214401 0.018166 9.99475E-05 9.99475E-05 9.99475E-05 0.0702243 9.99475E-05 9.99475E-05 0.88957 9.99475E-05
0.00791544 9.99736E-05 0.20685 0.203186 9.99736E-05 9.99736E-05 0.134028 0.0504291 0.172926 0.224365
0.0322963 9.99383E-05 9.99383E-05 9.99383E-05 9.99383E-05 9.99383E-05 0.623328 9.99383E-05 0.343676 9.99383E-05
0.175849 0.121728 9.99558E-05 9.99558E-05 9.99558E-05 0.253077 0.109531 9.99558E-05 0.339314 9.99558E-05
0.396827 9.99475E-05 9.99475E-05 0.026229 0.129616 9.99475E-05 9.99475E-05 9.99475E-05 0.446729 9.99475E-05
0.133935 9.99563E-05 0.115492 9.99563E-05 9.99563E-05 9.99563E-05 0.528619 0.0268757 9.99563E-05 0.194579
0.348784 0.0142687 0.448776 9.99649E-05 9.99649E-05 0.0539124 9.99649E-05 0.0931447 9.99649E-05 0.0407148
0.344401 9.99473E-05 9.99473E-05 9.99473E-05 0.432862 0.197619 9.99473E-05 9.99473E-05 9.99473E-05 0.0245176
0.924481 9.99388E-05 0.0488993 9.99388E-05 9.99388E-05 0.0259196 9.99388E-05 9.99388E-05 9.99388E-05 9.99388E-05
0.474879 9.99382E-05 9.99382E-05 9.99382E-05 9.99382E-05 0.183996 9.99382E-05 9.99382E-05 0.340425 9.99382E-05
9.99469E-05 9.99469E-05 9.99469E-05 9.99469E-05 0.283612 0.516346 9.99469E-05 9.99469E-05 0.0148777 0.184565
0.140626 9.99645E-05 0.143696 0.572344 9.99645E-05 9.99645E-05 0.0686221 0.0658069 0.00850499 9.99645E-05
0.0676431 9.99559E-05 0.280746 9.99559E-05 0.0610041 9.99559E-05 0.492884 0.097223 9.99559E-05 9.99559E-05
0.280595 9.99383E-05 0.220882 9.99383E-05 0.497824 9.99383E-05 9.99383E-05 9.99383E-05 9.99383E-05 9.99383E-05
9.99385E-05 9.99385E-05 9.99385E-05 9.99385E-05 9.99385E-05 0.089009 9.99385E-05 0.385917 0.524375 9.99385E-05
0.559064 9.99384E-05 9.99384E-05 9.99384E-05 9.99384E-05 9.99384E-05 0.133589 0.306648 9.99384E-05 9.99384E-05
9.99559E-05 9.99559E-05 0.607346 9.99559E-05 0.156947 0.0163763 0.190117 9.99559E-05 0.0287142 9.99559E-05
9.99387E-05 9.99387E-05 9.99387E-05 9.99387E-05 0.669581 9.99387E-05 0.268581 9.99387E-05 9.99387E-05 0.0611388
9.99563E-05 9.99563E-05 0.0813143 0.336667 9.99563E-05 0.321002 0.135779 9.99563E-05 9.99563E-05 0.124738
0.297316 9.99473E-05 0.118981 9.99473E-05 0.527722 0.0553812 9.99473E-05 9.99473E-05 9.99473E-05 9.99473E-05
9.99387E-05 0.190357 9.99387E-05 9.99387E-05 9.99387E-05 0.183176 0.625767 9.99387E-05 9.99387E-05 9.99387E-05
0.0835319 9.99473E-05 9.99473E-05 9.99473E-05 9.99473E-05 9.99473E-05 0.359667 9.99473E-05 0.540353 0.0158488
0.152092 9.99386E-05 9.99386E-05 9.99386E-05 9.99386E-05 9.99386E-05 0.0860209 9.99386E-05 0.761188 9.99386E-05
9.99561E-05 9.99561E-05 0.410498 9.99561E-05 9.99561E-05 9.99561E-05 0.0647934 0.204289 0.289344 0.0305756
9.99388E-05 9.99388E-05 9.99388E-05 9.99388E-05 0.93106 9.99388E-05 9.99388E-05 0.000881299 0.0673589 9.99388E-05
9.99476E-05 9.99476E-05 9.99476E-05 9.99476E-05 0.250706 0.00973712 9.99476E-05 0.661906 9.99476E-05 0.0770512
9.99474E-05 9.99474E-05 9.99474E-05 9.99474E-05 0.012816 9.99474E-05 0.248925 0.187756 9.99474E-05 0.549903
0.070415 9.9947E-05 0.384577 9.9947E-05 9.9947E-05 9.9947E-05 9.9947E-05 0.508305 0.0361031 9.9947E-05
9.99384E-05 9.99384E-05 0.457536 9.99384E-05 0.0369361 9.99384E-05 9.99384E-05 9.99384E-05 9.99384E-05 0.504828
0.0961897 9.99382E-05 9.99382E-05 0.853624 0.0494869 9.99382E-05 9.99382E-05 9.99382E-05 9.99382E-05 9.99382E-05
9.99385E-05 9.99385E-05 0.38681 9.99385E-05 0.347577 9.99385E-05 9.99385E-05 9.99385E-05 9.99385E-05 0.264913
9.99478E-05 0.0960088 9.99478E-05 0.320897 9.99478E-05 0.0576036 0.524891 9.99478E-05 9.99478E-05 9.99478E-05
9.99565E-05 0.264563 9.99565E-05 9.99565E-05 9.99565E-05 0.0163258 0.277676 9.99565E-05 0.324432 0.116503
9.99558E-05 9.99558E-05 0.0875998 9.99558E-05 0.142558 0.281867 9.99558E-05 0.109256 0.378219 9.99558E-05
0.505521 9.99469E-05 0.171401 0.0823205 9.99469E-05 0.240158 9.99469E-05 9.99469E-05 9.99469E-05 9.99469E-05
0.383633 9.99474E-05 0.303077 9.99474E-05 9.99474E-05 0.111939 9.99474E-05 9.99474E-05 9.99474E-05 0.200752
0.146927 0.167274 0.0523977 9.99558E-05 0.611379 9.99558E-05 9.99558E-05 9.99558E-05 0.0215233 9.99558E-05
0.00489085 0.140934 0.416615 9.99735E-05 0.0269943 0.0238217 0.136832 0.249612 9.99735E-05 9.99735E-05
9.99472E-05 0.281123 9.99472E-05 9.99472E-05 0.25044 0.231324 9.99472E-05 9.99472E-05 9.99472E-05 0.236513
9.99477E-05 9.99477E-05 0.0785273 9.99477E-05 9.99477E-05 9.99477E-05 0.0593113 0.58989 9.99477E-05 0.271672
9.99468E-05 9.99468E-05 0.160683 9.99468E-05 0.0693695 9.99468E-05 0.258993 0.510354 9.99468E-05 9.99468E-05
0.499805 9.99386E-05 9.99386E-05 9.99386E-05 9.99386E-05 0.205833 9.99386E-05 9.99386E-05 0.293663 9.99386E-05
0.0594834 9.99388E-05 0.299913 9.99388E-05 9.99388E-05 0.639904 9.99388E-05 9.99388E-05 9.99388E-05 9.99388E-05
9.99649E-05 9.99649E-05 9.99649E-05 0.235652 9.99649E-05 0.226433 0.243331 0.163443 0.0179151 0.112827
9.99561E-05 9.99561E-05 0.492614 0.177719 9.99561E-05 0.0108329 0.173693 9.99561E-05 9.99561E-05 0.144641
9.99476E-05 0.0563765 9.99476E-05 0.0593965 9.99476E-05 0.0581306 0.825497 9.99476E-05 9.99476E-05 9.99476E-05
0.231719 0.212342 0.523771 9.99473E-05 0.0315685 9.99473E-05 9.99473E-05 9.99473E-05 9.99473E-05 9.99473E-05
9.9939E-05 9.9939E-05 0.0401701 9.9939E-05 9.9939E-05 9.9939E-05 9.9939E-05 0.138337 9.9939E-05 0.820794
0.229748 0.0825218 9.99385E-05 9.99385E-05 9.99385E-05 0.687031 9.99385E-05 9.99385E-05 9.99385E-05 9.99385E-05
0.13751 9.99646E-05 0.134209 9.99646E-05 9.99646E-05 0.204758 0.0781768 0.145983 0.298965 9.99646E-05
0.193733 9.99558E-05 9.99558E-05 9.99558E-05 9.99558E-05 0.245517 0.155144 0.0455844 0.359522 9.99558E-05
9.99389E-05 9.99389E-05 9.99389E-05 9.99389E-05 9.99389E-05 0.059997 9.99389E-05 0.275205 0.664098 9.99389E-05
0.313108 9.99557E-05 9.99557E-05 9.99557E-05 9.99557E-05 0.0722684 0.117195 9.99557E-05 0.388192 0.108737
0.443422 9.99391E-05 9.99391E-05 0.530589 9.99391E-05 9.99391E-05 0.0252895 9.99391E-05 9.99391E-05 9.99391E-05
9.99384E-05 9.99384E-05 9.99384E-05 9.99384E-05 0.213865 0.770924 9.99384E-05 0.0145119 9.99384E-05 9.99384E-05
0.126736 0.721991 9.99473E-05 0.0229951 9.99473E-05 9.99473E-05 9.99473E-05 9.99473E-05 9.99473E-05 0.127678
0.280638 9.99472E-05 9.99472E-05 9.99472E-05 9.99472E-05 0.0114624 0.683992 9.99472E-05 0.0233082 9.99472E-05
9.99471E-05 9.99471E-05 0.589814 0.187635 9.99471E-05 0.193256 0.028696 9.99471E-05 9.99471E-05 9.99471E-05
9.99478E-05 9.99478E-05 0.0256185 0.453641 0.434965 0.085176 9.99478E-05 9.99478E-05 9.99478E-05 9.99478E-05
9.99471E-05 9.99471E-05 0.0752665 9.99471E-05 0.712197 9.99471E-05 0.0456348 9.99471E-05 9.99471E-05 0.166302
9.99385E-05 9.99385E-05 0.23562 9.99385E-05 9.99385E-05 9.99385E-05 9.99385E-05 0.00764152 9.99385E-05 0.756039
9.99569E-05 0.0283623 0.338218 0.135499 9.99569E-05 9.99569E-05 9.99569E-05 0.0510783 0.446342 9.99569E-05
9.99474E-05 9.99474E-05 9.99474E-05 9.99474E-05 0.123495 9.99474E-05 0.523359 0.000548206 0.351998 9.99474E-05
9.99473E-05 9.99473E-05 0.0589624 9.99473E-05 9.99473E-05 0.569226 0.036468 9.99473E-05 0.334744 9.99473E-05
9.99475E-05 9.99475E-05 0.156491 9.99475E-05 9.99475E-05 9.99475E-05 0.548597 0.106366 0.187946 9.99475E-05
0.00231569 9.99469E-05 0.29389 0.309945 9.99469E-05 9.99469E-05 9.99469E-05 0.393249 9.99469E-05 9.99469E-05
0.102543 9.99473E-05 9.99473E-05 9.99473E-05 0.43857 0.0860404 9.99473E-05 0.372247 9.99473E-05 9.99473E-05
9.99735E-05 9.99735E-05 9.99735E-05 0.064635 0.163073 0.515174 0.0350668 0.016589 0.117557 0.0876059
0.539428 9.99472E-05 0.0125819 9.99472E-05 9.99472E-05 9.99472E-05 9.99472E-05 0.0594508 0.387939 9.99472E-05
0.709681 9.99386E-05 0.22837 9.99386E-05 9.99386E-05 9.99386E-05 0.0612492 9.99386E-05 9.99386E-05 9.99386E-05
0.00437259 9.99476E-05 9.99476E-05 0.551635 9.99476E-05 9.99476E-05 9.99476E-05 0.146851 9.99476E-05 0.296541
9.99561E-05 0.452358 0.0545532 9.99561E-05 0.151748 9.99561E-05 0.29354 9.99561E-05 9.99561E-05 0.0473015
9.99387E-05 0.183534 9.99387E-05 9.99387E-05 9.99387E-05 0.1488 9.99387E-05 9.99387E-05 0.666966 9.99387E-05
0.581456 9.99472E-05 9.99472E-05 9.99472E-05 9.99472E-05 9.99472E-05 9.99472E-05 0.067277 0.125378 0.225289
9.99388E-05 9.99388E-05 9.99388E-05 9.99388E-05 0.0926146 0.899632 9.99388E-05 0.00705343 9.99388E-05 9.99388E-05
9.99382E-05 9.99382E-05 9.99382E-05 9.99382E-05 9.99382E-05 9.99382E-05 0.0201011 9.99382E-05 0.941955 0.037244
0.19743 0.0177918 9.99647E-05 9.99647E-05 0.109793 9.99647E-05 0.162137 0.245182 0.267267 9.99647E-05
9.99561E-05 9.99561E-05 9.99561E-05 0.0235271 0.020254 9.99561E-05 9.99561E-05 0.409633 0.0995161 0.44657
9.99381E-05 0.638592 9.99381E-05 9.99381E-05 0.270292 9.99381E-05 0.0904162 9.99381E-05 9.99381E-05 9.99381E-05
9.99561E-05 9.99561E-05 0.189042 9.99561E-05 0.291857 0.219797 9.99561E-05 9.99561E-05 0.264623 0.0341819
0.476288 9.9938E-05 9.9938E-05 9.9938E-05 0.249369 0.273644 9.9938E-05 9.9938E-05 9.9938E-05 9.9938E-05
0.105919 9.99562E-05 0.57075 9.99562E-05 0.125181 0.0502809 9.99562E-05 9.99562E-05 9.99562E-05 0.147369
9.99471E-05 9.99471E-05 0.400195 9.99471E-05 9.99471E-05 0.068869 9.99471E-05 0.482602 0.0477343 9.99471E-05
9.99647E-05 0.103084 0.0717148 0.238277 9.99647E-05 0.183869 9.99647E-05 0.333304 9.99647E-05 0.0693509
9.99384E-05 0.36043 9.99384E-05 9.99384E-05 0.0747201 9.99384E-05 9.99384E-05 0.56415 9.99384E-05 9.99384E-05
9.99387E-05 0.245571 9.99387E-05 9.99387E-05 9.99387E-05 0.0543476 0.699382 9.99387E-05 9.99387E-05 9.99387E-05
0.0205731 9.99558E-05 0.103112 9.99558E-05 9.99558E-05 9.99558E-05 0.0935738 0.289696 9.99558E-05 0.492545
9.99477E-05 9.99477E-05 9.99477E-05 9.99477E-05 9.99477E-05 9.99477E-05 0.0467641 0.504615 0.070649 0.377372
9.99385E-05 9.99385E-05 0.441003 9.99385E-05 9.99385E-05 0.258449 9.99385E-05 9.99385E-05 0.299849 9.99385E-05
9.99561E-05 9.99561E-05 0.113497 0.0898437 9.99561E-05 0.308893 0.0149365 0.472331 9.99561E-05 9.99561E-05
9.99299E-05 9.99299E-05 9.99299E-05 9.99299E-05 9.99299E-05 9.99299E-05 0.19188 9.99299E-05 0.807321 9.99299E-05
0.348956 9.99471E-05 9.99471E-05 0.127476 9.99471E-05 9.99471E-05 9.99471E-05 9.99471E-05 0.059162 0.463807
9.99473E-05 9.99473E-05 0.561242 9.99473E-05 9.99473E-05 0.129438 0.125238 9.99473E-05 0.183482 9.99473E-05
0.197975 0.234248 0.00386232 0.165843 0.223127 0.0575279 9.99735E-05 0.117116 9.99735E-05 9.99735E-05
9.993E-05 0.0586087 9.993E-05 9.993E-05 0.225326 9.993E-05 9.993E-05 9.993E-05 0.715366 9.993E-05
9.99299E-05 9.99299E-05 9.99299E-05 9.99299E-05 0.203696 9.99299E-05 9.99299E-05 0.795504 9.99299E-05 9.99299E-05
9.99561E-05 9.99561E-05 0.0135977 0.605182 0.247316 0.126543 9.99561E-05 9.99561E-05 0.00686109 9.99561E-05
0.0806859 9.99474E-05 0.37271 0.265819 0.280186 9.99474E-05 9.99474E-05 9.99474E-05 9.99474E-05 9.99474E-05
9.99469E-05 9.99469E-05 0.225843 0.0658771 9.99469E-05 9.99469E-05 0.412715 9.99469E-05 9.99469E-05 0.294964
9.99559E-05 0.170536 9.99559E-05 0.00929421 9.99559E-05 9.99559E-05 0.27371 0.12844 0.417521 9.99559E-05
0.335758 0.0762547 0.205182 9.99562E-05 0.234589 0.147717 9.99562E-05 9.99562E-05 9.99562E-05 9.99562E-05
0.310444 9.99386E-05 0.417025 9.99386E-05 9.99386E-05 9.99386E-05 9.99386E-05 0.271831 9.99386E-05 9.99386E-05
9.99474E-05 0.00761026 9.99474E-05 9.99474E-05 9.99474E-05 0.639585 0.181897 0.170307 9.99474E-05 9.99474E-05
0.0853863 9.99476E-05 0.323632 9.99476E-05 0.226768 0.363615 9.99476E-05 9.99476E-05 9.99476E-05 9.99476E-05
0.137734 0.00671608 0.216684 9.99559E-05 9.99559E-05 0.385632 0.252734 9.99559E-05 9.99559E-05 9.99559E-05
0.177267 9.99559E-05 0.185896 9.99559E-05 9.99559E-05 9.99559E-05 0.224981 9.99559E-05 0.388414 0.022943
9.99208E-05 9.99208E-05 9.99208E-05 9.99208E-05 9.99208E-05 9.99208E-05 9.99208E-05 0.999101 9.99208E-05 9.99208E-05
9.9956E-05 9.9956E-05 0.133781 9.9956E-05 0.0670037 9.9956E-05 0.0864818 0.149614 0.56262 9.9956E-05
9.99387E-05 0.000819666 9.99387E-05 0.943052 9.99387E-05 9.99387E-05 9.99387E-05 0.0554288 9.99387E-05 9.99387E-05
9.99559E-05 0.168724 9.99559E-05 9.99559E-05 9.99559E-05 0.16881 0.124466 0.456502 9.99559E-05 0.0809985
0.276502 0.0214735 9.99561E-05 0.2499 9.99561E-05 9.99561E-05 0.296139 9.99561E-05 9.99561E-05 0.155485
9.99384E-05 9.99384E-05 9.99384E-05 0.140501 0.588656 0.270143 9.99384E-05 9.99384E-05 9.99384E-05 9.99384E-05
9.99649E-05 0.153424 0.0436787 9.99649E-05 9.99649E-05 0.490595 0.0652368 0.135463 0.111203 9.99649E-05
9.99473E-05 9.99473E-05 0.353632 9.99473E-05 0.300868 0.00151402 0.343386 9.99473E-05 9.99473E-05 9.99473E-05
9.99471E-05 0.420947 9.99471E-05 9.99471E-05 9.99471E-05 0.227432 9.99471E-05 0.087284 0.263738 9.99471E-05
9.99645E-05 9.99645E-05 0.544472 0.00664616 0.223958 0.126759 0.0706849 9.99645E-05 9.99645E-05 0.02708
9.99471E-05 9.99471E-05 9.99471E-05 9.99471E-05 0.263441 9.99471E-05 0.363512 0.217289 0.155159 9.99471E-05
9.99563E-05 0.0584563 9.99563E-05 0.156333 9.99563E-05 0.184607 0.452443 0.147661 9.99563E-05 9.99563E-05
9.99301E-05 9.99301E-05 9.99301E-05 9.99301E-05 9.99301E-05 0.590782 9.99301E-05 9.99301E-05 9.99301E-05 0.408419
9.99647E-05 9.99647E-05 9.99647E-05 0.0836308 0.11996 9.99647E-05 0.328622 0.334828 0.00313013 0.12943
9.99475E-05 9.99475E-05 0.0872204 0.112658 0.300258 0.499264 9.99475E-05 9.99475E-05 9.99475E-05 9.99475E-05
9.99301E-05 9.99301E-05 9.99301E-05 9.99301E-05 0.993948 9.99301E-05 9.99301E-05 9.99301E-05 0.00525251 9.99301E-05
9.9956E-05 9.9956E-05 0.531286 9.9956E-05 0.0533883 0.134552 0.206586 0.0736881 9.9956E-05 9.9956E-05
0.144586 9.99559E-05 0.0654353 0.0571596 0.556274 9.99559E-05 9.99559E-05 9.99559E-05 9.99559E-05 0.176045
0.178062 0.0652283 0.110728 9.99559E-05 9.99559E-05 9.99559E-05 0.152149 9.99559E-05 0.493332 9.99559E-05
0.232314 0.122849 9.99559E-05 9.99559E-05 0.0441373 0.502339 9.99559E-05 9.99559E-05 9.99559E-05 0.0978615
9.99302E-05 9.99302E-05 0.947068 9.99302E-05 9.99302E-05 0.0521326 9.99302E-05 9.99302E-05 9.99302E-05 9.99302E-05
0.274685 9.99647E-05 0.102194 9.99647E-05 9.99647E-05 0.00342939 0.0418996 9.99647E-05 0.543757 0.0336356
0.614814 9.99386E-05 9.99386E-05 9.99386E-05 9.99386E-05 0.0799794 9.99386E-05 9.99386E-05 0.304507 9.99386E-05
9.99472E-05 9.99472E-05 0.343695 9.99472E-05 0.324067 9.99472E-05 0.181664 0.149974 9.99472E-05 9.99472E-05
0.425383 9.99474E-05 9.99474E-05 9.99474E-05 0.211915 0.286279 9.99474E-05 9.99474E-05 0.0758234 9.99474E-05
9.99561E-05 9.99561E-05 9.99561E-05 9.99561E-05 0.0603751 0.0950036 9.99561E-05 0.226484 0.418571 0.199066
0.0210413 9.99472E-05 9.99472E-05 9.99472E-05 9.99472E-05 0.549076 9.99472E-05 9.99472E-05 0.108697 0.320587
9.99298E-05 9.99298E-05 0.823495 9.99298E-05 9.99298E-05 0.175705 9.99298E-05 9.99298E-05 9.99298E-05 9.99298E-05
0.534588 0.139897 9.99651E-05 9.99651E-05 0.00251788 0.0963758 9.99651E-05 9.99651E-05 0.07771 0.148511
9.99557E-05 9.99557E-05 0.0828762 9.99557E-05 0.122898 0.254746 9.99557E-05 9.99557E-05 0.332194 0.206787
9.99473E-05 9.99473E-05 0.101226 9.99473E-05 9.99473E-05 9.99473E-05 0.357079 0.170613 0.370482 9.99473E-05
9.99207E-05 9.99207E-05 9.99207E-05 9.99207E-05 9.99207E-05 9.99207E-05 9.99207E-05 9.99207E-05 0.999101 9.99207E-05
9.99472E-05 0.0885705 9.99472E-05 9.99472E-05 9.99472E-05 0.106387 0.209108 9.99472E-05 0.595336 9.99472E-05
9.99385E-05 9.99385E-05 9.99385E-05 9.99385E-05 9.99385E-05 0.121954 0.251566 9.99385E-05 0.62578 9.99385E-05
9.99298E-05 9.99298E-05 9.99298E-05 9.99298E-05 9.99298E-05 0.0977503 9.99298E-05 9.99298E-05 9.99298E-05 0.90145
9.9947E-05 9.9947E-05 9.9947E-05 0.410239 0.153323 9.9947E-05 9.9947E-05 9.9947E-05 0.16951 0.266328
0.0606165 9.99649E-05 0.167966 0.0773013 0.0336555 0.0935349 9.99649E-05 0.566526 9.99649E-05 9.99649E-05
9.99385E-05 9.99385E-05 9.99385E-05 9.99385E-05 9.99385E-05 9.99385E-05 0.327093 9.99385E-05 0.305466 0.366741
0.0629661 9.99472E-05 9.99472E-05 0.0251534 0.559632 9.99472E-05 9.99472E-05 9.99472E-05 0.351648 9.99472E-05
9.99473E-05 0.0826641 0.00454033 0.405074 0.507121 9.99473E-05 9.99473E-05 9.99473E-05 9.99473E-05 9.99473E-05
9.99562E-05 0.00878531 0.430809 9.99562E-05 9.99562E-05 9.99562E-05 0.551135 0.00429411 0.00447665 9.99562E-05
9.99382E-05 9.99382E-05 9.99382E-05 0.0208951 9.99382E-05 0.349026 9.99382E-05 9.99382E-05 9.99382E-05 0.629379
9.9947E-05 9.9947E-05 0.110315 9.9947E-05 9.9947E-05 9.9947E-05 0.33556 0.120889 9.9947E-05 0.432636
9.99475E-05 9.99475E-05 9.99475E-05 0.6851 9.99475E-05 0.129051 0.136468 0.0487808 9.99475E-05 9.99475E-05
0.3698 9.99383E-05 9.99383E-05 9.99383E-05 0.56513 0.0643709 9.99383E-05 9.99383E-05 9.99383E-05 9.99383E-05
9.99648E-05 9.99648E-05 0.0615262 9.99648E-05 0.0470795 0.542755 0.140082 0.151111 9.99648E-05 0.0570472
9.99476E-05 0.086135 0.232041 0.0895375 9.99476E-05 9.99476E-05 9.99476E-05 9.99476E-05 9.99476E-05 0.591687
0.120202 9.99471E-05 9.99471E-05 9.99471E-05 9.99471E-05 0.187127 0.589149 9.99471E-05 9.99471E-05 0.102922
9.99471E-05 0.176963 9.99471E-05 0.378151 9.99471E-05 9.99471E-05 0.367521 9.99471E-05 9.99471E-05 0.0767649
0.222175 9.99646E-05 0.290905 0.317417 0.0962571 9.99646E-05 0.0580002 9.99646E-05 9.99646E-05 0.0148458
9.99607E-05 0.0572444 9.99607E-05 0.103628 0.571029 9.99607E-05 9.99607E-05 0.107485 0.160113 9.99607E-05
0.171341 9.99558E-05 0.136939 0.252472 9.99558E-05 0.105774 0.332975 9.99558E-05 9.99558E-05 9.99558E-05
9.99476E-05 0.00245442 9.99476E-05 9.99476E-05 9.99476E-05 0.0680382 0.767803 9.99476E-05 9.99476E-05 0.161105
9.993E-05 9.993E-05 0.659782 0.339419 9.993E-05 9.993E-05 9.993E-05 9.993E-05 9.993E-05 9.993E-05
9.99736E-05 0.338107 9.99736E-05 0.183967 0.0763581 0.131882 9.99736E-05 0.00138788 0.160145 0.107854
9.99472E-05 9.99472E-05 9.99472E-05 0.0517973 9.99472E-05 0.673176 0.0723877 9.99472E-05 0.202039 9.99472E-05
0.539396 9.99385E-05 9.99385E-05 9.99385E-05 9.99385E-05 9.99385E-05 0.245562 9.99385E-05 0.214342 9.99385E-05
0.381414 9.99472E-05 9.99472E-05 9.99472E-05 9.99472E-05 0.295844 0.0435017 9.99472E-05 0.27864 9.99472E-05
9.9938E-05 9.9938E-05 0.591955 9.9938E-05 9.9938E-05 0.352494 9.9938E-05 9.9938E-05 9.9938E-05 0.0548519
9.99557E-05 9.99557E-05 9.99557E-05 9.99557E-05 0.488505 0.0146388 9.99557E-05 0.0483378 0.343734 0.104286
9.99559E-05 9.99559E-05 0.0149962 9.99559E-05 9.99559E-05 0.0700545 0.28636 9.99559E-05 0.286557 0.341533
0.402913 9.99387E-05 9.99387E-05 9.99387E-05 9.99387E-05 9.99387E-05 0.474185 9.99387E-05 0.122203 9.99387E-05
9.9939E-05 0.482487 9.9939E-05 9.9939E-05 9.9939E-05 9.9939E-05 0.209108 9.9939E-05 0.307705 9.9939E-05
9.99648E-05 9.99648E-05 0.239421 9.99648E-05 0.407362 0.0161038 9.99648E-05 0.0525101 0.0831174 0.201086
0.628861 9.99383E-05 9.99383E-05 9.99383E-05 9.99383E-05 0.272912 0.0975279 9.99383E-05 9.99383E-05 9.99383E-05
0.0334687 9.9947E-05 0.400883 9.9947E-05 9.9947E-05 9.9947E-05 0.170132 9.9947E-05 9.9947E-05 0.394917
9.99559E-05 9.99559E-05 9.99559E-05 0.080565 9.99559E-05 0.387058 0.250003 0.0998419 9.99559E-05 0.182033
9.99557E-05 9.99557E-05 9.99557E-05 0.220542 0.0318067 0.0752322 0.460584 9.99557E-05 9.99557E-05 0.211335
9.9956E-05 9.9956E-05 9.9956E-05 0.195034 0.0126254 0.468135 0.296828 0.0268779 9.9956E-05 9.9956E-05
9.99471E-05 0.393314 0.205252 9.99471E-05 9.99471E-05 0.352498 9.99471E-05 9.99471E-05 9.99471E-05 0.0483355
9.9956E-05 0.0662222 0.0833415 9.9956E-05 9.9956E-05 0.320793 0.182926 9.9956E-05 0.346218 9.9956E-05
0.447143 0.0809875 9.99473E-05 9.99473E-05 0.201243 9.99473E-05 9.99473E-05 0.270027 9.99473E-05 9.99473E-05
9.99558E-05 9.99558E-05 0.0351402 9.99558E-05 0.23048 0.149532 0.345179 9.99558E-05 9.99558E-05 0.23917
9.99559E-05 0.10746 9.99559E-05 9.99559E-05 0.276288 0.00133591 0.0442808 9.99559E-05 0.570135 9.99559E-05
9.99386E-05 9.99386E-05 0.224866 9.99386E-05 9.99386E-05 0.19245 9.99386E-05 9.99386E-05 0.581984 9.99386E-05
0.150039 0.0371436 9.9965E-05 0.37465 0.407267 0.00064906 9.9965E-05 9.9965E-05 0.0298514 9.9965E-05
0.481922 9.9947E-05 0.0657101 9.9947E-05 9.9947E-05 9.9947E-05 9.9947E-05 9.9947E-05 0.331529 0.120239
0.656714 9.9939E-05 9.9939E-05 9.9939E-05 9.9939E-05 0.238614 9.9939E-05 9.9939E-05 0.103973 9.9939E-05
0.0707034 9.99471E-05 9.99471E-05 9.99471E-05 9.99471E-05 9.99471E-05 0.557258 9.99471E-05 0.336518 0.0349213
0.165057 9.99557E-05 0.0854286 9.99557E-05 0.549112 0.0505618 9.99557E-05 9.99557E-05 9.99557E-05 0.149341
0.0126077 9.99646E-05 0.189855 0.49996 9.99646E-05 0.154113 0.0774785 9.99646E-05 9.99646E-05 0.0655869
9.99384E-05 9.99384E-05 0.330988 0.203034 9.99384E-05 9.99384E-05 9.99384E-05 0.465278 9.99384E-05 9.99384E-05
9.99385E-05 9.99385E-05 0.289384 9.99385E-05 9.99385E-05 9.99385E-05 0.342648 9.99385E-05 0.367269 9.99385E-05
9.99387E-05 9.99387E-05 9.99387E-05 9.99387E-05 9.99387E-05 0.166444 9.99387E-05 0.477394 0.355462 9.99387E-05
9.99472E-05 9.99472E-05 9.99472E-05 9.99472E-05 0.423264 0.470554 0.0771136 9.99472E-05 9.99472E-05 0.0284692
9.99471E-05 9.99471E-05 0.284963 9.99471E-05 0.0813626 9.99471E-05 0.553737 0.0793378 9.99471E-05 9.99471E-05
0.399041 9.99382E-05 9.99382E-05 9.99382E-05 9.99382E-05 9.99382E-05 0.138637 0.461623 9.99382E-05 9.99382E-05
0.309411 0.385799 9.99561E-05 9.99561E-05 0.0820816 0.0757793 9.99561E-05 0.146429 9.99561E-05 9.99561E-05
9.99476E-05 0.192871 9.99476E-05 9.99476E-05 9.99476E-05 9.99476E-05 0.0103613 9.99476E-05 0.294985 0.501182
9.99475E-05 9.99475E-05 9.99475E-05 0.10591 9.99475E-05 0.327548 9.99475E-05 9.99475E-05 0.330791 0.235152
0.02335 9.99387E-05 0.444726 9.99387E-05 9.99387E-05 9.99387E-05 0.531225 9.99387E-05 9.99387E-05 9.99387E-05
9.99385E-05 0.0885577 9.99385E-05 9.99385E-05 9.99385E-05 0.518358 0.392384 9.99385E-05 9.99385E-05 9.99385E-05
9.99469E-05 0.111428 0.018526 9.99469E-05 9.99469E-05 0.518125 9.99469E-05 0.351321 9.99469E-05 9.99469E-05
9.99386E-05 9.99386E-05 9.99386E-05 9.99386E-05 9.99386E-05 0.615233 0.201177 9.99386E-05 9.99386E-05 0.182891
0.130079 9.99471E-05 9.99471E-05 9.99471E-05 9.99471E-05 9.99471E-05 0.476994 9.99471E-05 0.0830792 0.309248
0.527182 9.99473E-05 0.384706 9.99473E-05 0.0816934 9.99473E-05 9.99473E-05 9.99473E-05 0.00581954 9.99473E-05
0.179331 9.99472E-05 9.99472E-05 9.99472E-05 0.404613 9.99472E-05 0.241336 9.99472E-05 0.17412 9.99472E-05
0.0326215 9.99474E-05 0.591367 9.99474E-05 9.99474E-05 9.99474E-05 9.99474E-05 9.99474E-05 0.289289 0.0861228
0.193438 9.99474E-05 9.99474E-05 0.0776353 0.24334 9.99474E-05 9.99474E-05 9.99474E-05 9.99474E-05 0.484987
