9.99562E-05 9.99562E-05 9.99562E-05 9.99562E-05 9.99562E-05 0.821273 0.178227
9.9965E-05 9.9965E-05 0.35179 0.249429 0.398381 9.9965E-05 9.9965E-05
9.99647E-05 9.99647E-05 9.99647E-05 9.99647E-05 0.649563 0.0536071 0.29643
0.114939 9.99559E-05 0.884561 9.99559E-05 9.99559E-05 9.99559E-05 9.99559E-05
9.99735E-05 0.0397608 0.016529 0.161882 9.99735E-05 0.781529 9.99735E-05
0.0603073 0.316388 9.99824E-05 0.2547 0.058955 0.30945 9.99824E-05
0.177419 0.0457975 9.99735E-05 9.99735E-05 0.502083 9.99735E-05 0.274401
9.99735E-05 0.463036 9.99735E-05 0.261731 0.261258 0.0136745 9.99735E-05
9.995E-05 9.995E-05 0.9994 9.995E-05 9.995E-05 9.995E-05 9.995E-05
0.434355 9.99648E-05 0.414011 9.99648E-05 0.151234 9.99648E-05 9.99648E-05
0.116633 9.99737E-05 0.18669 9.99737E-05 0.0192331 9.99737E-05 0.677143
0.556048 9.99649E-05 0.0504935 9.99649E-05 0.393058 9.99649E-05 9.99649E-05
0.192481 9.99647E-05 0.374898 9.99647E-05 9.99647E-05 9.99647E-05 0.432221
9.99738E-05 9.99738E-05 0.212547 0.143672 0.143356 0.500125 9.99738E-05
0.401502 0.459595 9.99825E-05 0.0264384 0.0884573 9.99825E-05 0.0238077
9.99562E-05 9.99562E-05 0.0570587 9.99562E-05 9.99562E-05 9.99562E-05 0.942442
9.99738E-05 0.357709 0.345667 9.99738E-05 9.99738E-05 0.234354 0.0619701
0.352299 9.99824E-05 9.99824E-05 0.0924398 0.143666 0.324173 0.0872223
9.99562E-05 0.853929 9.99562E-05 0.145572 9.99562E-05 9.99562E-05 9.99562E-05
9.995E-05 9.995E-05 9.995E-05 0.9994 9.995E-05 9.995E-05 9.995E-05
0.282501 9.99823E-05 0.156134 0.137241 9.99823E-05 0.0165779 0.407346
0.213998 9.99564E-05 9.99564E-05 9.99564E-05 9.99564E-05 9.99564E-05 0.785503
0.02707 0.446547 9.99825E-05 0.0988617 0.423904 9.99825E-05 0.00341768
9.9965E-05 9.9965E-05 0.420511 0.0749237 0.504166 9.9965E-05 9.9965E-05
0.122529 0.0376174 9.99912E-05 0.385869 0.281596 0.0627708 0.109518
9.99563E-05 9.99563E-05 9.99563E-05 9.99563E-05 9.99563E-05 0.636635 0.362865
0.126551 9.99648E-05 9.99648E-05 9.99648E-05 0.13855 0.734499 9.99648E-05
9.99561E-05 9.99561E-05 9.99561E-05 0.405493 9.99561E-05 9.99561E-05 0.594007
9.99736E-05 0.0207621 9.99736E-05 0.0641794 0.0513554 0.863403 9.99736E-05
9.99737E-05 0.107519 0.151025 9.99737E-05 0.594516 0.14664 9.99737E-05
9.99558E-05 9.99558E-05 9.99558E-05 9.99558E-05 0.231342 0.768158 9.99558E-05
9.99649E-05 9.99649E-05 0.435409 0.386769 9.99649E-05 0.177422 9.99649E-05
9.99738E-05 9.99738E-05 0.522903 9.99738E-05 0.0849525 0.302053 0.0897923
9.99737E-05 0.193964 0.571031 9.99737E-05 0.143449 9.99737E-05 0.0912561
0.0217062 9.99735E-05 9.99735E-05 0.125473 0.323098 9.99735E-05 0.529423
0.481389 0.382536 0.135675 9.99648E-05 9.99648E-05 9.99648E-05 9.99648E-05
9.99648E-05 9.99648E-05 0.62378 9.99648E-05 9.99648E-05 0.233171 0.142649
9.99649E-05 9.99649E-05 9.99649E-05 0.351575 0.314401 9.99649E-05 0.333625
0.499921 9.99562E-05 9.99562E-05 9.99562E-05 0.499579 9.99562E-05 9.99562E-05
9.99737E-05 9.99737E-05 9.99737E-05 0.1931 0.341723 0.215707 0.24917
0.404719 9.99651E-05 9.99651E-05 9.99651E-05 0.38419 9.99651E-05 0.210691
9.99824E-05 0.286888 0.202448 0.1121 0.226198 9.99824E-05 0.172166
9.99736E-05 0.0678608 9.99736E-05 9.99736E-05 0.126495 0.173864 0.631481
9.99563E-05 9.99563E-05 0.640538 9.99563E-05 0.358962 9.99563E-05 9.99563E-05
9.9965E-05 0.370053 0.0732696 0.556277 9.9965E-05 9.9965E-05 9.9965E-05
9.9965E-05 9.9965E-05 9.9965E-05 0.278253 0.639151 9.9965E-05 0.0821963
0.127835 0.063952 9.99825E-05 0.00158462 9.99825E-05 0.654271 0.152157
9.99562E-05 9.99562E-05 9.99562E-05 0.285145 9.99562E-05 0.714355 9.99562E-05
0.283081 0.341521 9.99738E-05 0.17275 9.99738E-05 0.202349 9.99738E-05
0.28386 9.99736E-05 0.143134 0.140433 9.99736E-05 9.99736E-05 0.432273
0.427913 9.99648E-05 9.99648E-05 9.99648E-05 0.193556 9.99648E-05 0.378132
0.9994 9.995E-05 9.995E-05 9.995E-05 9.995E-05 9.995E-05 9.995E-05
9.995E-05 9.995E-05 0.324339 9.995E-05 9.995E-05 9.995E-05 0.675161
9.99647E-05 9.99647E-05 9.99647E-05 9.99647E-05 0.861702 0.0279359 0.109962
0.25575 0.0483724 0.536929 9.99737E-05 9.99737E-05 9.99737E-05 0.158649
0.14358 9.99647E-05 9.99647E-05 9.99647E-05 9.99647E-05 0.745018 0.111003
9.99736E-05 9.99736E-05 9.99736E-05 0.509841 0.211123 0.18834 0.0903969
9.99735E-05 0.169669 0.235023 0.151419 9.99735E-05 9.99735E-05 0.443589
9.996E-05 9.996E-05 0.177968 0.244961 0.576671 9.996E-05 9.996E-05
0.00569577 0.981466 9.99648E-05 9.99648E-05 0.0124379 9.99648E-05 9.99648E-05
0.00207009 0.0614303 9.99823E-05 9.99823E-05 0.10805 0.219147 0.609103
9.99562E-05 9.99562E-05 9.99562E-05 9.99562E-05 0.410634 0.588866 9.99562E-05
0.0448309 0.209268 9.99912E-05 0.188444 0.35679 0.178826 0.0217403
9.99735E-05 0.562068 0.00755537 9.99735E-05 0.351564 9.99735E-05 0.0785128
9.99823E-05 0.472666 0.0125745 0.207707 9.99823E-05 0.132434 0.174419
0.165145 0.253276 9.99735E-05 0.251053 9.99735E-05 9.99735E-05 0.330227
0.0122854 0.229781 0.544301 9.99734E-05 9.99734E-05 0.213333 9.99734E-05
9.99735E-05 9.99735E-05 0.162199 0.0919059 0.192794 0.552801 9.99735E-05
0.203321 9.99647E-05 9.99647E-05 9.99647E-05 0.123965 0.672315 9.99647E-05
9.99735E-05 0.20692 0.320141 9.99735E-05 0.412785 0.059854 9.99735E-05
0.3183 9.99738E-05 0.115069 0.229691 0.33664 9.99738E-05 9.99738E-05
0.0622713 0.557286 0.254221 9.99735E-05 9.99735E-05 9.99735E-05 0.125922
9.99648E-05 9.99648E-05 0.370248 9.99648E-05 0.27739 9.99648E-05 0.351962
0.0993151 9.99825E-05 0.141759 0.689494 9.99825E-05 0.0653917 0.00383956
9.99736E-05 9.99736E-05 0.480721 0.00892634 0.247978 9.99736E-05 0.262074
0.002652 0.200858 9.99824E-05 0.46816 0.302428 9.99824E-05 0.0257019
9.99563E-05 9.99563E-05 9.99563E-05 9.99563E-05 0.810161 9.99563E-05 0.189339
0.450407 9.9965E-05 9.9965E-05 9.9965E-05 0.0559751 0.493218 9.9965E-05
9.995E-05 9.995E-05 9.995E-05 9.995E-05 9.995E-05 9.995E-05 0.9994
0.125325 9.99824E-05 9.99824E-05 0.0607706 0.0857359 0.321966 0.406003
0.154771 0.196852 9.99825E-05 0.416433 0.0541167 9.99825E-05 0.177627
0.488167 9.99651E-05 0.400107 9.99651E-05 0.111326 9.99651E-05 9.99651E-05
0.354678 0.322224 9.99825E-05 0.133741 0.0608669 9.99825E-05 0.128289
0.503352 0.124153 0.00472935 9.99824E-05 0.156429 9.99824E-05 0.211137
0.53641 9.99563E-05 9.99563E-05 9.99563E-05 0.46309 9.99563E-05 9.99563E-05
0.310424 9.99647E-05 9.99647E-05 0.300089 0.389087 9.99647E-05 9.99647E-05
0.156756 0.2026 9.99824E-05 9.99824E-05 0.169972 0.293565 0.176907
0.0349495 0.0395645 0.100304 0.425038 9.99912E-05 0.184718 0.215326
9.995E-05 9.995E-05 9.995E-05 9.995E-05 9.995E-05 9.995E-05 0.9994
0.405832 0.0804212 9.99736E-05 0.0667208 9.99736E-05 9.99736E-05 0.446726
9.99736E-05 0.0503922 0.269345 9.99736E-05 9.99736E-05 0.463823 0.21614
0.0456749 0.157287 0.313524 0.0983046 0.38501 9.99824E-05 9.99824E-05
9.99736E-05 0.0582903 0.326994 0.249143 9.99736E-05 0.365273 9.99736E-05
9.99912E-05 0.0762106 0.385635 0.00802924 0.186361 0.048719 0.294944
9.99737E-05 9.99737E-05 0.119169 0.321504 9.99737E-05 0.547987 0.0110406
9.99735E-05 9.99735E-05 0.475847 0.225097 0.18467 0.114086 9.99735E-05
0.505848 0.309486 9.9965E-05 9.9965E-05 9.9965E-05 0.184266 9.9965E-05
9.99737E-05 9.99737E-05 9.99737E-05 0.233411 0.380322 0.0198681 0.366099
9.99736E-05 0.335739 0.475023 9.99736E-05 9.99736E-05 0.0420587 0.146879
0.251191 0.24197 0.260541 0.00698726 0.224649 0.014562 9.99912E-05
9.99739E-05 9.99739E-05 0.10278 0.0555299 0.710775 9.99739E-05 0.130615
0.0321261 0.182938 0.173754 0.127192 0.231194 0.252695 9.99912E-05
9.99735E-05 9.99735E-05 0.265683 0.0687741 0.185721 9.99735E-05 0.479523
0.0132822 0.163287 0.187432 9.99736E-05 9.99736E-05 9.99736E-05 0.635699
9.99737E-05 0.55883 0.183216 9.99737E-05 0.0163427 0.241312 9.99737E-05
9.99736E-05 9.99736E-05 0.380826 0.29232 0.325648 0.000906937 9.99736E-05
9.99736E-05 9.99736E-05 0.0302805 0.614675 0.195567 0.159178 9.99736E-05
9.9965E-05 0.143726 9.9965E-05 9.9965E-05 0.265966 0.589908 9.9965E-05
9.99649E-05 9.99649E-05 0.129943 0.141227 9.99649E-05 9.99649E-05 0.72843
0.533167 9.99563E-05 9.99563E-05 9.99563E-05 0.466334 9.99563E-05 9.99563E-05
0.106772 0.178428 9.99738E-05 9.99738E-05 9.99738E-05 0.0162883 0.698211
9.99824E-05 9.99824E-05 0.142373 0.109279 0.388114 0.207311 0.152723
9.99646E-05 0.603879 0.178366 0.217355 9.99646E-05 9.99646E-05 9.99646E-05
9.99558E-05 9.99558E-05 0.0118989 9.99558E-05 0.987601 9.99558E-05 9.99558E-05
9.99826E-05 0.102614 9.99826E-05 0.194445 0.243554 0.217838 0.241349
0.109558 9.99824E-05 0.232177 0.261821 9.99824E-05 0.0703044 0.32594
9.9956E-05 9.9956E-05 9.9956E-05 0.202015 0.797486 9.9956E-05 9.9956E-05
9.99562E-05 0.9415 9.99562E-05 9.99562E-05 0.0580002 9.99562E-05 9.99562E-05
0.640791 9.99735E-05 0.307724 9.99735E-05 9.99735E-05 0.0299259 0.0212592
9.99647E-05 0.741971 9.99647E-05 9.99647E-05 0.133731 9.99647E-05 0.123898
9.9956E-05 9.9956E-05 9.9956E-05 0.28205 9.9956E-05 9.9956E-05 0.717451
9.99738E-05 9.99738E-05 0.21772 0.494304 9.99738E-05 0.213599 0.0740775
9.99737E-05 0.130184 0.164247 0.0637316 9.99737E-05 9.99737E-05 0.641538
9.99737E-05 0.703522 9.99737E-05 0.139633 0.0662152 0.0903297 9.99737E-05
0.20604 0.239946 0.106202 9.99824E-05 9.99824E-05 0.395405 0.0522077
0.556476 9.99651E-05 9.99651E-05 9.99651E-05 9.99651E-05 0.134363 0.308761
0.276645 0.12225 9.99737E-05 9.99737E-05 0.0595612 9.99737E-05 0.541244
0.509445 9.99648E-05 0.170652 9.99648E-05 9.99648E-05 9.99648E-05 0.319503
0.31398 0.68552 9.99562E-05 9.99562E-05 9.99562E-05 9.99562E-05 9.99562E-05
9.99736E-05 9.99736E-05 0.22685 9.99736E-05 0.298649 0.265108 0.209093
0.315847 9.9956E-05 9.9956E-05 9.9956E-05 9.9956E-05 9.9956E-05 0.683653
0.627171 9.99648E-05 9.99648E-05 0.217398 9.99648E-05 9.99648E-05 0.155032
9.99736E-05 0.58868 0.0297797 9.99736E-05 0.224837 9.99736E-05 0.156403
0.33219 9.99735E-05 0.262678 9.99735E-05 0.233521 0.171311 9.99735E-05
0.221674 9.99823E-05 0.0551313 0.333118 9.99823E-05 0.298768 0.0911089
9.99736E-05 9.99736E-05 0.343556 0.177849 0.0710616 9.99736E-05 0.407233
0.0914755 0.24069 9.99735E-05 9.99735E-05 0.169233 9.99735E-05 0.498302
9.99651E-05 0.0532376 9.99651E-05 0.343638 9.99651E-05 0.602725 9.99651E-05
0.116018 0.238152 0.282359 0.363171 9.99737E-05 9.99737E-05 9.99737E-05
0.0779899 0.210122 9.99736E-05 9.99736E-05 0.650415 9.99736E-05 0.0611733
9.9965E-05 0.150391 0.0952097 9.9965E-05 9.9965E-05 9.9965E-05 0.754
9.99736E-05 9.99736E-05 9.99736E-05 0.285438 0.156632 0.1963 0.36133
9.99649E-05 0.224877 9.99649E-05 0.732437 9.99649E-05 9.99649E-05 0.0422854
9.99735E-05 0.00410194 0.00758661 9.99735E-05 9.99735E-05 0.522157 0.465854
9.99564E-05 0.126013 9.99564E-05 9.99564E-05 9.99564E-05 0.873488 9.99564E-05
0.131954 9.99653E-05 0.356794 9.99653E-05 0.510853 9.99653E-05 9.99653E-05
0.356964 0.278341 0.0735688 0.217722 0.0732052 9.99824E-05 9.99824E-05
9.99649E-05 0.692709 0.124696 9.99649E-05 0.182194 9.99649E-05 9.99649E-05
0.0120923 9.99736E-05 9.99736E-05 9.99736E-05 0.154627 0.13651 0.696471
0.0933804 0.0128012 0.214854 9.99736E-05 9.99736E-05 9.99736E-05 0.678664
9.99647E-05 9.99647E-05 9.99647E-05 0.294123 0.457589 9.99647E-05 0.247888
9.99569E-05 9.99569E-05 9.99569E-05 9.99569E-05 0.376747 9.99569E-05 0.622753
9.99563E-05 0.92982 9.99563E-05 0.0696798 9.99563E-05 9.99563E-05 9.99563E-05
9.9965E-05 0.218531 0.12498 9.9965E-05 9.9965E-05 0.65609 9.9965E-05
0.0549821 0.61949 0.325128 9.9965E-05 9.9965E-05 9.9965E-05 9.9965E-05
9.99651E-05 9.99651E-05 0.590767 0.0514538 9.99651E-05 9.99651E-05 0.357379
0.0612373 0.062885 0.00897507 9.99825E-05 0.797292 0.0694107 9.99825E-05
0.240244 0.479436 9.99738E-05 0.0120301 9.99738E-05 9.99738E-05 0.26799
0.121618 0.368122 9.99735E-05 0.440798 9.99735E-05 9.99735E-05 0.0691615
9.9965E-05 9.9965E-05 0.106401 0.335971 9.9965E-05 9.9965E-05 0.557228
9.99649E-05 9.99649E-05 0.200226 9.99649E-05 0.0217227 9.99649E-05 0.777651
0.0291033 0.0470638 9.99739E-05 0.739745 9.99739E-05 9.99739E-05 0.183788
0.178039 0.0473979 0.429413 9.99736E-05 9.99736E-05 0.344851 9.99736E-05
9.99735E-05 0.152121 0.00285879 9.99735E-05 0.356215 9.99735E-05 0.488505
0.637066 9.99736E-05 9.99736E-05 9.99736E-05 0.0251701 0.20536 0.132104
9.99739E-05 0.785687 9.99739E-05 0.0272904 9.99739E-05 0.0229104 0.163812
0.417985 0.455279 0.117439 9.99735E-05 0.00899685 9.99735E-05 9.99735E-05
0.0304391 9.99912E-05 0.0856793 0.318234 0.23947 0.060231 0.265847
9.9956E-05 9.9956E-05 9.9956E-05 9.9956E-05 0.951993 9.9956E-05 0.0475075
0.183974 0.621828 0.103164 9.99825E-05 0.0829069 9.99825E-05 0.00792623
0.117945 0.665532 0.0940649 9.99739E-05 9.99739E-05 9.99739E-05 0.122158
9.99651E-05 9.99651E-05 9.99651E-05 9.99651E-05 0.302439 0.374095 0.323066
9.99648E-05 0.703856 9.99648E-05 9.99648E-05 9.99648E-05 0.130342 0.165402
0.0181271 0.176012 9.99911E-05 0.0647902 0.38184 0.0442374 0.314894
0.256648 0.742853 9.99563E-05 9.99563E-05 9.99563E-05 9.99563E-05 9.99563E-05
9.9965E-05 0.139361 9.9965E-05 0.100818 0.759421 9.9965E-05 9.9965E-05
9.99735E-05 9.99735E-05 0.156502 9.99735E-05 0.255943 0.178605 0.408649
0.126542 0.12101 9.99736E-05 9.99736E-05 0.427376 9.99736E-05 0.324772
0.0849093 9.99734E-05 9.99734E-05 0.190114 0.0536037 9.99734E-05 0.671073
9.99557E-05 9.99557E-05 0.503939 9.99557E-05 0.495561 9.99557E-05 9.99557E-05
9.99648E-05 9.99648E-05 0.332684 9.99648E-05 0.646748 9.99648E-05 0.0201681
0.0800466 9.99825E-05 0.0238882 9.99825E-05 0.0950939 0.399778 0.400993
9.99735E-05 9.99735E-05 0.33268 0.109024 0.0320042 9.99735E-05 0.525993
0.230812 0.227128 9.99736E-05 0.375292 0.166467 9.99736E-05 9.99736E-05
9.99646E-05 9.99646E-05 9.99646E-05 0.380581 0.115055 9.99646E-05 0.503964
9.99648E-05 0.854099 9.99648E-05 9.99648E-05 0.0847243 0.0607768 9.99648E-05
9.99735E-05 9.99735E-05 0.206837 9.99735E-05 0.309933 0.0869167 0.396013
9.99738E-05 9.99738E-05 0.236141 0.00360728 9.99738E-05 0.191255 0.568696
9.99736E-05 0.0861806 0.87451 9.99736E-05 0.0075036 0.0315057 9.99736E-05
0.580646 0.355556 9.99647E-05 9.99647E-05 9.99647E-05 9.99647E-05 0.0633983
0.0659113 9.9965E-05 9.9965E-05 9.9965E-05 0.692721 9.9965E-05 0.240967
9.99648E-05 9.99648E-05 9.99648E-05 0.232951 0.424242 9.99648E-05 0.342408
9.99737E-05 0.137635 0.122494 9.99737E-05 9.99737E-05 0.382194 0.357377
9.99651E-05 0.116093 9.99651E-05 0.866135 0.0173719 9.99651E-05 9.99651E-05
9.99649E-05 9.99649E-05 0.517406 9.99649E-05 0.325876 9.99649E-05 0.156319
0.271326 9.99651E-05 9.99651E-05 9.99651E-05 0.0752344 9.99651E-05 0.653039
9.99648E-05 9.99648E-05 0.0749544 9.99648E-05 0.885685 0.0389611 9.99648E-05
9.99736E-05 0.279286 0.239334 9.99736E-05 0.204215 0.276864 9.99736E-05
0.484872 0.0973844 9.99736E-05 9.99736E-05 0.287269 9.99736E-05 0.130174
9.99824E-05 0.40293 0.126853 0.165538 0.25412 0.0503589 9.99824E-05
9.99565E-05 9.99565E-05 0.562638 9.99565E-05 0.436862 9.99565E-05 9.99565E-05
9.99647E-05 0.621009 0.19157 9.99647E-05 0.187021 9.99647E-05 9.99647E-05
0.171736 9.99735E-05 0.491114 9.99735E-05 9.99735E-05 0.287814 0.0490362
9.99737E-05 9.99737E-05 0.108788 0.109293 0.706799 0.0748204 9.99737E-05
0.0199033 9.99735E-05 9.99735E-05 9.99735E-05 0.0807445 0.380995 0.518057
0.127038 9.99736E-05 0.20063 9.99736E-05 0.31801 0.354022 9.99736E-05
9.99646E-05 9.99646E-05 0.122252 0.521507 9.99646E-05 0.355841 9.99646E-05
9.99824E-05 0.574315 0.273947 0.0921051 0.042099 0.0173341 9.99824E-05
0.544567 0.0977732 0.357259 9.9965E-05 9.9965E-05 9.9965E-05 9.9965E-05
9.99736E-05 0.566544 9.99736E-05 0.186702 9.99736E-05 0.113522 0.132931
9.99651E-05 9.99651E-05 0.294358 0.0830374 9.99651E-05 9.99651E-05 0.622205
0.383206 9.99736E-05 9.99736E-05 0.30298 0.132701 9.99736E-05 0.180813
0.731171 9.9956E-05 0.268329 9.9956E-05 9.9956E-05 9.9956E-05 9.9956E-05
9.99736E-05 0.327707 9.99736E-05 0.122718 0.473965 0.0753103 9.99736E-05
0.235804 0.157519 0.578752 9.99736E-05 0.0276248 9.99736E-05 9.99736E-05
9.9965E-05 9.9965E-05 0.0156109 9.9965E-05 9.9965E-05 0.806331 0.177658
9.99739E-05 0.00552944 0.284307 9.99739E-05 0.397729 9.99739E-05 0.312135
0.409735 0.060581 0.529284 9.99648E-05 9.99648E-05 9.99648E-05 9.99648E-05
0.174169 0.127408 0.0855027 0.511504 0.101216 9.99823E-05 9.99823E-05
9.99646E-05 0.520056 9.99646E-05 0.261463 9.99646E-05 9.99646E-05 0.218081
0.0524169 9.99736E-05 0.197935 0.154729 9.99736E-05 9.99736E-05 0.594619
9.99647E-05 0.375463 9.99647E-05 0.474916 0.149221 9.99647E-05 9.99647E-05
0.0728198 9.99736E-05 0.220179 9.99736E-05 0.411001 0.2957 9.99736E-05
0.924979 9.99649E-05 9.99649E-05 0.0585178 0.0161038 9.99649E-05 9.99649E-05
9.99564E-05 0.742839 0.256662 9.99564E-05 9.99564E-05 9.99564E-05 9.99564E-05
0.631199 0.0552784 9.99648E-05 9.99648E-05 9.99648E-05 9.99648E-05 0.313123
0.372887 9.997E-05 0.198489 9.997E-05 0.123998 0.304327 9.997E-05
0.460055 0.159305 9.99739E-05 9.99739E-05 0.347873 0.0324672 9.99739E-05
0.0184849 9.99825E-05 9.99825E-05 0.0662474 0.252668 0.409951 0.252448
9.99824E-05 0.419508 0.356251 0.079663 0.0655334 9.99824E-05 0.0788441
9.99738E-05 0.264471 0.551104 0.0954133 9.99738E-05 9.99738E-05 0.0887124
9.99737E-05 9.99737E-05 0.498397 9.99737E-05 0.0431629 0.306322 0.151819
9.99646E-05 9.99646E-05 0.181155 9.99646E-05 9.99646E-05 0.0213576 0.797088
0.17196 0.192383 0.20676 9.99736E-05 0.428597 9.99736E-05 9.99736E-05
0.447163 9.99824E-05 0.131253 0.0640438 9.99824E-05 0.0025971 0.354743
0.481558 0.304643 9.99647E-05 9.99647E-05 0.213399 9.99647E-05 9.99647E-05
9.99648E-05 9.99648E-05 9.99648E-05 9.99648E-05 0.572902 0.172407 0.254291
9.99736E-05 0.171756 0.197188 9.99736E-05 0.0658186 9.99736E-05 0.564938
0.441303 9.99737E-05 9.99737E-05 9.99737E-05 0.320971 0.237221 0.000204947
0.435664 9.99647E-05 0.521167 0.0427691 9.99647E-05 9.99647E-05 9.99647E-05
0.0571226 0.120137 0.192184 0.149485 9.99912E-05 0.167478 0.313493
0.03317 9.99912E-05 0.190194 0.24784 0.101902 0.0363886 0.390406
0.0587218 9.99825E-05 0.0473955 0.804278 9.99825E-05 0.0879868 0.00141771
9.9965E-05 0.57836 0.190147 9.9965E-05 9.9965E-05 9.9965E-05 0.231094
0.179425 9.99648E-05 0.33715 9.99648E-05 9.99648E-05 9.99648E-05 0.483025
9.99653E-05 9.99653E-05 0.410869 9.99653E-05 9.99653E-05 0.272312 0.316419
9.99651E-05 9.99651E-05 9.99651E-05 0.665825 9.99651E-05 0.3266 0.00717466
0.0936812 0.356479 0.0439221 9.99736E-05 9.99736E-05 9.99736E-05 0.505618
9.99735E-05 9.99735E-05 0.0404496 0.134602 9.99735E-05 0.442794 0.381854
9.99739E-05 0.338884 0.303958 0.0387782 9.99739E-05 0.31808 9.99739E-05
9.99649E-05 0.149171 0.254953 0.595476 9.99649E-05 9.99649E-05 9.99649E-05
0.878301 9.99561E-05 0.121199 9.99561E-05 9.99561E-05 9.99561E-05 9.99561E-05
9.99736E-05 0.191861 0.223803 0.0381814 9.99736E-05 9.99736E-05 0.545855
9.99736E-05 0.263819 0.183141 9.99736E-05 0.321351 9.99736E-05 0.231389
0.185684 9.99738E-05 0.33408 9.99738E-05 9.99738E-05 0.096173 0.383763
9.99561E-05 0.171703 9.99561E-05 9.99561E-05 9.99561E-05 9.99561E-05 0.827797
9.99648E-05 9.99648E-05 9.99648E-05 9.99648E-05 0.497679 0.137119 0.364803
0.345672 0.165078 9.99736E-05 9.99736E-05 9.99736E-05 0.0959792 0.392971
0.159787 9.99736E-05 9.99736E-05 9.99736E-05 0.369172 0.279713 0.191027
9.99648E-05 9.99648E-05 9.99648E-05 0.266099 0.706562 0.0269385 9.99648E-05
9.9965E-05 9.9965E-05 0.0708798 9.9965E-05 0.578711 0.350009 9.9965E-05
