9.99648E-05 9.99648E-05 0.833649 0.0383635 9.99648E-05 9.99648E-05 0.127588
0.35047 9.99739E-05 0.152447 9.99739E-05 0.392502 9.99739E-05 0.104281
0.0705809 9.99738E-05 0.160299 0.430686 0.338134 9.99738E-05 9.99738E-05
9.99651E-05 9.99651E-05 9.99651E-05 0.696869 0.0474667 9.99651E-05 0.255265
0.0181322 9.99737E-05 0.520119 0.18049 9.99737E-05 0.280959 9.99737E-05
0.528317 9.99738E-05 0.0962977 9.99738E-05 0.217508 0.157577 9.99738E-05
0.789136 0.150371 9.99735E-05 9.99735E-05 0.0329813 9.99735E-05 0.027211
0.477188 9.99558E-05 9.99558E-05 0.522312 9.99558E-05 9.99558E-05 9.99558E-05
9.99559E-05 9.99559E-05 9.99559E-05 0.553141 0.44636 9.99559E-05 9.99559E-05
9.99736E-05 9.99736E-05 0.25495 9.99736E-05 0.307565 0.130905 0.30628
9.99646E-05 9.99646E-05 0.46395 0.0723015 9.99646E-05 0.463348 9.99646E-05
0.191403 0.203277 0.177125 0.127061 0.300934 9.99825E-05 9.99825E-05
9.99738E-05 0.131219 0.0944648 0.0215375 9.99738E-05 0.752479 9.99738E-05
0.0645841 0.105059 0.0676626 9.99735E-05 9.99735E-05 0.762394 9.99735E-05
0.246795 9.99736E-05 9.99736E-05 0.3623 0.179262 9.99736E-05 0.211344
0.416826 9.99651E-05 0.408938 9.99651E-05 9.99651E-05 0.173836 9.99651E-05
9.99648E-05 0.472038 0.268105 9.99648E-05 9.99648E-05 0.259456 9.99648E-05
9.9965E-05 9.9965E-05 9.9965E-05 0.400308 0.258294 0.340998 9.9965E-05
0.245826 0.0272561 9.99738E-05 0.524079 0.202539 9.99738E-05 9.99738E-05
0.37349 9.99734E-05 0.0759375 0.380141 0.170132 9.99734E-05 9.99734E-05
0.856222 9.99561E-05 9.99561E-05 9.99561E-05 9.99561E-05 0.143278 9.99561E-05
0.339536 0.193848 0.0367803 0.0925287 0.337107 9.99824E-05 9.99824E-05
0.27622 9.99736E-05 9.99736E-05 0.318186 0.390739 0.0145545 9.99736E-05
9.99648E-05 0.309723 0.32359 9.99648E-05 0.366288 9.99648E-05 9.99648E-05
0.531526 9.99647E-05 9.99647E-05 9.99647E-05 0.137555 0.330519 9.99647E-05
0.340853 0.38869 0.0951171 0.0114428 0.139299 0.0244984 9.99912E-05
9.99558E-05 9.99558E-05 0.863705 9.99558E-05 9.99558E-05 9.99558E-05 0.135795
0.154464 0.272266 0.194059 0.25072 0.039767 0.0886238 9.99912E-05
9.99563E-05 0.047815 0.951685 9.99563E-05 9.99563E-05 9.99563E-05 9.99563E-05
9.99826E-05 0.173732 0.359053 9.99826E-05 0.0127818 0.393605 0.0606276
9.995E-05 9.995E-05 0.9994 9.995E-05 9.995E-05 9.995E-05 9.995E-05
9.99737E-05 9.99737E-05 0.644999 0.0700995 0.231577 0.0530247 9.99737E-05
0.198684 9.99735E-05 0.183039 0.50166 9.99735E-05 0.116318 9.99735E-05
0.153255 9.99823E-05 0.29281 0.133029 9.99823E-05 0.135024 0.285682
9.99563E-05 9.99563E-05 9.99563E-05 0.575757 9.99563E-05 9.99563E-05 0.423743
0.16618 0.0553538 0.183235 9.99736E-05 9.99736E-05 9.99736E-05 0.594931
0.428022 0.120278 9.99737E-05 0.365381 9.99737E-05 0.0860188 9.99737E-05
9.99734E-05 9.99734E-05 0.132629 0.273618 9.99734E-05 0.236873 0.35658
9.99648E-05 9.99648E-05 9.99648E-05 0.802972 0.100716 9.99648E-05 0.0959126
0.686409 0.0601653 0.131153 9.99825E-05 0.0745472 0.0475257 9.99825E-05
0.475566 9.99737E-05 0.323721 0.177409 0.0230052 9.99737E-05 9.99737E-05
0.559615 9.99648E-05 9.99648E-05 0.184945 9.99648E-05 9.99648E-05 0.255039
0.268948 9.99651E-05 9.99651E-05 9.99651E-05 9.99651E-05 0.328262 0.40239
9.999E-05 0.272368 0.00569486 0.298837 0.293222 0.0172429 0.112535
0.216533 0.229716 0.491963 0.0614878 9.99737E-05 9.99737E-05 9.99737E-05
0.59701 0.0656559 9.99737E-05 0.0853882 9.99737E-05 0.251646 9.99737E-05
0.346732 9.99649E-05 0.213935 0.438933 9.99649E-05 9.99649E-05 9.99649E-05
9.99562E-05 9.99562E-05 0.611473 9.99562E-05 9.99562E-05 9.99562E-05 0.388027
0.427239 9.99735E-05 0.201315 9.99735E-05 0.184912 9.99735E-05 0.186235
0.630352 9.99558E-05 9.99558E-05 9.99558E-05 9.99558E-05 0.369148 9.99558E-05
0.00148146 9.99913E-05 0.600035 0.078263 0.0889158 0.107204 0.124
9.99652E-05 9.99652E-05 9.99652E-05 0.323693 9.99652E-05 0.608915 0.0669924
0.261442 9.99736E-05 9.99736E-05 0.120408 9.99736E-05 0.606146 0.0117051
0.81141 9.99646E-05 9.99646E-05 0.158045 0.0301453 9.99646E-05 9.99646E-05
0.578032 0.0576603 9.99651E-05 9.99651E-05 9.99651E-05 0.363908 9.99651E-05
9.9956E-05 9.9956E-05 9.9956E-05 0.0884355 9.9956E-05 0.911065 9.9956E-05
0.336832 9.99738E-05 9.99738E-05 0.244617 0.170708 0.247543 9.99738E-05
0.245119 0.124324 9.99737E-05 0.158036 9.99737E-05 0.472221 9.99737E-05
0.757513 0.0745649 9.99649E-05 0.167522 9.99649E-05 9.99649E-05 9.99649E-05
0.258087 9.99735E-05 9.99735E-05 0.0319572 9.99735E-05 0.169753 0.539903
9.99736E-05 0.0368178 0.351259 9.99736E-05 9.99736E-05 0.568961 0.0426627
9.99649E-05 9.99649E-05 0.331542 0.427163 0.240895 9.99649E-05 9.99649E-05
0.136962 0.180941 0.603693 9.99737E-05 0.0781042 9.99737E-05 9.99737E-05
0.025061 9.99738E-05 0.696847 0.245138 9.99738E-05 0.0326545 9.99738E-05
0.143655 0.755177 9.99737E-05 0.01625 0.084618 9.99737E-05 9.99737E-05
9.99558E-05 0.0861082 9.99558E-05 0.913392 9.99558E-05 9.99558E-05 9.99558E-05
0.816247 9.9956E-05 0.183253 9.9956E-05 9.9956E-05 9.9956E-05 9.9956E-05
0.00342825 0.305515 0.0231485 9.99735E-05 9.99735E-05 0.667608 9.99735E-05
0.672058 9.99736E-05 9.99736E-05 0.0467193 0.124187 9.99736E-05 0.156736
9.99649E-05 9.99649E-05 9.99649E-05 0.457469 0.297546 0.244585 9.99649E-05
0.881337 0.0210131 9.99648E-05 9.99648E-05 9.99648E-05 0.0972499 9.99648E-05
9.99652E-05 0.277923 9.99652E-05 0.697298 9.99652E-05 9.99652E-05 0.0243789
0.203797 9.99648E-05 9.99648E-05 0.477947 9.99648E-05 9.99648E-05 0.317857
0.210337 0.385679 0.403584 9.9965E-05 9.9965E-05 9.9965E-05 9.9965E-05
0.139032 9.99824E-05 0.317917 0.124506 0.155033 0.263312 9.99824E-05
0.0984349 9.99651E-05 9.99651E-05 9.99651E-05 9.99651E-05 0.699753 0.201412
0.0285622 9.99824E-05 0.471563 0.204537 0.246863 9.99824E-05 0.0482745
9.99561E-05 9.99561E-05 9.99561E-05 9.99561E-05 0.929009 0.0704914 9.99561E-05
9.9956E-05 9.9956E-05 0.246325 9.9956E-05 9.9956E-05 0.753175 9.9956E-05
0.11271 9.99912E-05 0.226315 0.177979 0.190793 0.0819463 0.210157
0.00957763 0.420158 0.389623 0.180341 9.99735E-05 9.99735E-05 9.99735E-05
9.99561E-05 0.381325 9.99561E-05 9.99561E-05 0.618176 9.99561E-05 9.99561E-05
0.2811 9.99736E-05 9.99736E-05 0.430552 0.115456 9.99736E-05 0.172592
0.644773 9.99648E-05 9.99648E-05 9.99648E-05 0.0107512 9.99648E-05 0.344076
0.602705 9.99648E-05 9.99648E-05 0.322363 9.99648E-05 9.99648E-05 0.074532
9.99737E-05 9.99737E-05 0.139037 0.269717 9.99737E-05 0.0105707 0.580376
9.99558E-05 9.99558E-05 0.817035 9.99558E-05 0.182465 9.99558E-05 9.99558E-05
0.202951 9.99561E-05 0.796549 9.99561E-05 9.99561E-05 9.99561E-05 9.99561E-05
0.397877 9.99737E-05 0.547357 0.0215994 9.99737E-05 0.0328667 9.99737E-05
0.0988575 9.99648E-05 0.268169 9.99648E-05 9.99648E-05 0.632574 9.99648E-05
0.268475 0.036732 9.99824E-05 0.415005 0.141004 9.99824E-05 0.138585
0.209497 9.99651E-05 9.99651E-05 9.99651E-05 0.187789 9.99651E-05 0.602314
9.99735E-05 9.99735E-05 0.243696 9.99735E-05 0.212656 0.344499 0.19885
9.99647E-05 0.247764 9.99647E-05 0.416422 9.99647E-05 0.335414 9.99647E-05
0.222223 0.484087 9.9965E-05 9.9965E-05 9.9965E-05 0.293291 9.9965E-05
9.99649E-05 0.836204 0.147492 0.0159044 9.99649E-05 9.99649E-05 9.99649E-05
9.99649E-05 9.99649E-05 9.99649E-05 0.381829 0.253162 0.364609 9.99649E-05
0.508374 0.0277159 9.99735E-05 9.99735E-05 0.167571 0.296039 9.99735E-05
9.99651E-05 9.99651E-05 0.599197 0.398126 9.99651E-05 9.99651E-05 0.00227718
9.99735E-05 0.0829817 9.99735E-05 0.523614 0.00338434 9.99735E-05 0.38972
9.99825E-05 0.0213785 0.128098 0.476282 9.99825E-05 0.0612534 0.312788
0.334877 9.9965E-05 9.9965E-05 0.228217 0.436506 9.9965E-05 9.9965E-05
0.334574 9.99648E-05 0.00214585 0.66288 9.99648E-05 9.99648E-05 9.99648E-05
9.99562E-05 9.99562E-05 9.99562E-05 9.99562E-05 0.52056 9.99562E-05 0.47894
0.12176 0.213045 0.249355 0.182728 9.99912E-05 0.195884 0.0371288
0.155813 9.99824E-05 9.99824E-05 0.492748 0.0949968 0.00630748 0.249935
9.99647E-05 9.99647E-05 0.168228 0.225178 9.99647E-05 0.606194 9.99647E-05
9.99648E-05 9.99648E-05 0.123383 0.798807 9.99648E-05 0.0774106 9.99648E-05
9.99648E-05 0.175624 9.99648E-05 9.99648E-05 0.338424 9.99648E-05 0.485552
0.145306 0.630876 9.99825E-05 0.184353 0.0160136 0.0232506 9.99825E-05
0.00592662 0.273711 0.384715 0.335347 9.99736E-05 9.99736E-05 9.99736E-05
9.99652E-05 9.99652E-05 9.99652E-05 9.99652E-05 0.0301138 0.926183 0.0433036
9.99562E-05 0.601834 9.99562E-05 9.99562E-05 9.99562E-05 0.397666 9.99562E-05
0.884792 9.9965E-05 0.10421 9.9965E-05 9.9965E-05 0.0105981 9.9965E-05
0.294353 9.99567E-05 9.99567E-05 0.705147 9.99567E-05 9.99567E-05 9.99567E-05
0.539732 0.342534 0.117334 9.9965E-05 9.9965E-05 9.9965E-05 9.9965E-05
0.493544 9.99648E-05 0.218708 0.287348 9.99648E-05 9.99648E-05 9.99648E-05
0.251587 0.026818 0.721195 9.9965E-05 9.9965E-05 9.9965E-05 9.9965E-05
9.99824E-05 0.087142 0.41683 0.417668 9.99824E-05 0.0238999 0.0542602
0.328472 0.0814586 0.122701 9.99825E-05 0.34429 0.122879 9.99825E-05
9.99649E-05 9.99649E-05 0.258542 0.0768832 0.664175 9.99649E-05 9.99649E-05
0.248656 9.99647E-05 0.312037 0.438908 9.99647E-05 9.99647E-05 9.99647E-05
0.513507 9.99651E-05 9.99651E-05 9.99651E-05 9.99651E-05 0.262132 0.223961
9.99646E-05 0.258117 0.631882 0.109601 9.99646E-05 9.99646E-05 9.99646E-05
9.99647E-05 9.99647E-05 0.395982 9.99647E-05 0.301775 0.301844 9.99647E-05
9.99649E-05 0.417186 9.99649E-05 0.421451 9.99649E-05 9.99649E-05 0.160963
0.48272 9.99648E-05 9.99648E-05 0.210253 9.99648E-05 9.99648E-05 0.306626
0.647814 0.206261 0.145525 9.99649E-05 9.99649E-05 9.99649E-05 9.99649E-05
0.0303224 0.00647521 0.180775 0.67679 0.105437 9.99823E-05 9.99823E-05
0.67023 0.237721 9.99647E-05 0.0916491 9.99647E-05 9.99647E-05 9.99647E-05
0.270303 9.99735E-05 0.297344 0.410298 9.99735E-05 9.99735E-05 0.0217558
0.127825 9.99824E-05 9.99824E-05 0.175 0.0335841 0.467504 0.195887
0.137461 9.99735E-05 9.99735E-05 9.99735E-05 0.388777 0.336361 0.1371
0.807683 9.9965E-05 9.9965E-05 0.0711121 9.9965E-05 9.9965E-05 0.120805
0.0777249 0.161605 9.9965E-05 9.9965E-05 9.9965E-05 0.76027 9.9965E-05
0.476598 9.99651E-05 0.472006 0.0509956 9.99651E-05 9.99651E-05 9.99651E-05
9.99738E-05 0.507518 0.313454 9.99738E-05 9.99738E-05 0.00324509 0.175483
0.244503 0.0531783 9.99824E-05 0.59452 0.0382156 0.0693836 9.99824E-05
0.147187 0.282953 9.99735E-05 9.99735E-05 9.99735E-05 0.400481 0.169079
9.99826E-05 0.317974 0.00435195 0.320904 0.281915 0.0746551 9.99826E-05
9.99825E-05 9.99825E-05 0.450338 0.0657512 0.136028 0.228853 0.11883
9.99738E-05 0.726973 0.0480865 0.166638 9.99738E-05 0.0580023 9.99738E-05
9.99649E-05 0.442581 0.276142 0.280877 9.99649E-05 9.99649E-05 9.99649E-05
9.99823E-05 0.0197115 0.00953703 0.496128 9.99823E-05 0.24492 0.229504
0.500849 9.99735E-05 0.047258 0.0746446 0.376948 9.99735E-05 9.99735E-05
0.382131 9.9965E-05 9.9965E-05 0.565006 9.9965E-05 0.0524639 9.9965E-05
9.99647E-05 0.763981 0.231415 9.99647E-05 0.00420429 9.99647E-05 9.99647E-05
0.479044 0.27146 9.99651E-05 0.249096 9.99651E-05 9.99651E-05 9.99651E-05
0.301726 0.0558441 9.99735E-05 0.548432 9.99735E-05 9.99735E-05 0.0936976
0.0161161 0.550367 9.99649E-05 9.99649E-05 9.99649E-05 9.99649E-05 0.433117
0.598117 9.99824E-05 9.99824E-05 0.128451 0.0426814 0.0889712 0.141579
9.99646E-05 9.99646E-05 0.688422 0.154813 9.99646E-05 0.156365 9.99646E-05
0.136839 9.99825E-05 0.151752 0.517982 0.0404208 0.152807 9.99825E-05
0.00212725 0.483194 9.99737E-05 0.351935 9.99737E-05 0.162444 9.99737E-05
0.40043 9.998E-05 0.132543 0.367304 0.0279932 0.0715298 9.998E-05
0.88161 9.99559E-05 9.99559E-05 9.99559E-05 9.99559E-05 0.117891 9.99559E-05
0.409716 9.99649E-05 9.99649E-05 0.193431 0.396453 9.99649E-05 9.99649E-05
0.127176 0.512673 9.99738E-05 0.0517514 9.99738E-05 0.3081 9.99738E-05
0.242771 0.0514175 0.0348273 0.031791 0.486004 0.15309 9.99912E-05
0.606089 9.9965E-05 9.9965E-05 0.329096 9.9965E-05 0.0644143 9.9965E-05
0.058845 0.465339 0.016312 9.99824E-05 9.99824E-05 0.147953 0.311351
0.359814 9.99648E-05 0.0597914 9.99648E-05 9.99648E-05 9.99648E-05 0.579995
9.99735E-05 0.196909 9.99735E-05 0.323156 9.99735E-05 0.426818 0.0528166
0.9994 9.995E-05 9.995E-05 9.995E-05 9.995E-05 9.995E-05 9.995E-05
9.99736E-05 9.99736E-05 0.187329 9.99736E-05 0.340132 0.167904 0.304335
0.0646009 9.99648E-05 0.314046 0.620953 9.99648E-05 9.99648E-05 9.99648E-05
0.195313 0.135699 9.99734E-05 9.99734E-05 0.418691 0.249997 9.99734E-05
0.560934 0.152163 9.99738E-05 0.0109874 9.99738E-05 0.275616 9.99738E-05
9.99647E-05 9.99647E-05 0.478053 0.104453 9.99647E-05 0.417094 9.99647E-05
0.304067 9.99735E-05 9.99735E-05 0.254688 0.207264 0.233681 9.99735E-05
0.308062 9.99823E-05 0.172425 9.99823E-05 0.0365287 0.187733 0.295051
0.287855 9.99737E-05 9.99737E-05 0.208766 0.288087 0.214993 9.99737E-05
0.454874 0.158335 9.99825E-05 0.148329 0.0929043 0.145357 9.99825E-05
9.9965E-05 9.9965E-05 0.209757 0.740254 9.9965E-05 9.9965E-05 0.0495894
0.442242 0.0385167 9.99739E-05 9.99739E-05 0.0790011 0.439941 9.99739E-05
0.324734 0.0387347 9.99737E-05 0.108253 0.527978 9.99737E-05 9.99737E-05
9.99562E-05 0.19767 0.80183 9.99562E-05 9.99562E-05 9.99562E-05 9.99562E-05
0.508593 0.281238 9.99736E-05 9.99736E-05 0.102859 9.99736E-05 0.10701
0.295425 9.99648E-05 9.99648E-05 0.475762 9.99648E-05 0.228413 9.99648E-05
9.99651E-05 0.418668 9.99651E-05 0.564673 0.0162591 9.99651E-05 9.99651E-05
0.182 9.99737E-05 0.192662 0.301795 0.323243 9.99737E-05 9.99737E-05
0.859389 9.99564E-05 9.99564E-05 9.99564E-05 0.140111 9.99564E-05 9.99564E-05
0.312938 0.0869819 0.16478 0.0295557 0.405545 9.99825E-05 9.99825E-05
0.441023 9.99649E-05 0.27442 9.99649E-05 9.99649E-05 9.99649E-05 0.284157
9.99646E-05 0.00196213 9.99646E-05 0.249063 9.99646E-05 0.748575 9.99646E-05
0.124162 0.204262 9.99823E-05 9.99823E-05 0.510417 0.0859247 0.0750344
0.496311 0.281301 0.0782046 9.99823E-05 0.133128 0.0108555 9.99823E-05
0.331415 0.273901 0.0420696 0.032413 9.99824E-05 9.99824E-05 0.320001
9.995E-05 0.9994 9.995E-05 9.995E-05 9.995E-05 9.995E-05 9.995E-05
0.458227 9.99649E-05 9.99649E-05 0.392663 9.99649E-05 0.14871 9.99649E-05
0.196954 0.655034 9.99647E-05 9.99647E-05 9.99647E-05 0.147612 9.99647E-05
0.947176 9.99559E-05 9.99559E-05 9.99559E-05 9.99559E-05 9.99559E-05 0.0523244
9.9965E-05 0.277263 9.9965E-05 9.9965E-05 0.349403 0.372934 9.9965E-05
0.077889 9.99649E-05 0.507347 9.99649E-05 9.99649E-05 9.99649E-05 0.414364
0.0613744 9.99647E-05 9.99647E-05 0.329674 9.99647E-05 0.608552 9.99647E-05
9.99651E-05 9.99651E-05 0.107838 0.0854841 9.99651E-05 9.99651E-05 0.806278
9.99737E-05 9.99737E-05 9.99737E-05 0.0605161 0.0805938 0.439083 0.419508
9.99562E-05 9.99562E-05 9.99562E-05 9.99562E-05 0.435769 0.563731 9.99562E-05
9.99648E-05 0.458555 9.99648E-05 9.99648E-05 9.99648E-05 0.510395 0.0306499
0.34285 0.443757 9.99652E-05 9.99652E-05 0.212994 9.99652E-05 9.99652E-05
0.290877 9.99736E-05 9.99736E-05 0.297422 9.99736E-05 0.288703 0.122699
9.99737E-05 9.99737E-05 0.332438 0.29198 0.226279 0.149002 9.99737E-05
9.99562E-05 9.99562E-05 9.99562E-05 0.820669 0.178831 9.99562E-05 9.99562E-05
0.148377 0.533257 9.99735E-05 0.211814 9.99735E-05 9.99735E-05 0.106253
0.317858 9.99652E-05 9.99652E-05 9.99652E-05 0.187583 0.494159 9.99652E-05
0.646786 0.352714 9.99562E-05 9.99562E-05 9.99562E-05 9.99562E-05 9.99562E-05
9.99649E-05 9.99649E-05 0.500303 0.230982 9.99649E-05 9.99649E-05 0.268315
0.0568868 9.99737E-05 0.262149 0.441904 9.99737E-05 0.23876 9.99737E-05
0.874866 9.99559E-05 9.99559E-05 0.124635 9.99559E-05 9.99559E-05 9.99559E-05
0.412722 9.99648E-05 9.99648E-05 0.534632 9.99648E-05 9.99648E-05 0.052246
0.960406 9.99564E-05 9.99564E-05 9.99564E-05 0.0390944 9.99564E-05 9.99564E-05
0.011913 9.99647E-05 9.99647E-05 0.981619 9.99647E-05 0.00606771 9.99647E-05
0.220878 9.99735E-05 0.0760142 9.99735E-05 9.99735E-05 0.446542 0.256266
9.99648E-05 9.99648E-05 0.532843 0.323291 9.99648E-05 0.143467 9.99648E-05
0.538111 9.99649E-05 9.99649E-05 0.300755 9.99649E-05 9.99649E-05 0.160734
0.0798477 9.99564E-05 0.919652 9.99564E-05 9.99564E-05 9.99564E-05 9.99564E-05
0.975782 9.99564E-05 9.99564E-05 9.99564E-05 9.99564E-05 9.99564E-05 0.0237181
0.0433437 9.99736E-05 9.99736E-05 0.100287 9.99736E-05 0.47494 0.38113
9.99557E-05 0.196705 9.99557E-05 0.802796 9.99557E-05 9.99557E-05 9.99557E-05
9.9956E-05 0.174897 9.9956E-05 0.824604 9.9956E-05 9.9956E-05 9.9956E-05
9.9965E-05 9.9965E-05 9.9965E-05 0.416641 9.9965E-05 0.338071 0.244888
9.99738E-05 9.99738E-05 0.194676 0.0951216 0.10105 9.99738E-05 0.608852
9.99647E-05 0.828505 0.170226 9.99647E-05 9.99647E-05 9.99647E-05 0.0008693
0.731201 9.9956E-05 0.268299 9.9956E-05 9.9956E-05 9.9956E-05 9.9956E-05
0.255351 0.086519 0.211424 0.384502 9.99823E-05 9.99823E-05 0.0620046
0.444422 0.171412 9.99737E-05 0.246425 0.137441 9.99737E-05 9.99737E-05
0.767717 0.157242 0.0151071 9.99825E-05 0.0379684 0.0217656 9.99825E-05
0.358566 9.99734E-05 0.303543 0.201477 0.136113 9.99734E-05 9.99734E-05
0.745197 9.99651E-05 0.241321 9.99651E-05 9.99651E-05 0.0130815 9.99651E-05
0.00861136 0.474909 0.067225 9.99824E-05 0.379707 0.0693479 9.99824E-05
0.431058 9.99737E-05 0.0804925 0.268035 9.99737E-05 0.220115 9.99737E-05
0.040723 9.99825E-05 0.260371 0.523692 0.0311073 9.99825E-05 0.143906
0.839431 0.0627325 0.0974362 9.99648E-05 9.99648E-05 9.99648E-05 9.99648E-05
0.444425 9.9956E-05 0.555075 9.9956E-05 9.9956E-05 9.9956E-05 9.9956E-05
0.174232 0.681503 9.99736E-05 0.0226633 9.99736E-05 0.121302 9.99736E-05
0.532014 9.99646E-05 9.99646E-05 0.243706 0.22388 9.99646E-05 9.99646E-05
0.0580852 9.99651E-05 9.99651E-05 0.669467 9.99651E-05 9.99651E-05 0.272048
0.287866 9.99737E-05 0.202784 0.0962892 0.412761 9.99737E-05 9.99737E-05
0.365095 0.0388567 0.555163 9.99737E-05 9.99737E-05 9.99737E-05 0.0405861
0.158947 9.99824E-05 0.151985 0.37538 0.236913 0.0765756 9.99824E-05
9.99826E-05 0.330892 9.99826E-05 0.185421 0.017461 0.164609 0.301417
0.173702 0.403596 0.0529897 0.362375 0.00713768 9.99825E-05 9.99825E-05
9.99737E-05 9.99737E-05 0.354259 0.362246 0.130644 0.152551 9.99737E-05
9.9956E-05 9.9956E-05 0.247059 9.9956E-05 0.752441 9.9956E-05 9.9956E-05
9.99648E-05 0.182042 9.99648E-05 0.0242879 9.99648E-05 9.99648E-05 0.79327
0.165003 0.374133 9.99648E-05 0.460464 9.99648E-05 9.99648E-05 9.99648E-05
0.128861 9.9965E-05 9.9965E-05 9.9965E-05 9.9965E-05 0.33601 0.534729
0.164404 0.0760836 9.99825E-05 0.0145649 0.0917164 0.653031 9.99825E-05
0.547842 9.99736E-05 9.99736E-05 0.00860298 0.248317 9.99736E-05 0.194938
0.317685 0.164686 0.0508675 9.99735E-05 9.99735E-05 0.466461 9.99735E-05
0.1636 0.271809 0.0692396 0.344373 9.99824E-05 0.150778 9.99824E-05
9.99738E-05 9.99738E-05 0.35748 0.0259366 0.185273 0.43101 9.99738E-05
0.281931 0.353066 9.99649E-05 9.99649E-05 9.99649E-05 0.364604 9.99649E-05
9.99651E-05 9.99651E-05 0.0250732 0.773569 9.99651E-05 9.99651E-05 0.200958
0.121318 9.99648E-05 9.99648E-05 0.56228 9.99648E-05 9.99648E-05 0.316002
9.99562E-05 9.99562E-05 9.99562E-05 0.470737 0.528763 9.99562E-05 9.99562E-05
0.355382 0.184359 0.137007 0.250427 9.99824E-05 0.0726254 9.99824E-05
0.750502 0.248999 9.9956E-05 9.9956E-05 9.9956E-05 9.9956E-05 9.9956E-05
0.288273 0.171024 0.112426 0.0710944 9.99824E-05 9.99824E-05 0.356983
0.18372 0.148701 9.99737E-05 9.99737E-05 9.99737E-05 0.415861 0.251417
0.0488973 0.143442 0.4599 9.99734E-05 0.34746 9.99734E-05 9.99734E-05
