0.802114 0.158265 9.9991E-05 0.0395209
0.972536 9.9982E-05 9.9982E-05 0.0272641
0.455835 0.543965 9.9982E-05 9.9982E-05
0.630073 0.116772 0.253055 9.9991E-05
9.9982E-05 0.661415 9.9982E-05 0.338385
0.00585848 0.0497891 0.944252 9.9991E-05
0.0188056 0.865046 0.0650225 0.0511255
0.9997 9.998E-05 9.998E-05 9.998E-05
9.9982E-05 9.9982E-05 0.656566 0.343234
9.9982E-05 0.843596 9.9982E-05 0.156204
9.99821E-05 0.961546 9.99821E-05 0.038254
0.853698 9.9982E-05 0.146102 9.9982E-05
9.9991E-05 0.492184 0.0842951 0.423421
0.0953494 0.833763 0.0707873 9.9991E-05
9.9982E-05 0.462174 9.9982E-05 0.537626
0.028944 9.99821E-05 9.99821E-05 0.970856
0.793978 9.9982E-05 0.205822 9.9982E-05
9.9991E-05 0.238315 0.287372 0.474213
9.998E-05 9.998E-05 0.9997 9.998E-05
9.99821E-05 9.99821E-05 0.0821635 0.917637
0.128453 9.9991E-05 0.076019 0.795428
0.0456207 9.9991E-05 0.568384 0.385895
9.9991E-05 0.0803045 0.0680911 0.851504
0.461487 0.217162 0.246519 0.0748326
0.0982768 0.818497 0.083126 9.9991E-05
9.9982E-05 0.275808 9.9982E-05 0.723992
0.648344 0.299556 0.0520003 9.9991E-05
9.9991E-05 0.309663 0.621653 0.0685842
0.956771 9.99821E-05 9.99821E-05 0.0430293
0.326022 9.99821E-05 0.673778 9.99821E-05
0.0588071 0.940993 9.9982E-05 9.9982E-05
9.998E-05 0.9997 9.998E-05 9.998E-05
9.9982E-05 0.963055 9.9982E-05 0.036745
9.9982E-05 0.0767168 0.923083 9.9982E-05
0.752491 0.0621363 0.185273 9.9991E-05
0.0027139 9.9991E-05 0.215022 0.782164
9.9982E-05 9.9982E-05 0.818282 0.181518
9.9982E-05 0.0488279 0.950972 9.9982E-05
0.0309741 0.72111 0.18064 0.0672754
0.0110004 9.99821E-05 0.9888 9.99821E-05
0.205491 9.9982E-05 0.794309 9.9982E-05
0.786581 9.9982E-05 0.213219 9.9982E-05
9.998E-05 9.998E-05 9.998E-05 0.9997
0.176256 0.823544 9.9982E-05 9.9982E-05
9.9982E-05 0.374032 9.9982E-05 0.625768
0.992556 9.99821E-05 9.99821E-05 0.00724438
9.9982E-05 9.9982E-05 0.327794 0.672006
9.99821E-05 9.99821E-05 0.891892 0.107908
0.0298943 0.224072 9.9991E-05 0.745933
9.9982E-05 9.9982E-05 0.297848 0.701952
