9.9991E-05 0.0541156 0.746444 0.199341
9.9982E-05 0.0577498 0.94205 9.9982E-05
9.9982E-05 9.9982E-05 0.458243 0.541557
0.122025 9.9991E-05 0.772132 0.105743
9.9982E-05 0.491965 9.9982E-05 0.507835
0.858477 9.9991E-05 0.0735814 0.067842
0.116219 0.0510083 9.9991E-05 0.832672
9.99821E-05 9.99821E-05 0.91318 0.0866203
0.83216 0.16764 9.99821E-05 9.99821E-05
9.9982E-05 0.347101 9.9982E-05 0.652699
9.99821E-05 0.0489661 9.99821E-05 0.950834
0.0943511 9.9982E-05 0.905449 9.9982E-05
0.1243 0.421379 9.9991E-05 0.454221
0.0357297 9.9991E-05 0.065423 0.898747
9.9982E-05 0.6784 9.9982E-05 0.3214
0.297495 0.702305 9.99821E-05 9.99821E-05
0.030477 9.9991E-05 0.951717 0.017706
0.417133 0.31967 9.9991E-05 0.263097
0.922402 9.9982E-05 0.0773981 9.9982E-05
0.20473 0.785231 0.00993912 9.9991E-05
0.274267 0.694305 0.0313279 9.9991E-05
0.717596 0.256283 0.0260206 9.9991E-05
0.187566 0.812234 9.9982E-05 9.9982E-05
0.0569669 0.209849 0.581563 0.151621
0.014239 9.9991E-05 0.148526 0.837135
9.9982E-05 0.864406 9.9982E-05 0.135394
9.99821E-05 9.99821E-05 0.720662 0.279138
0.623751 0.072982 9.9991E-05 0.303167
9.998E-05 9.998E-05 0.9997 9.998E-05
0.643948 9.99821E-05 0.355852 9.99821E-05
9.9982E-05 9.9982E-05 0.0236572 0.976143
9.998E-05 9.998E-05 9.998E-05 0.9997
9.9982E-05 0.138882 9.9982E-05 0.860918
0.902815 9.9982E-05 9.9982E-05 0.0969855
0.0687782 9.9991E-05 0.889309 0.0418124
0.456009 0.543791 9.9982E-05 9.9982E-05
0.990399 0.00940067 9.9982E-05 9.9982E-05
0.923408 9.9991E-05 0.0400724 0.0364198
0.219105 9.9991E-05 0.00649634 0.774299
0.846998 9.99821E-05 0.152802 9.99821E-05
0.583267 9.9982E-05 0.416533 9.9982E-05
0.0403942 9.9982E-05 0.959406 9.9982E-05
9.9982E-05 0.954289 0.0455107 9.9982E-05
9.9982E-05 9.9982E-05 0.077343 0.922457
9.9982E-05 0.845213 9.9982E-05 0.154587
9.99821E-05 0.0227686 0.977031 9.99821E-05
0.57221 0.42759 9.9982E-05 9.9982E-05
0.907556 0.0922443 9.99821E-05 9.99821E-05
9.9991E-05 0.812533 0.150996 0.0363709
0.455186 0.544614 9.9982E-05 9.9982E-05
