9.999E-05 9.999E-05 0.9998
0.561993 9.99912E-05 0.437907
9.999E-05 0.127484 0.872416
0.348834 9.99913E-05 0.651066
9.99913E-05 0.752357 0.247543
9.999E-05 9.999E-05 0.9998
0.336521 0.00203012 0.661449
9.999E-05 9.999E-05 0.9998
9.99913E-05 0.155545 0.844355
0.570911 0.428989 9.99912E-05
0.360806 0.0139862 0.625208
9.99913E-05 0.822254 0.177646
0.571311 9.99912E-05 0.428589
0.268528 0.281271 0.450201
9.99912E-05 0.138714 0.861186
0.674916 0.294474 0.0306096
9.999E-05 0.9998 9.999E-05
0.98776 9.99914E-05 0.0121403
0.535371 9.99912E-05 0.464529
0.00428476 0.851868 0.143847
0.54445 0.130512 0.325039
0.0907368 0.856168 0.0530957
0.730862 0.060252 0.208886
0.918422 0.0814784 9.99912E-05
9.99913E-05 0.0703044 0.929596
9.999E-05 0.9998 9.999E-05
0.186321 0.813579 9.99913E-05
0.345797 0.189672 0.464531
0.045831 0.954069 9.99912E-05
0.678345 0.321555 9.99912E-05
0.0247929 0.975107 9.99912E-05
9.999E-05 9.999E-05 0.9998
0.497274 0.502626 9.99913E-05
0.0242493 0.724124 0.251627
0.691999 9.99913E-05 0.307901
0.0919813 0.103941 0.804078
0.784209 9.99912E-05 0.215691
0.139729 0.39358 0.466691
9.99912E-05 0.160348 0.839552
9.999E-05 9.999E-05 0.9998
0.0595952 0.221498 0.718907
0.25097 0.226753 0.522277
0.0114351 9.99913E-05 0.988465
9.99913E-05 0.566619 0.433281
0.252346 9.99913E-05 0.747554
0.322981 0.636262 0.0407564
9.99912E-05 0.403515 0.596385
9.999E-05 9.999E-05 0.9998
0.306808 0.00736248 0.685829
9.99912E-05 0.259402 0.740498
0.643167 9.99912E-05 0.356733
0.270437 9.99912E-05 0.729463
9.99913E-05 0.605965 0.393935
9.99912E-05 0.944298 0.0556019
0.0744308 0.540509 0.38506
0.215222 0.784678 9.99912E-05
0.204432 0.795468 9.99912E-05
9.999E-05 0.9998 9.999E-05
0.429954 0.569946 9.99913E-05
0.00989921 9.99912E-05 0.990001
0.137269 0.306355 0.556376
0.114224 0.493434 0.392342
0.0558853 0.15883 0.785284
9.99912E-05 0.353975 0.645925
0.879964 9.99912E-05 0.119936
0.0148209 9.99912E-05 0.985079
0.686159 0.140181 0.17366
0.288082 0.711818 9.99911E-05
0.336127 0.117382 0.546491
0.281573 0.0805394 0.637887
0.44773 9.99912E-05 0.55217
0.544033 0.444955 0.0110125
9.999E-05 0.9998 9.999E-05
0.634807 0.281616 0.0835777
9.999E-05 0.9998 9.999E-05
0.9998 9.999E-05 9.999E-05
0.469836 0.530064 9.99913E-05
0.186225 0.0595966 0.754179
0.562108 0.437792 9.99913E-05
0.202416 0.338866 0.458718
0.0244596 0.51304 0.462501
0.567168 0.206548 0.226285
9.999E-05 9.999E-05 0.9998
0.385322 9.99913E-05 0.614578
0.0823626 9.99913E-05 0.917537
0.186642 0.199512 0.613846
9.99912E-05 0.758797 0.241103
0.0368925 0.631975 0.331133
9.99913E-05 0.075934 0.923966
9.999E-05 9.999E-05 0.9998
9.99912E-05 0.70127 0.29863
0.28484 0.364029 0.351132
0.00207611 0.868347 0.129577
9.99913E-05 0.226546 0.773354
9.99914E-05 0.882742 0.117158
0.283513 0.353873 0.362614
9.999E-05 9.999E-05 0.9998
0.912194 9.99912E-05 0.0877058
0.183895 0.0752397 0.740865
0.0576515 0.239164 0.703184
9.999E-05 0.9998 9.999E-05
0.641904 0.306719 0.0513767
0.890727 0.109173 9.99912E-05
9.99913E-05 0.168471 0.831429
0.219962 0.367515 0.412523
0.315577 0.684323 9.99913E-05
0.76146 9.99913E-05 0.23844
9.999E-05 9.999E-05 0.9998
9.99912E-05 0.20445 0.79545
0.196973 0.7355 0.0675269
9.99912E-05 0.152209 0.847691
0.303699 9.99912E-05 0.696201
0.166466 0.0903104 0.743224
9.99912E-05 0.926973 0.0729267
0.420937 0.109085 0.469978
0.188776 0.685757 0.125467
0.740302 0.259598 9.99913E-05
9.999E-05 0.9998 9.999E-05
9.99913E-05 0.279853 0.720047
9.99911E-05 0.416086 0.583814
0.584002 0.415898 9.99912E-05
0.55048 0.390093 0.0594273
0.237646 0.160602 0.601752
9.99912E-05 0.403748 0.596152
0.187048 9.99912E-05 0.812852
9.99912E-05 0.326485 0.673415
0.298918 9.99912E-05 0.700982
9.999E-05 9.999E-05 0.9998
0.41492 0.0505391 0.534541
0.0985346 9.99912E-05 0.901365
9.99912E-05 0.464268 0.535632
9.999E-05 0.9998 9.999E-05
0.372655 9.99912E-05 0.627245
9.99912E-05 0.779558 0.220342
9.99913E-05 0.917474 0.082426
9.99912E-05 0.148179 0.851721
0.280042 0.0343097 0.685648
0.52636 0.146779 0.326861
0.9998 9.999E-05 9.999E-05
9.99913E-05 0.215897 0.784003
9.99912E-05 0.086323 0.913577
0.405719 0.290785 0.303496
0.921275 9.99912E-05 0.0786254
9.99912E-05 0.370281 0.629619
9.99913E-05 0.134342 0.865558
0.41452 0.488295 0.0971847
9.99912E-05 0.463347 0.536554
0.235777 9.99912E-05 0.764123
0.368344 9.99913E-05 0.631556
0.139642 0.276676 0.583683
0.263722 9.99912E-05 0.736178
0.9998 9.999E-05 9.999E-05
0.757797 0.242103 9.99912E-05
9.999E-05 9.999E-05 0.9998
0.235819 0.207913 0.556268
0.171934 0.380193 0.447873
0.023508 0.976392 9.99912E-05
9.99912E-05 0.711577 0.288323
9.99913E-05 0.653477 0.346423
0.424774 0.575126 9.99912E-05
9.99912E-05 0.544789 0.455111
0.163603 0.836297 9.99913E-05
0.840823 0.159077 9.99912E-05
0.708794 9.99913E-05 0.291106
0.609734 0.0873057 0.302961
0.0222747 0.698038 0.279687
0.960875 0.039025 9.99912E-05
0.88231 9.99913E-05 0.11759
0.449064 0.550836 9.99912E-05
0.766634 0.233266 9.99912E-05
0.75307 0.178647 0.0682833
9.99912E-05 0.347293 0.652607
0.766908 0.232992 9.99913E-05
9.999E-05 9.999E-05 0.9998
0.615129 0.0891312 0.295739
0.191854 0.364954 0.443192
0.00535612 9.99913E-05 0.994544
0.9998 9.999E-05 9.999E-05
9.999E-05 0.9998 9.999E-05
0.499274 9.99912E-05 0.500626
9.999E-05 9.999E-05 0.9998
0.0599849 0.342421 0.597594
9.99913E-05 0.386647 0.613253
0.303698 0.227773 0.468529
9.99912E-05 0.203668 0.796232
0.502505 0.37519 0.122306
9.99913E-05 0.404766 0.595134
0.305251 0.252133 0.442616
0.496667 9.99912E-05 0.503233
9.99912E-05 0.10505 0.894851
9.99913E-05 0.0865042 0.913396
0.245372 9.99913E-05 0.754528
0.443578 0.000532845 0.555889
0.183354 0.221795 0.594851
0.179977 9.99912E-05 0.819923
0.638211 9.99912E-05 0.361689
9.99912E-05 0.0763498 0.92355
9.99912E-05 0.592958 0.406942
0.865078 0.134822 9.99912E-05
0.385632 0.0340154 0.580352
9.99912E-05 0.9527 0.0472005
9.99913E-05 0.984589 0.0153106
0.319849 0.680051 9.99912E-05
0.9998 9.999E-05 9.999E-05
0.476515 0.523385 9.99911E-05
9.99912E-05 0.376707 0.623193
0.458975 0.540925 9.99912E-05
0.858436 9.99912E-05 0.141464
9.999E-05 9.999E-05 0.9998
9.99912E-05 0.486447 0.513453
0.0737833 9.99913E-05 0.926117
9.99912E-05 0.798846 0.201054
0.577236 0.369472 0.0532924
9.99911E-05 0.347621 0.652279
0.56842 0.0545541 0.377025
0.102745 0.897155 9.99913E-05
0.147497 0.852403 9.99913E-05
9.99912E-05 0.263668 0.736232
0.168473 9.99912E-05 0.831427
9.999E-05 9.999E-05 0.9998
0.0536735 0.139606 0.80672
0.242277 0.576837 0.180885
9.99913E-05 0.898351 0.101549
9.99912E-05 0.551116 0.448784
0.688651 0.311249 9.99912E-05
0.54044 9.99912E-05 0.45946
0.0149911 9.99912E-05 0.984909
9.999E-05 9.999E-05 0.9998
0.33223 0.165159 0.502611
9.99912E-05 0.716923 0.282977
9.99912E-05 0.536563 0.463337
0.514117 0.412048 0.0738349
0.40304 9.99912E-05 0.59686
0.328032 0.422412 0.249556
0.0538945 0.680563 0.265542
0.342544 9.99912E-05 0.657356
0.153015 0.269992 0.576993
9.99912E-05 0.562287 0.437613
0.730022 0.210107 0.0598706
0.9998 9.999E-05 9.999E-05
0.335331 0.664569 9.99913E-05
9.99912E-05 0.160777 0.839123
9.99912E-05 0.84981 0.15009
0.26184 9.99912E-05 0.73806
9.99912E-05 0.0263726 0.973527
9.99911E-05 0.630557 0.369343
0.194101 0.36061 0.445289
9.99913E-05 0.19582 0.80408
9.99912E-05 0.432001 0.567899
0.0668509 0.20952 0.72363
0.288217 0.328344 0.383439
0.263382 0.479257 0.25736
0.223346 0.350104 0.426551
0.452569 0.147938 0.399493
0.46856 9.99912E-05 0.53134
0.2742 0.547249 0.178551
0.531799 0.173248 0.294953
0.0722157 0.10286 0.824924
0.885965 0.0178328 0.0962019
0.175958 0.459911 0.364131
0.482477 0.0976551 0.419868
