0.195677 0.396292 0.408031
9.999E-05 0.574242 0.425658
9.999E-05 0.40124 0.59866
9.999E-05 9.999E-05 0.9998
9.999E-05 9.999E-05 0.9998
0.305688 9.99912E-05 0.694212
0.374143 0.159167 0.46669
0.460603 0.367461 0.171936
0.721462 0.170421 0.108116
0.618014 0.334121 0.0478642
9.99912E-05 0.642871 0.357029
0.137409 0.103932 0.758659
0.728352 9.99912E-05 0.271548
9.999E-05 9.999E-05 0.9998
0.00288856 0.565952 0.43116
0.9998 9.999E-05 9.999E-05
9.999E-05 9.999E-05 0.9998
0.0765414 0.00484667 0.918612
0.802946 9.99912E-05 0.196954
0.430147 9.99912E-05 0.569753
0.9998 9.999E-05 9.999E-05
9.999E-05 9.999E-05 0.9998
0.9998 9.999E-05 9.999E-05
9.99912E-05 0.867739 0.132161
0.966538 9.99912E-05 0.0333619
0.170801 0.3733 0.4559
0.9998 9.999E-05 9.999E-05
9.99912E-05 0.0738122 0.926088
0.0206111 9.99912E-05 0.979289
0.826155 0.173745 9.99912E-05
9.999E-05 9.999E-05 0.9998
9.99914E-05 0.396897 0.603003
9.99913E-05 0.341624 0.658276
0.138293 0.390506 0.4712
0.903339 0.096561 9.99912E-05
0.814675 9.99912E-05 0.185225
9.99912E-05 0.360959 0.638941
0.756769 9.99912E-05 0.243131
9.99912E-05 0.850662 0.149238
0.109701 0.175285 0.715014
9.999E-05 9.999E-05 0.9998
0.522018 9.99912E-05 0.477882
0.607363 0.392537 9.99913E-05
0.110214 9.99912E-05 0.889686
0.340119 0.603907 0.0559746
0.944275 0.0556248 9.99912E-05
0.586565 0.104572 0.308863
9.99913E-05 0.862883 0.137017
9.99912E-05 0.441821 0.558079
0.215374 9.99913E-05 0.784526
0.724091 9.99913E-05 0.275809
9.999E-05 9.999E-05 0.9998
0.595932 9.99913E-05 0.403968
0.183908 0.236947 0.579145
0.593644 9.99912E-05 0.406256
0.216794 0.783106 9.99913E-05
9.99912E-05 0.829932 0.169968
9.99912E-05 0.675322 0.324578
0.331451 0.520797 0.147753
0.548397 0.368224 0.0833795
9.99912E-05 0.2529 0.747
0.638623 9.99912E-05 0.361277
0.402222 0.100325 0.497453
0.640683 0.359217 9.99912E-05
9.99912E-05 0.444117 0.555783
0.353454 0.646446 9.99912E-05
0.0340791 0.136987 0.828934
0.389183 0.435232 0.175584
0.474441 0.303137 0.222422
9.99912E-05 0.702647 0.297253
0.293951 9.99912E-05 0.705949
0.448498 0.304125 0.247377
0.201402 9.99912E-05 0.798498
9.99913E-05 0.0330366 0.966863
0.576201 0.134467 0.289332
0.609497 0.194558 0.195945
0.915264 0.0846362 9.99912E-05
9.999E-05 0.9998 9.999E-05
0.513272 0.486628 9.99912E-05
0.196471 0.170486 0.633042
0.9998 9.999E-05 9.999E-05
9.99913E-05 0.969605 0.0302952
9.999E-05 9.999E-05 0.9998
0.527913 0.471987 9.99913E-05
9.99913E-05 0.882353 0.117547
0.23513 0.379923 0.384948
0.213667 0.129775 0.656558
0.0785859 0.789188 0.132226
0.712537 0.287363 9.99913E-05
0.4182 0.5817 9.99912E-05
0.514251 0.139664 0.346085
0.807595 0.157229 0.0351761
0.653361 0.346539 9.99912E-05
9.99913E-05 0.0456302 0.95427
0.604041 0.346435 0.0495243
0.316243 9.99912E-05 0.683657
0.200595 9.99913E-05 0.799305
0.829137 9.99912E-05 0.170763
0.178814 0.821086 9.99912E-05
0.240421 9.99913E-05 0.75948
0.646832 0.0126476 0.34052
9.99912E-05 0.240086 0.759814
0.65567 0.0271103 0.31722
0.299236 9.99912E-05 0.700664
9.999E-05 9.999E-05 0.9998
9.999E-05 9.999E-05 0.9998
0.9998 9.999E-05 9.999E-05
9.99912E-05 0.477336 0.522564
0.459876 9.99912E-05 0.540024
0.198329 0.301444 0.500227
9.99913E-05 0.211694 0.788206
0.463289 9.99913E-05 0.536611
0.00865631 0.947143 0.0442005
0.218947 0.0723318 0.708721
0.45577 0.0404286 0.503801
9.999E-05 9.999E-05 0.9998
9.999E-05 9.999E-05 0.9998
0.9998 9.999E-05 9.999E-05
0.174612 0.102184 0.723204
0.425156 0.574744 9.99912E-05
0.432477 9.99912E-05 0.567423
0.537869 0.462031 9.99912E-05
0.140286 0.192298 0.667416
0.154482 9.99912E-05 0.845418
0.290577 0.0141823 0.695241
9.99912E-05 0.146654 0.853246
0.575208 9.99914E-05 0.424692
0.0676829 9.99913E-05 0.932217
0.253128 0.746772 9.99913E-05
0.363897 0.385155 0.250949
0.9998 9.999E-05 9.999E-05
0.560056 0.126056 0.313889
0.555372 9.99913E-05 0.444528
0.159742 0.144957 0.695301
0.964507 0.0353928 9.99913E-05
9.99912E-05 0.10163 0.89827
9.99912E-05 0.0969008 0.902999
9.99913E-05 0.482111 0.517789
9.99913E-05 0.928889 0.0710114
0.521805 0.478095 9.99912E-05
0.212512 9.99911E-05 0.787388
9.99911E-05 0.738997 0.260903
0.36627 0.442942 0.190788
0.0743803 9.99912E-05 0.92552
0.9998 9.999E-05 9.999E-05
0.974461 0.0254387 9.99913E-05
0.301069 0.698831 9.99912E-05
0.935794 9.99913E-05 0.0641064
9.999E-05 9.999E-05 0.9998
0.0620247 0.0477663 0.890209
0.860636 0.139264 9.99912E-05
0.806396 0.114207 0.079397
0.194037 0.501977 0.303986
9.99913E-05 0.172995 0.826905
0.776427 9.99912E-05 0.223473
0.267409 0.363766 0.368825
9.99912E-05 0.0354271 0.964473
0.129926 0.0341674 0.835907
0.544628 9.99913E-05 0.455272
9.999E-05 9.999E-05 0.9998
9.999E-05 0.9998 9.999E-05
0.616602 0.383298 9.99913E-05
0.188986 0.253762 0.557252
0.87504 9.99913E-05 0.12486
9.999E-05 0.9998 9.999E-05
0.190106 0.809794 9.99913E-05
9.99912E-05 0.494617 0.505283
0.279085 0.448417 0.272499
0.201617 0.798283 9.99912E-05
0.326049 9.99912E-05 0.673851
9.99912E-05 0.296888 0.703012
0.0524165 0.947484 9.99913E-05
9.999E-05 9.999E-05 0.9998
9.99912E-05 0.0506309 0.949269
0.191088 0.444482 0.36443
9.99912E-05 0.781492 0.218409
9.99912E-05 0.510217 0.489683
9.99912E-05 0.422627 0.577273
0.601945 0.184147 0.213908
0.58379 0.174625 0.241585
9.99913E-05 0.465967 0.533933
0.0372502 0.303413 0.659336
0.986365 9.99912E-05 0.0135353
9.99912E-05 0.712465 0.287435
0.63343 0.0132375 0.353333
9.99912E-05 0.424575 0.575325
0.613312 0.386588 9.99912E-05
0.0752674 9.99913E-05 0.924633
0.387715 0.483622 0.128663
0.662548 9.99913E-05 0.337352
9.99913E-05 0.206865 0.793035
0.304509 0.695391 9.99913E-05
0.588457 9.99912E-05 0.411443
0.0532124 0.583227 0.363561
9.99913E-05 0.250412 0.749488
0.0860367 0.372785 0.541179
0.290264 0.222698 0.487038
0.71318 0.28672 9.99912E-05
9.999E-05 9.999E-05 0.9998
9.99913E-05 0.176564 0.823336
0.554171 0.17387 0.271959
0.0818165 0.272565 0.645618
0.147677 0.391284 0.461039
9.99913E-05 0.50999 0.48991
9.99912E-05 0.594435 0.405465
0.539244 9.99913E-05 0.460656
0.327577 0.672323 9.99912E-05
9.99912E-05 0.202476 0.797424
0.84118 0.15872 9.99912E-05
0.650182 9.99912E-05 0.349718
9.99911E-05 0.59172 0.40818
0.0862988 0.621872 0.29183
9.999E-05 9.999E-05 0.9998
0.268839 0.0740391 0.657122
0.699352 0.184898 0.11575
9.99913E-05 0.0555659 0.944334
9.999E-05 9.999E-05 0.9998
0.343472 0.656428 9.99912E-05
0.864167 0.135733 9.99912E-05
0.433768 0.566132 9.99912E-05
0.649699 0.350201 9.99912E-05
0.817991 9.99913E-05 0.181909
0.46011 0.53979 9.99913E-05
0.198661 0.0961636 0.705176
9.99912E-05 0.0157264 0.984174
0.0513491 0.387972 0.560679
0.664954 9.99912E-05 0.334946
0.9998 9.999E-05 9.999E-05
0.479623 0.0976628 0.422714
9.99912E-05 0.0194675 0.980433
0.374698 0.625202 9.99912E-05
0.206173 0.36148 0.432347
0.654624 9.99912E-05 0.345276
9.999E-05 0.9998 9.999E-05
0.0323986 0.967501 9.99912E-05
9.99912E-05 0.73809 0.26181
0.282432 0.394759 0.322809
9.99912E-05 0.0889005 0.910999
0.00292414 0.564988 0.432088
0.60854 9.99912E-05 0.39136
0.738439 0.261461 9.99913E-05
9.99912E-05 0.0108048 0.989095
9.99913E-05 0.410058 0.589842
0.0835796 0.34346 0.57296
0.815639 0.184261 9.99912E-05
0.205276 0.317877 0.476847
9.99912E-05 0.946533 0.0533668
0.533911 0.465989 9.99913E-05
9.99912E-05 0.518622 0.481278
0.0898847 0.910015 9.99912E-05
0.814618 0.0545446 0.130837
9.99912E-05 0.80537 0.19453
0.683237 0.286887 0.0298762
9.999E-05 0.9998 9.999E-05
0.68547 0.31443 9.99913E-05
0.0834471 0.916453 9.99913E-05
0.333987 0.549445 0.116568
9.99912E-05 0.320435 0.679465
0.234882 0.765018 9.99913E-05
9.99912E-05 0.370659 0.629241
0.036221 9.99912E-05 0.963679
