0.607226 9.997E-05 9.997E-05 0.12303 0.235764 0.0336801 9.997E-05
0.911681 9.9973E-05 9.9973E-05 0.0500251 9.9973E-05 9.9973E-05 0.0378941
0.308003 9.9964E-05 9.9964E-05 9.9964E-05 0.627803 9.9964E-05 0.0637936
9.99551E-05 0.0209772 9.99551E-05 9.99551E-05 9.99551E-05 0.978523 9.99551E-05
9.9973E-05 9.9973E-05 0.520084 0.348589 0.0924831 0.0385443 9.9973E-05
9.99551E-05 0.875928 9.99551E-05 9.99551E-05 0.123572 9.99551E-05 9.99551E-05
9.9973E-05 9.9973E-05 0.58416 9.9973E-05 0.222908 0.104884 0.087748
0.914283 9.99641E-05 0.040367 9.99641E-05 0.04495 9.99641E-05 9.99641E-05
9.9955E-05 0.409462 9.9955E-05 9.9955E-05 9.9955E-05 9.9955E-05 0.590038
9.995E-05 9.995E-05 0.9994 9.995E-05 9.995E-05 9.995E-05 9.995E-05
9.995E-05 9.995E-05 0.9994 9.995E-05 9.995E-05 9.995E-05 9.995E-05
0.875289 0.124211 9.9955E-05 9.9955E-05 9.9955E-05 9.9955E-05 9.9955E-05
9.9973E-05 0.0664825 0.222896 0.470569 0.239753 9.9973E-05 9.9973E-05
9.99641E-05 9.99641E-05 0.334263 9.99641E-05 0.341856 0.323482 9.99641E-05
9.99551E-05 9.99551E-05 0.41975 0.57975 9.99551E-05 9.99551E-05 9.99551E-05
9.99551E-05 9.99551E-05 9.99551E-05 9.99551E-05 0.0227802 9.99551E-05 0.97672
0.663636 0.0530314 9.99641E-05 9.99641E-05 9.99641E-05 0.282933 9.99641E-05
0.0166789 0.116094 0.366638 9.9973E-05 9.9973E-05 9.9973E-05 0.500289
9.995E-05 0.9994 9.995E-05 9.995E-05 9.995E-05 9.995E-05 9.995E-05
9.99551E-05 9.99551E-05 9.99551E-05 0.650126 9.99551E-05 9.99551E-05 0.349374
9.99641E-05 0.100993 9.99641E-05 0.509195 9.99641E-05 9.99641E-05 0.389412
0.09277 0.144652 0.00206654 9.9982E-05 9.9982E-05 0.0990354 0.661277
9.997E-05 9.997E-05 0.00745747 0.510613 0.0289921 9.997E-05 0.452637
9.9982E-05 9.9982E-05 0.011682 0.0536676 0.00584716 0.796364 0.13224
9.9964E-05 0.0157863 9.9964E-05 0.0600882 0.923726 9.9964E-05 9.9964E-05
9.9973E-05 9.9973E-05 0.174957 0.729735 0.0785198 9.9973E-05 0.0164881
9.995E-05 9.995E-05 9.995E-05 9.995E-05 9.995E-05 0.9994 9.995E-05
9.9982E-05 0.257081 0.104679 0.170602 9.9982E-05 0.354137 0.113301
0.9994 9.995E-05 9.995E-05 9.995E-05 9.995E-05 9.995E-05 9.995E-05
0.104629 0.459969 9.99731E-05 9.99731E-05 9.99731E-05 0.355543 0.0795589
9.99551E-05 9.99551E-05 0.340922 9.99551E-05 0.658578 9.99551E-05 9.99551E-05
9.995E-05 9.995E-05 9.995E-05 9.995E-05 0.9994 9.995E-05 9.995E-05
9.9964E-05 9.9964E-05 0.927102 9.9964E-05 0.0340357 0.0384621 9.9964E-05
9.99551E-05 0.897134 9.99551E-05 9.99551E-05 0.102366 9.99551E-05 9.99551E-05
0.103176 9.9955E-05 9.9955E-05 9.9955E-05 9.9955E-05 0.896324 9.9955E-05
9.995E-05 9.995E-05 9.995E-05 9.995E-05 9.995E-05 9.995E-05 0.9994
0.0149731 0.722976 9.99641E-05 9.99641E-05 9.99641E-05 9.99641E-05 0.261651
9.9973E-05 0.89784 0.0324638 9.9973E-05 0.0281785 9.9973E-05 0.0412179
0.0505863 0.13926 0.724142 9.99731E-05 0.0857113 9.99731E-05 9.99731E-05
9.99641E-05 0.714789 9.99641E-05 0.019173 9.99641E-05 0.265638 9.99641E-05
0.243109 0.733689 9.9964E-05 9.9964E-05 9.9964E-05 0.0228023 9.9964E-05
0.885827 0.113673 9.99551E-05 9.99551E-05 9.99551E-05 9.99551E-05 9.99551E-05
9.99551E-05 0.0215151 9.99551E-05 0.977985 9.99551E-05 9.99551E-05 9.99551E-05
9.995E-05 9.995E-05 9.995E-05 9.995E-05 0.9994 9.995E-05 9.995E-05
9.9955E-05 9.9955E-05 0.272375 0.727125 9.9955E-05 9.9955E-05 9.9955E-05
0.844666 9.99641E-05 9.99641E-05 9.99641E-05 9.99641E-05 0.0933506 0.0615831
9.99641E-05 0.0843873 9.99641E-05 0.0557864 9.99641E-05 9.99641E-05 0.859426
9.99641E-05 0.816824 9.99641E-05 0.0471176 9.99641E-05 9.99641E-05 0.135659
0.0445552 9.99641E-05 9.99641E-05 0.885876 0.0691691 9.99641E-05 9.99641E-05
9.99731E-05 0.380493 0.0397663 0.294089 9.99731E-05 9.99731E-05 0.285352
