0.00718519 9.9973E-05 0.028208 9.9973E-05 9.9973E-05 0.747515 0.216792
9.99551E-05 9.99551E-05 9.99551E-05 0.0985973 9.99551E-05 0.900903 9.99551E-05
9.9964E-05 9.9964E-05 0.0034289 9.9964E-05 9.9964E-05 0.459102 0.53707
9.99551E-05 0.00501397 9.99551E-05 0.994486 9.99551E-05 9.99551E-05 9.99551E-05
9.9955E-05 9.9955E-05 9.9955E-05 0.0602041 0.939296 9.9955E-05 9.9955E-05
0.2662 0.601237 9.9973E-05 9.9973E-05 9.9973E-05 0.0569675 0.0752953
0.195333 9.9973E-05 9.9973E-05 0.0858998 0.306157 9.9973E-05 0.412311
9.99731E-05 9.99731E-05 0.0134623 0.0928546 9.99731E-05 0.842327 0.0510565
0.9994 9.995E-05 9.995E-05 9.995E-05 9.995E-05 9.995E-05 9.995E-05
9.995E-05 9.995E-05 9.995E-05 9.995E-05 0.9994 9.995E-05 9.995E-05
9.99552E-05 9.99552E-05 9.99552E-05 9.99552E-05 0.695818 9.99552E-05 0.303682
9.9955E-05 0.256161 9.9955E-05 9.9955E-05 9.9955E-05 0.743339 9.9955E-05
0.249432 9.9973E-05 0.0949005 9.9973E-05 0.534596 9.9973E-05 0.120773
0.00972058 9.99731E-05 9.99731E-05 0.335514 0.24537 9.99731E-05 0.409095
9.9955E-05 9.9955E-05 0.159204 9.9955E-05 0.840296 9.9955E-05 9.9955E-05
0.0810251 9.99641E-05 0.90423 9.99641E-05 9.99641E-05 9.99641E-05 0.0143455
9.99731E-05 0.193848 9.99731E-05 0.138312 0.0164277 0.651112 9.99731E-05
0.552895 9.9973E-05 0.0497115 9.9973E-05 0.344097 9.9973E-05 0.0529967
9.995E-05 0.9994 9.995E-05 9.995E-05 9.995E-05 9.995E-05 9.995E-05
9.99551E-05 9.99551E-05 0.88822 0.11128 9.99551E-05 9.99551E-05 9.99551E-05
0.321508 9.99641E-05 0.621807 0.0562847 9.99641E-05 9.99641E-05 9.99641E-05
0.918341 9.99731E-05 0.0060395 9.99731E-05 0.0300124 0.0453072 9.99731E-05
9.99641E-05 9.99641E-05 0.892732 9.99641E-05 0.0762072 9.99641E-05 0.0306606
9.99641E-05 9.99641E-05 0.14337 0.852167 0.00406271 9.99641E-05 9.99641E-05
9.9973E-05 0.0644567 0.0113487 0.0210045 9.9973E-05 9.9973E-05 0.90289
9.9955E-05 9.9955E-05 0.379143 9.9955E-05 0.620358 9.9955E-05 9.9955E-05
9.995E-05 9.995E-05 9.995E-05 0.9994 9.995E-05 9.995E-05 9.995E-05
0.70188 9.99641E-05 9.99641E-05 0.225181 0.072539 9.99641E-05 9.99641E-05
9.995E-05 9.995E-05 9.995E-05 9.995E-05 9.995E-05 0.9994 9.995E-05
0.0322904 0.713377 0.0605397 0.0421211 9.99821E-05 0.151472 9.99821E-05
9.99551E-05 9.99551E-05 9.99551E-05 9.99551E-05 0.0249931 9.99551E-05 0.974507
9.995E-05 9.995E-05 9.995E-05 9.995E-05 9.995E-05 9.995E-05 0.9994
9.9964E-05 9.9964E-05 9.9964E-05 0.010218 0.710447 9.9964E-05 0.278935
0.601753 0.323386 9.9973E-05 0.00519166 9.9973E-05 9.9973E-05 0.0693686
9.9964E-05 0.170706 9.9964E-05 0.635016 9.9964E-05 0.193879 9.9964E-05
0.0292781 0.0618612 0.89811 9.9973E-05 9.9973E-05 9.9973E-05 0.0104512
0.821143 0.178357 9.9955E-05 9.9955E-05 9.9955E-05 9.9955E-05 9.9955E-05
0.344278 0.642444 9.9964E-05 9.9964E-05 9.9964E-05 9.9964E-05 0.012878
9.99821E-05 0.137177 0.00687213 9.99821E-05 0.334442 0.0682523 0.453057
9.99641E-05 0.946963 9.99641E-05 0.0117814 0.0408562 9.99641E-05 9.99641E-05
9.9955E-05 0.840176 9.9955E-05 9.9955E-05 9.9955E-05 0.159325 9.9955E-05
0.0198254 0.208257 9.9964E-05 9.9964E-05 9.9964E-05 0.771518 9.9964E-05
9.99641E-05 9.99641E-05 0.92457 9.99641E-05 0.0632148 0.0118157 9.99641E-05
9.9955E-05 9.9955E-05 9.9955E-05 0.00112598 9.9955E-05 9.9955E-05 0.998374
9.99551E-05 9.99551E-05 0.321055 9.99551E-05 0.678445 9.99551E-05 9.99551E-05
9.9973E-05 0.0382632 0.0789008 0.149763 9.9973E-05 0.732773 9.9973E-05
0.535518 9.9955E-05 0.463982 9.9955E-05 9.9955E-05 9.9955E-05 9.9955E-05
9.99551E-05 0.746667 0.252833 9.99551E-05 9.99551E-05 9.99551E-05 9.99551E-05
9.99641E-05 9.99641E-05 0.42184 9.99641E-05 0.467322 0.110439 9.99641E-05
9.996E-05 0.407616 0.53927 9.996E-05 0.0527142 9.996E-05 9.996E-05
