0.147129 0.694836 0.157935 9.9991E-05
9.998E-05 0.9997 9.998E-05 9.998E-05
9.9982E-05 0.532815 0.466985 9.9982E-05
9.999E-05 0.516716 0.193971 0.289213
0.492209 9.9982E-05 0.507591 9.9982E-05
9.9991E-05 0.0320273 0.0708259 0.897047
0.0518392 9.9991E-05 0.800058 0.148003
0.015879 0.983921 9.9982E-05 9.9982E-05
0.217121 9.9982E-05 9.9982E-05 0.782679
0.304959 9.9982E-05 0.694841 9.9982E-05
0.0608617 9.99821E-05 0.938938 9.99821E-05
9.9982E-05 0.977581 9.9982E-05 0.0222193
0.399645 9.9991E-05 0.450751 0.149504
9.99821E-05 0.129608 0.870192 9.99821E-05
0.622246 9.9982E-05 0.377554 9.9982E-05
0.802643 9.9991E-05 0.0384637 0.158793
9.9991E-05 0.860489 0.0371629 0.102248
0.399248 9.9991E-05 0.263456 0.337196
9.9982E-05 0.0302934 9.9982E-05 0.969507
0.883342 9.99821E-05 9.99821E-05 0.116458
0.713023 9.9982E-05 9.9982E-05 0.286777
0.315939 0.127724 9.9991E-05 0.556237
0.862205 9.9991E-05 0.0312103 0.106484
0.13878 0.414631 0.218108 0.228481
9.9991E-05 0.0164375 0.833297 0.150166
0.809291 9.9982E-05 0.190509 9.9982E-05
9.9991E-05 0.706629 0.280419 0.0128524
0.201172 9.9991E-05 0.23093 0.567798
9.998E-05 0.9997 9.998E-05 9.998E-05
9.99821E-05 0.404148 9.99821E-05 0.595652
9.9982E-05 0.0126983 0.987102 9.9982E-05
9.998E-05 9.998E-05 0.9997 9.998E-05
0.110187 9.9982E-05 0.889613 9.9982E-05
9.9982E-05 9.9982E-05 0.10061 0.89919
9.9991E-05 0.841804 0.0586312 0.0994652
0.649116 9.9982E-05 9.9982E-05 0.350684
0.117535 9.9982E-05 9.9982E-05 0.882265
9.9982E-05 9.9982E-05 0.0569082 0.942892
0.120358 0.161676 0.704279 0.0136874
9.99821E-05 0.0305589 9.99821E-05 0.969241
9.9982E-05 0.234951 9.9982E-05 0.764849
9.9982E-05 0.915604 9.9982E-05 0.0841962
0.955821 0.0312757 9.9991E-05 0.0128031
9.9982E-05 0.0749962 0.924804 9.9982E-05
0.831618 9.9982E-05 0.168182 9.9982E-05
9.998E-05 0.9997 9.998E-05 9.998E-05
0.632285 9.9982E-05 9.9982E-05 0.367515
0.108031 9.99821E-05 9.99821E-05 0.891769
0.814409 0.113051 0.0724407 9.9991E-05
0.581437 9.9982E-05 9.9982E-05 0.418363
