0.149167 9.9991E-05 0.104012 0.746721
9.9982E-05 9.9982E-05 0.0164659 0.983334
0.494537 9.9982E-05 9.9982E-05 0.505263
0.131019 0.190117 9.9991E-05 0.678765
0.551439 9.9982E-05 0.448361 9.9982E-05
0.0829388 0.896382 9.9991E-05 0.0205791
0.819903 0.119885 0.0601116 9.9991E-05
0.0184426 9.99821E-05 9.99821E-05 0.981357
9.9982E-05 0.715235 0.284565 9.9982E-05
0.721356 9.9982E-05 0.278444 9.9982E-05
0.932924 9.99821E-05 0.066876 9.99821E-05
9.9991E-05 0.0662346 0.00900964 0.924656
0.468043 0.0980536 0.433803 9.9991E-05
0.901682 0.0209158 9.9991E-05 0.0773018
0.381173 9.9982E-05 0.618627 9.9982E-05
0.0285683 0.188183 0.783149 9.9991E-05
9.9982E-05 0.0459852 9.9982E-05 0.953815
0.287609 0.300253 0.412038 9.9991E-05
9.9982E-05 0.963001 9.9982E-05 0.0367987
9.9982E-05 0.0739752 0.925825 9.9982E-05
9.99821E-05 0.314556 0.685245 9.99821E-05
9.9991E-05 0.433168 0.380662 0.18607
9.9982E-05 0.109555 0.890245 9.9982E-05
0.319335 0.143232 0.0985987 0.438834
0.849562 0.124697 9.9991E-05 0.0256413
0.226722 9.9982E-05 0.773079 9.9982E-05
0.247145 0.0442093 9.9991E-05 0.708546
0.290427 0.655169 0.0543045 9.9991E-05
9.99821E-05 9.99821E-05 0.0224767 0.977323
9.99821E-05 0.634883 9.99821E-05 0.364917
0.9997 9.998E-05 9.998E-05 9.998E-05
0.9997 9.998E-05 9.998E-05 9.998E-05
0.883165 9.9982E-05 0.116635 9.9982E-05
0.0601984 0.938689 9.9991E-05 0.00101221
0.0219633 0.0737467 9.9991E-05 0.90419
9.9982E-05 0.339825 0.659975 9.9982E-05
9.9982E-05 0.890066 0.109735 9.9982E-05
0.0503332 0.949467 9.9982E-05 9.9982E-05
0.810649 0.189151 9.99821E-05 9.99821E-05
9.99821E-05 0.883806 9.99821E-05 0.115994
9.9982E-05 0.749306 9.9982E-05 0.250494
9.9982E-05 0.0704304 9.9982E-05 0.92937
9.998E-05 9.998E-05 0.9997 9.998E-05
0.85788 9.9982E-05 9.9982E-05 0.14192
0.276931 9.9982E-05 0.722869 9.9982E-05
9.998E-05 9.998E-05 9.998E-05 0.9997
9.9982E-05 0.464109 0.535691 9.9982E-05
9.99821E-05 0.891711 0.108089 9.99821E-05
0.162371 9.9991E-05 0.714166 0.123362
9.9982E-05 0.420797 0.579003 9.9982E-05
