0.626346 0.307553 0.0661005
0.980911 0.0189886 9.9991E-05
0.482753 0.517147 9.9991E-05
0.848846 0.151054 9.9991E-05
9.9991E-05 0.788016 0.211884
0.525515 9.9991E-05 0.474385
0.0336028 0.831334 0.135063
0.913478 0.0864221 9.9991E-05
0.101938 9.9991E-05 0.897962
9.9991E-05 0.870371 0.129529
9.999E-05 0.9998 9.999E-05
0.979912 0.00811488 0.0119728
9.9991E-05 0.553116 0.446784
0.134231 0.865669 9.9991E-05
9.9991E-05 0.589943 0.409957
9.9991E-05 0.0966448 0.903255
0.983755 0.0161449 9.9991E-05
9.9991E-05 0.315341 0.684559
0.598705 9.9991E-05 0.401195
9.9991E-05 0.0541871 0.945713
0.00124869 0.0276716 0.97108
0.211189 9.9991E-05 0.788711
9.9991E-05 0.176304 0.823596
0.53128 0.263276 0.205445
0.209404 0.790496 9.9991E-05
9.9991E-05 0.425054 0.574846
0.7414 0.2585 9.9991E-05
0.323152 0.22795 0.448898
0.939736 0.060164 9.99911E-05
0.661706 9.9991E-05 0.338194
9.999E-05 0.9998 9.999E-05
9.999E-05 0.9998 9.999E-05
9.999E-05 0.9998 9.999E-05
0.472332 9.9991E-05 0.527568
0.900728 0.0991723 9.9991E-05
9.9991E-05 0.00322182 0.996678
0.338866 9.9991E-05 0.661034
0.388278 9.9991E-05 0.611622
0.225827 0.677564 0.0966088
0.529087 9.9991E-05 0.470813
0.814791 9.9991E-05 0.185109
0.9998 9.999E-05 9.999E-05
9.9991E-05 0.0142473 0.985653
0.194811 0.805089 9.9991E-05
9.9991E-05 0.504425 0.495475
0.976992 0.0229084 9.9991E-05
9.999E-05 9.999E-05 0.9998
0.253418 9.9991E-05 0.746482
9.9991E-05 0.489303 0.510597
0.115588 0.0573744 0.827037
