0.747038 0.252862 9.9991E-05
0.990319 9.9991E-05 0.009581
0.532458 0.467442 9.9991E-05
0.881817 0.0791997 0.038983
9.9991E-05 0.893007 0.106893
0.372741 9.9991E-05 0.627159
0.0612385 0.838349 0.100413
0.920703 0.0791974 9.9991E-05
9.999E-05 9.999E-05 0.9998
9.999E-05 0.9998 9.999E-05
9.999E-05 0.9998 9.999E-05
0.9998 9.999E-05 9.999E-05
9.9991E-05 0.68716 0.31274
0.199033 0.800867 9.9991E-05
9.9991E-05 0.752389 0.247511
9.9991E-05 0.223543 0.776357
0.96997 0.0299298 9.9991E-05
9.9991E-05 0.42298 0.57692
0.427913 9.9991E-05 0.571987
9.9991E-05 0.129999 0.869901
9.9991E-05 0.171506 0.828394
0.146427 0.0226925 0.830881
9.9991E-05 0.304578 0.695322
0.550151 0.265863 0.183985
0.216017 0.783883 9.9991E-05
9.9991E-05 0.650814 0.349086
0.824193 0.175707 9.9991E-05
0.211413 0.2555 0.533086
0.999672 0.00022838 9.99911E-05
0.663989 9.9991E-05 0.335911
0.11143 0.88847 9.9991E-05
0.0222503 0.97765 9.9991E-05
9.999E-05 0.9998 9.999E-05
0.363214 9.9991E-05 0.636686
0.939416 0.0604839 9.9991E-05
9.9991E-05 0.0853378 0.914562
0.273027 9.9991E-05 0.726873
0.326664 9.9991E-05 0.673236
0.233475 0.713618 0.0529071
0.459494 9.9991E-05 0.540406
0.608817 9.9991E-05 0.391083
0.9998 9.999E-05 9.999E-05
9.9991E-05 0.188478 0.811422
0.216063 0.783837 9.9991E-05
9.9991E-05 0.647851 0.352049
0.979809 0.0200908 9.9991E-05
9.9991E-05 0.026844 0.973056
0.121793 9.9991E-05 0.878107
9.9991E-05 0.551989 0.447911
9.9991E-05 0.125278 0.874622
