0.642192 9.99737E-05 0.282705 9.99737E-05 9.99737E-05 0.0748031
0.180439 0.0940969 0.155714 0.287528 0.282123 9.99912E-05
0.0717931 0.239843 9.99824E-05 0.570418 0.117746 9.99824E-05
0.451028 9.99737E-05 0.523049 9.99737E-05 9.99737E-05 0.0256227
0.0281289 9.99736E-05 0.646234 9.99736E-05 0.325337 9.99736E-05
0.232059 0.236011 0.369461 0.162269 9.99825E-05 9.99825E-05
9.99823E-05 0.141676 0.332516 9.99823E-05 0.287278 0.23833
0.129166 0.588598 0.281936 9.99737E-05 9.99737E-05 9.99737E-05
9.99736E-05 0.507415 0.333552 9.99736E-05 9.99736E-05 0.158733
0.211849 0.193808 9.99737E-05 9.99737E-05 0.594044 9.99737E-05
0.288022 0.155696 9.99823E-05 9.99823E-05 0.37304 0.183042
0.300811 0.637792 0.0610973 9.99736E-05 9.99736E-05 9.99736E-05
0.0228372 0.0784061 0.698905 9.99825E-05 9.99825E-05 0.199651
0.469129 9.99824E-05 0.11085 0.142961 0.27686 9.99824E-05
9.996E-05 0.9995 9.996E-05 9.996E-05 9.996E-05 9.996E-05
9.99651E-05 9.99651E-05 0.0623464 9.99651E-05 0.937254 9.99651E-05
0.595254 9.99737E-05 9.99737E-05 9.99737E-05 0.278584 0.125863
0.590037 9.99826E-05 9.99826E-05 0.144849 0.215405 0.0495096
9.99647E-05 0.386897 9.99647E-05 9.99647E-05 9.99647E-05 0.612703
9.9965E-05 9.9965E-05 0.812386 9.9965E-05 9.9965E-05 0.187214
0.212259 0.203988 9.99824E-05 0.257326 0.326227 9.99824E-05
0.116706 0.448728 0.334295 9.99912E-05 0.012287 0.0878839
0.541289 9.99739E-05 0.257005 0.201406 9.99739E-05 9.99739E-05
9.99738E-05 0.0811158 0.763141 9.99738E-05 0.155444 9.99738E-05
9.99649E-05 9.99649E-05 9.99649E-05 0.685217 9.99649E-05 0.314383
0.293347 0.631775 9.99735E-05 9.99735E-05 9.99735E-05 0.0745784
9.99649E-05 0.65871 9.99649E-05 9.99649E-05 9.99649E-05 0.34089
9.99649E-05 9.99649E-05 9.99649E-05 9.99649E-05 0.49794 0.50166
9.99648E-05 0.994821 9.99648E-05 0.00477962 9.99648E-05 9.99648E-05
9.99738E-05 9.99738E-05 0.160793 9.99738E-05 0.679486 0.159421
9.996E-05 0.9995 9.996E-05 9.996E-05 9.996E-05 9.996E-05
0.173774 9.9965E-05 0.825826 9.9965E-05 9.9965E-05 9.9965E-05
9.99825E-05 0.0185524 0.358279 0.174621 0.448348 9.99825E-05
0.361877 9.99646E-05 9.99646E-05 9.99646E-05 0.637723 9.99646E-05
0.771452 0.0773006 9.99825E-05 9.99825E-05 0.113371 0.0376763
0.696827 9.99648E-05 9.99648E-05 9.99648E-05 9.99648E-05 0.302773
0.200024 0.406041 0.292975 9.99823E-05 0.10076 9.99823E-05
9.99742E-05 0.414851 0.488867 0.0959814 9.99742E-05 9.99742E-05
9.99738E-05 0.215732 0.111783 9.99738E-05 0.672184 9.99738E-05
0.301223 0.274627 9.99736E-05 9.99736E-05 0.42385 9.99736E-05
0.791088 0.208512 9.99647E-05 9.99647E-05 9.99647E-05 9.99647E-05
0.27464 9.99737E-05 0.175402 9.99737E-05 9.99737E-05 0.549658
9.99648E-05 0.646994 9.99648E-05 0.352606 9.99648E-05 9.99648E-05
9.99648E-05 9.99648E-05 0.36769 9.99648E-05 0.63191 9.99648E-05
9.99737E-05 0.678551 9.99737E-05 9.99737E-05 0.312472 0.00867708
0.0746122 9.99823E-05 0.705448 9.99823E-05 0.064587 0.155153
9.99648E-05 0.366784 9.99648E-05 9.99648E-05 0.632816 9.99648E-05
0.869847 9.99736E-05 0.0914993 9.99736E-05 9.99736E-05 0.0383541
9.9965E-05 9.9965E-05 0.668863 9.9965E-05 0.330737 9.9965E-05
0.313692 0.238088 0.44792 9.99734E-05 9.99734E-05 9.99734E-05
9.99652E-05 9.99652E-05 0.260457 9.99652E-05 0.739143 9.99652E-05
0.053984 9.99823E-05 0.269293 0.172131 9.99823E-05 0.504393
0.589486 0.185777 0.224437 9.99737E-05 9.99737E-05 9.99737E-05
0.0905341 0.234289 0.674877 9.99737E-05 9.99737E-05 9.99737E-05
0.128172 0.138773 0.43614 0.00151283 0.295302 9.99913E-05
0.0991244 0.000687123 9.99825E-05 0.816212 9.99825E-05 0.0837768
9.99737E-05 0.149803 0.574086 0.275811 9.99737E-05 9.99737E-05
0.268061 0.255294 9.99736E-05 9.99736E-05 0.476345 9.99736E-05
0.502074 9.99824E-05 0.100335 9.99824E-05 0.228659 0.168732
0.402918 9.99824E-05 0.163337 0.16278 9.99824E-05 0.270764
0.253002 0.00618512 9.99824E-05 0.139327 0.601287 9.99824E-05
0.696534 9.99736E-05 9.99736E-05 9.99736E-05 0.0350978 0.268068
0.362437 0.313994 0.0991964 0.224173 9.99825E-05 9.99825E-05
0.737438 9.99649E-05 0.262162 9.99649E-05 9.99649E-05 9.99649E-05
0.100695 0.518613 9.99734E-05 9.99734E-05 0.380393 9.99734E-05
0.50548 9.99736E-05 0.13708 9.99736E-05 0.35714 9.99736E-05
0.644578 0.0258424 0.0513723 0.278007 9.998E-05 9.998E-05
9.99648E-05 0.900509 9.99648E-05 0.0990907 9.99648E-05 9.99648E-05
0.285746 9.99824E-05 9.99824E-05 0.200452 0.380965 0.132637
0.426338 9.99734E-05 0.48675 0.0866123 9.99734E-05 9.99734E-05
0.299813 0.0863368 9.99912E-05 0.462362 0.143002 0.00838626
0.369864 0.398294 0.231542 9.99736E-05 9.99736E-05 9.99736E-05
0.461916 0.11055 9.99824E-05 0.0318334 0.395501 9.99824E-05
9.99649E-05 0.480179 9.99649E-05 9.99649E-05 9.99649E-05 0.519421
9.99739E-05 0.17633 9.99739E-05 0.129272 0.694098 9.99739E-05
9.99739E-05 0.289166 0.326061 9.99739E-05 0.384473 9.99739E-05
0.281153 0.248048 0.439008 0.0315913 9.99825E-05 9.99825E-05
0.54329 9.99736E-05 9.99736E-05 0.184219 0.272192 9.99736E-05
0.0894132 0.414397 0.49263 0.00335937 9.99825E-05 9.99825E-05
0.255001 0.12982 9.99736E-05 9.99736E-05 0.614879 9.99736E-05
9.99913E-05 0.203886 0.53099 0.120876 0.0825465 0.061602
9.99738E-05 9.99738E-05 9.99738E-05 0.0504777 0.371681 0.577541
9.99736E-05 9.99736E-05 0.475594 0.103182 0.420925 9.99736E-05
0.202243 9.99738E-05 0.463283 9.99738E-05 9.99738E-05 0.334174
9.99913E-05 0.329421 0.0213441 0.0663419 0.0360269 0.546767
9.99824E-05 0.418635 0.430349 9.99824E-05 0.0789227 0.0718939
0.0491715 0.0301711 9.99824E-05 9.99824E-05 0.199151 0.721306
9.99739E-05 0.506981 0.360272 9.99739E-05 9.99739E-05 0.132447
0.714646 0.284954 9.99653E-05 9.99653E-05 9.99653E-05 9.99653E-05
0.262734 9.99738E-05 0.12888 9.99738E-05 0.608086 9.99738E-05
9.99737E-05 0.319383 0.481299 9.99737E-05 0.199018 9.99737E-05
0.315293 9.99824E-05 0.368939 0.0210978 9.99824E-05 0.294471
0.0318069 9.99824E-05 0.332567 0.116559 0.518867 9.99824E-05
0.0388094 0.0500509 0.574843 0.175789 9.99912E-05 0.160408
0.353981 9.99737E-05 0.386299 9.99737E-05 9.99737E-05 0.25942
0.0252612 0.336122 0.233019 0.0433106 0.314477 0.0478099
0.0221484 0.319836 0.61932 0.038496 9.99825E-05 9.99825E-05
0.801538 9.99649E-05 9.99649E-05 9.99649E-05 0.198062 9.99649E-05
0.104322 0.0717413 0.823637 9.99737E-05 9.99737E-05 9.99737E-05
0.307776 9.99737E-05 9.99737E-05 0.632053 0.0598709 9.99737E-05
9.99824E-05 9.99824E-05 0.0758145 0.198631 0.342631 0.382724
0.24936 0.338486 9.99735E-05 9.99735E-05 0.411855 9.99735E-05
0.339268 9.99824E-05 9.99824E-05 0.00230866 0.304173 0.354051
0.258038 9.99824E-05 9.99824E-05 0.120495 0.276663 0.344604
0.430828 9.99736E-05 0.130421 9.99736E-05 0.438452 9.99736E-05
9.99826E-05 0.807534 0.0256807 0.00345521 0.16313 9.99826E-05
0.177453 0.181602 0.289364 0.35138 9.99824E-05 9.99824E-05
9.99738E-05 0.0407239 0.857323 0.101653 9.99738E-05 9.99738E-05
0.336282 9.99738E-05 0.335216 9.99738E-05 9.99738E-05 0.328202
0.559146 0.440454 9.9965E-05 9.9965E-05 9.9965E-05 9.9965E-05
9.99651E-05 9.99651E-05 0.419783 9.99651E-05 9.99651E-05 0.579817
9.996E-05 9.996E-05 9.996E-05 9.996E-05 9.996E-05 0.9995
0.394062 9.99824E-05 9.99824E-05 0.111364 0.404162 0.0902115
0.269136 0.730464 9.99647E-05 9.99647E-05 9.99647E-05 9.99647E-05
0.9995 9.996E-05 9.996E-05 9.996E-05 9.996E-05 9.996E-05
9.99824E-05 0.0125243 9.99824E-05 0.215037 0.0840342 0.688205
9.99653E-05 9.99653E-05 9.99653E-05 0.484378 0.515222 9.99653E-05
0.933085 9.9965E-05 9.9965E-05 9.9965E-05 9.9965E-05 0.0665148
9.99738E-05 0.365793 9.99738E-05 9.99738E-05 0.194543 0.439364
0.805765 0.112009 9.99738E-05 9.99738E-05 0.0819258 9.99738E-05
9.99738E-05 9.99738E-05 0.844347 0.00526878 0.150084 9.99738E-05
0.373808 0.488542 9.99737E-05 0.13735 9.99737E-05 9.99737E-05
0.856105 9.99734E-05 9.99734E-05 9.99734E-05 0.050683 0.092912
9.99735E-05 0.0917896 0.772789 9.99735E-05 0.135121 9.99735E-05
0.0044274 9.99825E-05 0.541255 0.122821 0.331298 9.99825E-05
0.00636527 9.99825E-05 0.0293929 0.343409 9.99825E-05 0.620633
0.434126 0.0423726 0.310284 0.213017 9.99824E-05 9.99824E-05
0.2484 0.20907 9.99824E-05 0.532983 0.00934726 9.99824E-05
0.16589 0.181277 9.99824E-05 9.99824E-05 0.0734542 0.57918
0.332572 0.0312371 0.260821 0.089912 9.99912E-05 0.285359
9.99737E-05 0.270707 0.449206 0.279788 9.99737E-05 9.99737E-05
0.228223 9.99648E-05 0.771377 9.99648E-05 9.99648E-05 9.99648E-05
0.666116 9.9965E-05 9.9965E-05 0.333484 9.9965E-05 9.9965E-05
0.145412 9.99825E-05 0.621399 9.99825E-05 0.162932 0.0700568
0.723207 9.99649E-05 9.99649E-05 9.99649E-05 9.99649E-05 0.276394
9.99738E-05 0.378243 0.0118075 9.99738E-05 0.609649 9.99738E-05
0.77371 9.99737E-05 9.99737E-05 9.99737E-05 0.153193 0.0727972
9.99736E-05 0.509784 0.259076 0.23084 9.99736E-05 9.99736E-05
0.0542806 0.208269 0.737151 9.99736E-05 9.99736E-05 9.99736E-05
9.99825E-05 0.0248379 0.421906 9.99825E-05 0.357276 0.195781
0.387363 9.99824E-05 0.0667207 0.41701 9.99824E-05 0.128706
9.99737E-05 0.498181 0.095095 0.406424 9.99737E-05 9.99737E-05
0.176347 0.0800175 0.59084 9.99912E-05 0.0913194 0.0613758
9.99736E-05 9.99736E-05 0.175812 0.0121987 9.99736E-05 0.811689
0.557422 9.99735E-05 9.99735E-05 9.99735E-05 0.271955 0.170323
9.99823E-05 0.441955 0.134066 0.338154 9.99823E-05 0.0856249
9.99824E-05 0.436779 0.0798728 0.0257679 0.45738 9.99824E-05
0.40031 9.99912E-05 0.0775952 0.0509835 0.409757 0.0612545
9.99735E-05 9.99735E-05 0.297079 0.50793 0.194691 9.99735E-05
0.498034 9.99736E-05 0.378222 9.99736E-05 9.99736E-05 0.123445
9.99737E-05 0.136013 0.793248 9.99737E-05 0.0704391 9.99737E-05
0.553368 0.174122 0.0106364 9.99823E-05 9.99823E-05 0.261673
9.99736E-05 0.517545 0.424294 9.99736E-05 9.99736E-05 0.0578611
0.224114 9.99648E-05 0.775486 9.99648E-05 9.99648E-05 9.99648E-05
0.921248 9.99648E-05 9.99648E-05 9.99648E-05 0.0783521 9.99648E-05
0.34136 0.148779 9.99824E-05 0.395149 9.99824E-05 0.114512
9.99823E-05 0.516236 0.176456 9.99823E-05 0.224829 0.0822791
0.255689 9.99824E-05 0.2262 9.99824E-05 0.207238 0.310673
0.626588 9.99737E-05 0.187426 9.99737E-05 9.99737E-05 0.185686
9.99735E-05 0.841016 0.109361 9.99735E-05 9.99735E-05 0.0493231
0.837901 9.99651E-05 9.99651E-05 9.99651E-05 9.99651E-05 0.161699
9.99737E-05 0.137699 0.823879 9.99737E-05 0.0381217 9.99737E-05
9.99738E-05 0.0880625 9.99738E-05 0.689105 0.222533 9.99738E-05
9.99735E-05 0.453006 0.0947724 9.99735E-05 9.99735E-05 0.451922
0.647107 9.99738E-05 9.99738E-05 9.99738E-05 0.246139 0.106455
9.99735E-05 9.99735E-05 0.481309 0.382138 9.99735E-05 0.136253
9.99736E-05 9.99736E-05 0.536633 9.99736E-05 0.15212 0.310947
0.312621 0.608608 9.99737E-05 0.078471 9.99737E-05 9.99737E-05
0.193875 0.559082 9.99738E-05 9.99738E-05 0.246743 9.99738E-05
0.474601 9.99652E-05 0.524999 9.99652E-05 9.99652E-05 9.99652E-05
9.996E-05 9.996E-05 9.996E-05 9.996E-05 0.9995 9.996E-05
0.0912668 0.113279 9.99824E-05 9.99824E-05 0.287574 0.50768
0.530349 9.99826E-05 0.170592 9.99826E-05 0.116952 0.181906
9.99652E-05 9.99652E-05 0.513637 9.99652E-05 9.99652E-05 0.485963
0.349117 0.50208 9.99738E-05 0.148503 9.99738E-05 9.99738E-05
0.0486163 0.30646 0.605945 0.0387793 9.99827E-05 9.99827E-05
9.99648E-05 9.99648E-05 0.366131 9.99648E-05 0.633469 9.99648E-05
9.99652E-05 9.99652E-05 9.99652E-05 0.324102 9.99652E-05 0.675498
9.9965E-05 0.352623 9.9965E-05 9.9965E-05 0.646977 9.9965E-05
0.684093 0.312807 9.99739E-05 9.99739E-05 9.99739E-05 0.00280069
0.437126 0.387327 0.025358 0.0197752 9.99913E-05 0.130314
0.912142 9.9965E-05 0.0874583 9.9965E-05 9.9965E-05 9.9965E-05
0.9995 9.996E-05 9.996E-05 9.996E-05 9.996E-05 9.996E-05
9.99738E-05 9.99738E-05 9.99738E-05 0.345933 0.653217 0.000550077
0.9995 9.996E-05 9.996E-05 9.996E-05 9.996E-05 9.996E-05
0.35263 0.0408098 9.99824E-05 0.360043 0.246317 9.99824E-05
0.657183 9.99647E-05 9.99647E-05 9.99647E-05 9.99647E-05 0.342417
0.479771 9.99649E-05 0.519829 9.99649E-05 9.99649E-05 9.99649E-05
0.00583634 9.99824E-05 0.648623 0.209297 0.136044 9.99824E-05
9.996E-05 9.996E-05 0.9995 9.996E-05 9.996E-05 9.996E-05
0.247459 0.0924954 0.321561 9.99824E-05 9.99824E-05 0.338284
9.99647E-05 9.99647E-05 0.611912 0.387688 9.99647E-05 9.99647E-05
9.99653E-05 9.99653E-05 0.643921 9.99653E-05 9.99653E-05 0.355679
0.543451 0.354182 0.0613302 9.99824E-05 0.0408364 9.99824E-05
9.9965E-05 9.9965E-05 0.174121 9.9965E-05 9.9965E-05 0.82548
9.99825E-05 0.271484 0.449775 0.102956 9.99825E-05 0.175585
0.288017 0.158462 9.99736E-05 0.553221 9.99736E-05 9.99736E-05
9.99737E-05 0.671464 0.254882 0.0733537 9.99737E-05 9.99737E-05
0.0402342 0.544468 0.414997 9.99735E-05 9.99735E-05 9.99735E-05
9.9965E-05 0.898596 9.9965E-05 9.9965E-05 0.101004 9.9965E-05
0.604516 0.0433188 9.99912E-05 0.030593 0.32059 0.000882004
9.99736E-05 9.99736E-05 0.756894 9.99736E-05 0.135608 0.107198
0.276806 0.174293 9.99911E-05 0.0230315 0.307406 0.218364
0.561535 9.99652E-05 0.438065 9.99652E-05 9.99652E-05 9.99652E-05
9.99913E-05 0.130292 0.136982 0.000180223 0.493724 0.238722
0.127171 0.804201 0.0683271 9.99737E-05 9.99737E-05 9.99737E-05
0.174413 9.99824E-05 0.285516 0.0516826 0.488189 9.99824E-05
9.99739E-05 0.624711 9.99739E-05 0.136333 0.238655 9.99739E-05
0.0758591 0.35749 0.30824 0.0818638 0.176447 9.99913E-05
0.12138 9.99823E-05 0.473737 0.274321 9.99823E-05 0.130363
0.46584 0.125605 9.99825E-05 0.308999 0.0993555 9.99825E-05
9.99824E-05 0.315037 9.99824E-05 0.336548 0.298138 0.0500767
0.00317564 0.307714 0.526668 0.162242 9.99824E-05 9.99824E-05
9.99647E-05 9.99647E-05 9.99647E-05 0.37976 9.99647E-05 0.61984
0.0154594 9.99824E-05 9.99824E-05 0.282568 0.359291 0.342482
9.996E-05 0.9995 9.996E-05 9.996E-05 9.996E-05 9.996E-05
9.99737E-05 0.306911 9.99737E-05 0.0895495 9.99737E-05 0.60324
9.99648E-05 9.99648E-05 0.678795 9.99648E-05 0.320805 9.99648E-05
0.734674 9.99735E-05 0.182206 9.99735E-05 0.0828195 9.99735E-05
0.256626 9.99647E-05 0.742974 9.99647E-05 9.99647E-05 9.99647E-05
0.710635 0.0449982 9.99824E-05 0.243907 0.000260072 9.99824E-05
0.149909 0.27533 9.99825E-05 0.389742 0.184819 9.99825E-05
0.0451904 0.391334 0.563176 9.99738E-05 9.99738E-05 9.99738E-05
9.99735E-05 0.372121 9.99735E-05 0.0514 0.576179 9.99735E-05
0.24626 9.99735E-05 0.50549 0.24795 9.99735E-05 9.99735E-05
0.0759553 9.99738E-05 0.0119035 0.911841 9.99738E-05 9.99738E-05
9.9965E-05 0.558034 0.441566 9.9965E-05 9.9965E-05 9.9965E-05
0.188607 9.99824E-05 0.336519 0.31882 9.99824E-05 0.155854
0.327625 0.115937 0.556139 9.99736E-05 9.99736E-05 9.99736E-05
0.00295464 0.156968 9.99824E-05 9.99824E-05 0.486904 0.352974
0.679422 9.99736E-05 0.0537323 9.99736E-05 0.266545 9.99736E-05
0.0822231 0.467057 9.99913E-05 0.0501817 0.196066 0.204372
9.99827E-05 0.104956 0.123622 0.600117 0.171106 9.99827E-05
0.680272 0.0756192 0.151305 0.0926044 9.99825E-05 9.99825E-05
0.10071 9.99825E-05 9.99825E-05 0.0226762 0.702085 0.174329
0.254486 0.046107 0.622527 9.99912E-05 0.0117565 0.0650229
9.99736E-05 0.295281 0.627074 9.99736E-05 9.99736E-05 0.0773446
0.0686858 0.172106 0.727085 9.99823E-05 9.99823E-05 0.0319231
9.996E-05 9.996E-05 9.996E-05 0.9995 9.996E-05 9.996E-05
0.688192 9.99649E-05 0.311409 9.99649E-05 9.99649E-05 9.99649E-05
0.150978 0.604234 9.99736E-05 9.99736E-05 9.99736E-05 0.244488
9.9965E-05 9.9965E-05 9.9965E-05 9.9965E-05 0.837116 0.162484
0.0733268 0.798702 9.99737E-05 9.99737E-05 9.99737E-05 0.127672
9.996E-05 9.996E-05 0.9995 9.996E-05 9.996E-05 9.996E-05
9.996E-05 0.9995 9.996E-05 9.996E-05 9.996E-05 9.996E-05
0.229781 9.99736E-05 0.178188 0.591732 9.99736E-05 9.99736E-05
0.317874 9.99825E-05 0.175421 9.99825E-05 0.215105 0.2914
0.152073 0.740064 0.0438197 9.99825E-05 0.0638439 9.99825E-05
0.622989 9.99737E-05 9.99737E-05 0.270265 9.99737E-05 0.106446
9.99825E-05 0.0182977 0.635234 0.13751 9.99825E-05 0.208758
0.208255 0.542955 9.99825E-05 9.99825E-05 0.223991 0.0245994
0.9995 9.996E-05 9.996E-05 9.996E-05 9.996E-05 9.996E-05
0.515601 0.123237 0.260218 0.100743 9.99824E-05 9.99824E-05
0.36138 9.99735E-05 0.0919619 0.546358 9.99735E-05 9.99735E-05
0.815355 9.99649E-05 9.99649E-05 9.99649E-05 0.184245 9.99649E-05
9.99824E-05 0.403821 0.0479897 0.489466 9.99824E-05 0.0585233
0.229466 0.399712 0.0280006 9.99824E-05 0.342621 9.99824E-05
9.99738E-05 0.755325 9.99738E-05 0.117844 9.99738E-05 0.126531
0.194378 0.223698 0.00168418 0.0347027 0.51724 0.028296
0.667094 0.270767 9.99739E-05 9.99739E-05 0.0618382 9.99739E-05
0.518476 9.99736E-05 0.200218 0.281006 9.99736E-05 9.99736E-05
