9.99735E-05 9.99735E-05 9.99735E-05 0.483926 0.125977 0.389797
9.99825E-05 9.99825E-05 0.00801153 0.034464 0.915654 0.0416701
0.0898818 0.123601 9.99737E-05 0.786217 9.99737E-05 9.99737E-05
0.180478 9.99651E-05 0.819122 9.99651E-05 9.99651E-05 9.99651E-05
9.998E-05 0.158918 0.0774832 9.998E-05 0.729942 0.0334569
9.996E-05 9.996E-05 9.996E-05 0.957844 9.996E-05 0.041756
0.225845 9.99736E-05 0.271854 9.99736E-05 0.502001 9.99736E-05
0.187052 9.99823E-05 0.136952 0.0429966 9.99823E-05 0.6328
9.99737E-05 9.99737E-05 9.99737E-05 0.597418 0.00114624 0.401136
0.409268 9.99824E-05 0.392073 0.0877969 0.110663 9.99824E-05
0.178062 9.99738E-05 0.594859 9.99738E-05 0.226779 9.99738E-05
9.99736E-05 9.99736E-05 9.99736E-05 0.955255 0.0182202 0.0262248
0.189163 9.99825E-05 0.66833 0.076329 0.0659775 9.99825E-05
0.213048 9.99824E-05 0.305772 0.391009 0.0899709 9.99824E-05
9.99737E-05 9.99737E-05 0.328605 9.99737E-05 0.0618215 0.609274
0.269869 9.99912E-05 0.142953 0.208377 0.15948 0.219221
9.99649E-05 9.99649E-05 0.931788 9.99649E-05 9.99649E-05 0.0678124
0.267037 9.99827E-05 0.178984 9.99827E-05 0.396879 0.1569
0.358346 0.573533 9.99736E-05 9.99736E-05 0.0678207 9.99736E-05
9.99653E-05 9.99653E-05 0.48305 9.99653E-05 9.99653E-05 0.51655
0.478529 0.0185706 0.372206 9.99825E-05 0.130495 9.99825E-05
0.0205159 9.99824E-05 0.278619 0.0979503 0.602715 9.99824E-05
0.421481 9.9965E-05 0.578119 9.9965E-05 9.9965E-05 9.9965E-05
0.335051 0.266438 0.174551 9.99825E-05 0.22376 9.99825E-05
0.468652 0.0594454 0.268725 0.202978 9.99824E-05 9.99824E-05
9.9965E-05 0.303599 9.9965E-05 9.9965E-05 0.696001 9.9965E-05
0.539196 9.99647E-05 9.99647E-05 9.99647E-05 9.99647E-05 0.460404
0.250469 0.214119 9.99735E-05 9.99735E-05 0.535111 9.99735E-05
9.99737E-05 0.354938 9.99737E-05 0.186168 9.99737E-05 0.458594
0.366557 0.531872 0.101271 9.99737E-05 9.99737E-05 9.99737E-05
9.99824E-05 0.379339 0.0517958 0.103144 9.99824E-05 0.465521
0.502085 9.99646E-05 0.497516 9.99646E-05 9.99646E-05 9.99646E-05
9.99739E-05 0.107115 9.99739E-05 9.99739E-05 0.763511 0.129074
0.309222 0.216151 0.23781 9.99823E-05 9.99823E-05 0.236617
0.662576 0.337024 9.99651E-05 9.99651E-05 9.99651E-05 9.99651E-05
0.190321 0.229777 9.99824E-05 9.99824E-05 0.234934 0.344768
9.998E-05 9.998E-05 0.211693 0.184425 0.331219 0.272463
0.0835613 9.99826E-05 0.00879302 0.869213 9.99826E-05 0.0382326
0.277475 9.99735E-05 0.72057 0.00165477 9.99735E-05 9.99735E-05
0.275788 9.99823E-05 0.265656 9.99823E-05 0.0735786 0.384777
9.99652E-05 0.268595 9.99652E-05 9.99652E-05 9.99652E-05 0.731005
0.180054 0.453836 9.99735E-05 0.36581 9.99735E-05 9.99735E-05
9.99738E-05 0.429125 9.99738E-05 0.371801 0.198774 9.99738E-05
0.916133 9.9965E-05 9.9965E-05 0.0834671 9.9965E-05 9.9965E-05
9.99824E-05 0.0652199 9.99824E-05 0.256397 0.0524216 0.625761
9.99823E-05 0.0056457 0.435536 9.99823E-05 0.438373 0.120246
0.289021 0.30087 9.99824E-05 0.114746 9.99824E-05 0.295164
9.99824E-05 9.99824E-05 0.163116 0.16563 0.254696 0.416359
9.9965E-05 9.9965E-05 0.65684 9.9965E-05 0.34276 9.9965E-05
9.99647E-05 0.475368 9.99647E-05 0.524232 9.99647E-05 9.99647E-05
9.99825E-05 0.058106 0.514884 9.99825E-05 0.366445 0.0603649
9.9965E-05 9.9965E-05 9.9965E-05 0.49219 0.50741 9.9965E-05
9.99824E-05 0.117206 0.564559 0.0516596 0.266376 9.99824E-05
0.15088 0.367944 9.99823E-05 9.99823E-05 0.0180496 0.462927
0.000723873 9.99737E-05 9.99737E-05 0.273691 9.99737E-05 0.725286
0.359349 9.99736E-05 0.344731 0.29562 9.99736E-05 9.99736E-05
9.99734E-05 0.556212 9.99734E-05 0.0772074 0.366281 9.99734E-05
9.996E-05 9.996E-05 0.9995 9.996E-05 9.996E-05 9.996E-05
9.99648E-05 0.0407986 9.99648E-05 9.99648E-05 9.99648E-05 0.958802
0.630638 9.99824E-05 0.0739026 9.99824E-05 0.18173 0.113529
9.99735E-05 0.471844 9.99735E-05 9.99735E-05 0.319034 0.208822
0.00591297 9.998E-05 0.198985 9.998E-05 0.447369 0.347532
0.231538 0.727747 0.0404156 9.99737E-05 9.99737E-05 9.99737E-05
9.99737E-05 9.99737E-05 9.99737E-05 0.276573 0.340644 0.382484
0.287902 9.99735E-05 9.99735E-05 0.176917 9.99735E-05 0.534882
0.749174 9.99647E-05 0.250427 9.99647E-05 9.99647E-05 9.99647E-05
0.0646239 0.934976 9.99651E-05 9.99651E-05 9.99651E-05 9.99651E-05
0.0490572 0.172348 9.99824E-05 0.34887 9.99824E-05 0.429525
0.0913317 0.548803 9.99824E-05 0.340132 9.99824E-05 0.0195337
0.863233 0.136367 9.99648E-05 9.99648E-05 9.99648E-05 9.99648E-05
9.99738E-05 9.99738E-05 0.486138 0.123222 0.39034 9.99738E-05
0.674188 9.99737E-05 0.226293 9.99737E-05 0.0992184 9.99737E-05
0.203986 9.99912E-05 0.0786747 0.117765 0.470334 0.12914
9.99649E-05 9.99649E-05 9.99649E-05 0.643681 0.355919 9.99649E-05
0.237905 0.512725 0.24907 9.99736E-05 9.99736E-05 9.99736E-05
0.264284 9.99649E-05 0.735317 9.99649E-05 9.99649E-05 9.99649E-05
0.0945387 9.99651E-05 0.905061 9.99651E-05 9.99651E-05 9.99651E-05
0.371047 9.99912E-05 0.112179 0.0552455 0.131858 0.329572
9.99823E-05 0.438889 0.0162186 9.99823E-05 0.188504 0.356188
9.99738E-05 9.99738E-05 0.568714 9.99738E-05 0.266574 0.164412
0.110924 0.428391 0.140191 0.292479 0.027915 9.99913E-05
9.996E-05 9.996E-05 0.172427 9.996E-05 0.827173 9.996E-05
0.305646 0.078408 9.999E-05 0.256976 0.031362 0.327508
9.99738E-05 0.157472 9.99738E-05 9.99738E-05 0.120957 0.721271
0.104622 0.743382 9.997E-05 0.151696 9.997E-05 9.997E-05
0.101841 9.99824E-05 0.399675 0.308171 9.99824E-05 0.190113
0.496324 0.0344513 0.21428 9.99825E-05 9.99825E-05 0.254745
0.288315 9.99739E-05 9.99739E-05 9.99739E-05 0.292647 0.418739
0.394912 9.99738E-05 9.99738E-05 0.214256 9.99738E-05 0.390533
9.99738E-05 9.99738E-05 9.99738E-05 0.408678 0.548984 0.0420376
0.556656 9.9965E-05 9.9965E-05 0.442944 9.9965E-05 9.9965E-05
9.99652E-05 9.99652E-05 9.99652E-05 0.524058 0.475542 9.99652E-05
0.329543 0.336628 0.0161999 0.156648 0.16088 9.99913E-05
9.99735E-05 9.99735E-05 0.310685 9.99735E-05 0.295228 0.393787
0.189442 9.99825E-05 9.99825E-05 0.430454 0.0355276 0.344376
9.99737E-05 0.0238226 9.99737E-05 0.250103 9.99737E-05 0.725774
0.00441006 0.821178 9.99739E-05 0.174112 9.99739E-05 9.99739E-05
0.78347 9.99649E-05 9.99649E-05 9.99649E-05 0.21613 9.99649E-05
0.0273389 9.99737E-05 0.533375 0.438986 9.99737E-05 9.99737E-05
0.559964 0.195923 0.243813 9.99737E-05 9.99737E-05 9.99737E-05
0.280983 9.99825E-05 0.34428 0.147113 0.227424 9.99825E-05
0.155835 0.160298 0.409348 9.99912E-05 0.094142 0.180277
9.99736E-05 9.99736E-05 0.192193 0.20086 0.606647 9.99736E-05
0.00531302 0.322169 9.99737E-05 0.672218 9.99737E-05 9.99737E-05
9.99739E-05 0.0376575 9.99739E-05 9.99739E-05 0.713969 0.248074
0.154885 9.99734E-05 9.99734E-05 0.100059 9.99734E-05 0.744756
0.51591 9.99649E-05 9.99649E-05 0.48369 9.99649E-05 9.99649E-05
0.487618 0.0950041 9.99825E-05 0.177024 0.240154 9.99825E-05
0.732534 0.000735422 9.99736E-05 9.99736E-05 9.99736E-05 0.266431
0.161721 9.99737E-05 0.0980823 9.99737E-05 0.739897 9.99737E-05
0.270258 0.207374 9.99738E-05 9.99738E-05 0.522068 9.99738E-05
0.575393 9.99647E-05 9.99647E-05 9.99647E-05 0.424207 9.99647E-05
0.219596 9.99824E-05 0.103861 0.0676962 0.608647 9.99824E-05
0.0925481 0.331742 0.305198 9.99912E-05 0.20084 0.0695722
9.996E-05 9.996E-05 9.996E-05 9.996E-05 9.996E-05 0.9995
9.99649E-05 9.99649E-05 9.99649E-05 0.560653 0.438947 9.99649E-05
0.252389 9.99651E-05 9.99651E-05 9.99651E-05 9.99651E-05 0.747211
0.645495 9.99652E-05 9.99652E-05 9.99652E-05 0.354105 9.99652E-05
9.99824E-05 0.200127 9.99824E-05 0.191209 0.365376 0.243088
0.212024 9.99824E-05 0.201448 0.198084 0.388245 9.99824E-05
9.996E-05 9.996E-05 9.996E-05 9.996E-05 0.9995 9.996E-05
0.983847 9.99651E-05 9.99651E-05 9.99651E-05 9.99651E-05 0.0157529
9.996E-05 0.9995 9.996E-05 9.996E-05 9.996E-05 9.996E-05
0.787248 9.99654E-05 0.212352 9.99654E-05 9.99654E-05 9.99654E-05
9.99734E-05 0.173673 0.700468 9.99734E-05 0.125559 9.99734E-05
0.989905 9.99651E-05 9.99651E-05 9.99651E-05 9.99651E-05 0.00969543
0.00694518 9.99824E-05 0.262234 0.668402 9.99824E-05 0.0622189
9.99825E-05 9.99825E-05 0.405273 0.0415241 0.0259064 0.527097
0.114888 0.261746 0.223467 9.99825E-05 0.399699 9.99825E-05
0.229204 0.0915113 9.99735E-05 0.678985 9.99735E-05 9.99735E-05
0.0669546 9.99824E-05 0.66628 0.120268 0.146297 9.99824E-05
9.9965E-05 9.9965E-05 9.9965E-05 0.895654 0.103947 9.9965E-05
0.248692 9.998E-05 0.290669 0.0310918 0.429348 9.998E-05
9.996E-05 9.996E-05 9.996E-05 0.9995 9.996E-05 9.996E-05
0.425315 9.99735E-05 0.248712 0.325673 9.99735E-05 9.99735E-05
9.99651E-05 9.99651E-05 9.99651E-05 0.837991 9.99651E-05 0.161609
9.99739E-05 0.232966 9.99739E-05 0.614847 0.151888 9.99739E-05
9.996E-05 9.996E-05 0.9995 9.996E-05 9.996E-05 9.996E-05
0.0866371 9.99738E-05 0.280192 9.99738E-05 9.99738E-05 0.632871
0.484891 9.99737E-05 9.99737E-05 0.297549 0.217259 9.99737E-05
9.99738E-05 9.99738E-05 0.412556 9.99738E-05 0.410526 0.176618
9.99824E-05 9.99824E-05 0.19281 0.258396 0.267379 0.281214
0.11609 9.99825E-05 9.99825E-05 0.598543 0.263118 0.0220497
9.99738E-05 9.99738E-05 0.312262 9.99738E-05 0.590235 0.0972036
0.20346 9.997E-05 0.601129 0.195111 9.997E-05 9.997E-05
0.776697 9.99649E-05 9.99649E-05 9.99649E-05 0.222903 9.99649E-05
9.99735E-05 0.59473 9.99735E-05 9.99735E-05 0.250445 0.154525
9.99735E-05 0.141397 0.0977371 9.99735E-05 9.99735E-05 0.760566
0.18555 0.175202 0.549728 9.99825E-05 9.99825E-05 0.089321
9.9974E-05 0.168106 9.9974E-05 9.9974E-05 0.41305 0.418544
0.457355 0.288127 9.99735E-05 9.99735E-05 9.99735E-05 0.254218
0.0527351 9.9965E-05 0.946865 9.9965E-05 9.9965E-05 9.9965E-05
0.327035 0.163391 9.99823E-05 0.0827215 0.426653 9.99823E-05
0.220856 9.99647E-05 9.99647E-05 9.99647E-05 0.778744 9.99647E-05
0.121792 0.188206 0.202497 0.257336 0.166532 0.063636
0.75231 0.247291 9.99652E-05 9.99652E-05 9.99652E-05 9.99652E-05
0.279462 0.131216 0.346366 0.242757 9.99826E-05 9.99826E-05
0.263705 0.440494 9.99739E-05 9.99739E-05 9.99739E-05 0.295502
0.422085 0.197813 9.99823E-05 0.21308 0.166822 9.99823E-05
0.0277298 0.0845092 9.99735E-05 9.99735E-05 0.887461 9.99735E-05
0.585634 9.99824E-05 0.180267 0.112666 9.99824E-05 0.121233
0.0961484 0.189706 0.469583 0.244362 9.99824E-05 9.99824E-05
9.99824E-05 0.251034 0.00268605 0.588905 9.99824E-05 0.157175
0.590132 9.99738E-05 0.0735117 0.336056 9.99738E-05 9.99738E-05
9.99647E-05 9.99647E-05 0.111137 0.888463 9.99647E-05 9.99647E-05
0.428937 9.99912E-05 0.0942529 0.0806573 0.310621 0.0854315
9.99648E-05 9.99648E-05 0.708186 9.99648E-05 0.291414 9.99648E-05
9.996E-05 0.488525 0.511075 9.996E-05 9.996E-05 9.996E-05
9.99651E-05 0.247569 0.752031 9.99651E-05 9.99651E-05 9.99651E-05
0.11289 0.271265 0.59245 9.99824E-05 0.0231943 9.99824E-05
9.996E-05 0.9995 9.996E-05 9.996E-05 9.996E-05 9.996E-05
0.176288 9.99736E-05 9.99736E-05 9.99736E-05 0.270576 0.552836
0.530145 9.99738E-05 9.99738E-05 0.0518018 0.417753 9.99738E-05
9.99736E-05 0.239496 0.299894 9.99736E-05 9.99736E-05 0.46031
9.99824E-05 9.99824E-05 0.0453379 0.581811 0.11833 0.254321
9.99653E-05 9.99653E-05 0.973966 0.0256343 9.99653E-05 9.99653E-05
0.678057 9.99736E-05 0.320662 9.99736E-05 9.99736E-05 0.000981016
9.99739E-05 0.130197 0.230419 9.99739E-05 0.639084 9.99739E-05
9.99737E-05 0.719283 0.0712022 9.99737E-05 0.209215 9.99737E-05
9.99649E-05 9.99649E-05 0.441595 9.99649E-05 9.99649E-05 0.558005
0.169916 0.511814 0.0977091 9.99823E-05 9.99823E-05 0.220361
0.442211 9.99737E-05 9.99737E-05 9.99737E-05 0.163487 0.394002
9.99735E-05 9.99735E-05 9.99735E-05 0.144463 0.281013 0.574224
9.998E-05 0.0889068 0.475923 9.998E-05 0.254913 0.180057
9.99824E-05 0.109586 0.271675 9.99824E-05 0.366219 0.25232
9.99649E-05 9.99649E-05 0.600448 9.99649E-05 0.399152 9.99649E-05
9.99823E-05 0.156381 0.287483 0.404935 0.151001 9.99823E-05
9.99825E-05 9.99825E-05 0.522858 0.0197628 0.359455 0.0977247
0.34177 9.99648E-05 9.99648E-05 9.99648E-05 9.99648E-05 0.65783
9.99648E-05 9.99648E-05 9.99648E-05 0.0779188 0.921681 9.99648E-05
0.121929 9.99826E-05 0.0117676 9.99826E-05 0.839898 0.0262063
9.99649E-05 0.266528 9.99649E-05 9.99649E-05 9.99649E-05 0.733072
9.99649E-05 9.99649E-05 0.0509776 9.99649E-05 9.99649E-05 0.948623
0.181612 0.169779 0.193464 9.99826E-05 0.454945 9.99826E-05
9.99824E-05 0.579595 0.0912812 9.99824E-05 0.0700571 0.258866
0.0300558 9.99823E-05 0.557851 0.359791 9.99823E-05 0.0521021
9.99646E-05 9.99646E-05 0.850023 0.149577 9.99646E-05 9.99646E-05
0.336653 9.99825E-05 9.99825E-05 0.0356075 0.446652 0.180888
9.99734E-05 9.99734E-05 0.28761 0.131761 0.580329 9.99734E-05
0.0512403 0.00448871 9.99824E-05 0.67144 0.272631 9.99824E-05
0.421447 9.99736E-05 9.99736E-05 0.5591 9.99736E-05 0.0191532
0.551616 0.0287853 9.99824E-05 0.258135 0.161264 9.99824E-05
9.9965E-05 9.9965E-05 0.543056 9.9965E-05 9.9965E-05 0.456544
0.466167 9.99736E-05 9.99736E-05 0.106457 9.99736E-05 0.427076
0.0701391 0.0708212 9.99824E-05 9.99824E-05 0.406557 0.452283
0.281955 9.99736E-05 0.114247 9.99736E-05 9.99736E-05 0.603498
0.024674 0.39215 0.007586 9.99912E-05 0.427489 0.148001
0.387291 9.99825E-05 9.99825E-05 0.0657743 0.0960028 0.450732
0.205269 9.99737E-05 9.99737E-05 0.168699 0.625732 9.99737E-05
0.287053 9.99648E-05 9.99648E-05 9.99648E-05 0.712547 9.99648E-05
0.194697 9.99737E-05 9.99737E-05 0.211053 0.59395 9.99737E-05
0.457587 0.0758615 9.99824E-05 0.0946009 9.99824E-05 0.371751
0.571293 9.99736E-05 0.192497 9.99736E-05 0.23591 9.99736E-05
0.0114838 9.99824E-05 9.99824E-05 0.265328 0.0952758 0.627713
9.99823E-05 9.99823E-05 0.244898 0.11777 0.483476 0.153656
9.9965E-05 0.884005 9.9965E-05 0.115595 9.9965E-05 9.9965E-05
9.996E-05 9.996E-05 9.996E-05 9.996E-05 0.9995 9.996E-05
0.460782 0.00612294 0.054193 0.0792561 0.118918 0.280728
0.553916 9.99735E-05 0.181028 9.99735E-05 9.99735E-05 0.264756
0.778067 9.99646E-05 0.221534 9.99646E-05 9.99646E-05 9.99646E-05
9.99736E-05 0.180685 0.554125 0.264889 9.99736E-05 9.99736E-05
0.0771537 0.0828416 0.323376 9.99824E-05 9.99824E-05 0.516429
0.0623319 9.99649E-05 0.937268 9.99649E-05 9.99649E-05 9.99649E-05
0.131504 9.997E-05 0.230802 0.637395 9.997E-05 9.997E-05
0.0799142 9.9974E-05 9.9974E-05 9.9974E-05 0.0870597 0.832726
9.99735E-05 9.99735E-05 0.157443 0.138415 0.703842 9.99735E-05
0.87381 9.99735E-05 0.113406 9.99735E-05 0.0124842 9.99735E-05
0.203783 0.386257 0.166158 0.0298879 9.99912E-05 0.213814
0.350039 0.152531 0.0682388 0.176301 0.00204665 0.250845
0.728319 9.99735E-05 9.99735E-05 0.100958 9.99735E-05 0.170422
0.350259 0.287234 0.362207 9.997E-05 9.997E-05 9.997E-05
9.996E-05 9.996E-05 9.996E-05 0.9995 9.996E-05 9.996E-05
0.506948 9.99736E-05 9.99736E-05 0.449704 9.99736E-05 0.0430485
0.668302 9.99738E-05 9.99738E-05 0.132957 0.19844 9.99738E-05
0.688488 9.99652E-05 0.311112 9.99652E-05 9.99652E-05 9.99652E-05
0.022607 9.99736E-05 9.99736E-05 9.99736E-05 0.135621 0.841472
0.0683591 0.613272 0.19468 9.99824E-05 0.123489 9.99824E-05
0.643424 0.0103446 0.293025 9.99826E-05 0.0530063 9.99826E-05
0.220182 9.998E-05 0.314934 0.0831349 9.998E-05 0.381549
0.0223146 0.0630448 0.0913899 0.187851 0.58561 0.0497892
9.99649E-05 9.99649E-05 9.99649E-05 0.956044 0.0435559 9.99649E-05
0.532991 9.99824E-05 9.99824E-05 0.00394207 0.373786 0.0890813
0.0824654 0.00797229 0.158362 9.99913E-05 0.69199 0.0591113
9.99826E-05 0.253984 0.660611 9.99826E-05 0.0197097 0.0654958
9.99649E-05 9.99649E-05 9.99649E-05 9.99649E-05 0.545412 0.454188
9.997E-05 0.493192 9.997E-05 0.374029 9.997E-05 0.132479
0.355499 9.99825E-05 0.219435 0.1235 0.301366 9.99825E-05
9.99736E-05 0.497966 0.0722086 0.429525 9.99736E-05 9.99736E-05
0.602662 0.00916208 9.99738E-05 9.99738E-05 0.387876 9.99738E-05
9.99826E-05 0.236035 9.99826E-05 0.0633967 0.0188955 0.681473
9.99735E-05 0.359045 0.461365 9.99735E-05 0.17929 9.99735E-05
9.99652E-05 9.99652E-05 9.99652E-05 0.943087 9.99652E-05 0.0565136
0.409364 0.00679463 0.0527432 0.189169 9.99913E-05 0.341828
0.108638 0.550104 9.99737E-05 9.99737E-05 0.340959 9.99737E-05
0.309334 9.99823E-05 0.0265352 9.99823E-05 0.523723 0.140208
0.584874 0.2739 9.99737E-05 9.99737E-05 0.140926 9.99737E-05
9.99648E-05 0.662247 9.99648E-05 9.99648E-05 0.337353 9.99648E-05
0.0225544 9.99823E-05 0.183286 9.99823E-05 0.408725 0.385235
0.172797 0.548648 9.99736E-05 0.278255 9.99736E-05 9.99736E-05
9.99738E-05 9.99738E-05 0.265656 0.556476 9.99738E-05 0.177568
0.182736 0.0483279 0.0998692 9.99912E-05 0.000813607 0.668154
