9.99825E-05 0.540904 9.99825E-05 0.458896
0.415745 0.0761673 0.418112 0.0899757
0.220772 0.63114 0.147987 9.99913E-05
0.546947 0.164315 0.288638 9.99913E-05
0.275705 0.638136 9.99912E-05 0.0860593
0.352353 0.0196857 0.547997 0.0799651
0.761249 0.238551 9.99823E-05 9.99823E-05
0.0710981 0.928702 9.99824E-05 9.99824E-05
0.084748 0.775591 0.139561 9.99912E-05
0.882944 9.99824E-05 9.99824E-05 0.116856
0.219562 0.780238 9.99826E-05 9.99826E-05
0.0433761 0.843105 0.113418 9.99912E-05
0.212111 9.99824E-05 0.787689 9.99824E-05
9.99824E-05 0.575407 0.424393 9.99824E-05
9.998E-05 0.9997 9.998E-05 9.998E-05
9.99823E-05 0.470598 9.99823E-05 0.529202
0.70064 0.209718 0.0895417 9.99912E-05
0.198306 9.99912E-05 0.748652 0.0529418
0.526931 0.472869 9.99826E-05 9.99826E-05
0.924337 0.0018106 0.0737528 9.99912E-05
0.773168 9.99825E-05 9.99825E-05 0.226632
0.00367951 0.996121 9.99824E-05 9.99824E-05
9.99913E-05 0.478757 0.476659 0.0444838
0.755063 9.99913E-05 0.1921 0.0527373
0.194653 0.542328 9.99913E-05 0.262919
9.998E-05 0.9997 9.998E-05 9.998E-05
0.15998 0.594959 0.11305 0.13201
0.426712 9.99912E-05 0.0218102 0.551378
9.99912E-05 0.287637 0.708548 0.00371474
9.99912E-05 0.165074 0.54449 0.290336
0.0195889 0.309362 0.657774 0.0132753
0.0341647 0.513346 9.99912E-05 0.452389
0.490876 0.0165927 9.99912E-05 0.492431
0.00574479 0.994055 9.99825E-05 9.99825E-05
0.432107 0.111241 0.382141 0.0745113
0.272105 0.727695 9.99826E-05 9.99826E-05
0.9997 9.998E-05 9.998E-05 9.998E-05
9.99825E-05 0.306461 0.693339 9.99825E-05
0.668963 0.330837 9.99824E-05 9.99824E-05
0.9997 9.998E-05 9.998E-05 9.998E-05
0.177878 0.227441 0.594581 9.99913E-05
0.439786 9.99826E-05 9.99826E-05 0.560014
0.00555669 0.269084 0.213194 0.512165
0.734513 0.265287 9.99823E-05 9.99823E-05
0.111236 0.795542 9.99912E-05 0.0931219
9.998E-05 0.9997 9.998E-05 9.998E-05
9.99824E-05 0.802996 9.99824E-05 0.196804
0.377521 0.50366 9.99912E-05 0.118719
0.575147 9.99912E-05 0.0365367 0.388217
0.615424 0.384376 9.99824E-05 9.99824E-05
9.99825E-05 0.722395 9.99825E-05 0.277405
9.99826E-05 9.99826E-05 0.700893 0.298907
0.192879 0.547481 0.259541 9.99912E-05
0.0493425 0.542729 9.99912E-05 0.407829
0.4364 0.236402 0.316095 0.011102
0.268259 0.576642 0.151256 0.00384272
0.437377 0.459458 0.103065 9.99912E-05
0.228853 0.770947 9.99826E-05 9.99826E-05
0.375616 0.112346 9.99913E-05 0.511938
0.9997 9.998E-05 9.998E-05 9.998E-05
0.39082 9.99912E-05 0.127623 0.481456
0.678177 0.321623 9.99826E-05 9.99826E-05
0.621422 9.99912E-05 0.201287 0.177191
0.99558 9.99825E-05 9.99825E-05 0.00421976
0.00923404 0.307796 0.68287 9.99913E-05
0.295647 0.463545 0.240708 9.99912E-05
0.232414 0.166447 0.601039 9.99912E-05
0.398563 0.383357 0.217981 9.99913E-05
0.900747 0.0684232 9.99912E-05 0.03073
0.72373 9.99912E-05 0.134265 0.141905
0.300928 0.163756 0.480937 0.0543795
9.99825E-05 9.99825E-05 0.760106 0.239694
0.0329729 0.0220473 0.94488 9.99913E-05
0.952694 0.0471062 9.99826E-05 9.99826E-05
9.998E-05 0.9997 9.998E-05 9.998E-05
0.595052 0.274169 0.130679 9.99912E-05
0.920059 9.99825E-05 9.99825E-05 0.0797411
0.69076 9.99824E-05 0.30904 9.99824E-05
0.340006 9.99825E-05 0.659794 9.99825E-05
0.380501 9.99912E-05 0.57803 0.0413693
0.643323 0.113581 0.242996 9.99912E-05
0.777253 0.185702 9.99913E-05 0.0369447
9.99824E-05 0.742843 0.256958 9.99824E-05
0.882012 0.0983091 9.99912E-05 0.0195786
0.30121 9.99912E-05 0.594363 0.104326
9.99826E-05 0.7309 0.2689 9.99826E-05
9.998E-05 0.9997 9.998E-05 9.998E-05
0.097697 0.547233 0.35497 9.99913E-05
9.998E-05 0.9997 9.998E-05 9.998E-05
0.77364 0.22616 9.99823E-05 9.99823E-05
9.99824E-05 0.841637 0.158163 9.99824E-05
0.282025 0.508669 0.209206 9.99912E-05
0.425398 0.302685 9.99912E-05 0.271817
9.99825E-05 0.753188 0.246612 9.99825E-05
9.99824E-05 0.591343 0.408457 9.99824E-05
0.9997 9.998E-05 9.998E-05 9.998E-05
9.998E-05 0.9997 9.998E-05 9.998E-05
9.99824E-05 0.364897 0.634903 9.99824E-05
0.0168644 0.318301 0.563405 0.101429
0.38987 9.99913E-05 0.464444 0.145586
9.99824E-05 0.573236 0.426565 9.99824E-05
0.405712 9.99912E-05 0.34667 0.247518
0.13562 0.702549 9.99913E-05 0.161731
0.0867622 9.99913E-05 0.905987 0.00715109
9.99825E-05 0.841889 0.157911 9.99825E-05
0.388958 0.154248 0.456695 9.99912E-05
0.419011 9.99824E-05 0.580789 9.99824E-05
0.905493 0.00192587 9.99913E-05 0.0924813
9.99824E-05 0.502992 0.496808 9.99824E-05
9.99824E-05 9.99824E-05 0.255438 0.744362
0.9997 9.998E-05 9.998E-05 9.998E-05
0.0663117 0.83468 9.99912E-05 0.0989085
0.622276 9.99825E-05 0.377524 9.99825E-05
9.99825E-05 0.805805 0.193995 9.99825E-05
0.667951 9.99827E-05 9.99827E-05 0.331849
0.645128 0.314267 9.99913E-05 0.0405043
0.9997 9.998E-05 9.998E-05 9.998E-05
9.99828E-05 0.69095 0.30885 9.99828E-05
0.906363 0.0321636 0.0613729 9.99913E-05
0.392948 0.606852 9.99824E-05 9.99824E-05
9.99912E-05 0.223183 0.426284 0.350432
0.440735 0.539476 0.0196893 9.99913E-05
9.99913E-05 0.316806 0.486498 0.196596
0.256257 0.40507 9.99912E-05 0.338573
9.99825E-05 0.525748 9.99825E-05 0.474052
0.9997 9.998E-05 9.998E-05 9.998E-05
0.726656 9.99824E-05 0.273144 9.99824E-05
9.99911E-05 0.720731 0.114049 0.16512
0.689684 0.310116 9.99823E-05 9.99823E-05
0.661003 0.216596 9.99912E-05 0.122301
0.805541 9.99825E-05 9.99825E-05 0.194259
0.0236349 0.48541 0.490855 9.99913E-05
0.851947 0.0599833 0.0507967 0.0372732
0.513651 0.213654 9.99912E-05 0.272595
0.649926 0.102337 9.99912E-05 0.247637
0.9997 9.998E-05 9.998E-05 9.998E-05
9.99912E-05 0.890162 0.0227502 0.0869878
0.0169499 0.270638 0.264247 0.448165
0.33189 0.408298 0.259712 9.99912E-05
0.130234 0.869566 9.99824E-05 9.99824E-05
0.335526 0.209267 0.455108 9.99912E-05
0.596071 0.169863 9.99912E-05 0.233967
0.0396398 9.99913E-05 0.820962 0.139298
0.22458 0.722936 0.0523834 9.99912E-05
9.99826E-05 0.867397 9.99826E-05 0.132403
0.69291 9.99826E-05 9.99826E-05 0.30689
0.335341 9.99825E-05 0.66446 9.99825E-05
9.99823E-05 0.827268 9.99823E-05 0.172532
9.99912E-05 0.39901 0.289873 0.311017
0.418419 0.158971 0.422509 9.99912E-05
0.9997 9.998E-05 9.998E-05 9.998E-05
0.201934 9.99825E-05 0.797866 9.99825E-05
0.199763 0.606378 0.193759 9.99912E-05
9.998E-05 9.998E-05 0.9997 9.998E-05
0.184193 0.0771014 0.738606 9.99912E-05
9.99824E-05 0.969713 9.99824E-05 0.0300866
0.388501 0.611299 9.99823E-05 9.99823E-05
0.979521 9.99824E-05 0.0202792 9.99824E-05
9.99824E-05 0.855232 9.99824E-05 0.144568
9.99824E-05 0.992887 9.99824E-05 0.00691261
0.605857 0.393944 9.99824E-05 9.99824E-05
0.253587 0.746213 9.99824E-05 9.99824E-05
9.99824E-05 0.022116 0.977684 9.99824E-05
0.671376 9.99823E-05 0.328424 9.99823E-05
9.99824E-05 0.270878 0.728922 9.99824E-05
0.175461 0.824339 9.99826E-05 9.99826E-05
0.9997 9.998E-05 9.998E-05 9.998E-05
0.545025 9.99912E-05 0.419579 0.0352963
9.998E-05 0.9997 9.998E-05 9.998E-05
0.9997 9.998E-05 9.998E-05 9.998E-05
9.99913E-05 0.315499 0.348262 0.336139
0.397691 0.434606 0.167603 9.99912E-05
0.873482 0.126318 9.99825E-05 9.99825E-05
0.110933 0.888867 9.99825E-05 9.99825E-05
9.99824E-05 0.312087 0.687713 9.99824E-05
0.410734 0.230218 0.358948 9.99912E-05
0.308274 0.67826 9.99912E-05 0.0133659
9.998E-05 0.9997 9.998E-05 9.998E-05
0.175979 0.675458 0.148463 9.99912E-05
9.99912E-05 0.0892117 0.592269 0.31842
0.526465 0.473335 9.99823E-05 9.99823E-05
0.812638 0.0712226 9.99912E-05 0.11604
9.99824E-05 0.392467 9.99824E-05 0.607333
0.206036 0.793764 9.99825E-05 9.99825E-05
9.99823E-05 0.85766 0.14214 9.99823E-05
0.680586 0.319214 9.99824E-05 9.99824E-05
9.99825E-05 0.498046 0.501755 9.99825E-05
0.9997 9.998E-05 9.998E-05 9.998E-05
9.99824E-05 9.99824E-05 0.378221 0.621579
0.245133 9.99824E-05 9.99824E-05 0.754667
9.99912E-05 0.522602 0.420394 0.0569043
0.737693 0.242754 9.99912E-05 0.0194532
0.600667 0.361154 0.0380785 9.99912E-05
0.663932 0.173393 9.99912E-05 0.162575
0.318841 9.99912E-05 0.358006 0.323053
0.577074 9.99912E-05 0.044035 0.378791
0.319478 0.0192143 9.99913E-05 0.661207
9.99826E-05 0.509941 9.99826E-05 0.489859
0.006619 0.46036 0.532921 9.99913E-05
0.676686 9.99912E-05 0.155731 0.167483
0.714253 9.99825E-05 9.99825E-05 0.285547
9.99825E-05 0.25528 0.74452 9.99825E-05
0.155011 0.767467 0.0774222 9.99912E-05
0.71921 0.184473 9.99912E-05 0.0962171
0.494065 9.99912E-05 0.352767 0.153067
0.460595 0.539205 9.99824E-05 9.99824E-05
0.246985 0.752815 9.99825E-05 9.99825E-05
9.99912E-05 0.136691 0.522802 0.340408
0.435353 0.189153 0.375394 9.99912E-05
0.742709 0.140591 0.1166 9.99912E-05
0.217443 0.782357 9.99823E-05 9.99823E-05
9.99823E-05 9.99823E-05 0.789769 0.210031
0.264504 0.735296 9.99823E-05 9.99823E-05
0.9997 9.998E-05 9.998E-05 9.998E-05
0.594988 9.99912E-05 0.329592 0.0753199
0.128695 0.271363 0.599843 9.99913E-05
0.774261 0.110701 9.99913E-05 0.114938
0.347911 0.485261 0.166728 9.99912E-05
9.99912E-05 0.900105 0.0206239 0.0791708
0.0691673 0.568678 0.362055 9.99912E-05
0.28341 0.451611 0.264879 9.99912E-05
0.803301 0.196499 9.99825E-05 9.99825E-05
0.467912 0.430171 0.101816 9.99912E-05
0.773181 0.226619 9.99824E-05 9.99824E-05
9.99826E-05 0.548519 9.99826E-05 0.451281
0.819699 9.99913E-05 0.0965613 0.0836397
0.645162 0.244078 9.99912E-05 0.11066
9.99912E-05 0.540778 0.293857 0.165265
9.99824E-05 0.117423 0.882377 9.99824E-05
0.506085 9.99913E-05 0.489935 0.0038801
0.0357828 9.99825E-05 0.964017 9.99825E-05
9.99912E-05 0.553414 0.24739 0.199096
0.590483 0.278437 0.045519 0.0855612
0.37684 0.491517 0.131543 9.99913E-05
0.28159 9.99824E-05 0.71821 9.99824E-05
0.9997 9.998E-05 9.998E-05 9.998E-05
0.961085 9.99824E-05 0.0387152 9.99824E-05
0.56897 0.113764 0.317165 9.99912E-05
9.99824E-05 0.888655 0.111145 9.99824E-05
0.131222 0.100827 0.0542605 0.71369
9.99826E-05 0.393912 9.99826E-05 0.605888
0.9997 9.998E-05 9.998E-05 9.998E-05
9.99826E-05 0.0351951 9.99826E-05 0.964605
0.759117 0.0925241 9.99912E-05 0.148259
9.99912E-05 0.488745 0.428488 0.0826672
0.678863 9.99826E-05 9.99826E-05 0.320937
9.99824E-05 0.233571 0.766229 9.99824E-05
9.99912E-05 0.492458 0.392338 0.115104
0.282665 0.160772 0.556463 9.99913E-05
9.99825E-05 0.51699 0.48281 9.99825E-05
0.73559 0.26421 9.99824E-05 9.99824E-05
0.555511 9.99826E-05 0.444289 9.99826E-05
0.426716 0.573084 9.99824E-05 9.99824E-05
0.526709 0.374144 9.99912E-05 0.0990469
0.952615 0.0471855 9.99828E-05 9.99828E-05
0.580673 0.282952 0.0514209 0.0849542
0.467612 0.0910751 0.441213 9.99912E-05
0.0239493 0.374379 0.0626396 0.539032
0.236378 0.763422 9.99824E-05 9.99824E-05
9.99824E-05 0.280092 0.719709 9.99824E-05
0.624143 0.195079 0.180678 9.99912E-05
