9.99826E-05 9.99826E-05 0.0723919 0.927408
0.226136 0.697939 9.99912E-05 0.0758253
9.99824E-05 9.99824E-05 0.33418 0.66562
9.99824E-05 0.501185 9.99824E-05 0.498615
9.99824E-05 9.99824E-05 0.096051 0.903749
0.20487 0.405308 9.99913E-05 0.389722
0.0210453 9.99826E-05 0.978755 9.99826E-05
0.887973 9.99826E-05 9.99826E-05 0.111827
0.370028 9.99912E-05 0.0626091 0.567262
0.637396 0.362404 9.99824E-05 9.99824E-05
0.0688463 9.99913E-05 0.647131 0.283923
0.0559562 0.943844 9.99826E-05 9.99826E-05
9.99824E-05 0.450291 0.549509 9.99824E-05
0.468053 0.531747 9.99824E-05 9.99824E-05
0.661225 0.0770918 9.99913E-05 0.261584
0.0935783 0.306127 9.99912E-05 0.600195
0.0506744 0.949126 9.99824E-05 9.99824E-05
9.99823E-05 0.820723 9.99823E-05 0.179077
0.241621 0.614881 0.143397 9.99912E-05
0.143227 9.99913E-05 0.347896 0.508778
0.168572 0.831228 9.99825E-05 9.99825E-05
0.425206 0.141132 9.99912E-05 0.433562
0.332557 9.99913E-05 0.00743081 0.659912
0.279116 0.283749 9.99912E-05 0.437035
0.426691 0.573109 9.99826E-05 9.99826E-05
0.237026 9.99912E-05 0.704964 0.0579098
9.99825E-05 0.713968 0.285832 9.99825E-05
0.474769 9.99824E-05 9.99824E-05 0.525031
0.584913 0.414887 9.99824E-05 9.99824E-05
9.99912E-05 0.0955261 0.537097 0.367277
0.707434 0.292366 9.99824E-05 9.99824E-05
0.713162 0.0255111 0.261226 9.99912E-05
0.709992 9.99825E-05 9.99825E-05 0.289808
9.99824E-05 9.99824E-05 0.547144 0.452656
0.235611 9.99825E-05 9.99825E-05 0.764189
9.99912E-05 0.206808 0.769528 0.0235643
0.501367 0.498433 9.99824E-05 9.99824E-05
9.99826E-05 9.99826E-05 0.474923 0.524877
0.54156 0.45824 9.99824E-05 9.99824E-05
9.99825E-05 0.859085 0.140715 9.99825E-05
0.138362 0.341866 0.0775593 0.442212
0.943789 9.99824E-05 9.99824E-05 0.0560112
0.716222 0.283578 9.99824E-05 9.99824E-05
9.99912E-05 0.212749 0.616182 0.170969
9.99825E-05 0.0267775 9.99825E-05 0.973023
0.324938 0.143321 0.531641 9.99912E-05
0.283759 0.349342 0.366799 9.99912E-05
0.52971 0.224606 0.0474359 0.198248
0.21696 9.99825E-05 0.78284 9.99825E-05
9.99825E-05 0.607866 0.391934 9.99825E-05
0.387585 0.355245 0.257071 9.99912E-05
9.99912E-05 0.814168 0.0768292 0.108903
0.207461 0.0749304 0.717508 9.99912E-05
0.725775 0.198365 0.0757605 9.99911E-05
0.908755 0.0910447 9.99825E-05 9.99825E-05
0.612275 0.387525 9.99827E-05 9.99827E-05
9.99912E-05 0.0143712 0.307329 0.6782
0.0534212 9.99913E-05 0.549346 0.397133
0.427991 9.99912E-05 0.439927 0.131981
9.99823E-05 9.99823E-05 0.416938 0.582862
9.99825E-05 0.556776 0.443024 9.99825E-05
0.906458 9.99825E-05 9.99825E-05 0.0933424
0.213669 0.231957 9.99912E-05 0.554273
0.980382 9.99825E-05 9.99825E-05 0.019418
9.99824E-05 0.261753 0.738047 9.99824E-05
9.99823E-05 0.170684 9.99823E-05 0.829116
0.484033 9.99826E-05 9.99826E-05 0.515767
9.99824E-05 0.371311 0.628489 9.99824E-05
0.102 0.111455 0.6567 0.129845
0.337137 0.146462 0.459365 0.0570356
0.231784 9.99823E-05 0.768016 9.99823E-05
9.99913E-05 0.277075 0.328309 0.394517
0.36875 0.214073 0.417077 9.99912E-05
0.506136 0.309804 0.18396 9.99913E-05
0.730757 0.269043 9.99824E-05 9.99824E-05
9.99826E-05 0.82786 9.99826E-05 0.17194
0.219482 9.99825E-05 9.99825E-05 0.780318
0.230109 0.315869 0.0130287 0.440993
0.183247 9.99912E-05 0.471018 0.345635
9.99825E-05 0.236573 9.99825E-05 0.763228
0.0911239 0.908676 9.99827E-05 9.99827E-05
9.998E-05 9.998E-05 0.9997 9.998E-05
0.602104 9.99824E-05 9.99824E-05 0.397696
0.452225 0.307231 9.99912E-05 0.240444
0.536486 0.411489 9.99912E-05 0.0519256
0.531497 0.262063 0.189088 0.0173518
0.295349 0.0553324 0.597176 0.0521422
9.99824E-05 9.99824E-05 0.68379 0.31601
9.998E-05 0.9997 9.998E-05 9.998E-05
9.998E-05 9.998E-05 9.998E-05 0.9997
0.646278 9.99825E-05 9.99825E-05 0.353522
9.99824E-05 0.791459 0.208341 9.99824E-05
0.184018 0.23874 9.99913E-05 0.577142
0.992073 9.99825E-05 0.00772752 9.99825E-05
0.264025 0.61161 9.99912E-05 0.124265
0.398811 0.600989 9.99825E-05 9.99825E-05
9.99825E-05 0.414631 0.585169 9.99825E-05
0.16535 0.00895669 0.44981 0.375883
0.167093 0.572211 0.189903 0.0707933
0.138346 0.285109 0.576444 9.99912E-05
0.592819 0.259972 0.00609254 0.141117
0.12875 0.859825 9.99912E-05 0.0113253
9.99913E-05 0.629125 0.263401 0.107374
0.188448 0.101824 9.99912E-05 0.709629
0.811281 0.056427 9.99912E-05 0.132192
0.166672 0.345249 0.487979 9.99912E-05
9.99824E-05 0.216556 0.783244 9.99824E-05
0.700006 9.99913E-05 0.277011 0.0228829
0.45374 9.99825E-05 9.99825E-05 0.54606
0.615765 0.110165 9.99913E-05 0.273971
0.0881609 0.911639 9.99823E-05 9.99823E-05
0.744549 9.99912E-05 0.0222187 0.233133
9.99912E-05 0.274678 0.0232122 0.70201
0.370785 0.629015 9.99824E-05 9.99824E-05
0.237392 0.340649 0.421859 9.99914E-05
0.801839 0.0192344 0.178826 9.99912E-05
0.46595 0.0164626 0.517487 9.99912E-05
0.011555 9.99914E-05 0.330489 0.657856
9.99912E-05 0.208647 0.546036 0.245216
9.99824E-05 0.730602 0.269198 9.99824E-05
9.99824E-05 0.37139 0.62841 9.99824E-05
9.99824E-05 0.629142 0.370658 9.99824E-05
0.226707 9.99912E-05 0.609879 0.163314
0.0770243 9.99912E-05 0.560571 0.362304
9.998E-05 0.9997 9.998E-05 9.998E-05
0.519246 9.99912E-05 0.465469 0.0151845
0.516571 0.30795 0.14879 0.0266886
9.99825E-05 0.378423 9.99825E-05 0.621377
0.488698 9.99912E-05 0.437151 0.0740517
9.99912E-05 0.192048 0.610881 0.196971
0.165914 9.99913E-05 0.404866 0.42912
0.645729 9.99913E-05 0.216834 0.137336
9.99912E-05 0.11132 0.422633 0.465947
0.223032 0.133167 0.417572 0.226229
0.87332 9.99825E-05 0.12648 9.99825E-05
9.99825E-05 9.99825E-05 0.342507 0.657293
0.729878 9.99912E-05 0.0548905 0.215131
9.99824E-05 9.99824E-05 0.0334948 0.966305
0.330575 0.165306 9.99912E-05 0.504019
0.974964 0.0248361 9.99825E-05 9.99825E-05
0.102514 0.287526 0.15991 0.450051
0.100587 9.99913E-05 0.44551 0.453803
0.762368 9.99824E-05 9.99824E-05 0.237432
0.9997 9.998E-05 9.998E-05 9.998E-05
0.243586 0.230574 0.380501 0.145338
0.060374 0.280655 0.658871 9.99912E-05
0.707312 0.0983746 0.194213 9.99912E-05
0.683423 9.99824E-05 0.316377 9.99824E-05
9.99912E-05 0.545551 0.307868 0.146481
0.0290778 0.595331 0.0495125 0.326079
0.598231 0.214618 9.99912E-05 0.187051
9.99913E-05 0.389705 0.138627 0.471568
0.148242 0.319243 0.532415 9.99912E-05
9.99823E-05 0.525406 9.99823E-05 0.474394
0.711212 9.99825E-05 9.99825E-05 0.288588
0.737515 9.99825E-05 0.262285 9.99825E-05
9.99826E-05 0.714182 9.99826E-05 0.285618
0.30799 0.0998457 0.299206 0.292958
0.00676498 9.99912E-05 0.0442801 0.948855
9.99826E-05 0.832262 9.99826E-05 0.167538
9.99824E-05 0.687084 0.312716 9.99824E-05
0.269183 9.99912E-05 0.341975 0.388741
0.344371 0.331867 0.323662 9.99912E-05
0.345088 0.0242519 9.99913E-05 0.63056
9.99823E-05 9.99823E-05 0.237834 0.761966
9.99825E-05 0.254079 9.99825E-05 0.745721
0.212341 0.184496 9.99913E-05 0.603063
0.070612 0.181686 9.99913E-05 0.747602
0.10414 0.0353874 0.860373 9.99912E-05
9.99824E-05 0.841094 0.158706 9.99824E-05
9.99912E-05 0.387151 0.123871 0.488878
0.717619 0.131858 0.150423 9.99912E-05
0.601124 9.99826E-05 0.398676 9.99826E-05
0.291741 0.148246 0.286765 0.273247
0.281033 9.99824E-05 0.718767 9.99824E-05
0.615306 0.261545 0.12305 9.99912E-05
9.99912E-05 0.781317 0.215147 0.00343587
0.10343 9.99913E-05 0.188702 0.707768
0.0758127 0.598357 0.0180261 0.307804
9.99825E-05 0.376921 0.622879 9.99825E-05
0.617191 0.338254 0.0129223 0.0316327
0.283825 0.437846 0.278229 9.99912E-05
0.277618 0.0187115 9.99912E-05 0.703571
0.273743 0.67085 9.99913E-05 0.0553066
0.320834 0.241081 0.33717 0.100915
0.124533 9.99912E-05 0.302657 0.572711
0.501441 0.0540662 9.99912E-05 0.444393
0.260811 0.279472 0.077617 0.382099
0.212162 0.718125 0.0641611 0.00555199
9.99824E-05 0.340582 9.99824E-05 0.659218
0.714972 0.284828 9.99824E-05 9.99824E-05
0.919884 0.0675496 0.0124667 9.99912E-05
9.99825E-05 9.99825E-05 0.520505 0.479295
0.774067 0.225733 9.99825E-05 9.99825E-05
0.268793 0.234242 0.363413 0.133553
9.99825E-05 0.618486 9.99825E-05 0.381314
0.332245 0.00416471 0.66349 9.99912E-05
0.061573 0.938227 9.99827E-05 9.99827E-05
0.187289 9.99825E-05 0.812511 9.99825E-05
9.99824E-05 0.195567 9.99824E-05 0.804233
9.99827E-05 9.99827E-05 0.868625 0.131175
0.372145 0.270697 9.99912E-05 0.357058
9.99825E-05 9.99825E-05 0.484846 0.514954
0.287371 9.99912E-05 0.410193 0.302336
0.118059 0.303765 0.453499 0.124677
9.99824E-05 0.733446 0.266354 9.99824E-05
0.129439 0.256028 0.614434 9.99912E-05
0.189863 0.000704412 0.809332 9.99912E-05
0.893467 9.99825E-05 9.99825E-05 0.106333
9.998E-05 0.9997 9.998E-05 9.998E-05
0.214008 0.583924 9.99912E-05 0.201968
9.99913E-05 0.646598 0.316248 0.0370543
0.17691 0.345449 9.99912E-05 0.477541
0.812764 9.99825E-05 0.187036 9.99825E-05
9.99913E-05 0.054296 0.0442972 0.901307
0.837459 9.99825E-05 0.162341 9.99825E-05
0.340381 0.223362 0.436156 9.99913E-05
0.208932 0.133996 0.102992 0.55408
9.99824E-05 0.0982021 9.99824E-05 0.901598
9.99823E-05 0.152535 9.99823E-05 0.847265
9.99825E-05 0.603678 0.396122 9.99825E-05
9.99825E-05 0.791644 0.208156 9.99825E-05
0.314097 0.323464 0.36234 9.99912E-05
0.117181 0.676238 0.160616 0.0459647
9.99826E-05 0.577464 9.99826E-05 0.422336
9.99824E-05 9.99824E-05 0.801692 0.198108
9.99912E-05 0.0463052 0.378203 0.575392
9.99912E-05 0.489309 0.482116 0.0284746
0.882357 9.99824E-05 9.99824E-05 0.117443
0.368618 0.30163 0.329652 9.99912E-05
0.947937 0.0518634 9.99824E-05 9.99824E-05
9.99828E-05 9.99828E-05 0.854943 0.144857
0.237157 9.99912E-05 0.323888 0.438855
0.3436 0.181703 0.40158 0.0731171
0.646889 0.352911 9.99825E-05 9.99825E-05
0.527458 0.0270731 0.111551 0.333918
0.345699 0.619491 9.99913E-05 0.0347101
0.153063 0.384653 9.99912E-05 0.462184
0.704814 9.99824E-05 9.99824E-05 0.294986
0.180573 0.819227 9.99825E-05 9.99825E-05
0.418705 0.0115772 9.99914E-05 0.569618
0.213643 0.332017 0.45424 9.99912E-05
0.648357 0.31134 9.99913E-05 0.0402033
9.99912E-05 0.0932784 0.418041 0.488581
0.747401 0.252399 9.99825E-05 9.99825E-05
9.99913E-05 0.73081 0.168127 0.100963
9.998E-05 0.9997 9.998E-05 9.998E-05
0.312873 0.669902 9.99912E-05 0.0171249
0.597263 9.99824E-05 0.402537 9.99824E-05
0.637438 9.99824E-05 9.99824E-05 0.362362
9.99912E-05 0.59557 0.00489087 0.399439
9.998E-05 9.998E-05 0.9997 9.998E-05
0.438489 9.99912E-05 0.195293 0.366118
0.596381 9.99913E-05 0.140206 0.263312
9.99825E-05 0.793592 0.206208 9.99825E-05
0.482388 0.21624 9.99913E-05 0.301273
9.99824E-05 0.415399 0.584401 9.99824E-05
0.441015 0.124476 9.99913E-05 0.434409
0.738652 0.261148 9.99825E-05 9.99825E-05
9.99912E-05 0.17913 0.605873 0.214897
0.0665301 0.221129 0.692777 0.0195642
