9.99561E-05 0.258309 0.570119 9.99561E-05 9.99561E-05 0.00252526 9.99561E-05 0.0435047 0.125043 9.99561E-05
9.99471E-05 9.99471E-05 0.656035 9.99471E-05 9.99471E-05 9.99471E-05 0.0398366 0.061658 0.241871 9.99471E-05
9.99383E-05 9.99383E-05 9.99383E-05 9.99383E-05 9.99383E-05 0.255293 9.99383E-05 9.99383E-05 0.648848 0.0951598
9.99471E-05 9.99471E-05 9.99471E-05 0.313467 0.0649902 9.99471E-05 9.99471E-05 9.99471E-05 0.617191 0.00375167
9.99473E-05 9.99473E-05 9.99473E-05 9.99473E-05 9.99473E-05 0.591932 9.99473E-05 0.101711 0.0844884 0.221269
0.226355 9.99559E-05 0.294308 0.146043 9.99559E-05 0.000791236 9.99559E-05 9.99559E-05 0.332002 9.99559E-05
9.99561E-05 0.135785 0.105916 9.99561E-05 9.99561E-05 0.00394299 9.99561E-05 9.99561E-05 0.691773 0.0620838
9.99386E-05 0.416105 9.99386E-05 9.99386E-05 9.99386E-05 9.99386E-05 9.99386E-05 0.14057 9.99386E-05 0.442625
9.99471E-05 9.99471E-05 0.10803 9.99471E-05 9.99471E-05 9.99471E-05 9.99471E-05 0.486975 0.112583 0.291813
9.99389E-05 9.99389E-05 0.516072 9.99389E-05 9.99389E-05 0.115235 9.99389E-05 9.99389E-05 0.367994 9.99389E-05
9.99561E-05 9.99561E-05 0.207206 0.140744 0.147219 9.99561E-05 9.99561E-05 0.232144 0.272186 9.99561E-05
0.274471 9.99561E-05 0.0273562 0.117138 0.536819 9.99561E-05 9.99561E-05 9.99561E-05 9.99561E-05 0.0437163
0.564253 9.99471E-05 0.236991 0.107941 9.99471E-05 0.0902143 9.99471E-05 9.99471E-05 9.99471E-05 9.99471E-05
0.0704531 9.99473E-05 0.43027 0.087086 0.411591 9.99473E-05 9.99473E-05 9.99473E-05 9.99473E-05 9.99473E-05
9.99298E-05 9.99298E-05 0.934424 9.99298E-05 0.0647763 9.99298E-05 9.99298E-05 9.99298E-05 9.99298E-05 9.99298E-05
9.995E-05 9.995E-05 0.209477 0.0797205 0.437538 9.995E-05 9.995E-05 0.0162378 9.995E-05 0.256526
9.99647E-05 9.99647E-05 0.0678789 9.99647E-05 0.0273478 0.0324444 0.00325422 9.99647E-05 0.246596 0.622079
0.453435 9.99387E-05 9.99387E-05 0.23229 9.99387E-05 9.99387E-05 9.99387E-05 9.99387E-05 0.313576 9.99387E-05
9.99388E-05 9.99388E-05 9.99388E-05 9.99388E-05 9.99388E-05 0.267903 9.99388E-05 9.99388E-05 0.449608 0.281789
0.444476 9.99469E-05 9.99469E-05 0.298324 9.99469E-05 9.99469E-05 9.99469E-05 9.99469E-05 0.0340153 0.222584
0.471017 0.119977 0.234155 9.99562E-05 9.99562E-05 0.119933 9.99562E-05 9.99562E-05 0.0544191 9.99562E-05
0.492635 9.99381E-05 9.99381E-05 0.125988 9.99381E-05 9.99381E-05 0.380677 9.99381E-05 9.99381E-05 9.99381E-05
9.9956E-05 9.9956E-05 9.9956E-05 0.331673 9.9956E-05 0.0423929 0.423675 0.190259 0.0115006 9.9956E-05
0.736316 9.99299E-05 9.99299E-05 9.99299E-05 0.262885 9.99299E-05 9.99299E-05 9.99299E-05 9.99299E-05 9.99299E-05
0.318311 9.99559E-05 0.0705011 9.99559E-05 9.99559E-05 9.99559E-05 0.0350711 0.352634 0.222983 9.99559E-05
0.584892 0.372994 9.99389E-05 9.99389E-05 0.0414148 9.99389E-05 9.99389E-05 9.99389E-05 9.99389E-05 9.99389E-05
9.99294E-05 9.99294E-05 0.630881 9.99294E-05 9.99294E-05 9.99294E-05 9.99294E-05 9.99294E-05 0.36832 9.99294E-05
9.994E-05 0.365135 0.0883796 0.33344 9.994E-05 9.994E-05 9.994E-05 9.994E-05 0.212446 9.994E-05
0.0874866 9.99475E-05 9.99475E-05 9.99475E-05 9.99475E-05 9.99475E-05 9.99475E-05 0.200971 0.601401 0.109542
9.9956E-05 0.0495388 0.683681 9.9956E-05 0.0440725 0.0894943 9.9956E-05 0.132713 9.9956E-05 9.9956E-05
9.99298E-05 9.99298E-05 9.99298E-05 9.99298E-05 9.99298E-05 9.99298E-05 9.99298E-05 0.14825 0.85095 9.99298E-05
9.99386E-05 9.99386E-05 0.46645 0.0637619 0.469089 9.99386E-05 9.99386E-05 9.99386E-05 9.99386E-05 9.99386E-05
9.99301E-05 9.99301E-05 9.99301E-05 0.30473 9.99301E-05 9.99301E-05 9.99301E-05 9.99301E-05 0.69447 9.99301E-05
0.557993 9.9956E-05 0.140116 9.9956E-05 9.9956E-05 0.167853 9.9956E-05 0.0778204 0.0557172 9.9956E-05
9.99386E-05 9.99386E-05 9.99386E-05 0.677186 9.99386E-05 9.99386E-05 0.116288 9.99386E-05 0.205826 9.99386E-05
9.99388E-05 0.00699396 0.269215 9.99388E-05 9.99388E-05 9.99388E-05 9.99388E-05 9.99388E-05 0.723091 9.99388E-05
0.278768 9.99648E-05 0.1325 9.99648E-05 0.0263947 9.99648E-05 9.99648E-05 0.377203 0.0344595 0.150274
9.9956E-05 9.9956E-05 9.9956E-05 0.0999691 0.112078 0.0107662 0.0295657 9.9956E-05 0.747121 9.9956E-05
9.99387E-05 0.0659919 9.99387E-05 9.99387E-05 9.99387E-05 0.0779991 9.99387E-05 9.99387E-05 9.99387E-05 0.855309
9.994E-05 0.202909 9.994E-05 9.994E-05 0.152946 9.994E-05 9.994E-05 9.994E-05 0.406377 0.237168
9.995E-05 9.995E-05 0.336561 9.995E-05 0.0447485 9.995E-05 0.123707 9.995E-05 0.44476 0.0497232
0.133755 9.99472E-05 0.631291 9.99472E-05 0.208667 9.99472E-05 9.99472E-05 9.99472E-05 9.99472E-05 0.0256873
9.99473E-05 0.107438 9.99473E-05 0.635742 9.99473E-05 9.99473E-05 9.99473E-05 0.156454 0.0997664 9.99473E-05
0.0907309 9.99383E-05 9.99383E-05 0.35301 9.99383E-05 9.99383E-05 9.99383E-05 9.99383E-05 9.99383E-05 0.55556
9.99301E-05 9.99301E-05 0.331213 0.667987 9.99301E-05 9.99301E-05 9.99301E-05 9.99301E-05 9.99301E-05 9.99301E-05
0.0315894 9.9956E-05 0.26658 9.9956E-05 9.9956E-05 0.315433 9.9956E-05 0.263797 0.122101 9.9956E-05
0.0234818 0.0462998 0.0263794 0.511022 9.99648E-05 9.99648E-05 9.99648E-05 9.99648E-05 0.120477 0.27194
0.464107 0.118558 9.9947E-05 0.219097 9.9947E-05 0.197638 9.9947E-05 9.9947E-05 9.9947E-05 9.9947E-05
9.99474E-05 9.99474E-05 0.51504 9.99474E-05 9.99474E-05 0.054455 0.127716 0.302189 9.99474E-05 9.99474E-05
0.220386 0.0232989 0.694984 0.0607315 9.99473E-05 9.99473E-05 9.99473E-05 9.99473E-05 9.99473E-05 9.99473E-05
9.9956E-05 9.9956E-05 9.9956E-05 0.0126795 0.114305 0.209411 9.9956E-05 0.0251318 0.637973 9.9956E-05
9.99297E-05 9.99297E-05 9.99297E-05 9.99297E-05 0.36235 9.99297E-05 9.99297E-05 9.99297E-05 0.63685 9.99297E-05
9.99472E-05 9.99472E-05 9.99472E-05 0.471019 0.215128 0.090724 9.99472E-05 9.99472E-05 0.22253 9.99472E-05
0.336903 9.99471E-05 9.99471E-05 9.99471E-05 9.99471E-05 9.99471E-05 0.112398 0.0953092 0.45479 9.99471E-05
9.99385E-05 9.99385E-05 9.99385E-05 9.99385E-05 9.99385E-05 0.552862 9.99385E-05 9.99385E-05 0.440693 0.00574465
0.169173 0.177555 0.155156 9.995E-05 9.995E-05 0.244478 9.995E-05 9.995E-05 0.253138 9.995E-05
0.149075 9.99558E-05 9.99558E-05 0.228428 9.99558E-05 0.0995317 0.00617856 9.99558E-05 0.516287 9.99558E-05
9.99472E-05 0.212665 9.99472E-05 9.99472E-05 0.220677 0.109337 9.99472E-05 0.456721 9.99472E-05 9.99472E-05
9.99296E-05 9.99296E-05 0.704065 9.99296E-05 9.99296E-05 9.99296E-05 9.99296E-05 9.99296E-05 0.295136 9.99296E-05
9.99381E-05 0.112715 0.475729 9.99381E-05 9.99381E-05 9.99381E-05 9.99381E-05 9.99381E-05 9.99381E-05 0.410856
0.468809 9.99472E-05 9.99472E-05 9.99472E-05 0.311599 9.99472E-05 9.99472E-05 9.99472E-05 0.0758517 0.14314
0.417156 9.99473E-05 9.99473E-05 9.99473E-05 0.0126704 0.527115 9.99473E-05 0.0424585 9.99473E-05 9.99473E-05
9.99563E-05 9.99563E-05 0.28242 9.99563E-05 0.0455654 9.99563E-05 9.99563E-05 0.340968 0.313473 0.0170739
0.146412 9.99393E-05 0.420746 9.99393E-05 9.99393E-05 9.99393E-05 9.99393E-05 9.99393E-05 9.99393E-05 0.432142
9.99474E-05 9.99474E-05 9.99474E-05 9.99474E-05 9.99474E-05 9.99474E-05 0.591995 0.0610364 0.338254 0.00811442
9.99203E-05 9.99203E-05 9.99203E-05 0.999101 9.99203E-05 9.99203E-05 9.99203E-05 9.99203E-05 9.99203E-05 9.99203E-05
9.99386E-05 9.99386E-05 0.118959 9.99386E-05 9.99386E-05 9.99386E-05 0.820026 9.99386E-05 9.99386E-05 0.0603161
9.99387E-05 9.99387E-05 0.0802622 0.508164 9.99387E-05 9.99387E-05 9.99387E-05 9.99387E-05 9.99387E-05 0.410874
0.357955 0.321546 9.9956E-05 9.9956E-05 9.9956E-05 9.9956E-05 0.0342628 0.0135361 0.2722 9.9956E-05
9.99473E-05 9.99473E-05 9.99473E-05 9.99473E-05 0.0512964 9.99473E-05 0.0172408 0.315299 0.615564 9.99473E-05
0.0469799 9.99481E-05 9.99481E-05 9.99481E-05 0.00895465 0.406324 0.537142 9.99481E-05 9.99481E-05 9.99481E-05
9.99383E-05 0.601576 0.388608 9.99383E-05 9.99383E-05 9.99383E-05 9.99383E-05 9.99383E-05 0.00911663 9.99383E-05
9.99562E-05 9.99562E-05 0.0168356 0.256846 0.00762689 9.99562E-05 9.99562E-05 0.104633 0.613558 9.99562E-05
0.300162 9.99561E-05 9.99561E-05 9.99561E-05 0.420102 0.160638 0.0507808 9.99561E-05 0.0678172 9.99561E-05
0.110233 9.99647E-05 0.205762 9.99647E-05 9.99647E-05 0.312409 9.99647E-05 0.0950386 0.123811 0.152346
9.99562E-05 0.215109 0.134254 9.99562E-05 0.28525 9.99562E-05 0.223998 9.99562E-05 0.140889 9.99562E-05
0.384933 0.0937496 9.99562E-05 0.131198 9.99562E-05 9.99562E-05 9.99562E-05 0.338088 9.99562E-05 0.0515318
9.99384E-05 9.99384E-05 9.99384E-05 0.125417 0.0401328 9.99384E-05 9.99384E-05 9.99384E-05 0.83375 9.99384E-05
9.99648E-05 0.0304465 9.99648E-05 0.118856 0.585359 0.0399686 0.060126 9.99648E-05 9.99648E-05 0.164844
9.995E-05 9.995E-05 0.62028 0.0562763 0.223955 0.0398403 0.059148 9.995E-05 9.995E-05 9.995E-05
9.99472E-05 9.99472E-05 0.364219 0.0992374 9.99472E-05 9.99472E-05 9.99472E-05 9.99472E-05 0.305525 0.230419
9.99474E-05 0.0710987 0.21208 9.99474E-05 0.456546 0.259675 9.99474E-05 9.99474E-05 9.99474E-05 9.99474E-05
9.99388E-05 0.263804 9.99388E-05 9.99388E-05 9.99388E-05 0.364812 9.99388E-05 9.99388E-05 9.99388E-05 0.370684
9.99381E-05 9.99381E-05 0.196294 9.99381E-05 0.17918 9.99381E-05 9.99381E-05 9.99381E-05 0.623826 9.99381E-05
0.692601 9.99389E-05 0.25676 9.99389E-05 9.99389E-05 9.99389E-05 0.0499398 9.99389E-05 9.99389E-05 9.99389E-05
0.24673 0.216647 0.0286669 9.99474E-05 0.507356 9.99474E-05 9.99474E-05 9.99474E-05 9.99474E-05 9.99474E-05
9.99472E-05 0.254203 0.0748504 9.99472E-05 0.263159 9.99472E-05 9.99472E-05 9.99472E-05 0.407189 9.99472E-05
9.99562E-05 9.99562E-05 0.292118 0.184991 9.99562E-05 9.99562E-05 0.0330147 0.338649 9.99562E-05 0.150727
0.0461001 0.376565 9.99653E-05 0.264985 0.252788 0.037901 9.99653E-05 9.99653E-05 9.99653E-05 0.0212614
9.995E-05 0.0361922 0.157342 0.102531 9.995E-05 0.0260506 9.995E-05 9.995E-05 0.677384 9.995E-05
9.9956E-05 0.279945 9.9956E-05 0.234125 9.9956E-05 9.9956E-05 0.0793669 0.0669431 0.33912 9.9956E-05
9.99471E-05 0.182083 0.0689154 9.99471E-05 9.99471E-05 9.99471E-05 0.245239 9.99471E-05 9.99471E-05 0.503163
9.99472E-05 9.99472E-05 0.428755 0.345336 9.99472E-05 9.99472E-05 0.147494 9.99472E-05 9.99472E-05 0.0778146
9.99561E-05 9.99561E-05 0.134051 0.154094 0.144772 9.99561E-05 0.0170615 9.99561E-05 0.549521 9.99561E-05
0.720942 9.99387E-05 9.99387E-05 9.99387E-05 0.158978 9.99387E-05 9.99387E-05 0.11938 9.99387E-05 9.99387E-05
0.261605 0.0662611 9.99473E-05 9.99473E-05 9.99473E-05 0.260684 9.99473E-05 9.99473E-05 0.41085 9.99473E-05
9.99558E-05 9.99558E-05 0.270698 0.0635569 0.452872 0.0565307 9.99558E-05 9.99558E-05 9.99558E-05 0.155842
9.993E-05 0.113553 9.993E-05 9.993E-05 9.993E-05 9.993E-05 0.231928 9.993E-05 0.653819 9.993E-05
9.99472E-05 0.785637 0.00631444 9.99472E-05 9.99472E-05 0.0227372 9.99472E-05 9.99472E-05 0.184712 9.99472E-05
9.99469E-05 0.231345 0.488011 9.99469E-05 9.99469E-05 9.99469E-05 9.99469E-05 0.0143084 0.265736 9.99469E-05
0.184087 0.2507 0.253946 9.996E-05 0.16187 9.996E-05 9.996E-05 9.996E-05 0.113436 0.0355604
9.99381E-05 9.99381E-05 0.532697 9.99381E-05 9.99381E-05 9.99381E-05 9.99381E-05 0.417617 0.048987 9.99381E-05
9.99474E-05 9.99474E-05 0.531296 0.25611 0.0109759 9.99474E-05 9.99474E-05 9.99474E-05 0.201018 9.99474E-05
9.99384E-05 9.99384E-05 0.192773 0.233094 9.99384E-05 9.99384E-05 9.99384E-05 9.99384E-05 0.573434 9.99384E-05
0.257539 9.99561E-05 0.0153323 0.650612 0.0595958 9.99561E-05 9.99561E-05 0.016421 9.99561E-05 9.99561E-05
9.99561E-05 9.99561E-05 0.320141 0.0214762 0.0480134 0.114124 9.99561E-05 0.495746 9.99561E-05 9.99561E-05
0.0450292 0.0164273 0.0534428 0.368525 9.99562E-05 9.99562E-05 9.99562E-05 9.99562E-05 0.516076 9.99562E-05
0.976723 9.99294E-05 0.0224779 9.99294E-05 9.99294E-05 9.99294E-05 9.99294E-05 9.99294E-05 9.99294E-05 9.99294E-05
9.99473E-05 0.0113962 0.368789 9.99473E-05 9.99473E-05 9.99473E-05 9.99473E-05 9.99473E-05 0.33632 0.282895
9.99562E-05 9.99562E-05 9.99562E-05 0.139855 9.99562E-05 0.295387 0.217648 0.0838828 0.262727 9.99562E-05
9.99388E-05 9.99388E-05 0.261358 9.99388E-05 0.254163 9.99388E-05 9.99388E-05 0.48378 9.99388E-05 9.99388E-05
0.0374928 0.0463186 9.99473E-05 9.99473E-05 9.99473E-05 9.99473E-05 9.99473E-05 0.45231 0.463279 9.99473E-05
0.261496 0.234874 0.455667 9.99472E-05 0.0473621 9.99472E-05 9.99472E-05 9.99472E-05 9.99472E-05 9.99472E-05
0.379008 0.0327502 9.99559E-05 9.99559E-05 9.99559E-05 9.99559E-05 0.0380754 0.288522 0.261145 9.99559E-05
0.00499787 0.559568 9.99652E-05 0.0153157 0.0744898 9.99652E-05 9.99652E-05 0.274263 9.99652E-05 0.0709659
0.0611145 9.9956E-05 0.0234397 9.9956E-05 0.612763 0.0443575 9.9956E-05 9.9956E-05 0.257826 9.9956E-05
0.0378368 9.99474E-05 0.362228 9.99474E-05 0.451365 0.14797 9.99474E-05 9.99474E-05 9.99474E-05 9.99474E-05
0.356348 9.99394E-05 0.241255 9.99394E-05 9.99394E-05 9.99394E-05 9.99394E-05 9.99394E-05 9.99394E-05 0.401697
9.99385E-05 0.405324 9.99385E-05 9.99385E-05 9.99385E-05 0.495562 0.0984152 9.99385E-05 9.99385E-05 9.99385E-05
9.99385E-05 9.99385E-05 9.99385E-05 9.99385E-05 9.99385E-05 9.99385E-05 9.99385E-05 0.0742409 0.740181 0.184878
0.156534 9.9965E-05 0.267248 9.9965E-05 0.365062 9.9965E-05 0.0773077 9.9965E-05 0.0142047 0.119244
9.99562E-05 0.0949512 9.99562E-05 0.116291 0.0743082 9.99562E-05 9.99562E-05 9.99562E-05 0.610311 0.103639
0.324504 9.99387E-05 0.150729 9.99387E-05 9.99387E-05 9.99387E-05 9.99387E-05 0.524067 9.99387E-05 9.99387E-05
0.0536628 9.99473E-05 9.99473E-05 9.99473E-05 0.272445 9.99473E-05 0.0712738 0.602018 9.99473E-05 9.99473E-05
0.407628 0.206367 9.995E-05 9.995E-05 0.0178164 9.995E-05 9.995E-05 9.995E-05 0.272854 0.0948344
0.361034 9.99297E-05 9.99297E-05 9.99297E-05 9.99297E-05 9.99297E-05 9.99297E-05 9.99297E-05 9.99297E-05 0.638167
9.99474E-05 9.99474E-05 9.99474E-05 9.99474E-05 0.234705 0.126254 9.99474E-05 0.394117 9.99474E-05 0.244323
9.99647E-05 0.0454515 0.30158 0.109337 9.99647E-05 9.99647E-05 9.99647E-05 0.225997 0.316849 0.000385682
0.250558 9.99647E-05 0.151096 0.109285 0.135953 9.99647E-05 9.99647E-05 9.99647E-05 0.240029 0.11268
9.9947E-05 0.142614 0.519555 9.9947E-05 9.9947E-05 9.9947E-05 9.9947E-05 9.9947E-05 0.0662525 0.270978
9.99471E-05 0.207423 0.497306 9.99471E-05 9.99471E-05 0.0850474 9.99471E-05 0.209624 9.99471E-05 9.99471E-05
0.39921 9.9947E-05 9.9947E-05 9.9947E-05 9.9947E-05 9.9947E-05 0.134424 0.235393 0.230373 9.9947E-05
9.99473E-05 9.99473E-05 0.660233 9.99473E-05 9.99473E-05 0.125637 0.0807612 9.99473E-05 9.99473E-05 0.13277
9.99474E-05 9.99474E-05 0.398851 0.0394806 0.0847611 9.99474E-05 9.99474E-05 9.99474E-05 0.476308 9.99474E-05
9.99557E-05 0.297867 9.99557E-05 0.220698 0.0055294 9.99557E-05 9.99557E-05 9.99557E-05 0.248882 0.226524
9.99472E-05 9.99472E-05 9.99472E-05 0.147501 0.0263831 9.99472E-05 0.15893 9.99472E-05 9.99472E-05 0.666586
9.9947E-05 9.9947E-05 0.62204 0.162482 0.0516518 9.9947E-05 9.9947E-05 9.9947E-05 0.163226 9.9947E-05
0.211862 9.99559E-05 0.0204304 0.308953 9.99559E-05 9.99559E-05 9.99559E-05 9.99559E-05 0.372787 0.0854673
0.305207 9.99387E-05 9.99387E-05 0.44358 9.99387E-05 9.99387E-05 9.99387E-05 0.250514 9.99387E-05 9.99387E-05
9.99385E-05 0.292447 0.452169 9.99385E-05 9.99385E-05 0.254685 9.99385E-05 9.99385E-05 9.99385E-05 9.99385E-05
9.99472E-05 0.655875 0.0410233 9.99472E-05 9.99472E-05 0.163285 9.99472E-05 9.99472E-05 0.139217 9.99472E-05
9.99293E-05 9.99293E-05 9.99293E-05 9.99293E-05 0.286736 9.99293E-05 9.99293E-05 9.99293E-05 0.712465 9.99293E-05
0.0451731 9.99385E-05 9.99385E-05 9.99385E-05 0.0740904 9.99385E-05 9.99385E-05 9.99385E-05 0.880037 9.99385E-05
0.438578 9.99558E-05 9.99558E-05 0.121728 0.122137 9.99558E-05 9.99558E-05 9.99558E-05 0.251096 0.0659608
0.264242 9.995E-05 0.154075 9.995E-05 0.0475685 9.995E-05 9.995E-05 0.220721 0.312893 9.995E-05
0.415954 9.9956E-05 9.9956E-05 0.0523196 9.9956E-05 0.129015 9.9956E-05 9.9956E-05 0.252904 0.149308
9.99474E-05 9.99474E-05 0.0418661 0.191797 0.222735 9.99474E-05 9.99474E-05 9.99474E-05 9.99474E-05 0.543002
9.99386E-05 9.99386E-05 9.99386E-05 0.570699 9.99386E-05 0.0446611 9.99386E-05 9.99386E-05 0.383941 9.99386E-05
0.261288 9.99469E-05 0.46874 0.186131 9.99469E-05 9.99469E-05 9.99469E-05 9.99469E-05 9.99469E-05 0.0832418
9.99474E-05 9.99474E-05 0.0261217 9.99474E-05 9.99474E-05 0.184935 0.158108 0.630235 9.99474E-05 9.99474E-05
0.266688 0.0907817 9.99645E-05 9.99645E-05 9.99645E-05 9.99645E-05 0.118825 0.0149748 0.401215 0.107116
9.99386E-05 9.99386E-05 0.419148 9.99386E-05 9.99386E-05 9.99386E-05 9.99386E-05 9.99386E-05 0.384385 0.195767
0.0493834 9.99476E-05 0.776274 0.161184 9.99476E-05 9.99476E-05 0.0125592 9.99476E-05 9.99476E-05 9.99476E-05
9.99383E-05 0.309571 0.427466 9.99383E-05 9.99383E-05 9.99383E-05 9.99383E-05 0.262263 9.99383E-05 9.99383E-05
9.99293E-05 9.99293E-05 9.99293E-05 9.99293E-05 9.99293E-05 0.760006 9.99293E-05 9.99293E-05 9.99293E-05 0.239195
9.99299E-05 9.99299E-05 0.393174 9.99299E-05 0.606026 9.99299E-05 9.99299E-05 9.99299E-05 9.99299E-05 9.99299E-05
0.435127 9.99471E-05 0.416634 0.104111 9.99471E-05 9.99471E-05 9.99471E-05 9.99471E-05 9.99471E-05 0.0435284
9.99295E-05 9.99295E-05 9.99295E-05 9.99295E-05 9.99295E-05 9.99295E-05 0.280628 9.99295E-05 0.718573 9.99295E-05
0.419457 9.99472E-05 9.99472E-05 0.166881 9.99472E-05 9.99472E-05 9.99472E-05 0.0414293 0.371633 9.99472E-05
0.23291 0.0750838 0.0790705 0.454264 0.0513324 9.99739E-05 0.0200105 9.99739E-05 0.0870287 9.99739E-05
0.0271498 0.0698893 0.52275 0.148141 9.99647E-05 0.0255947 9.99647E-05 9.99647E-05 9.99647E-05 0.206075
9.99562E-05 9.99562E-05 0.031229 9.99562E-05 0.00267274 9.99562E-05 0.287223 0.0306335 0.647742 9.99562E-05
0.88 9.99473E-05 9.99473E-05 0.043855 9.99473E-05 9.99473E-05 9.99473E-05 9.99473E-05 0.00304762 0.0724976
9.99472E-05 9.99472E-05 0.445228 0.12173 0.146311 9.99472E-05 9.99472E-05 9.99472E-05 0.286132 9.99472E-05
0.876513 9.99296E-05 9.99296E-05 9.99296E-05 9.99296E-05 9.99296E-05 9.99296E-05 9.99296E-05 0.122688 9.99296E-05
9.993E-05 9.993E-05 0.166386 9.993E-05 9.993E-05 9.993E-05 9.993E-05 9.993E-05 0.832815 9.993E-05
0.104429 9.99474E-05 0.105744 9.99474E-05 9.99474E-05 9.99474E-05 9.99474E-05 9.99474E-05 0.113073 0.676154
0.742194 9.993E-05 9.993E-05 9.993E-05 9.993E-05 0.257006 9.993E-05 9.993E-05 9.993E-05 9.993E-05
0.247069 9.99648E-05 0.0085065 9.99648E-05 0.00703501 0.295534 9.99648E-05 9.99648E-05 0.431053 0.010403
9.99561E-05 0.670226 0.16219 9.99561E-05 9.99561E-05 0.00234066 9.99561E-05 9.99561E-05 0.00669659 0.158047
9.99558E-05 0.0475587 0.83876 0.0261401 9.99558E-05 9.99558E-05 0.0804719 9.99558E-05 0.00656917 9.99558E-05
9.99383E-05 0.234674 9.99383E-05 9.99383E-05 9.99383E-05 9.99383E-05 0.146652 9.99383E-05 9.99383E-05 0.617975
0.460603 9.9947E-05 0.271791 0.141084 9.9947E-05 9.9947E-05 0.125922 9.9947E-05 9.9947E-05 9.9947E-05
9.99472E-05 9.99472E-05 0.487212 9.99472E-05 0.0897303 9.99472E-05 0.175748 9.99472E-05 0.24671 9.99472E-05
9.99472E-05 0.560609 0.0770186 9.99472E-05 0.114706 9.99472E-05 9.99472E-05 9.99472E-05 0.247067 9.99472E-05
9.99472E-05 9.99472E-05 0.0880842 9.99472E-05 0.285833 9.99472E-05 9.99472E-05 9.99472E-05 0.49917 0.126313
9.99473E-05 9.99473E-05 0.0830562 9.99473E-05 9.99473E-05 0.637632 0.0302272 9.99473E-05 9.99473E-05 0.248485
9.99472E-05 0.610248 9.99472E-05 0.251044 9.99472E-05 9.99472E-05 0.0151666 0.122942 9.99472E-05 9.99472E-05
9.99388E-05 0.459041 9.99388E-05 9.99388E-05 9.99388E-05 0.0215315 9.99388E-05 9.99388E-05 9.99388E-05 0.518728
0.4757 0.274758 9.99562E-05 0.0869163 9.99562E-05 0.150028 9.99562E-05 9.99562E-05 9.99562E-05 0.0120971
0.859365 9.99303E-05 9.99303E-05 9.99303E-05 0.139836 9.99303E-05 9.99303E-05 9.99303E-05 9.99303E-05 9.99303E-05
9.99559E-05 9.99559E-05 0.424275 9.99559E-05 0.0656156 9.99559E-05 9.99559E-05 0.346501 0.156905 0.00620321
9.99381E-05 9.99381E-05 9.99381E-05 0.519208 0.433643 0.0464502 9.99381E-05 9.99381E-05 9.99381E-05 9.99381E-05
9.99385E-05 0.185593 9.99385E-05 9.99385E-05 9.99385E-05 9.99385E-05 9.99385E-05 0.226622 0.587085 9.99385E-05
9.99473E-05 9.99473E-05 9.99473E-05 0.756103 9.99473E-05 9.99473E-05 9.99473E-05 0.0476173 0.0827008 0.112979
9.99647E-05 0.232123 0.250991 0.0333867 0.0629204 9.99647E-05 9.99647E-05 9.99647E-05 0.308614 0.111565
9.99299E-05 9.99299E-05 9.99299E-05 9.99299E-05 0.875629 0.123572 9.99299E-05 9.99299E-05 9.99299E-05 9.99299E-05
0.347317 9.99473E-05 9.99473E-05 9.99473E-05 9.99473E-05 0.108527 0.0363042 9.99473E-05 0.507253 9.99473E-05
0.386247 9.99649E-05 0.11346 9.99649E-05 0.198611 9.99649E-05 0.02653 0.0573544 0.217398 9.99649E-05
0.0476588 9.99472E-05 9.99472E-05 0.0792507 9.99472E-05 9.99472E-05 9.99472E-05 0.328242 0.544249 9.99472E-05
9.99736E-05 0.00661285 0.0856731 0.375453 9.99736E-05 9.99736E-05 0.257776 0.0536928 0.198658 0.021834
0.332967 0.0666327 0.374482 9.99471E-05 0.225319 9.99471E-05 9.99471E-05 9.99471E-05 9.99471E-05 9.99471E-05
9.99383E-05 9.99383E-05 9.99383E-05 0.623072 9.99383E-05 0.0336599 9.99383E-05 9.99383E-05 0.342569 9.99383E-05
0.0209521 9.99473E-05 0.120237 9.99473E-05 9.99473E-05 9.99473E-05 9.99473E-05 0.193359 0.664852 9.99473E-05
0.189485 9.99473E-05 0.194586 9.99473E-05 9.99473E-05 0.219529 9.99473E-05 9.99473E-05 9.99473E-05 0.395801
9.99471E-05 9.99471E-05 0.266204 0.414089 0.166242 9.99471E-05 9.99471E-05 9.99471E-05 0.152866 9.99471E-05
9.99386E-05 9.99386E-05 9.99386E-05 9.99386E-05 9.99386E-05 9.99386E-05 9.99386E-05 0.545145 0.156345 0.297811
0.044127 9.99471E-05 0.245584 9.99471E-05 9.99471E-05 9.99471E-05 9.99471E-05 0.0513734 0.658316 9.99471E-05
9.99383E-05 9.99383E-05 9.99383E-05 0.197618 9.99383E-05 9.99383E-05 9.99383E-05 9.99383E-05 0.732828 0.068854
9.99472E-05 9.99472E-05 9.99472E-05 0.0132326 9.99472E-05 0.0102423 9.99472E-05 0.850829 9.99472E-05 0.125097
9.99295E-05 0.625999 9.99295E-05 9.99295E-05 9.99295E-05 9.99295E-05 9.99295E-05 9.99295E-05 0.373202 9.99295E-05
9.99385E-05 9.99385E-05 0.716774 0.200991 0.0815358 9.99385E-05 9.99385E-05 9.99385E-05 9.99385E-05 9.99385E-05
0.259189 9.99477E-05 9.99477E-05 9.99477E-05 9.99477E-05 0.00329265 9.99477E-05 0.531379 0.20554 9.99477E-05
9.99383E-05 9.99383E-05 0.275373 0.0886138 9.99383E-05 0.635314 9.99383E-05 9.99383E-05 9.99383E-05 9.99383E-05
0.580411 9.99387E-05 9.99387E-05 0.293091 9.99387E-05 9.99387E-05 0.125799 9.99387E-05 9.99387E-05 9.99387E-05
0.790167 9.99294E-05 9.99294E-05 9.99294E-05 9.99294E-05 9.99294E-05 9.99294E-05 9.99294E-05 0.209034 9.99294E-05
9.99469E-05 9.99469E-05 0.0685373 9.99469E-05 0.411534 9.99469E-05 9.99469E-05 9.99469E-05 0.371473 0.147856
9.99564E-05 0.130054 0.113117 9.99564E-05 0.0195606 9.99564E-05 9.99564E-05 0.115858 0.620911 9.99564E-05
9.994E-05 9.994E-05 9.994E-05 0.0772486 9.994E-05 0.0671093 0.14648 0.708563 9.994E-05 9.994E-05
9.99472E-05 0.241113 9.99472E-05 0.536048 9.99472E-05 9.99472E-05 9.99472E-05 0.119519 0.10272 9.99472E-05
9.99648E-05 9.99648E-05 0.449579 0.0819573 9.99648E-05 0.0886781 0.080506 9.99648E-05 0.0566494 0.242231
0.385851 0.211081 9.99558E-05 9.99558E-05 0.163778 9.99558E-05 9.99558E-05 9.99558E-05 0.157779 0.0810124
9.99387E-05 9.99387E-05 0.567065 9.99387E-05 9.99387E-05 0.427437 9.99387E-05 9.99387E-05 0.00479852 9.99387E-05
0.888457 9.99471E-05 0.00866127 9.99471E-05 9.99471E-05 9.99471E-05 9.99471E-05 0.0615364 0.0407455 9.99471E-05
0.146595 9.99562E-05 9.99562E-05 0.26368 0.449004 9.99562E-05 0.0211222 9.99562E-05 0.119098 9.99562E-05
9.99385E-05 9.99385E-05 9.99385E-05 9.99385E-05 9.99385E-05 9.99385E-05 0.352618 0.107939 0.538743 9.99385E-05
0.0475855 0.073859 0.49538 9.99562E-05 0.357869 9.99562E-05 9.99562E-05 9.99562E-05 0.0248064 9.99562E-05
9.99475E-05 9.99475E-05 0.263661 0.17249 9.99475E-05 9.99475E-05 9.99475E-05 9.99475E-05 0.162783 0.400466
0.0203042 9.99383E-05 9.99383E-05 0.721657 9.99383E-05 9.99383E-05 9.99383E-05 9.99383E-05 0.257339 9.99383E-05
9.99207E-05 9.99207E-05 9.99207E-05 0.999101 9.99207E-05 9.99207E-05 9.99207E-05 9.99207E-05 9.99207E-05 9.99207E-05
9.99472E-05 9.99472E-05 0.392002 0.236001 9.99472E-05 9.99472E-05 9.99472E-05 0.337114 9.99472E-05 0.0342827
9.99382E-05 9.99382E-05 0.59856 9.99382E-05 9.99382E-05 9.99382E-05 9.99382E-05 0.363166 9.99382E-05 0.0375745
9.99382E-05 9.99382E-05 9.99382E-05 0.399085 9.99382E-05 9.99382E-05 9.99382E-05 0.0720431 9.99382E-05 0.528172
0.0936645 0.0264832 9.99737E-05 0.0782783 0.23703 9.99737E-05 9.99737E-05 0.021623 0.0963459 0.446275
0.146286 9.9939E-05 0.474681 9.9939E-05 9.9939E-05 9.9939E-05 9.9939E-05 9.9939E-05 0.378333 9.9939E-05
0.0199693 9.9956E-05 9.9956E-05 0.215957 0.181963 9.9956E-05 9.9956E-05 9.9956E-05 0.322789 0.258823
0.0401387 9.9956E-05 0.431283 0.411115 9.9956E-05 9.9956E-05 0.100954 9.9956E-05 0.0160091 9.9956E-05
0.0506171 9.99647E-05 0.221756 9.99647E-05 0.0979353 9.99647E-05 0.184496 0.107974 0.336821 9.99647E-05
9.99296E-05 9.99296E-05 9.99296E-05 0.238961 9.99296E-05 9.99296E-05 0.760239 9.99296E-05 9.99296E-05 9.99296E-05
0.417953 9.99388E-05 0.451438 9.99388E-05 0.12991 9.99388E-05 9.99388E-05 9.99388E-05 9.99388E-05 9.99388E-05
9.99475E-05 9.99475E-05 0.46944 9.99475E-05 0.0737734 9.99475E-05 9.99475E-05 9.99475E-05 0.205845 0.250342
9.9956E-05 0.0548752 9.9956E-05 0.1255 9.9956E-05 9.9956E-05 9.9956E-05 0.124051 0.220897 0.474177
9.99384E-05 9.99384E-05 0.5691 9.99384E-05 9.99384E-05 9.99384E-05 9.99384E-05 9.99384E-05 0.0616411 0.368559
9.99474E-05 9.99474E-05 9.99474E-05 0.288718 9.99474E-05 0.144057 9.99474E-05 0.0372046 0.529421 9.99474E-05
0.26934 0.281742 0.448218 9.99386E-05 9.99386E-05 9.99386E-05 9.99386E-05 9.99386E-05 9.99386E-05 9.99386E-05
0.00923044 9.995E-05 0.219068 0.018024 9.995E-05 9.995E-05 9.995E-05 9.995E-05 0.287329 0.465849
9.99386E-05 0.292912 0.579716 9.99386E-05 0.126673 9.99386E-05 9.99386E-05 9.99386E-05 9.99386E-05 9.99386E-05
0.153625 9.99564E-05 0.500229 9.99564E-05 9.99564E-05 0.227968 9.99564E-05 9.99564E-05 0.0645483 0.0531292
9.99472E-05 0.0775269 9.99472E-05 9.99472E-05 0.639718 9.99472E-05 0.205584 9.99472E-05 0.076572 9.99472E-05
0.146719 9.99646E-05 0.104233 9.99646E-05 0.0135754 0.142957 0.477113 9.99646E-05 9.99646E-05 0.115003
0.60381 9.99384E-05 9.99384E-05 0.299105 9.99384E-05 9.99384E-05 9.99384E-05 9.99384E-05 0.0963857 9.99384E-05
9.99473E-05 9.99473E-05 0.281942 9.99473E-05 9.99473E-05 0.255713 0.1889 9.99473E-05 0.272845 9.99473E-05
9.99558E-05 0.0164295 0.357999 9.99558E-05 9.99558E-05 9.99558E-05 9.99558E-05 0.0312051 0.439414 0.154452
9.99561E-05 9.99561E-05 9.99561E-05 0.159516 9.99561E-05 0.0500141 0.144232 0.230365 9.99561E-05 0.415373
0.0087935 9.99471E-05 9.99471E-05 0.224802 9.99471E-05 9.99471E-05 9.99471E-05 0.691313 9.99471E-05 0.0744925
0.434127 9.99564E-05 9.99564E-05 9.99564E-05 9.99564E-05 9.99564E-05 0.00438909 0.202297 0.0303344 0.328353
9.99293E-05 9.99293E-05 0.139102 9.99293E-05 9.99293E-05 9.99293E-05 9.99293E-05 9.99293E-05 9.99293E-05 0.860098
9.99392E-05 0.0138957 0.946592 9.99392E-05 9.99392E-05 0.0388124 9.99392E-05 9.99392E-05 9.99392E-05 9.99392E-05
0.0536402 9.99474E-05 0.707706 0.203674 0.0343796 9.99474E-05 9.99474E-05 9.99474E-05 9.99474E-05 9.99474E-05
9.99381E-05 9.99381E-05 0.0970293 9.99381E-05 9.99381E-05 9.99381E-05 9.99381E-05 0.186421 0.71585 9.99381E-05
0.640193 9.99382E-05 9.99382E-05 9.99382E-05 9.99382E-05 9.99382E-05 9.99382E-05 0.15136 0.207748 9.99382E-05
9.99384E-05 0.243322 9.99384E-05 0.290637 9.99384E-05 9.99384E-05 9.99384E-05 9.99384E-05 9.99384E-05 0.465341
9.99387E-05 0.43191 9.99387E-05 0.222396 0.344994 9.99387E-05 9.99387E-05 9.99387E-05 9.99387E-05 9.99387E-05
0.445233 9.99471E-05 0.0873449 9.99471E-05 0.359039 9.99471E-05 0.107783 9.99471E-05 9.99471E-05 9.99471E-05
9.99473E-05 9.99473E-05 9.99473E-05 0.275395 9.99473E-05 0.1537 9.99473E-05 0.114434 0.455871 9.99473E-05
9.99384E-05 9.99384E-05 9.99384E-05 0.355424 0.613043 9.99384E-05 9.99384E-05 9.99384E-05 0.0308331 9.99384E-05
0.591439 9.99386E-05 0.0910342 9.99386E-05 9.99386E-05 9.99386E-05 9.99386E-05 9.99386E-05 0.316827 9.99386E-05
0.505947 9.99563E-05 9.99563E-05 9.99563E-05 9.99563E-05 0.0836864 0.0853929 0.160658 0.163816 9.99563E-05
9.99389E-05 9.99389E-05 9.99389E-05 0.659347 9.99389E-05 9.99389E-05 0.0785066 9.99389E-05 9.99389E-05 0.261446
9.99302E-05 9.99302E-05 0.556391 9.99302E-05 9.99302E-05 9.99302E-05 9.99302E-05 9.99302E-05 0.44281 9.99302E-05
0.270813 0.116927 9.99561E-05 9.99561E-05 9.99561E-05 0.0453346 9.99561E-05 9.99561E-05 0.378274 0.188151
