9.9964E-05 0.057271 9.9964E-05 9.9964E-05 0.0404906 0.166643 0.735195 9.9964E-05
9.9955E-05 9.9955E-05 9.9955E-05 0.0352845 0.0454884 9.9955E-05 0.918727 9.9955E-05
9.9964E-05 9.9964E-05 0.0141806 9.9964E-05 9.9964E-05 0.595839 0.379736 0.009845
9.994E-05 9.994E-05 9.994E-05 9.994E-05 0.9993 9.994E-05 9.994E-05 9.994E-05
9.9955E-05 0.935748 9.9955E-05 9.9955E-05 0.0226203 0.0411318 9.9955E-05 9.9955E-05
9.9955E-05 9.9955E-05 9.9955E-05 0.746052 9.9955E-05 0.0699865 0.183462 9.9955E-05
0.838998 9.9955E-05 9.9955E-05 9.9955E-05 0.104618 0.0558839 9.9955E-05 9.9955E-05
0.0409582 9.99641E-05 9.99641E-05 9.99641E-05 9.99641E-05 0.033536 0.761959 0.163147
9.99461E-05 9.99461E-05 0.3669 0.6325 9.99461E-05 9.99461E-05 9.99461E-05 9.99461E-05
0.341936 0.657465 9.9946E-05 9.9946E-05 9.9946E-05 9.9946E-05 9.9946E-05 9.9946E-05
0.9993 9.994E-05 9.994E-05 9.994E-05 9.994E-05 9.994E-05 9.994E-05 9.994E-05
9.99461E-05 9.99461E-05 9.99461E-05 9.99461E-05 9.99461E-05 9.99461E-05 0.144014 0.855387
0.000537917 0.643437 0.0212216 0.158082 9.9982E-05 0.129609 0.0469127 9.9982E-05
9.99551E-05 0.311359 9.99551E-05 9.99551E-05 0.293446 0.394694 9.99551E-05 9.99551E-05
9.99551E-05 0.969977 0.0218585 0.00766436 9.99551E-05 9.99551E-05 9.99551E-05 9.99551E-05
0.0289675 9.99551E-05 0.861863 9.99551E-05 9.99551E-05 0.10867 9.99551E-05 9.99551E-05
0.0155127 9.99551E-05 9.99551E-05 9.99551E-05 9.99551E-05 0.0540135 9.99551E-05 0.929974
0.425024 9.9964E-05 0.362701 0.175783 9.9964E-05 9.9964E-05 0.0360922 9.9964E-05
9.9946E-05 9.9946E-05 9.9946E-05 0.916555 9.9946E-05 9.9946E-05 0.0828457 9.9946E-05
9.99551E-05 0.0161755 0.932074 9.99551E-05 0.0512502 9.99551E-05 9.99551E-05 9.99551E-05
9.99551E-05 9.99551E-05 0.874863 9.99551E-05 0.0576909 9.99551E-05 0.0669466 9.99551E-05
0.0190352 9.99641E-05 0.399258 0.251277 9.99641E-05 9.99641E-05 9.99641E-05 0.330029
0.0998361 0.0719227 0.795895 9.9964E-05 9.9964E-05 0.0319465 9.9964E-05 9.9964E-05
0.0360088 9.9955E-05 0.182499 9.9955E-05 0.780992 9.9955E-05 9.9955E-05 9.9955E-05
9.99641E-05 9.99641E-05 0.0221193 0.00883136 0.0360313 0.932618 9.99641E-05 9.99641E-05
9.9946E-05 0.731085 0.268315 9.9946E-05 9.9946E-05 9.9946E-05 9.9946E-05 9.9946E-05
9.994E-05 9.994E-05 9.994E-05 9.994E-05 0.949938 0.0494628 9.994E-05 9.994E-05
9.99641E-05 0.304429 0.063563 0.3979 0.233709 9.99641E-05 9.99641E-05 9.99641E-05
9.994E-05 9.994E-05 9.994E-05 9.994E-05 9.994E-05 9.994E-05 0.9993 9.994E-05
9.99641E-05 9.99641E-05 0.0177921 0.524003 0.0975084 9.99641E-05 9.99641E-05 0.360297
0.40699 9.99461E-05 9.99461E-05 9.99461E-05 9.99461E-05 0.59241 9.99461E-05 9.99461E-05
9.994E-05 0.0355031 9.994E-05 9.994E-05 9.994E-05 0.963897 9.994E-05 9.994E-05
0.684644 0.314756 9.9946E-05 9.9946E-05 9.9946E-05 9.9946E-05 9.9946E-05 9.9946E-05
9.99461E-05 9.99461E-05 9.99461E-05 0.894345 9.99461E-05 0.105056 9.99461E-05 9.99461E-05
9.99461E-05 9.99461E-05 9.99461E-05 9.99461E-05 0.424806 9.99461E-05 9.99461E-05 0.574594
9.99551E-05 9.99551E-05 0.872717 0.0794579 9.99551E-05 0.047325 9.99551E-05 9.99551E-05
9.99551E-05 9.99551E-05 0.114971 0.823707 9.99551E-05 9.99551E-05 0.0608221 9.99551E-05
0.0636614 9.9964E-05 0.0626097 0.791658 9.9964E-05 9.9964E-05 9.9964E-05 0.0816707
0.920548 9.99641E-05 9.99641E-05 0.0127779 9.99641E-05 9.99641E-05 0.0449947 0.0212791
9.99551E-05 9.99551E-05 9.99551E-05 0.670005 0.314675 9.99551E-05 9.99551E-05 0.0148207
9.9946E-05 9.9946E-05 9.9946E-05 0.520276 9.9946E-05 9.9946E-05 9.9946E-05 0.479124
9.994E-05 9.994E-05 9.994E-05 9.994E-05 9.994E-05 9.994E-05 9.994E-05 0.9993
9.99462E-05 0.135511 0.863889 9.99462E-05 9.99462E-05 9.99462E-05 9.99462E-05 9.99462E-05
9.994E-05 9.994E-05 9.994E-05 9.994E-05 9.994E-05 0.9993 9.994E-05 9.994E-05
9.99461E-05 0.80998 0.189421 9.99461E-05 9.99461E-05 9.99461E-05 9.99461E-05 9.99461E-05
9.99551E-05 9.99551E-05 9.99551E-05 9.99551E-05 0.0064317 9.99551E-05 0.133457 0.859611
9.9955E-05 9.9955E-05 0.715556 0.258805 9.9955E-05 9.9955E-05 0.0251392 9.9955E-05
9.99462E-05 9.99462E-05 0.119175 0.880225 9.99462E-05 9.99462E-05 9.99462E-05 9.99462E-05
9.99552E-05 0.367808 0.496504 9.99552E-05 9.99552E-05 9.99552E-05 0.135188 9.99552E-05
0.0277847 0.00652711 0.702089 0.228774 9.99731E-05 9.99731E-05 9.99731E-05 0.0345252
