9.9973E-05 0.170493 0.0467278 0.0234372 0.587187 9.9973E-05 9.9973E-05 0.171856
9.99551E-05 0.0423105 0.0178918 9.99551E-05 0.939298 9.99551E-05 9.99551E-05 9.99551E-05
9.995E-05 9.995E-05 0.0205465 9.995E-05 0.190288 9.995E-05 9.995E-05 0.788666
9.99641E-05 0.347377 0.00681178 9.99641E-05 0.405957 9.99641E-05 0.239455 9.99641E-05
0.939696 9.99461E-05 9.99461E-05 9.99461E-05 9.99461E-05 9.99461E-05 9.99461E-05 0.0597042
9.997E-05 9.997E-05 9.997E-05 0.00268553 0.0226929 0.0166455 0.785333 0.172343
0.0345464 0.547533 9.9973E-05 0.137921 9.9973E-05 0.255132 9.9973E-05 0.0245672
9.99551E-05 9.99551E-05 9.99551E-05 9.99551E-05 0.867268 0.0437473 9.99551E-05 0.0884847
9.99461E-05 9.99461E-05 9.99461E-05 0.568325 9.99461E-05 9.99461E-05 0.431076 9.99461E-05
0.806468 9.9946E-05 9.9946E-05 9.9946E-05 9.9946E-05 0.192932 9.9946E-05 9.9946E-05
9.994E-05 9.994E-05 9.994E-05 9.994E-05 9.994E-05 0.9993 9.994E-05 9.994E-05
9.99461E-05 9.99461E-05 9.99461E-05 9.99461E-05 0.869864 9.99461E-05 0.129537 9.99461E-05
0.304605 0.380581 0.0341076 0.280306 9.9964E-05 9.9964E-05 9.9964E-05 9.9964E-05
9.994E-05 0.9993 9.994E-05 9.994E-05 9.994E-05 9.994E-05 9.994E-05 9.994E-05
0.959644 9.99551E-05 0.0388542 9.99551E-05 9.99551E-05 9.99551E-05 0.0010024 9.99551E-05
9.994E-05 9.994E-05 9.994E-05 0.9993 9.994E-05 9.994E-05 9.994E-05 9.994E-05
0.0450467 9.99641E-05 9.99641E-05 9.99641E-05 0.917461 9.99641E-05 0.0194175 0.0176751
0.246763 9.9964E-05 9.9964E-05 0.403321 9.9964E-05 0.171306 0.17821 9.9964E-05
9.994E-05 9.994E-05 9.994E-05 9.994E-05 9.994E-05 9.994E-05 0.9993 9.994E-05
9.995E-05 9.995E-05 0.936975 0.0254254 9.995E-05 9.995E-05 0.0371002 9.995E-05
9.996E-05 0.00589207 0.406453 0.506829 9.996E-05 9.996E-05 0.0804256 9.996E-05
9.99551E-05 9.99551E-05 9.99551E-05 0.633295 0.133288 9.99551E-05 0.232917 9.99551E-05
0.228713 9.99551E-05 0.0284509 0.742337 9.99551E-05 9.99551E-05 9.99551E-05 9.99551E-05
9.997E-05 0.327162 0.214435 9.997E-05 0.290776 0.0186095 0.148718 9.997E-05
9.994E-05 9.994E-05 9.994E-05 9.994E-05 9.994E-05 9.994E-05 9.994E-05 0.9993
0.747099 9.9955E-05 0.11594 0.136461 9.9955E-05 9.9955E-05 9.9955E-05 9.9955E-05
9.9955E-05 0.562644 9.9955E-05 9.9955E-05 0.346047 9.9955E-05 0.0908092 9.9955E-05
9.99641E-05 0.341282 0.00248146 0.122982 9.99641E-05 9.99641E-05 0.532855 9.99641E-05
9.995E-05 9.995E-05 9.995E-05 0.0225565 0.917831 0.0591126 9.995E-05 9.995E-05
9.99552E-05 9.99552E-05 9.99552E-05 0.0413849 0.248022 9.99552E-05 0.710093 9.99552E-05
9.9955E-05 0.156942 9.9955E-05 9.9955E-05 9.9955E-05 0.306333 9.9955E-05 0.536225
9.99461E-05 0.520463 9.99461E-05 9.99461E-05 9.99461E-05 9.99461E-05 9.99461E-05 0.478938
0.304844 0.364019 9.9955E-05 9.9955E-05 9.9955E-05 0.330637 9.9955E-05 9.9955E-05
9.99551E-05 9.99551E-05 9.99551E-05 0.0530668 9.99551E-05 9.99551E-05 0.83084 0.115593
9.9955E-05 0.13945 9.9955E-05 9.9955E-05 0.694888 9.9955E-05 0.165162 9.9955E-05
9.99551E-05 9.99551E-05 0.00384827 0.986469 9.99551E-05 9.99551E-05 0.00918335 9.99551E-05
9.99461E-05 9.99461E-05 9.99461E-05 0.252625 9.99461E-05 9.99461E-05 0.746775 9.99461E-05
9.9955E-05 9.9955E-05 9.9955E-05 0.0578209 9.9955E-05 0.0913479 0.850331 9.9955E-05
9.9946E-05 9.9946E-05 9.9946E-05 9.9946E-05 0.0635114 0.935889 9.9946E-05 9.9946E-05
0.0529692 9.99462E-05 9.99462E-05 9.99462E-05 9.99462E-05 9.99462E-05 0.946431 9.99462E-05
9.994E-05 9.994E-05 9.994E-05 9.994E-05 0.239122 9.994E-05 0.760279 9.994E-05
9.9946E-05 9.9946E-05 9.9946E-05 9.9946E-05 0.879905 9.9946E-05 0.119495 9.9946E-05
9.994E-05 9.994E-05 0.9993 9.994E-05 9.994E-05 9.994E-05 9.994E-05 9.994E-05
9.9955E-05 0.276304 9.9955E-05 9.9955E-05 9.9955E-05 0.018003 9.9955E-05 0.705193
0.496917 0.0380643 0.464519 9.99551E-05 9.99551E-05 9.99551E-05 9.99551E-05 9.99551E-05
9.99461E-05 9.99461E-05 9.99461E-05 0.102408 0.896992 9.99461E-05 9.99461E-05 9.99461E-05
9.99551E-05 9.99551E-05 0.177331 0.646283 9.99551E-05 9.99551E-05 0.175886 9.99551E-05
9.99461E-05 9.99461E-05 9.99461E-05 0.344525 9.99461E-05 9.99461E-05 0.654876 9.99461E-05
9.99551E-05 9.99551E-05 0.811465 9.99551E-05 9.99551E-05 0.145147 9.99551E-05 0.042888
9.996E-05 9.996E-05 0.366092 0.282107 9.996E-05 0.0418727 0.309528 9.996E-05
