9.99281E-05 9.99281E-05 0.803087 0.196113 9.99281E-05 9.99281E-05 9.99281E-05 9.99281E-05 9.99281E-05 9.99281E-05
9.9928E-05 9.9928E-05 0.810399 9.9928E-05 9.9928E-05 9.9928E-05 9.9928E-05 0.188801 9.9928E-05 9.9928E-05
9.9937E-05 9.9937E-05 0.222046 9.9937E-05 9.9937E-05 0.636273 9.9937E-05 9.9937E-05 9.9937E-05 0.140981
9.99282E-05 9.99282E-05 9.99282E-05 9.99282E-05 9.99282E-05 9.99282E-05 0.0985102 0.90069 9.99282E-05 9.99282E-05
9.9937E-05 9.9937E-05 9.9937E-05 0.0365054 9.9937E-05 9.9937E-05 9.9937E-05 0.0535572 0.909238 9.9937E-05
9.9937E-05 9.9937E-05 0.0942205 9.9937E-05 9.9937E-05 0.106625 0.798455 9.9937E-05 9.9937E-05 9.9937E-05
0.100367 9.9955E-05 9.9955E-05 0.0807721 0.446658 0.301156 9.9955E-05 0.070546 9.9955E-05 9.9955E-05
9.99552E-05 0.0409831 0.0435341 9.99552E-05 0.0214943 0.013257 9.99552E-05 9.99552E-05 9.99552E-05 0.880232
0.515762 9.99282E-05 9.99282E-05 9.99282E-05 9.99282E-05 9.99282E-05 0.483438 9.99282E-05 9.99282E-05 9.99282E-05
9.99281E-05 9.99281E-05 9.99281E-05 9.99281E-05 0.140977 9.99281E-05 9.99281E-05 9.99281E-05 0.858223 9.99281E-05
9.99201E-05 9.99201E-05 9.99201E-05 9.99201E-05 0.999101 9.99201E-05 9.99201E-05 9.99201E-05 9.99201E-05 9.99201E-05
0.000364925 9.99371E-05 0.0508403 9.99371E-05 9.99371E-05 9.99371E-05 9.99371E-05 9.99371E-05 9.99371E-05 0.948095
0.0687527 0.201157 9.9946E-05 0.698396 9.9946E-05 9.9946E-05 9.9946E-05 9.9946E-05 0.0310947 9.9946E-05
9.99201E-05 9.99201E-05 9.99201E-05 0.999101 9.99201E-05 9.99201E-05 9.99201E-05 9.99201E-05 9.99201E-05 9.99201E-05
9.99372E-05 0.0559497 9.99372E-05 9.99372E-05 9.99372E-05 9.99372E-05 0.00467877 9.99372E-05 0.938672 9.99372E-05
0.999101 9.99201E-05 9.99201E-05 9.99201E-05 9.99201E-05 9.99201E-05 9.99201E-05 9.99201E-05 9.99201E-05 9.99201E-05
9.99281E-05 9.99281E-05 9.99281E-05 9.99281E-05 9.99281E-05 9.99281E-05 9.99281E-05 0.0226102 9.99281E-05 0.97659
0.468484 9.9946E-05 9.9946E-05 9.9946E-05 0.299641 9.9946E-05 0.113366 9.9946E-05 0.117909 9.9946E-05
9.99371E-05 9.99371E-05 0.00200899 9.99371E-05 9.99371E-05 9.99371E-05 0.987963 0.00932831 9.99371E-05 9.99371E-05
0.172471 0.730753 9.9946E-05 9.9946E-05 9.9946E-05 9.9946E-05 0.0944722 0.00170367 9.9946E-05 9.9946E-05
0.608401 0.245426 9.99641E-05 9.99641E-05 9.99641E-05 9.99641E-05 0.0491184 0.0381256 0.021921 0.0366087
0.513291 9.99461E-05 9.99461E-05 0.0579302 9.99461E-05 9.99461E-05 0.126237 9.99461E-05 9.99461E-05 0.301941
0.741276 0.114139 9.99371E-05 9.99371E-05 9.99371E-05 9.99371E-05 9.99371E-05 9.99371E-05 0.143885 9.99371E-05
0.0527957 0.0116362 9.9946E-05 9.9946E-05 0.121458 9.9946E-05 9.9946E-05 0.813511 9.9946E-05 9.9946E-05
9.99281E-05 9.99281E-05 9.99281E-05 9.99281E-05 9.99281E-05 0.909456 9.99281E-05 0.0897446 9.99281E-05 9.99281E-05
0.146041 0.148434 9.9937E-05 9.9937E-05 9.9937E-05 9.9937E-05 9.9937E-05 9.9937E-05 0.704826 9.9937E-05
9.99201E-05 9.99201E-05 9.99201E-05 9.99201E-05 9.99201E-05 9.99201E-05 9.99201E-05 0.999101 9.99201E-05 9.99201E-05
0.061116 9.99371E-05 9.99371E-05 0.520615 9.99371E-05 9.99371E-05 0.417569 9.99371E-05 9.99371E-05 9.99371E-05
9.99201E-05 9.99201E-05 0.999101 9.99201E-05 9.99201E-05 9.99201E-05 9.99201E-05 9.99201E-05 9.99201E-05 9.99201E-05
9.99373E-05 9.99373E-05 9.99373E-05 0.0609364 9.99373E-05 9.99373E-05 0.587102 9.99373E-05 9.99373E-05 0.351262
9.99372E-05 9.99372E-05 9.99372E-05 0.0487839 0.0190917 0.931425 9.99372E-05 9.99372E-05 9.99372E-05 9.99372E-05
9.99201E-05 9.99201E-05 9.99201E-05 9.99201E-05 9.99201E-05 0.999101 9.99201E-05 9.99201E-05 9.99201E-05 9.99201E-05
9.9946E-05 9.9946E-05 9.9946E-05 0.243238 0.309392 0.0794879 9.9946E-05 9.9946E-05 0.367282 9.9946E-05
0.0726466 9.99461E-05 9.99461E-05 9.99461E-05 9.99461E-05 0.121844 0.796866 9.99461E-05 0.00804431 9.99461E-05
9.99201E-05 9.99201E-05 9.99201E-05 9.99201E-05 9.99201E-05 9.99201E-05 9.99201E-05 0.514531 9.99201E-05 0.484669
0.914892 0.0511315 0.0332765 9.9937E-05 9.9937E-05 9.9937E-05 9.9937E-05 9.9937E-05 9.9937E-05 9.9937E-05
0.180662 9.99371E-05 0.00677454 9.99371E-05 9.99371E-05 9.99371E-05 0.811864 9.99371E-05 9.99371E-05 9.99371E-05
0.00905895 9.9955E-05 0.0534625 0.029526 0.0919945 9.9955E-05 0.815458 9.9955E-05 9.9955E-05 9.9955E-05
9.99371E-05 9.99371E-05 9.99371E-05 9.99371E-05 0.971816 9.99371E-05 0.024537 9.99371E-05 9.99371E-05 0.00294778
9.99372E-05 9.99372E-05 9.99372E-05 9.99372E-05 9.99372E-05 9.99372E-05 0.71858 0.192301 0.0884187 9.99372E-05
9.9928E-05 9.9928E-05 9.9928E-05 9.9928E-05 9.9928E-05 9.9928E-05 0.692472 9.9928E-05 9.9928E-05 0.306728
9.99201E-05 9.99201E-05 9.99201E-05 9.99201E-05 9.99201E-05 9.99201E-05 9.99201E-05 9.99201E-05 9.99201E-05 0.999101
9.99201E-05 0.999101 9.99201E-05 9.99201E-05 9.99201E-05 9.99201E-05 9.99201E-05 9.99201E-05 9.99201E-05 9.99201E-05
9.9937E-05 9.9937E-05 9.9937E-05 0.174208 9.9937E-05 0.781661 9.9937E-05 0.0434312 9.9937E-05 9.9937E-05
9.99371E-05 0.459542 9.99371E-05 0.11759 9.99371E-05 9.99371E-05 9.99371E-05 9.99371E-05 0.422168 9.99371E-05
0.0508497 9.99461E-05 0.207455 9.99461E-05 9.99461E-05 9.99461E-05 9.99461E-05 0.0385412 9.99461E-05 0.702554
0.582406 0.167761 0.0616002 9.9946E-05 9.9946E-05 9.9946E-05 0.187633 9.9946E-05 9.9946E-05 9.9946E-05
0.316008 9.99283E-05 9.99283E-05 9.99283E-05 9.99283E-05 9.99283E-05 0.683192 9.99283E-05 9.99283E-05 9.99283E-05
9.99371E-05 0.815807 9.99371E-05 9.99371E-05 0.0583944 0.125099 9.99371E-05 9.99371E-05 9.99371E-05 9.99371E-05
0.432112 0.261514 9.99551E-05 9.99551E-05 0.0249844 9.99551E-05 0.229502 9.99551E-05 9.99551E-05 0.051387
