9.99461E-05 9.99461E-05 9.99461E-05 9.99461E-05 9.99461E-05 9.99461E-05 0.16932 0.00120472 0.814127 0.0147489
9.9937E-05 9.9937E-05 0.182038 9.9937E-05 9.9937E-05 0.0020238 9.9937E-05 9.9937E-05 0.815239 9.9937E-05
9.99461E-05 9.99461E-05 9.99461E-05 9.99461E-05 9.99461E-05 0.258567 0.631282 0.0439396 0.0656123 9.99461E-05
9.99282E-05 9.99282E-05 0.955276 9.99282E-05 0.043925 9.99282E-05 9.99282E-05 9.99282E-05 9.99282E-05 9.99282E-05
0.727747 0.101282 0.0535038 0.0455743 9.9955E-05 9.9955E-05 9.9955E-05 9.9955E-05 9.9955E-05 0.0713928
9.99371E-05 9.99371E-05 9.99371E-05 9.99371E-05 0.8362 9.99371E-05 0.103345 9.99371E-05 0.0597554 9.99371E-05
0.00933317 9.9946E-05 9.9946E-05 0.0215514 9.9946E-05 9.9946E-05 9.9946E-05 0.090136 9.9946E-05 0.87838
9.99551E-05 9.99551E-05 9.99551E-05 9.99551E-05 9.99551E-05 0.831308 0.0834357 0.0313446 0.0437171 0.00969482
9.99282E-05 9.99282E-05 9.99282E-05 9.99282E-05 0.486452 9.99282E-05 9.99282E-05 0.512748 9.99282E-05 9.99282E-05
0.999101 9.99201E-05 9.99201E-05 9.99201E-05 9.99201E-05 9.99201E-05 9.99201E-05 9.99201E-05 9.99201E-05 9.99201E-05
0.838991 9.99283E-05 9.99283E-05 9.99283E-05 9.99283E-05 9.99283E-05 0.160209 9.99283E-05 9.99283E-05 9.99283E-05
9.99371E-05 9.99371E-05 9.99371E-05 0.0104424 9.99371E-05 0.909904 9.99371E-05 9.99371E-05 0.0789537 9.99371E-05
9.99281E-05 9.99281E-05 9.99281E-05 0.88015 9.99281E-05 9.99281E-05 9.99281E-05 9.99281E-05 9.99281E-05 0.119051
9.99201E-05 9.99201E-05 9.99201E-05 9.99201E-05 9.99201E-05 9.99201E-05 9.99201E-05 9.99201E-05 9.99201E-05 0.999101
0.782904 0.0537351 9.99551E-05 0.0885981 0.0429772 9.99551E-05 9.99551E-05 0.0312858 9.99551E-05 9.99551E-05
9.99201E-05 9.99201E-05 9.99201E-05 9.99201E-05 9.99201E-05 9.99201E-05 9.99201E-05 0.999101 9.99201E-05 9.99201E-05
9.99371E-05 9.99371E-05 0.0719671 9.99371E-05 9.99371E-05 0.910481 0.0168524 9.99371E-05 9.99371E-05 9.99371E-05
0.409741 9.9964E-05 9.9964E-05 9.9964E-05 0.150538 0.000536884 0.0169402 0.418491 0.00335279 9.9964E-05
9.99201E-05 9.99201E-05 9.99201E-05 9.99201E-05 0.999101 9.99201E-05 9.99201E-05 9.99201E-05 9.99201E-05 9.99201E-05
9.99201E-05 0.999101 9.99201E-05 9.99201E-05 9.99201E-05 9.99201E-05 9.99201E-05 9.99201E-05 9.99201E-05 9.99201E-05
0.0173431 0.152519 0.0737534 0.036546 9.99641E-05 0.0440431 9.99641E-05 0.675396 9.99641E-05 9.99641E-05
9.995E-05 9.995E-05 9.995E-05 0.0739022 0.270219 0.239583 9.995E-05 0.407072 9.995E-05 0.00872443
0.081535 0.186724 9.9964E-05 0.0502244 9.9964E-05 9.9964E-05 0.015894 0.647018 9.9964E-05 0.0182047
0.0805297 0.11506 0.732803 9.9946E-05 9.9946E-05 9.9946E-05 9.9946E-05 0.0710078 9.9946E-05 9.9946E-05
9.99282E-05 9.99282E-05 9.99282E-05 9.99282E-05 0.019047 9.99282E-05 0.980154 9.99282E-05 9.99282E-05 9.99282E-05
0.539668 0.388277 9.9955E-05 0.0414812 9.9955E-05 9.9955E-05 9.9955E-05 0.0276229 0.0024507 9.9955E-05
9.99281E-05 9.99281E-05 0.958607 9.99281E-05 9.99281E-05 9.99281E-05 0.0405934 9.99281E-05 9.99281E-05 9.99281E-05
9.99461E-05 0.0935271 9.99461E-05 0.07424 0.536587 9.99461E-05 9.99461E-05 9.99461E-05 9.99461E-05 0.295047
9.99201E-05 9.99201E-05 9.99201E-05 9.99201E-05 9.99201E-05 9.99201E-05 9.99201E-05 9.99201E-05 0.999101 9.99201E-05
9.99463E-05 0.0534376 0.0312825 9.99463E-05 0.450074 0.464606 9.99463E-05 9.99463E-05 9.99463E-05 9.99463E-05
9.99281E-05 9.99281E-05 9.99281E-05 9.99281E-05 9.99281E-05 9.99281E-05 0.449954 9.99281E-05 9.99281E-05 0.549247
9.99282E-05 9.99282E-05 9.99282E-05 9.99282E-05 9.99282E-05 9.99282E-05 0.92602 9.99282E-05 9.99282E-05 0.0731802
0.636401 9.9946E-05 9.9946E-05 0.0271732 9.9946E-05 9.9946E-05 0.0506987 9.9946E-05 9.9946E-05 0.285128
9.9955E-05 9.9955E-05 9.9955E-05 9.9955E-05 0.787632 0.0438017 0.0722826 0.0613951 9.9955E-05 0.0343887
9.99281E-05 9.99281E-05 0.683583 9.99281E-05 9.99281E-05 0.315617 9.99281E-05 9.99281E-05 9.99281E-05 9.99281E-05
9.99281E-05 9.99281E-05 9.99281E-05 9.99281E-05 9.99281E-05 9.99281E-05 9.99281E-05 0.985761 0.0134398 9.99281E-05
9.99371E-05 9.99371E-05 9.99371E-05 9.99371E-05 0.845995 9.99371E-05 9.99371E-05 0.137857 0.0154485 9.99371E-05
0.0684539 0.0110499 9.9964E-05 0.0153634 0.846555 9.9964E-05 0.0103677 9.9964E-05 0.0478107 9.9964E-05
0.467679 0.0108417 9.99821E-05 0.0325921 0.0192582 0.246257 0.191874 0.0259266 0.0053704 9.99821E-05
9.99372E-05 9.99372E-05 0.151545 9.99372E-05 0.758727 0.0890281 9.99372E-05 9.99372E-05 9.99372E-05 9.99372E-05
9.9928E-05 9.9928E-05 9.9928E-05 9.9928E-05 0.630258 0.368942 9.9928E-05 9.9928E-05 9.9928E-05 9.9928E-05
9.99281E-05 9.99281E-05 9.99281E-05 9.99281E-05 0.0115695 0.987631 9.99281E-05 9.99281E-05 9.99281E-05 9.99281E-05
9.99201E-05 0.999101 9.99201E-05 9.99201E-05 9.99201E-05 9.99201E-05 9.99201E-05 9.99201E-05 9.99201E-05 9.99201E-05
9.99201E-05 9.99201E-05 9.99201E-05 9.99201E-05 9.99201E-05 9.99201E-05 0.999101 9.99201E-05 9.99201E-05 9.99201E-05
0.238118 0.370227 9.99461E-05 0.258901 9.99461E-05 9.99461E-05 9.99461E-05 9.99461E-05 9.99461E-05 0.132155
9.99461E-05 9.99461E-05 0.0846937 9.99461E-05 9.99461E-05 0.791082 9.99461E-05 0.0769256 0.0466987 9.99461E-05
9.99371E-05 0.0184738 9.99371E-05 9.99371E-05 0.201199 9.99371E-05 9.99371E-05 0.779628 9.99371E-05 9.99371E-05
9.99282E-05 9.99282E-05 9.99282E-05 9.99282E-05 0.74963 9.99282E-05 9.99282E-05 0.249571 9.99282E-05 9.99282E-05
9.99201E-05 9.99201E-05 9.99201E-05 0.999101 9.99201E-05 9.99201E-05 9.99201E-05 9.99201E-05 9.99201E-05 9.99201E-05
0.11209 0.287293 9.99641E-05 9.99641E-05 0.198637 0.0373611 9.99641E-05 0.349601 9.99641E-05 0.0146176
