9.9964E-05 9.9964E-05 0.659047 0.240408 0.100145 9.9964E-05 9.9964E-05
9.99551E-05 9.99551E-05 0.917994 9.99551E-05 9.99551E-05 0.0815062 9.99551E-05
9.9964E-05 9.9964E-05 0.339312 0.620199 0.0400884 9.9964E-05 9.9964E-05
9.99551E-05 0.0375199 9.99551E-05 9.99551E-05 9.99551E-05 0.96198 9.99551E-05
0.117088 9.9964E-05 9.9964E-05 0.134224 9.9964E-05 9.9964E-05 0.748288
9.996E-05 0.852939 0.0522426 0.0944188 9.996E-05 9.996E-05 9.996E-05
0.652414 9.9973E-05 9.9973E-05 0.191331 0.0945713 0.061383 9.9973E-05
0.0658804 9.99551E-05 0.93362 9.99551E-05 9.99551E-05 9.99551E-05 9.99551E-05
9.99551E-05 0.500425 9.99551E-05 9.99551E-05 0.499075 9.99551E-05 9.99551E-05
0.761717 9.9955E-05 9.9955E-05 9.9955E-05 9.9955E-05 9.9955E-05 0.237783
0.9994 9.995E-05 9.995E-05 9.995E-05 9.995E-05 9.995E-05 9.995E-05
9.9955E-05 0.105425 0.894075 9.9955E-05 9.9955E-05 9.9955E-05 9.9955E-05
0.225824 0.115344 0.0108787 0.0549767 0.0386814 9.9991E-05 0.554196
0.208489 9.99642E-05 9.99642E-05 0.538484 9.99642E-05 0.252628 9.99642E-05
0.0047937 9.99551E-05 9.99551E-05 9.99551E-05 9.99551E-05 9.99551E-05 0.994707
9.99551E-05 9.99551E-05 9.99551E-05 0.0603565 0.939144 9.99551E-05 9.99551E-05
9.9973E-05 0.10989 0.646581 0.0180627 9.9973E-05 0.225166 9.9973E-05
0.426037 0.188533 9.9973E-05 9.9973E-05 0.371099 9.9973E-05 0.014031
9.9955E-05 0.926908 0.0725918 9.9955E-05 9.9955E-05 9.9955E-05 9.9955E-05
9.99641E-05 9.99641E-05 9.99641E-05 9.99641E-05 0.91341 0.0498119 0.0363778
9.99641E-05 0.137769 9.99641E-05 9.99641E-05 0.692122 9.99641E-05 0.169709
0.0415704 0.362268 0.110965 9.99731E-05 0.484898 9.99731E-05 9.99731E-05
9.99641E-05 9.99641E-05 9.99641E-05 0.0507739 0.694553 9.99641E-05 0.254273
0.0598429 9.9964E-05 9.9964E-05 9.9964E-05 0.177637 0.76212 9.9964E-05
9.9964E-05 0.0185253 9.9964E-05 0.957639 9.9964E-05 0.0234361 9.9964E-05
9.9964E-05 9.9964E-05 9.9964E-05 0.00493482 0.0709958 9.9964E-05 0.92367
9.995E-05 9.995E-05 9.995E-05 9.995E-05 9.995E-05 0.9994 9.995E-05
0.124925 0.602619 9.99821E-05 9.99821E-05 0.0155216 0.0844583 0.172275
9.995E-05 9.995E-05 0.9994 9.995E-05 9.995E-05 9.995E-05 9.995E-05
9.99642E-05 0.640911 0.299067 9.99642E-05 9.99642E-05 0.0596222 9.99642E-05
0.264599 9.99551E-05 9.99551E-05 0.734901 9.99551E-05 9.99551E-05 9.99551E-05
9.995E-05 9.995E-05 9.995E-05 0.9994 9.995E-05 9.995E-05 9.995E-05
0.871037 9.9973E-05 9.9973E-05 0.0336389 9.9973E-05 0.00697168 0.0880523
9.9973E-05 0.820948 9.9973E-05 0.104966 0.0467444 0.0270417 9.9973E-05
9.9964E-05 0.0251675 0.172731 9.9964E-05 9.9964E-05 0.801702 9.9964E-05
9.99551E-05 9.99551E-05 9.99551E-05 0.0275171 0.971983 9.99551E-05 9.99551E-05
9.9955E-05 0.837298 9.9955E-05 9.9955E-05 0.162203 9.9955E-05 9.9955E-05
0.0369721 0.885218 9.9973E-05 0.0278669 0.0496426 9.9973E-05 9.9973E-05
0.770188 0.0401522 0.18926 9.99641E-05 9.99641E-05 9.99641E-05 9.99641E-05
0.0217731 0.849829 9.99731E-05 9.99731E-05 9.99731E-05 0.126041 0.00205726
9.9955E-05 0.799347 0.200154 9.9955E-05 9.9955E-05 9.9955E-05 9.9955E-05
9.99551E-05 0.212498 0.787002 9.99551E-05 9.99551E-05 9.99551E-05 9.99551E-05
9.99551E-05 9.99551E-05 9.99551E-05 9.99551E-05 0.65247 9.99551E-05 0.34703
9.9955E-05 9.9955E-05 0.00686836 0.992632 9.9955E-05 9.9955E-05 9.9955E-05
9.995E-05 9.995E-05 9.995E-05 9.995E-05 9.995E-05 9.995E-05 0.9994
9.99551E-05 9.99551E-05 0.796126 9.99551E-05 9.99551E-05 0.203374 9.99551E-05
9.99551E-05 0.120168 9.99551E-05 9.99551E-05 0.879333 9.99551E-05 9.99551E-05
9.99552E-05 0.825468 9.99552E-05 9.99552E-05 0.174032 9.99552E-05 9.99552E-05
9.99731E-05 9.99731E-05 0.0608816 9.99731E-05 0.089836 0.00921004 0.839772
0.0857884 0.207884 9.99641E-05 9.99641E-05 0.705928 9.99641E-05 9.99641E-05
