9.9973E-05 9.9973E-05 9.9973E-05 0.0542836 0.276573 0.620896 0.0479476
9.9964E-05 9.9964E-05 0.132379 9.9964E-05 9.9964E-05 0.811495 0.0557267
9.996E-05 9.996E-05 9.996E-05 9.996E-05 0.560468 0.392399 0.0467326
0.00772212 9.99551E-05 0.991778 9.99551E-05 9.99551E-05 9.99551E-05 9.99551E-05
9.9973E-05 0.195373 0.00555798 0.762439 0.0363308 9.9973E-05 9.9973E-05
0.871219 9.99641E-05 9.99641E-05 9.99641E-05 0.122011 0.00637087 9.99641E-05
9.9973E-05 0.659209 0.183823 9.9973E-05 0.139724 9.9973E-05 0.0169441
9.99731E-05 0.0513021 9.99731E-05 9.99731E-05 0.00567618 0.932997 0.00972514
0.497189 9.99551E-05 9.99551E-05 9.99551E-05 9.99551E-05 9.99551E-05 0.502311
9.99551E-05 0.834979 9.99551E-05 0.164521 9.99551E-05 9.99551E-05 9.99551E-05
9.995E-05 0.9994 9.995E-05 9.995E-05 9.995E-05 9.995E-05 9.995E-05
0.092215 9.9955E-05 9.9955E-05 9.9955E-05 9.9955E-05 0.907285 9.9955E-05
0.0470203 0.313316 9.9991E-05 0.33074 0.152463 0.00280821 0.153552
9.99641E-05 0.359421 0.217223 9.99641E-05 0.422956 9.99641E-05 9.99641E-05
9.995E-05 9.995E-05 9.995E-05 0.9994 9.995E-05 9.995E-05 9.995E-05
9.99551E-05 9.99551E-05 9.99551E-05 9.99551E-05 0.110378 9.99551E-05 0.889122
0.0912791 0.00439001 0.268496 9.9982E-05 0.000815836 0.634819 9.9982E-05
0.204473 0.411297 9.9964E-05 9.9964E-05 9.9964E-05 9.9964E-05 0.38383
0.972666 9.99551E-05 9.99551E-05 9.99551E-05 9.99551E-05 0.0268339 9.99551E-05
9.99552E-05 9.99552E-05 9.99552E-05 0.0156536 9.99552E-05 9.99552E-05 0.983847
9.99731E-05 9.99731E-05 0.0440424 0.0513551 9.99731E-05 0.0501322 0.85417
0.485064 0.0922923 9.99731E-05 9.99731E-05 9.99731E-05 0.0182515 0.404092
9.99641E-05 0.0392731 9.99641E-05 0.284502 9.99641E-05 9.99641E-05 0.675825
9.99641E-05 0.0206924 0.797009 9.99641E-05 9.99641E-05 9.99641E-05 0.181899
0.0365252 9.9964E-05 0.0270617 9.9964E-05 0.936013 9.9964E-05 9.9964E-05
9.9964E-05 9.9964E-05 9.9964E-05 0.858233 9.9964E-05 0.0081271 0.13324
9.99551E-05 9.99551E-05 0.967101 9.99551E-05 0.0323988 9.99551E-05 9.99551E-05
0.551135 0.026696 0.143298 0.278571 9.99731E-05 9.99731E-05 9.99731E-05
9.995E-05 9.995E-05 9.995E-05 9.995E-05 9.995E-05 0.9994 9.995E-05
0.659733 9.99731E-05 0.158894 9.99731E-05 9.99731E-05 0.180148 0.000925004
9.99551E-05 0.322848 9.99551E-05 9.99551E-05 0.676652 9.99551E-05 9.99551E-05
9.995E-05 9.995E-05 9.995E-05 9.995E-05 0.9994 9.995E-05 9.995E-05
9.9964E-05 0.878323 9.9964E-05 0.0489139 0.0723629 9.9964E-05 9.9964E-05
0.893783 9.99551E-05 9.99551E-05 9.99551E-05 0.105718 9.99551E-05 9.99551E-05
9.9955E-05 9.9955E-05 0.89639 9.9955E-05 9.9955E-05 0.103111 9.9955E-05
0.119635 9.99551E-05 9.99551E-05 9.99551E-05 9.99551E-05 9.99551E-05 0.879866
0.846528 9.99551E-05 9.99551E-05 9.99551E-05 9.99551E-05 9.99551E-05 0.152972
0.938416 0.0610844 9.99551E-05 9.99551E-05 9.99551E-05 9.99551E-05 9.99551E-05
0.020287 0.787648 9.99641E-05 9.99641E-05 9.99641E-05 0.191665 9.99641E-05
0.84491 9.99641E-05 0.105801 0.0488886 9.99641E-05 9.99641E-05 9.99641E-05
0.774054 9.9955E-05 9.9955E-05 9.9955E-05 9.9955E-05 0.225446 9.9955E-05
0.200941 9.99551E-05 9.99551E-05 9.99551E-05 9.99551E-05 0.798559 9.99551E-05
9.99552E-05 9.99552E-05 9.99552E-05 0.313373 9.99552E-05 9.99552E-05 0.686127
9.995E-05 9.995E-05 9.995E-05 9.995E-05 0.9994 9.995E-05 9.995E-05
9.995E-05 9.995E-05 9.995E-05 0.9994 9.995E-05 9.995E-05 9.995E-05
9.997E-05 0.0303963 0.0716723 9.997E-05 9.997E-05 0.888293 0.00933813
0.16066 9.99551E-05 9.99551E-05 9.99551E-05 9.99551E-05 9.99551E-05 0.83884
0.860251 9.99552E-05 9.99552E-05 9.99552E-05 9.99552E-05 9.99552E-05 0.139249
9.99641E-05 9.99641E-05 0.12002 0.773077 9.99641E-05 9.99641E-05 0.106503
0.116198 0.027377 0.00187386 9.99731E-05 9.99731E-05 9.99731E-05 0.854251
