0.164209 9.99563E-05 0.127885 9.99563E-05 9.99563E-05 9.99563E-05 9.99563E-05 0.683244 0.0241619
9.99472E-05 0.578975 9.99472E-05 0.099115 9.99472E-05 9.99472E-05 9.99472E-05 9.99472E-05 0.321311
9.99474E-05 0.337493 9.99474E-05 9.99474E-05 9.99474E-05 9.99474E-05 0.283172 9.99474E-05 0.378736
9.99566E-05 9.99566E-05 0.457693 9.99566E-05 0.00877109 0.453643 9.99566E-05 9.99566E-05 0.0793929
9.99386E-05 9.99386E-05 0.83093 0.16837 9.99386E-05 9.99386E-05 9.99386E-05 9.99386E-05 9.99386E-05
9.9956E-05 0.539501 9.9956E-05 9.9956E-05 9.9956E-05 9.9956E-05 0.146428 0.061659 0.251912
0.146337 0.354801 9.9956E-05 9.9956E-05 9.9956E-05 9.9956E-05 9.9956E-05 0.0313282 0.467034
9.99474E-05 9.99474E-05 9.99474E-05 0.405858 0.0912712 0.502271 9.99474E-05 9.99474E-05 9.99474E-05
0.0875479 9.99648E-05 9.99648E-05 0.234979 9.99648E-05 0.301513 9.99648E-05 0.168974 0.206586
9.9956E-05 9.9956E-05 9.9956E-05 0.288613 0.0668638 9.9956E-05 0.055573 0.58845 9.9956E-05
9.99475E-05 9.99475E-05 0.213989 9.99475E-05 9.99475E-05 9.99475E-05 0.0329377 9.99475E-05 0.752473
0.271249 9.99649E-05 9.99649E-05 0.133962 0.0289913 9.99649E-05 9.99649E-05 0.56189 0.00350733
9.99471E-05 0.140636 9.99471E-05 9.99471E-05 9.99471E-05 0.263545 9.99471E-05 0.595219 9.99471E-05
9.99647E-05 0.100233 0.0907561 0.0454895 9.99647E-05 0.219937 9.99647E-05 0.543185 9.99647E-05
9.99475E-05 0.0713458 0.480756 0.447298 9.99475E-05 9.99475E-05 9.99475E-05 9.99475E-05 9.99475E-05
0.430622 0.00316535 9.99564E-05 9.99564E-05 9.99564E-05 0.0157534 9.99564E-05 9.99564E-05 0.54996
9.99387E-05 9.99387E-05 9.99387E-05 0.225447 9.99387E-05 9.99387E-05 9.99387E-05 0.773853 9.99387E-05
0.182771 0.0489399 9.99559E-05 9.99559E-05 9.99559E-05 9.99559E-05 9.99559E-05 0.267593 0.500197
9.99386E-05 9.99386E-05 9.99386E-05 9.99386E-05 0.606397 9.99386E-05 9.99386E-05 9.99386E-05 0.392903
9.993E-05 9.993E-05 9.993E-05 9.993E-05 9.993E-05 9.993E-05 9.993E-05 9.993E-05 0.999201
0.406492 9.9948E-05 9.9948E-05 9.9948E-05 9.9948E-05 9.9948E-05 9.9948E-05 0.576955 0.015953
0.290459 0.249729 0.0222424 0.254035 9.99648E-05 9.99648E-05 9.99648E-05 9.99648E-05 0.183135
0.318399 9.99649E-05 0.238801 0.00238684 9.99649E-05 0.118408 0.321605 9.99649E-05 9.99649E-05
0.0353728 0.00404248 0.877078 9.9956E-05 9.9956E-05 9.9956E-05 0.0830074 9.9956E-05 9.9956E-05
0.116107 9.99474E-05 0.0103117 0.872981 9.99474E-05 9.99474E-05 9.99474E-05 9.99474E-05 9.99474E-05
0.211347 9.99735E-05 0.0221407 0.175461 9.99735E-05 0.205277 9.99735E-05 0.189193 0.196281
9.99737E-05 9.99737E-05 9.99737E-05 0.048819 0.181679 0.213361 0.0256997 0.244343 0.285798
9.99385E-05 9.99385E-05 9.99385E-05 0.0240963 9.99385E-05 9.99385E-05 9.99385E-05 0.975204 9.99385E-05
9.99561E-05 9.99561E-05 9.99561E-05 0.405439 0.288655 0.0539093 9.99561E-05 0.251497 9.99561E-05
0.112431 9.99647E-05 9.99647E-05 9.99647E-05 0.0138743 0.0868616 9.99647E-05 0.714302 0.0721313
9.99474E-05 9.99474E-05 9.99474E-05 0.290137 0.156839 9.99474E-05 9.99474E-05 0.552424 9.99474E-05
9.99564E-05 9.99564E-05 9.99564E-05 9.99564E-05 9.99564E-05 0.249977 0.0143395 0.491634 0.243549
0.421247 9.99473E-05 9.99473E-05 0.354419 9.99473E-05 9.99473E-05 0.223734 9.99473E-05 9.99473E-05
0.515369 9.99559E-05 9.99559E-05 9.99559E-05 0.0524551 9.99559E-05 0.188266 9.99559E-05 0.24341
0.451146 9.9947E-05 9.9947E-05 9.9947E-05 9.9947E-05 0.317239 9.9947E-05 9.9947E-05 0.231016
0.0416717 0.564897 9.99651E-05 0.275612 9.99651E-05 0.113575 0.00384549 9.99651E-05 9.99651E-05
0.136219 0.303638 9.9965E-05 9.9965E-05 9.9965E-05 9.9965E-05 0.158145 0.0402083 0.36139
0.0206713 0.767832 9.99565E-05 0.032658 9.99565E-05 0.178339 9.99565E-05 9.99565E-05 9.99565E-05
9.99471E-05 9.99471E-05 9.99471E-05 0.00637133 9.99471E-05 0.0497089 9.99471E-05 0.94332 9.99471E-05
9.9956E-05 0.249581 9.9956E-05 9.9956E-05 0.079476 0.219493 9.9956E-05 0.45095 9.9956E-05
9.9965E-05 0.0922455 9.9965E-05 9.9965E-05 0.083071 9.9965E-05 0.356288 0.145974 0.322021
9.99388E-05 0.0820012 9.99388E-05 9.99388E-05 9.99388E-05 0.917299 9.99388E-05 9.99388E-05 9.99388E-05
0.228235 0.549775 9.9956E-05 9.9956E-05 9.9956E-05 9.9956E-05 0.0239644 9.9956E-05 0.197526
0.0757577 0.0185794 9.99649E-05 9.99649E-05 9.99649E-05 0.118424 9.99649E-05 0.6706 0.11624
9.99471E-05 9.99471E-05 0.283571 9.99471E-05 9.99471E-05 9.99471E-05 0.213445 0.502384 9.99471E-05
0.362734 9.99561E-05 9.99561E-05 0.25787 0.069015 9.99561E-05 9.99561E-05 9.99561E-05 0.309881
0.285439 9.99561E-05 9.99561E-05 9.99561E-05 9.99561E-05 0.0844245 0.271776 0.357861 9.99561E-05
9.99472E-05 9.99472E-05 0.29807 0.348397 9.99472E-05 9.99472E-05 9.99472E-05 9.99472E-05 0.352934
9.99473E-05 0.0680369 9.99473E-05 9.99473E-05 9.99473E-05 9.99473E-05 9.99473E-05 0.186512 0.744852
0.192204 9.99651E-05 9.99651E-05 0.10752 9.99651E-05 9.99651E-05 0.274875 0.226873 0.198128
0.545491 0.439805 9.99477E-05 9.99477E-05 9.99477E-05 0.0141043 9.99477E-05 9.99477E-05 9.99477E-05
0.10132 9.99647E-05 9.99647E-05 9.99647E-05 0.342766 9.99647E-05 0.0253255 0.0454019 0.484787
9.99471E-05 9.99471E-05 9.99471E-05 0.0487492 9.99471E-05 9.99471E-05 0.462407 9.99471E-05 0.488244
9.99472E-05 9.99472E-05 9.99472E-05 0.112392 9.99472E-05 9.99472E-05 0.0665508 0.820457 9.99472E-05
9.99562E-05 0.0658407 9.99562E-05 9.99562E-05 0.103308 9.99562E-05 0.667326 9.99562E-05 0.163025
0.0761142 9.99737E-05 9.99737E-05 0.113162 9.99737E-05 0.0178367 0.0779006 0.448029 0.266658
0.426162 9.99646E-05 9.99646E-05 0.131685 9.99646E-05 0.115738 0.234945 0.0910698 9.99646E-05
0.460515 9.99646E-05 9.99646E-05 9.99646E-05 0.0958495 0.037123 9.99646E-05 0.202405 0.203707
9.9956E-05 0.460244 9.9956E-05 0.0985376 9.9956E-05 0.0311586 9.9956E-05 9.9956E-05 0.40956
0.224562 0.120848 9.99647E-05 0.0489557 9.99647E-05 9.99647E-05 9.99647E-05 0.312371 0.292864
0.344785 9.99559E-05 9.99559E-05 0.18472 9.99559E-05 9.99559E-05 0.368196 0.101799 9.99559E-05
9.99472E-05 0.533848 9.99472E-05 9.99472E-05 0.214719 9.99472E-05 9.99472E-05 9.99472E-05 0.250833
0.107476 0.155693 9.99562E-05 0.024398 9.99562E-05 9.99562E-05 9.99562E-05 0.711933 9.99562E-05
0.376977 9.99472E-05 9.99472E-05 0.260642 9.99472E-05 9.99472E-05 9.99472E-05 9.99472E-05 0.361781
0.0895526 9.9956E-05 0.280876 0.0145378 9.9956E-05 9.9956E-05 9.9956E-05 9.9956E-05 0.614534
0.0356214 9.99558E-05 9.99558E-05 0.183784 9.99558E-05 0.35992 9.99558E-05 9.99558E-05 0.420174
9.99647E-05 9.99647E-05 9.99647E-05 0.0767742 9.99647E-05 0.141833 0.197684 0.405051 0.178259
9.9956E-05 9.9956E-05 9.9956E-05 0.0907625 0.623831 9.9956E-05 9.9956E-05 0.260539 0.024368
9.99473E-05 9.99473E-05 9.99473E-05 0.52774 9.99473E-05 9.99473E-05 0.000423947 0.471237 9.99473E-05
9.99388E-05 9.99388E-05 9.99388E-05 9.99388E-05 0.538925 9.99388E-05 9.99388E-05 9.99388E-05 0.460375
9.99735E-05 0.233659 9.99735E-05 9.99735E-05 0.145544 0.0935921 0.0791382 0.103358 0.344409
9.99561E-05 9.99561E-05 9.99561E-05 9.99561E-05 9.99561E-05 0.131316 0.0245309 0.696947 0.146707
0.651957 9.99388E-05 9.99388E-05 9.99388E-05 9.99388E-05 9.99388E-05 9.99388E-05 9.99388E-05 0.347343
9.99474E-05 9.99474E-05 0.0970381 9.99474E-05 0.518482 9.99474E-05 0.383881 9.99474E-05 9.99474E-05
0.637319 0.206361 9.9956E-05 9.9956E-05 9.9956E-05 9.9956E-05 9.9956E-05 0.0413748 0.114446
9.9956E-05 9.9956E-05 9.9956E-05 0.0124901 0.176735 0.192505 9.9956E-05 0.61777 9.9956E-05
9.99738E-05 0.171611 0.164755 0.240063 9.99738E-05 0.153403 0.153465 9.99738E-05 0.116402
9.99473E-05 9.99473E-05 9.99473E-05 0.102417 9.99473E-05 9.99473E-05 9.99473E-05 0.467105 0.429879
0.0341762 0.233623 9.99736E-05 9.99736E-05 0.11268 9.99736E-05 0.187779 0.204938 0.226505
9.99648E-05 0.258954 9.99648E-05 0.182611 9.99648E-05 9.99648E-05 0.0672412 0.0975477 0.393246
9.99647E-05 0.192727 9.99647E-05 0.205747 9.99647E-05 9.99647E-05 0.235569 0.347293 0.0182644
9.99391E-05 0.0699429 9.99391E-05 9.99391E-05 9.99391E-05 9.99391E-05 0.929358 9.99391E-05 9.99391E-05
9.99473E-05 0.0214313 9.99473E-05 0.833807 9.99473E-05 9.99473E-05 0.144162 9.99473E-05 9.99473E-05
0.874397 9.99388E-05 0.124904 9.99388E-05 9.99388E-05 9.99388E-05 9.99388E-05 9.99388E-05 9.99388E-05
0.0171204 0.24132 9.99648E-05 9.99648E-05 0.314389 9.99648E-05 0.272889 9.99648E-05 0.153881
9.9947E-05 9.9947E-05 9.9947E-05 9.9947E-05 0.367455 9.9947E-05 0.165128 9.9947E-05 0.466818
9.99559E-05 0.0188506 9.99559E-05 0.0328679 0.215449 9.99559E-05 9.99559E-05 0.732333 9.99559E-05
9.99476E-05 9.99476E-05 0.331697 9.99476E-05 9.99476E-05 9.99476E-05 0.108076 0.559627 9.99476E-05
9.99473E-05 9.99473E-05 9.99473E-05 9.99473E-05 9.99473E-05 0.343066 9.99473E-05 0.597016 0.0593184
9.99559E-05 0.371878 9.99559E-05 0.111075 9.99559E-05 0.406595 9.99559E-05 9.99559E-05 0.109952
9.99383E-05 9.99383E-05 9.99383E-05 9.99383E-05 9.99383E-05 9.99383E-05 9.99383E-05 0.555404 0.443897
0.00105369 9.99649E-05 0.245671 0.22837 9.99649E-05 9.99649E-05 0.223154 0.30135 9.99649E-05
0.202 9.99476E-05 9.99476E-05 9.99476E-05 9.99476E-05 0.474325 9.99476E-05 0.323076 9.99476E-05
9.99475E-05 0.0701098 9.99475E-05 9.99475E-05 9.99475E-05 9.99475E-05 0.314034 9.99475E-05 0.615256
0.152235 9.99558E-05 9.99558E-05 0.0561693 0.369619 0.421477 9.99558E-05 9.99558E-05 9.99558E-05
0.0612186 0.24415 9.99563E-05 9.99563E-05 0.183314 9.99563E-05 9.99563E-05 0.510818 9.99563E-05
0.326495 0.13186 9.99651E-05 9.99651E-05 0.154466 0.351485 9.99651E-05 0.0352946 9.99651E-05
9.99474E-05 9.99474E-05 0.0727712 0.580164 9.99474E-05 9.99474E-05 9.99474E-05 0.346465 9.99474E-05
9.99737E-05 9.99737E-05 0.162734 0.0853096 0.0338975 9.99737E-05 0.116653 0.120523 0.480583
0.0200346 0.518551 0.00946214 9.99563E-05 9.99563E-05 0.451452 9.99563E-05 9.99563E-05 9.99563E-05
0.183019 9.99647E-05 9.99647E-05 9.99647E-05 0.100442 0.557116 0.0687313 0.0902923 9.99647E-05
9.99559E-05 0.251478 9.99559E-05 9.99559E-05 9.99559E-05 9.99559E-05 0.00424033 0.67145 0.0723319
0.456267 9.99472E-05 9.99472E-05 9.99472E-05 9.99472E-05 0.106791 9.99472E-05 0.436343 9.99472E-05
9.99302E-05 9.99302E-05 9.99302E-05 9.99302E-05 9.99302E-05 9.99302E-05 9.99302E-05 0.999201 9.99302E-05
9.99473E-05 0.171762 0.508868 9.99473E-05 9.99473E-05 9.99473E-05 0.318771 9.99473E-05 9.99473E-05
9.99648E-05 9.99648E-05 9.99648E-05 0.153752 0.758871 9.99648E-05 0.0137325 0.0506085 0.022636
0.191184 9.99648E-05 9.99648E-05 0.051651 9.99648E-05 0.0201473 0.289722 9.99648E-05 0.446896
0.102334 0.0753351 9.99736E-05 9.99736E-05 0.158397 0.11339 9.99736E-05 0.36781 0.182435
0.615843 0.0540944 9.99649E-05 0.128848 0.199997 0.000817177 9.99649E-05 9.99649E-05 9.99649E-05
0.424239 0.241034 9.99561E-05 9.99561E-05 9.99561E-05 0.157984 0.176244 9.99561E-05 9.99561E-05
0.202632 0.272627 9.99561E-05 9.99561E-05 9.99561E-05 9.99561E-05 0.191371 0.33287 9.99561E-05
9.99474E-05 9.99474E-05 0.0215922 9.99474E-05 0.297071 9.99474E-05 9.99474E-05 0.680737 9.99474E-05
9.99649E-05 0.17658 9.99649E-05 9.99649E-05 0.118485 9.99649E-05 0.193363 0.506581 0.0045912
9.99471E-05 0.150751 9.99471E-05 0.0289975 9.99471E-05 9.99471E-05 9.99471E-05 0.819652 9.99471E-05
9.99478E-05 9.99478E-05 9.99478E-05 9.99478E-05 9.99478E-05 0.593706 0.192476 9.99478E-05 0.213218
9.99649E-05 0.00920787 0.0457826 0.00482449 0.885471 9.99649E-05 9.99649E-05 0.0543144 9.99649E-05
0.267379 9.99648E-05 9.99648E-05 9.99648E-05 0.110595 0.207182 9.99648E-05 0.407545 0.00689959
9.993E-05 9.993E-05 9.993E-05 9.993E-05 9.993E-05 9.993E-05 9.993E-05 0.999201 9.993E-05
0.0184868 9.9956E-05 9.9956E-05 0.0280021 0.115462 9.9956E-05 9.9956E-05 0.837549 9.9956E-05
0.456185 9.99473E-05 9.99473E-05 9.99473E-05 0.209045 9.99473E-05 9.99473E-05 9.99473E-05 0.33417
9.99387E-05 9.99387E-05 9.99387E-05 9.99387E-05 9.99387E-05 9.99387E-05 9.99387E-05 0.897442 0.101859
9.99475E-05 9.99475E-05 9.99475E-05 9.99475E-05 9.99475E-05 0.390455 0.0642019 0.544743 9.99475E-05
9.99559E-05 0.0557172 9.99559E-05 9.99559E-05 9.99559E-05 0.184416 0.133439 0.625928 9.99559E-05
9.993E-05 9.993E-05 9.993E-05 9.993E-05 0.999201 9.993E-05 9.993E-05 9.993E-05 9.993E-05
0.386537 9.99646E-05 9.99646E-05 0.225989 9.99646E-05 9.99646E-05 0.157372 0.0556365 0.174066
0.0725014 9.99386E-05 9.99386E-05 9.99386E-05 0.926799 9.99386E-05 9.99386E-05 9.99386E-05 9.99386E-05
0.0123863 9.99648E-05 9.99648E-05 0.0234364 0.0521357 0.486792 9.99648E-05 0.42485 9.99648E-05
9.99472E-05 9.99472E-05 0.381047 9.99472E-05 9.99472E-05 0.461644 9.99472E-05 0.156709 9.99472E-05
0.165978 0.0419037 9.99738E-05 0.0355427 0.347477 9.99738E-05 0.29143 9.99738E-05 0.117369
9.99562E-05 0.524649 0.109761 9.99562E-05 0.251616 9.99562E-05 9.99562E-05 0.113474 9.99562E-05
9.99383E-05 9.99383E-05 9.99383E-05 9.99383E-05 9.99383E-05 9.99383E-05 9.99383E-05 0.383765 0.615535
0.0242858 9.9956E-05 9.9956E-05 0.246717 9.9956E-05 9.9956E-05 0.47235 9.9956E-05 0.256148
9.99387E-05 0.456829 9.99387E-05 9.99387E-05 9.99387E-05 9.99387E-05 9.99387E-05 0.542472 9.99387E-05
9.99651E-05 0.281107 9.99651E-05 9.99651E-05 0.174485 0.272427 0.0526505 0.21893 9.99651E-05
0.157416 9.99647E-05 9.99647E-05 0.0636024 9.99647E-05 0.238823 0.12832 0.411438 9.99647E-05
0.389184 9.9956E-05 9.9956E-05 9.9956E-05 0.142846 0.159416 9.9956E-05 0.308054 9.9956E-05
9.99471E-05 0.0438974 9.99471E-05 9.99471E-05 9.99471E-05 9.99471E-05 0.583759 9.99471E-05 0.371744
0.206596 9.9956E-05 9.9956E-05 9.9956E-05 9.9956E-05 0.0495933 0.502506 9.9956E-05 0.240804
9.9947E-05 0.288993 9.9947E-05 0.591583 9.9947E-05 0.118824 9.9947E-05 9.9947E-05 9.9947E-05
9.99566E-05 9.99566E-05 9.99566E-05 0.253556 9.99566E-05 0.0513326 9.99566E-05 0.129171 0.565441
9.99472E-05 0.0609537 9.99472E-05 0.703977 9.99472E-05 0.23447 9.99472E-05 9.99472E-05 9.99472E-05
0.164198 9.99737E-05 9.99737E-05 0.177698 0.0433209 0.243914 0.096061 0.274508 9.99737E-05
0.246264 9.99648E-05 9.99648E-05 0.0182736 9.99648E-05 9.99648E-05 0.0316501 0.538592 0.164821
9.99735E-05 9.99735E-05 0.0283115 0.129664 0.0724956 9.99735E-05 0.179577 0.461333 0.128319
0.550024 0.0182232 9.99561E-05 0.26215 9.99561E-05 0.169102 9.99561E-05 9.99561E-05 9.99561E-05
0.198801 0.00437097 9.99559E-05 9.99559E-05 0.577829 9.99559E-05 9.99559E-05 0.218499 9.99559E-05
9.99391E-05 0.363476 9.99391E-05 0.635825 9.99391E-05 9.99391E-05 9.99391E-05 9.99391E-05 9.99391E-05
0.394175 0.146689 9.99735E-05 0.0361751 0.0630543 9.99735E-05 0.196516 9.99735E-05 0.16309
0.578422 9.99476E-05 9.99476E-05 0.362542 9.99476E-05 9.99476E-05 0.0584362 9.99476E-05 9.99476E-05
0.00252555 9.99647E-05 9.99647E-05 0.129553 0.307938 0.328643 9.99647E-05 9.99647E-05 0.230941
9.99471E-05 0.420127 9.99471E-05 0.416044 0.16323 9.99471E-05 9.99471E-05 9.99471E-05 9.99471E-05
9.99559E-05 0.0606113 9.99559E-05 9.99559E-05 0.0331641 0.491407 0.414318 9.99559E-05 9.99559E-05
0.221231 9.99647E-05 0.26897 9.99647E-05 9.99647E-05 0.170811 9.99647E-05 0.0370859 0.301502
0.0535351 9.99647E-05 0.179526 9.99647E-05 9.99647E-05 0.337464 0.28195 9.99647E-05 0.147126
9.99386E-05 0.548999 9.99386E-05 9.99386E-05 9.99386E-05 9.99386E-05 9.99386E-05 0.450302 9.99386E-05
0.660467 9.99473E-05 9.99473E-05 9.99473E-05 9.99473E-05 9.99473E-05 0.243606 9.99473E-05 0.0953274
9.9956E-05 0.0637157 9.9956E-05 0.0631492 0.171677 9.9956E-05 9.9956E-05 0.700958 9.9956E-05
0.50042 9.9956E-05 9.9956E-05 9.9956E-05 0.235804 9.9956E-05 9.9956E-05 0.257582 0.00569349
0.365995 9.99472E-05 9.99472E-05 9.99472E-05 0.137009 9.99472E-05 9.99472E-05 0.496397 9.99472E-05
9.99475E-05 0.167214 9.99475E-05 0.0665193 9.99475E-05 9.99475E-05 9.99475E-05 9.99475E-05 0.765667
9.99471E-05 9.99471E-05 9.99471E-05 0.150689 0.34393 9.99471E-05 9.99471E-05 9.99471E-05 0.504782
0.22088 9.99649E-05 0.13774 0.306056 9.99649E-05 9.99649E-05 9.99649E-05 0.291867 0.0430573
0.419908 9.99647E-05 9.99647E-05 9.99647E-05 0.00842464 9.99647E-05 0.100254 0.132609 0.338405
9.99559E-05 0.173183 9.99559E-05 0.126161 9.99559E-05 9.99559E-05 0.0488014 9.99559E-05 0.651355
9.99471E-05 9.99471E-05 9.99471E-05 9.99471E-05 0.426448 9.99471E-05 9.99471E-05 0.00615575 0.566797
0.356717 9.99474E-05 9.99474E-05 9.99474E-05 0.206135 0.436548 9.99474E-05 9.99474E-05 9.99474E-05
0.172579 9.99649E-05 9.99649E-05 9.99649E-05 0.204711 0.261725 0.14866 9.99649E-05 0.211924
0.453442 9.99564E-05 0.0893717 9.99564E-05 9.99564E-05 0.401721 9.99564E-05 9.99564E-05 0.0549656
9.9956E-05 9.9956E-05 9.9956E-05 9.9956E-05 0.447378 0.186417 9.9956E-05 0.243908 0.121797
9.99565E-05 9.99565E-05 9.99565E-05 0.156857 0.204664 9.99565E-05 0.597186 0.0407927 9.99565E-05
9.99649E-05 0.0593338 9.99649E-05 9.99649E-05 0.370755 0.23 0.00817746 0.331334 9.99649E-05
9.99387E-05 9.99387E-05 9.99387E-05 9.99387E-05 9.99387E-05 9.99387E-05 0.790836 0.208464 9.99387E-05
0.0428941 0.27847 9.9956E-05 9.9956E-05 0.101445 9.9956E-05 9.9956E-05 9.9956E-05 0.576691
0.425716 9.99647E-05 9.99647E-05 9.99647E-05 0.0188628 9.99647E-05 0.198282 0.259805 0.096935
9.9965E-05 9.9965E-05 9.9965E-05 0.11834 0.0639555 0.23048 0.00431125 9.9965E-05 0.582513
0.245247 9.99735E-05 0.112333 0.0678771 0.201776 0.076651 0.295816 9.99735E-05 9.99735E-05
9.99473E-05 9.99473E-05 9.99473E-05 9.99473E-05 9.99473E-05 9.99473E-05 0.395822 0.137001 0.466577
9.99561E-05 9.99561E-05 0.119293 9.99561E-05 0.00947893 9.99561E-05 0.00886013 0.861868 9.99561E-05
9.99649E-05 0.311326 0.131928 9.99649E-05 0.104826 0.185682 9.99649E-05 0.265838 9.99649E-05
9.99649E-05 0.225657 9.99649E-05 0.316843 9.99649E-05 0.0122465 9.99649E-05 0.0564934 0.388361
9.9956E-05 0.421359 9.9956E-05 0.0898342 0.157047 0.33126 9.9956E-05 9.9956E-05 9.9956E-05
0.000435837 9.99472E-05 9.99472E-05 0.855291 9.99472E-05 9.99472E-05 9.99472E-05 0.143674 9.99472E-05
9.99561E-05 0.0348069 9.99561E-05 9.99561E-05 9.99561E-05 0.459283 0.0200584 0.485352 9.99561E-05
0.0217649 0.162304 9.99649E-05 9.99649E-05 0.204042 9.99649E-05 9.99649E-05 0.204581 0.406908
0.671831 9.9947E-05 9.9947E-05 0.265963 9.9947E-05 9.9947E-05 9.9947E-05 0.0616061 9.9947E-05
9.9947E-05 9.9947E-05 9.9947E-05 9.9947E-05 0.153099 0.314023 9.9947E-05 0.532279 9.9947E-05
9.9947E-05 0.301628 9.9947E-05 0.41268 9.9947E-05 9.9947E-05 9.9947E-05 9.9947E-05 0.285092
9.99647E-05 9.99647E-05 0.177669 9.99647E-05 0.0113377 0.0169522 0.27603 9.99647E-05 0.517611
0.33419 9.99561E-05 9.99561E-05 9.99561E-05 0.199611 0.167584 0.298115 9.99561E-05 9.99561E-05
0.109272 0.812704 9.99472E-05 0.0774245 9.99472E-05 9.99472E-05 9.99472E-05 9.99472E-05 9.99472E-05
0.115358 0.299033 9.99735E-05 0.227005 9.99735E-05 0.000670034 9.99735E-05 0.111406 0.246228
9.99472E-05 9.99472E-05 9.99472E-05 9.99472E-05 9.99472E-05 0.505273 9.99472E-05 0.436508 0.0576198
9.99474E-05 9.99474E-05 9.99474E-05 0.0412582 0.48288 9.99474E-05 9.99474E-05 0.475262 9.99474E-05
9.995E-05 0.633063 9.995E-05 0.225954 0.0717629 0.068721 9.995E-05 9.995E-05 9.995E-05
0.0238388 9.99648E-05 9.99648E-05 0.0945593 9.99648E-05 0.152219 0.103682 0.625301 9.99648E-05
9.99386E-05 9.99386E-05 0.859188 9.99386E-05 9.99386E-05 0.140112 9.99386E-05 9.99386E-05 9.99386E-05
0.0411042 9.99563E-05 9.99563E-05 0.440527 0.440821 9.99563E-05 0.0770481 9.99563E-05 9.99563E-05
9.99737E-05 0.101402 9.99737E-05 0.094488 9.99737E-05 0.154482 0.128241 0.290636 0.23045
0.124553 9.99562E-05 9.99562E-05 0.44591 0.117065 9.99562E-05 9.99562E-05 9.99562E-05 0.311972
0.485414 9.99473E-05 9.99473E-05 9.99473E-05 9.99473E-05 9.99473E-05 0.0672572 9.99473E-05 0.446729
0.910698 9.99394E-05 9.99394E-05 9.99394E-05 9.99394E-05 9.99394E-05 9.99394E-05 0.088602 9.99394E-05
0.845199 0.0914792 9.9956E-05 9.9956E-05 9.9956E-05 0.0373451 9.9956E-05 0.0254764 9.9956E-05
0.362751 9.99382E-05 9.99382E-05 9.99382E-05 9.99382E-05 9.99382E-05 9.99382E-05 0.63655 9.99382E-05
0.210843 9.99648E-05 9.99648E-05 0.331521 9.99648E-05 0.0152056 0.28089 9.99648E-05 0.16114
9.99565E-05 9.99565E-05 9.99565E-05 0.000704103 0.0722366 9.99565E-05 9.99565E-05 0.662911 0.263649
9.99646E-05 0.0626124 9.99646E-05 0.356284 0.0735112 0.317454 0.189739 9.99646E-05 9.99646E-05
0.632751 9.99473E-05 9.99473E-05 9.99473E-05 0.360625 9.99473E-05 9.99473E-05 9.99473E-05 0.00602364
0.523358 9.99473E-05 9.99473E-05 9.99473E-05 0.0967782 9.99473E-05 9.99473E-05 9.99473E-05 0.379264
0.406575 9.99388E-05 9.99388E-05 9.99388E-05 9.99388E-05 9.99388E-05 9.99388E-05 0.592726 9.99388E-05
9.99647E-05 9.99647E-05 9.99647E-05 0.156425 0.06522 0.0254042 0.545245 9.99647E-05 0.207306
0.146518 0.000762052 9.99648E-05 0.0723342 9.99648E-05 9.99648E-05 9.99648E-05 0.702026 0.07796
9.99737E-05 0.0560411 0.215707 0.277276 9.99737E-05 0.0278022 0.193391 9.99737E-05 0.229483
0.0171535 9.99561E-05 9.99561E-05 0.411925 9.99561E-05 9.99561E-05 9.99561E-05 0.56405 0.00637145
9.9947E-05 0.127108 9.9947E-05 9.9947E-05 9.9947E-05 9.9947E-05 0.368229 0.504064 9.9947E-05
9.99476E-05 9.99476E-05 9.99476E-05 9.99476E-05 9.99476E-05 9.99476E-05 0.0627222 0.81113 0.125548
9.99388E-05 9.99388E-05 9.99388E-05 0.491267 0.508033 9.99388E-05 9.99388E-05 9.99388E-05 9.99388E-05
9.99472E-05 0.442321 9.99472E-05 9.99472E-05 0.47477 9.99472E-05 9.99472E-05 0.0823095 9.99472E-05
0.293286 0.0192384 9.99562E-05 9.99562E-05 0.064232 9.99562E-05 9.99562E-05 9.99562E-05 0.622743
0.35316 9.9947E-05 0.00470472 9.9947E-05 9.9947E-05 9.9947E-05 9.9947E-05 9.9947E-05 0.641535
0.0457764 9.99471E-05 9.99471E-05 9.99471E-05 9.99471E-05 0.435029 9.99471E-05 9.99471E-05 0.518595
9.99474E-05 9.99474E-05 9.99474E-05 9.99474E-05 9.99474E-05 0.327349 0.271636 0.400415 9.99474E-05
0.409887 0.176012 9.99652E-05 0.0419166 0.19211 0.179675 9.99652E-05 9.99652E-05 9.99652E-05
0.06587 0.0578319 9.99649E-05 0.649146 0.156214 9.99649E-05 9.99649E-05 9.99649E-05 0.0705384
0.598204 9.99559E-05 9.99559E-05 0.0995376 9.99559E-05 0.15417 9.99559E-05 0.147588 9.99559E-05
0.451438 9.99647E-05 9.99647E-05 0.256689 0.0847785 9.99647E-05 9.99647E-05 0.173477 0.0332179
9.9965E-05 0.080823 0.0231347 0.281964 9.9965E-05 9.9965E-05 9.9965E-05 0.209224 0.404454
9.99651E-05 0.0451916 9.99651E-05 9.99651E-05 0.047912 0.246541 9.99651E-05 0.401046 0.258909
0.378978 0.122946 9.99563E-05 9.99563E-05 9.99563E-05 9.99563E-05 9.99563E-05 0.260081 0.237494
0.207782 0.0463214 9.99649E-05 9.99649E-05 9.99649E-05 0.00797908 9.99649E-05 0.33133 0.406188
9.99475E-05 9.99475E-05 9.99475E-05 0.166677 9.99475E-05 9.99475E-05 9.99475E-05 0.0886481 0.744076
9.9956E-05 0.501821 9.9956E-05 9.9956E-05 0.0812468 0.31109 0.105343 9.9956E-05 9.9956E-05
0.446731 9.99561E-05 9.99561E-05 0.0202475 0.173444 0.359078 9.99561E-05 9.99561E-05 9.99561E-05
9.99823E-05 0.356728 0.0220928 0.037288 0.0381088 0.0979693 9.99823E-05 0.354579 0.0930343
9.99473E-05 0.673512 9.99473E-05 9.99473E-05 0.25863 9.99473E-05 9.99473E-05 9.99473E-05 0.0672585
9.99649E-05 9.99649E-05 9.99649E-05 0.159075 0.0302803 0.147684 0.368663 9.99649E-05 0.293898
0.159395 0.0485134 9.99648E-05 9.99648E-05 0.152591 9.99648E-05 9.99648E-05 0.556166 0.0829349
0.476533 0.397549 9.99559E-05 9.99559E-05 9.99559E-05 0.121028 9.99559E-05 9.99559E-05 0.004391
9.99477E-05 0.741078 9.99477E-05 0.163277 9.99477E-05 9.99477E-05 9.99477E-05 9.99477E-05 0.0950449
0.117292 9.99649E-05 9.99649E-05 0.0915312 9.99649E-05 0.35353 0.0412334 0.396013 9.99649E-05
9.99385E-05 9.99385E-05 9.99385E-05 9.99385E-05 9.99385E-05 9.99385E-05 0.325333 0.673968 9.99385E-05
0.663578 9.99382E-05 9.99382E-05 9.99382E-05 0.335723 9.99382E-05 9.99382E-05 9.99382E-05 9.99382E-05
9.99384E-05 9.99384E-05 9.99384E-05 9.99384E-05 9.99384E-05 9.99384E-05 0.566675 0.432625 9.99384E-05
9.99471E-05 9.99471E-05 9.99471E-05 9.99471E-05 9.99471E-05 0.559185 0.358275 9.99471E-05 0.0819401
9.9956E-05 9.9956E-05 9.9956E-05 0.768916 9.9956E-05 0.0959203 9.9956E-05 0.0454806 0.0891831
0.303586 0.234394 0.388558 9.99558E-05 0.0729619 9.99558E-05 9.99558E-05 9.99558E-05 9.99558E-05
9.99472E-05 9.99472E-05 9.99472E-05 0.744989 9.99472E-05 0.238684 0.0157273 9.99472E-05 9.99472E-05
0.70699 0.279921 9.99472E-05 9.99472E-05 9.99472E-05 9.99472E-05 0.0124893 9.99472E-05 9.99472E-05
0.162149 9.9965E-05 9.9965E-05 0.0278114 0.116852 9.9965E-05 0.0623845 0.630404 9.9965E-05
0.253317 0.278811 9.9956E-05 9.9956E-05 9.9956E-05 9.9956E-05 9.9956E-05 0.318254 0.149118
0.43493 0.00514588 0.078235 0.162558 9.99651E-05 9.99651E-05 9.99651E-05 0.318732 9.99651E-05
0.258132 0.158917 9.99735E-05 9.99735E-05 0.0673514 0.0072056 0.0129006 0.495194 9.99735E-05
0.342408 0.210585 0.0259096 9.99648E-05 0.12575 9.99648E-05 9.99648E-05 0.294946 9.99648E-05
9.99474E-05 0.74747 9.99474E-05 9.99474E-05 9.99474E-05 0.148094 9.99474E-05 9.99474E-05 0.103836
9.99383E-05 9.99383E-05 9.99383E-05 9.99383E-05 9.99383E-05 9.99383E-05 0.207188 0.792112 9.99383E-05
0.999201 9.993E-05 9.993E-05 9.993E-05 9.993E-05 9.993E-05 9.993E-05 9.993E-05 9.993E-05
0.246563 9.99472E-05 9.99472E-05 9.99472E-05 0.453404 9.99472E-05 9.99472E-05 9.99472E-05 0.299433
0.242346 9.99559E-05 0.0472156 9.99559E-05 9.99559E-05 9.99559E-05 0.316802 0.393137 9.99559E-05
9.99471E-05 9.99471E-05 0.60788 9.99471E-05 9.99471E-05 0.178113 9.99471E-05 0.213407 9.99471E-05
9.99646E-05 9.99646E-05 0.00791058 0.459032 9.99646E-05 0.113135 9.99646E-05 0.14609 0.273432
9.99472E-05 9.99472E-05 9.99472E-05 0.0924796 9.99472E-05 0.0772795 9.99472E-05 9.99472E-05 0.829641
0.3218 9.9965E-05 9.9965E-05 9.9965E-05 0.146636 0.00140291 0.346743 0.183018 9.9965E-05
