9.99646E-05 9.99646E-05 0.00994366 0.219077 0.406281 0.249651 9.99646E-05 9.99646E-05 0.114647
9.99471E-05 9.99471E-05 9.99471E-05 9.99471E-05 0.237684 0.00769769 0.754018 9.99471E-05 9.99471E-05
9.99562E-05 0.296647 9.99562E-05 9.99562E-05 9.99562E-05 0.0771173 0.478631 0.147105 9.99562E-05
0.673112 0.0605501 0.114406 9.99648E-05 9.99648E-05 9.99648E-05 0.0367624 9.99648E-05 0.11477
9.99647E-05 9.99647E-05 9.99647E-05 0.437532 0.326865 0.0414153 0.151623 0.0421651 9.99647E-05
9.99477E-05 9.99477E-05 9.99477E-05 0.084154 9.99477E-05 9.99477E-05 9.99477E-05 0.0974678 0.817779
9.99646E-05 9.99646E-05 0.0274341 9.99646E-05 0.0786214 0.0719712 0.0694851 9.99646E-05 0.752088
9.99474E-05 0.279067 0.293456 9.99474E-05 0.426878 9.99474E-05 9.99474E-05 9.99474E-05 9.99474E-05
9.99386E-05 9.99386E-05 9.99386E-05 9.99386E-05 9.99386E-05 9.99386E-05 0.0180864 0.981214 9.99386E-05
0.3478 0.0179692 0.191465 9.99648E-05 0.307739 0.134628 9.99648E-05 9.99648E-05 9.99648E-05
0.141213 9.99648E-05 0.205695 9.99648E-05 0.199267 9.99648E-05 0.222346 9.99648E-05 0.231079
0.162863 0.151549 0.0872895 9.99649E-05 9.99649E-05 0.056367 9.99649E-05 9.99649E-05 0.541532
0.60386 9.9939E-05 9.9939E-05 9.9939E-05 9.9939E-05 0.395441 9.9939E-05 9.9939E-05 9.9939E-05
9.99646E-05 0.126502 9.99646E-05 9.99646E-05 9.99646E-05 0.150264 0.0703585 0.165244 0.487232
9.99475E-05 9.99475E-05 9.99475E-05 9.99475E-05 0.262617 9.99475E-05 0.253341 9.99475E-05 0.483442
0.0759184 0.0151813 9.99646E-05 9.99646E-05 0.478192 9.99646E-05 9.99646E-05 0.111895 0.318414
9.99562E-05 9.99562E-05 0.159512 9.99562E-05 0.363574 9.99562E-05 9.99562E-05 0.221462 0.254952
0.321804 0.0179619 0.138157 9.99823E-05 0.309641 0.0730186 9.99823E-05 0.0136486 0.125569
0.333226 9.99474E-05 9.99474E-05 9.99474E-05 0.445875 0.220299 9.99474E-05 9.99474E-05 9.99474E-05
9.99472E-05 0.184322 0.5252 9.99472E-05 9.99472E-05 9.99472E-05 0.289878 9.99472E-05 9.99472E-05
9.99385E-05 9.99385E-05 0.495519 9.99385E-05 9.99385E-05 9.99385E-05 9.99385E-05 0.503781 9.99385E-05
9.99562E-05 0.732723 9.99562E-05 0.199674 9.99562E-05 0.0537807 9.99562E-05 0.0133223 9.99562E-05
0.428758 9.99563E-05 0.153528 9.99563E-05 9.99563E-05 9.99563E-05 0.111579 0.305636 9.99563E-05
0.174088 9.99561E-05 0.358837 9.99561E-05 9.99561E-05 9.99561E-05 9.99561E-05 0.211793 0.254782
9.99472E-05 0.188515 9.99472E-05 9.99472E-05 0.437143 9.99472E-05 9.99472E-05 0.373743 9.99472E-05
0.346953 9.9965E-05 9.9965E-05 0.277487 9.9965E-05 0.0459223 0.240649 9.9965E-05 0.0885879
0.270386 0.207735 9.99652E-05 0.0773037 0.252256 9.99652E-05 9.99652E-05 9.99652E-05 0.19192
0.443295 0.32477 9.99559E-05 0.0808603 9.99559E-05 9.99559E-05 9.99559E-05 9.99559E-05 0.150576
9.99562E-05 9.99562E-05 0.00454258 0.133872 9.99562E-05 9.99562E-05 9.99562E-05 0.361782 0.499303
0.0601221 9.99476E-05 9.99476E-05 9.99476E-05 9.99476E-05 9.99476E-05 9.99476E-05 0.077313 0.861965
9.99561E-05 9.99561E-05 0.0326402 0.0751787 9.99561E-05 9.99561E-05 9.99561E-05 0.499365 0.392316
0.0141924 0.277384 0.110864 9.9956E-05 9.9956E-05 9.9956E-05 9.9956E-05 9.9956E-05 0.59706
9.99472E-05 9.99472E-05 9.99472E-05 9.99472E-05 0.460593 9.99472E-05 0.0430506 9.99472E-05 0.495757
9.9956E-05 9.9956E-05 9.9956E-05 0.0901408 0.490595 9.9956E-05 9.9956E-05 0.289396 0.129369
9.99566E-05 0.102109 0.0142809 9.99566E-05 0.810178 9.99566E-05 9.99566E-05 0.072932 9.99566E-05
0.0465212 9.99647E-05 0.0456449 9.99647E-05 0.377876 0.170424 9.99647E-05 0.359134 9.99647E-05
0.168253 9.99558E-05 0.0146775 9.99558E-05 0.501392 9.99558E-05 9.99558E-05 9.99558E-05 0.315178
0.420306 9.99561E-05 9.99561E-05 9.99561E-05 0.242019 9.99561E-05 0.0969518 9.99561E-05 0.240224
9.99472E-05 0.207348 9.99472E-05 0.587041 9.99472E-05 9.99472E-05 9.99472E-05 0.205012 9.99472E-05
9.99649E-05 9.99649E-05 0.0342573 9.99649E-05 0.346192 0.155742 0.132472 0.330937 9.99649E-05
9.99647E-05 9.99647E-05 9.99647E-05 9.99647E-05 0.127968 0.142326 0.149239 0.00831673 0.57175
9.99469E-05 0.494991 9.99469E-05 9.99469E-05 0.430086 9.99469E-05 9.99469E-05 0.0743232 9.99469E-05
9.99824E-05 0.10173 0.0259298 0.23596 0.168695 9.99824E-05 0.156186 0.0685286 0.24277
0.121368 9.99472E-05 9.99472E-05 9.99472E-05 9.99472E-05 0.863902 9.99472E-05 9.99472E-05 0.0141305
9.9947E-05 0.351339 9.9947E-05 9.9947E-05 0.322649 9.9947E-05 9.9947E-05 0.325412 9.9947E-05
9.9947E-05 9.9947E-05 9.9947E-05 9.9947E-05 0.385074 0.307092 0.307235 9.9947E-05 9.9947E-05
0.131527 9.99647E-05 0.167926 9.99647E-05 0.396026 9.99647E-05 9.99647E-05 0.0699504 0.23417
9.9965E-05 0.265794 0.0803688 9.9965E-05 9.9965E-05 0.207085 9.9965E-05 0.0021997 0.444152
9.9956E-05 9.9956E-05 0.63944 0.13178 0.201731 9.9956E-05 0.0265482 9.9956E-05 9.9956E-05
9.99564E-05 9.99564E-05 9.99564E-05 0.214097 0.0702592 9.99564E-05 0.0235559 9.99564E-05 0.691588
9.99735E-05 9.99735E-05 0.0112398 0.367103 0.062422 0.188505 9.99735E-05 0.246707 0.123723
9.99561E-05 9.99561E-05 9.99561E-05 0.0131043 0.332985 9.99561E-05 0.312883 9.99561E-05 0.340529
9.99649E-05 0.0962394 0.443695 0.100877 0.044812 9.99649E-05 9.99649E-05 9.99649E-05 0.313977
0.352542 9.99469E-05 9.99469E-05 9.99469E-05 9.99469E-05 9.99469E-05 9.99469E-05 0.36572 0.281138
0.0594808 9.99735E-05 9.99735E-05 9.99735E-05 0.0292829 0.189789 0.325283 0.116215 0.279651
0.142069 9.99558E-05 9.99558E-05 9.99558E-05 9.99558E-05 9.99558E-05 0.143661 0.210296 0.503474
9.99559E-05 0.287545 0.146629 9.99559E-05 9.99559E-05 9.99559E-05 9.99559E-05 0.228386 0.336939
0.153899 9.99652E-05 9.99652E-05 9.99652E-05 0.214312 9.99652E-05 0.0324402 0.24945 0.349499
9.99562E-05 9.99562E-05 0.213357 9.99562E-05 0.225301 0.451671 9.99562E-05 0.109171 9.99562E-05
9.99559E-05 0.512864 9.99559E-05 0.0128345 0.468737 9.99559E-05 9.99559E-05 9.99559E-05 0.00506525
9.99561E-05 9.99561E-05 9.99561E-05 0.151813 0.207261 0.553053 0.0873734 9.99561E-05 9.99561E-05
0.166462 9.9947E-05 9.9947E-05 9.9947E-05 9.9947E-05 9.9947E-05 0.560825 9.9947E-05 0.272113
9.99646E-05 0.12856 0.431202 9.99646E-05 0.134597 0.272412 9.99646E-05 0.0328288 9.99646E-05
0.294642 9.99651E-05 0.189972 9.99651E-05 0.481431 9.99651E-05 0.0110752 9.99651E-05 0.0224795
0.296004 9.99477E-05 0.150774 9.99477E-05 9.99477E-05 9.99477E-05 9.99477E-05 9.99477E-05 0.552622
0.0762324 9.99471E-05 9.99471E-05 9.99471E-05 0.921247 9.99471E-05 0.00192105 9.99471E-05 9.99471E-05
9.99471E-05 9.99471E-05 0.192635 9.99471E-05 0.605481 9.99471E-05 9.99471E-05 9.99471E-05 0.201285
9.9956E-05 9.9956E-05 9.9956E-05 9.9956E-05 0.15751 0.371166 0.0385347 9.9956E-05 0.43229
0.375729 0.107093 0.342073 9.99647E-05 0.0232455 9.99647E-05 9.99647E-05 0.15146 9.99647E-05
0.200917 0.284524 0.0583215 9.99647E-05 9.99647E-05 9.99647E-05 9.99647E-05 0.419729 0.0361085
0.0270631 9.99647E-05 9.99647E-05 9.99647E-05 0.170684 9.99647E-05 0.130489 0.668644 0.00271988
0.249698 9.99647E-05 0.153443 9.99647E-05 0.492003 9.99647E-05 0.017677 9.99647E-05 0.0867794
0.0963578 0.00856202 0.114606 0.247922 9.99736E-05 0.135767 9.99736E-05 9.99736E-05 0.396486
9.99564E-05 0.00325075 9.99564E-05 0.0733288 9.99564E-05 0.30498 9.99564E-05 9.99564E-05 0.61794
9.99471E-05 9.99471E-05 9.99471E-05 9.99471E-05 0.565797 0.0234724 0.410131 9.99471E-05 9.99471E-05
0.258504 9.9956E-05 0.207254 0.0127482 9.9956E-05 9.9956E-05 9.9956E-05 9.9956E-05 0.520993
9.99649E-05 0.1334 9.99649E-05 9.99649E-05 0.24581 0.239189 0.156573 9.99649E-05 0.224628
0.458352 9.99561E-05 9.99561E-05 9.99561E-05 0.102365 9.99561E-05 9.99561E-05 0.016439 0.422345
9.99472E-05 9.99472E-05 0.377929 9.99472E-05 0.265642 0.355829 9.99472E-05 9.99472E-05 9.99472E-05
0.0215202 0.141861 9.99735E-05 9.99735E-05 0.0591801 0.196106 9.99735E-05 0.064194 0.516839
0.108291 9.99561E-05 9.99561E-05 9.99561E-05 0.716106 9.99561E-05 0.087337 0.0877667 9.99561E-05
9.99475E-05 0.630866 9.99475E-05 9.99475E-05 9.99475E-05 9.99475E-05 0.119509 9.99475E-05 0.249025
9.99648E-05 0.0449612 0.11274 9.99648E-05 9.99648E-05 0.565309 9.99648E-05 0.0691425 0.207447
9.99471E-05 9.99471E-05 0.3342 0.375573 9.99471E-05 9.99471E-05 0.289628 9.99471E-05 9.99471E-05
9.99558E-05 0.0883438 9.99558E-05 9.99558E-05 0.147568 9.99558E-05 0.0546346 9.99558E-05 0.708954
0.292566 9.99563E-05 9.99563E-05 0.0183263 0.475458 9.99563E-05 9.99563E-05 9.99563E-05 0.213151
9.99736E-05 0.220897 9.99736E-05 0.0220455 0.147937 0.176254 0.0875882 9.99736E-05 0.344979
0.0990508 9.99648E-05 9.99648E-05 9.99648E-05 0.0433974 0.285721 0.190765 0.380666 9.99648E-05
0.585505 9.99653E-05 9.99653E-05 0.188094 0.116709 9.99653E-05 9.99653E-05 0.107541 0.00175045
0.357863 9.99647E-05 0.027802 9.99647E-05 0.139006 9.99647E-05 9.99647E-05 0.131325 0.343603
0.83816 9.99561E-05 0.0339504 9.99561E-05 9.99561E-05 0.032733 9.99561E-05 0.0946572 9.99561E-05
9.99647E-05 0.439151 0.00317103 9.99647E-05 9.99647E-05 9.99647E-05 0.0682824 0.205985 0.28301
9.99387E-05 9.99387E-05 9.99387E-05 9.99387E-05 0.0233488 9.99387E-05 9.99387E-05 0.975952 9.99387E-05
0.067916 9.99646E-05 9.99646E-05 0.0342144 9.99646E-05 0.264272 9.99646E-05 0.306716 0.326482
0.397433 0.0621802 9.99736E-05 9.99736E-05 0.0687854 9.99736E-05 0.195025 0.107667 0.168609
9.9956E-05 0.253458 9.9956E-05 9.9956E-05 9.9956E-05 0.0989987 0.0593169 9.9956E-05 0.587727
0.178133 9.9965E-05 0.334483 9.9965E-05 0.0497227 9.9965E-05 0.122679 9.9965E-05 0.314582
9.99475E-05 9.99475E-05 0.411812 9.99475E-05 0.394369 9.99475E-05 9.99475E-05 9.99475E-05 0.19322
0.0879832 9.99648E-05 0.227787 0.174092 0.475185 0.034553 9.99648E-05 9.99648E-05 9.99648E-05
9.99647E-05 9.99647E-05 9.99647E-05 9.99647E-05 0.429273 0.208787 0.228105 0.0218795 0.111556
9.99562E-05 9.99562E-05 9.99562E-05 0.403239 9.99562E-05 0.1405 9.99562E-05 0.294537 0.161224
9.99558E-05 0.00345787 9.99558E-05 0.278621 9.99558E-05 9.99558E-05 0.388737 9.99558E-05 0.328684
9.99474E-05 0.380951 9.99474E-05 9.99474E-05 0.589374 9.99474E-05 9.99474E-05 9.99474E-05 0.0290756
0.264358 0.00832375 0.0394223 9.99735E-05 9.99735E-05 9.99735E-05 0.178815 0.130977 0.377803
9.99558E-05 9.99558E-05 0.249906 0.247635 0.405975 9.99558E-05 9.99558E-05 0.0959842 9.99558E-05
0.0583694 0.114055 9.99738E-05 0.00353685 0.38919 9.99738E-05 0.0515222 9.99738E-05 0.383026
9.99559E-05 0.689298 9.99559E-05 0.0966637 0.0565425 9.99559E-05 0.156996 9.99559E-05 9.99559E-05
9.99652E-05 0.0331289 9.99652E-05 9.99652E-05 0.020457 0.303805 0.127738 0.514472 9.99652E-05
0.0705086 0.00910683 9.99735E-05 0.256603 0.175338 9.99735E-05 9.99735E-05 0.4722 0.0159439
0.095733 0.543567 9.99562E-05 9.99562E-05 9.99562E-05 0.072883 0.287318 9.99562E-05 9.99562E-05
9.99648E-05 9.99648E-05 0.180771 0.120658 0.194941 0.0942065 9.99648E-05 9.99648E-05 0.409023
9.99471E-05 9.99471E-05 9.99471E-05 9.99471E-05 9.99471E-05 9.99471E-05 0.541915 0.303582 0.153904
0.387149 9.99387E-05 9.99387E-05 9.99387E-05 9.99387E-05 9.99387E-05 9.99387E-05 0.612151 9.99387E-05
0.190857 9.99647E-05 9.99647E-05 9.99647E-05 9.99647E-05 0.113744 0.0857356 0.397654 0.211609
9.99478E-05 9.99478E-05 9.99478E-05 9.99478E-05 0.387324 9.99478E-05 9.99478E-05 0.505243 0.106834
9.99473E-05 9.99473E-05 9.99473E-05 0.490644 9.99473E-05 0.172559 9.99473E-05 9.99473E-05 0.336197
0.455448 0.10627 9.99559E-05 0.382957 9.99559E-05 9.99559E-05 9.99559E-05 9.99559E-05 0.0548249
9.99482E-05 9.99482E-05 9.99482E-05 0.477837 9.99482E-05 9.99482E-05 9.99482E-05 0.20477 0.316793
0.196698 0.310275 0.00103578 9.99736E-05 0.0758803 0.373381 9.99736E-05 0.0424304 9.99736E-05
9.99735E-05 0.38983 0.039121 9.99735E-05 0.0692797 9.99735E-05 0.178733 0.183801 0.138935
9.99559E-05 9.99559E-05 0.416158 0.16272 0.317096 9.99559E-05 9.99559E-05 0.103526 9.99559E-05
0.0421149 0.0759391 9.9965E-05 9.9965E-05 0.137309 9.9965E-05 9.9965E-05 0.387094 0.357143
9.99474E-05 0.36995 9.99474E-05 9.99474E-05 9.99474E-05 0.221158 9.99474E-05 9.99474E-05 0.408292
9.99473E-05 9.99473E-05 0.274984 9.99473E-05 9.99473E-05 9.99473E-05 0.395115 9.99473E-05 0.329301
9.99478E-05 9.99478E-05 0.309269 9.99478E-05 0.164221 9.99478E-05 9.99478E-05 9.99478E-05 0.52591
0.87445 9.99475E-05 9.99475E-05 9.99475E-05 0.0353592 9.99475E-05 9.99475E-05 9.99475E-05 0.0895915
0.130587 0.201451 0.0662711 9.99649E-05 0.0820001 9.99649E-05 9.99649E-05 0.519291 9.99649E-05
9.99562E-05 9.99562E-05 0.205355 9.99562E-05 0.477454 0.0188785 0.297812 9.99562E-05 9.99562E-05
9.99646E-05 0.0687557 0.435452 0.235812 0.17918 9.99646E-05 9.99646E-05 0.0804 9.99646E-05
0.171957 0.543634 9.9956E-05 9.9956E-05 9.9956E-05 0.247866 9.9956E-05 0.0360443 9.9956E-05
0.411365 9.99567E-05 9.99567E-05 9.99567E-05 0.324814 0.198117 0.0652042 9.99567E-05 9.99567E-05
9.99477E-05 0.0563608 9.99477E-05 9.99477E-05 0.295684 9.99477E-05 9.99477E-05 0.647356 9.99477E-05
0.126818 0.674997 0.13831 9.99736E-05 0.00171696 9.99736E-05 0.0278422 9.99736E-05 0.0300156
0.133856 9.99647E-05 9.99647E-05 0.247535 9.99647E-05 0.0454489 0.35166 9.99647E-05 0.2211
9.99559E-05 0.115477 9.99559E-05 9.99559E-05 0.63454 9.99559E-05 9.99559E-05 0.0962347 0.153248
0.204311 0.694928 9.99563E-05 9.99563E-05 9.99563E-05 9.99563E-05 9.99563E-05 0.0226971 0.0775645
9.99389E-05 9.99389E-05 0.821997 9.99389E-05 9.99389E-05 9.99389E-05 9.99389E-05 0.177304 9.99389E-05
0.0542867 9.99648E-05 9.99648E-05 9.99648E-05 0.363922 9.99648E-05 0.139068 0.195657 0.246666
9.99384E-05 9.99384E-05 9.99384E-05 9.99384E-05 9.99384E-05 0.668286 9.99384E-05 9.99384E-05 0.331015
9.99648E-05 0.284164 9.99648E-05 9.99648E-05 0.246031 0.146967 9.99648E-05 0.114457 0.207982
0.701381 9.99475E-05 9.99475E-05 9.99475E-05 9.99475E-05 9.99475E-05 0.198253 0.0997656 9.99475E-05
0.0048759 0.313166 9.99738E-05 9.99738E-05 0.241614 0.30644 0.00753846 0.126066 9.99738E-05
0.125282 9.99558E-05 0.390584 0.47747 0.00616459 9.99558E-05 9.99558E-05 9.99558E-05 9.99558E-05
0.651755 0.226143 0.0250908 9.99558E-05 9.99558E-05 9.99558E-05 9.99558E-05 9.99558E-05 0.0965116
9.99563E-05 9.99563E-05 9.99563E-05 9.99563E-05 0.556108 0.109398 0.133496 9.99563E-05 0.200499
9.99559E-05 9.99559E-05 0.00534548 0.560276 0.326044 9.99559E-05 9.99559E-05 9.99559E-05 0.107835
9.99475E-05 9.99475E-05 0.602266 9.99475E-05 9.99475E-05 9.99475E-05 9.99475E-05 0.323653 0.0734811
9.99471E-05 0.198738 9.99471E-05 9.99471E-05 0.717483 9.99471E-05 0.08318 9.99471E-05 9.99471E-05
0.913928 9.99477E-05 9.99477E-05 0.080783 9.99477E-05 0.00468963 9.99477E-05 9.99477E-05 9.99477E-05
0.210176 9.99651E-05 0.0704486 9.99651E-05 0.188088 0.491523 0.0393645 9.99651E-05 9.99651E-05
0.552094 9.99558E-05 9.99558E-05 9.99558E-05 0.038117 9.99558E-05 0.156909 0.252381 9.99558E-05
0.0816969 9.99562E-05 0.465606 0.0709927 9.99562E-05 9.99562E-05 9.99562E-05 9.99562E-05 0.381205
9.99384E-05 9.99384E-05 9.99384E-05 9.99384E-05 9.99384E-05 9.99384E-05 0.525444 9.99384E-05 0.473857
9.99388E-05 9.99388E-05 9.99388E-05 0.632601 9.99388E-05 9.99388E-05 9.99388E-05 9.99388E-05 0.366699
9.99559E-05 9.99559E-05 9.99559E-05 0.110968 9.99559E-05 9.99559E-05 0.343236 0.528324 0.0169727
0.285073 0.111241 9.99646E-05 9.99646E-05 9.99646E-05 0.0543358 9.99646E-05 0.310684 0.238266
9.99561E-05 0.281659 9.99561E-05 9.99561E-05 9.99561E-05 0.239909 0.148457 0.329475 9.99561E-05
0.176037 0.284811 0.0857518 9.99652E-05 9.99652E-05 0.0399488 9.99652E-05 9.99652E-05 0.413051
0.205468 0.469356 9.9956E-05 9.9956E-05 9.9956E-05 9.9956E-05 0.0175673 0.307108 9.9956E-05
0.240023 9.99647E-05 0.0599325 9.99647E-05 0.196572 9.99647E-05 0.186345 9.99647E-05 0.316728
0.000851905 9.99648E-05 9.99648E-05 0.0490471 9.99648E-05 0.14892 9.99648E-05 0.491467 0.309314
9.99559E-05 9.99559E-05 0.38932 9.99559E-05 0.0695295 0.484225 9.99559E-05 9.99559E-05 0.0564254
9.99561E-05 0.115369 9.99561E-05 0.0065951 0.448585 9.99561E-05 9.99561E-05 9.99561E-05 0.428951
9.99649E-05 9.99649E-05 0.436436 0.233458 0.0257095 9.99649E-05 9.99649E-05 0.286335 0.0176615
0.404434 9.99736E-05 0.0533344 9.99736E-05 9.99736E-05 0.00988427 0.141628 0.25272 0.137699
9.9965E-05 0.0652396 0.251903 9.9965E-05 0.280594 9.9965E-05 9.9965E-05 0.0137019 0.388161
9.99394E-05 9.99394E-05 9.99394E-05 9.99394E-05 0.492256 9.99394E-05 9.99394E-05 9.99394E-05 0.507044
0.0411885 9.99564E-05 9.99564E-05 0.0572204 0.460834 0.440257 9.99564E-05 9.99564E-05 9.99564E-05
9.9965E-05 9.9965E-05 0.147116 9.9965E-05 0.131975 9.9965E-05 0.241162 0.0298751 0.449472
0.435754 9.99648E-05 0.181803 9.99648E-05 0.0554921 9.99648E-05 0.111798 9.99648E-05 0.214753
0.0392331 9.9956E-05 9.9956E-05 0.0809389 9.9956E-05 9.9956E-05 9.9956E-05 0.47724 0.402088
0.683497 9.99472E-05 0.0106322 9.99472E-05 9.99472E-05 9.99472E-05 9.99472E-05 9.99472E-05 0.305271
9.9965E-05 0.261361 9.9965E-05 0.0286903 0.254348 9.9965E-05 0.347827 9.9965E-05 0.107374
9.99473E-05 9.99473E-05 0.0192691 0.602324 0.377807 9.99473E-05 9.99473E-05 9.99473E-05 9.99473E-05
9.99559E-05 9.99559E-05 9.99559E-05 9.99559E-05 0.295263 0.417973 0.148901 0.137364 9.99559E-05
9.99648E-05 0.136931 0.190708 9.99648E-05 0.0498539 9.99648E-05 0.212623 9.99648E-05 0.409485
9.99647E-05 0.278394 0.325768 0.0418869 9.99647E-05 9.99647E-05 9.99647E-05 0.0611634 0.292388
9.99475E-05 9.99475E-05 0.412694 9.99475E-05 9.99475E-05 0.165463 9.99475E-05 0.421243 9.99475E-05
9.99559E-05 9.99559E-05 0.145922 9.99559E-05 0.478854 9.99559E-05 9.99559E-05 0.0325708 0.342153
0.201848 0.414298 9.9956E-05 9.9956E-05 9.9956E-05 0.2508 9.9956E-05 9.9956E-05 0.132554
9.9956E-05 9.9956E-05 9.9956E-05 0.0817108 0.0195762 0.522932 9.9956E-05 0.375281 9.9956E-05
0.134352 0.294419 9.99651E-05 0.179775 9.99651E-05 9.99651E-05 0.229991 9.99651E-05 0.161064
9.99473E-05 9.99473E-05 9.99473E-05 9.99473E-05 0.556585 0.186251 0.256564 9.99473E-05 9.99473E-05
0.403261 9.9956E-05 0.224546 9.9956E-05 0.170872 9.9956E-05 0.200821 9.9956E-05 9.9956E-05
0.367686 9.99562E-05 9.99562E-05 9.99562E-05 9.99562E-05 9.99562E-05 0.337284 0.112852 0.181677
9.99561E-05 0.0450271 9.99561E-05 9.99561E-05 0.287992 0.425184 9.99561E-05 9.99561E-05 0.241296
0.0531985 9.99736E-05 9.99736E-05 0.117247 9.99736E-05 0.0821945 0.238806 0.0659051 0.442349
0.00237905 9.99561E-05 9.99561E-05 9.99561E-05 9.99561E-05 9.99561E-05 0.355601 0.403852 0.237668
0.00956448 9.99558E-05 0.415817 9.99558E-05 0.128814 9.99558E-05 9.99558E-05 9.99558E-05 0.445304
0.504037 9.9947E-05 9.9947E-05 9.9947E-05 0.0214357 9.9947E-05 9.9947E-05 9.9947E-05 0.473927
0.0753405 9.99559E-05 9.99559E-05 9.99559E-05 0.689669 9.99559E-05 9.99559E-05 0.123502 0.110989
0.34798 0.081711 9.9956E-05 9.9956E-05 9.9956E-05 9.9956E-05 0.327999 9.9956E-05 0.24181
9.99386E-05 9.99386E-05 9.99386E-05 9.99386E-05 0.941 0.0583008 9.99386E-05 9.99386E-05 9.99386E-05
0.0986521 9.99647E-05 0.102455 9.99647E-05 9.99647E-05 0.304976 0.270412 0.223106 9.99647E-05
9.99478E-05 9.99478E-05 9.99478E-05 9.99478E-05 0.365186 9.99478E-05 0.0308221 9.99478E-05 0.603392
0.252716 0.444104 9.99473E-05 9.99473E-05 9.99473E-05 9.99473E-05 9.99473E-05 9.99473E-05 0.302581
9.99562E-05 0.136064 0.342221 9.99562E-05 9.99562E-05 0.445475 9.99562E-05 0.0757396 9.99562E-05
0.453945 0.0783635 0.0931539 9.99647E-05 0.264487 9.99647E-05 9.99647E-05 0.109651 9.99647E-05
9.99384E-05 9.99384E-05 9.99384E-05 9.99384E-05 9.99384E-05 0.0851565 9.99384E-05 9.99384E-05 0.914144
0.0837437 9.99649E-05 9.99649E-05 0.0560108 0.286008 0.1882 9.99649E-05 9.99649E-05 0.385638
0.230008 9.99563E-05 0.362609 9.99563E-05 9.99563E-05 9.99563E-05 0.235953 0.170931 9.99563E-05
0.0169923 0.0235671 9.99735E-05 0.287787 0.267053 0.116586 9.99735E-05 9.99735E-05 0.287714
9.9956E-05 0.424855 9.9956E-05 9.9956E-05 9.9956E-05 0.0161995 0.0462701 9.9956E-05 0.512175
9.995E-05 9.995E-05 9.995E-05 0.364219 9.995E-05 0.270935 0.216001 9.995E-05 0.148345
9.99649E-05 0.62294 9.99649E-05 0.119081 0.0323335 9.99649E-05 0.0143182 9.99649E-05 0.210927
0.349355 0.052504 9.99561E-05 0.338881 0.258761 9.99561E-05 9.99561E-05 9.99561E-05 9.99561E-05
0.450816 9.99563E-05 9.99563E-05 9.99563E-05 9.99563E-05 9.99563E-05 0.0147811 0.403563 0.13034
0.763314 9.99387E-05 9.99387E-05 9.99387E-05 9.99387E-05 9.99387E-05 9.99387E-05 0.235986 9.99387E-05
9.99475E-05 9.99475E-05 9.99475E-05 9.99475E-05 9.99475E-05 0.267396 0.63447 0.0975348 9.99475E-05
9.99557E-05 0.277562 0.11999 9.99557E-05 9.99557E-05 0.403784 9.99557E-05 0.198164 9.99557E-05
9.9956E-05 9.9956E-05 0.323457 9.9956E-05 9.9956E-05 0.231122 9.9956E-05 0.304483 0.140438
0.0807259 9.99563E-05 9.99563E-05 9.99563E-05 9.99563E-05 0.755637 9.99563E-05 0.0743284 0.0888086
0.249107 9.99648E-05 0.330564 0.0958906 9.99648E-05 9.99648E-05 0.0841572 9.99648E-05 0.239882
9.99384E-05 9.99384E-05 9.99384E-05 9.99384E-05 9.99384E-05 0.264006 9.99384E-05 9.99384E-05 0.735294
9.99474E-05 9.99474E-05 9.99474E-05 9.99474E-05 9.99474E-05 0.0544342 0.0915689 9.99474E-05 0.853397
9.99472E-05 9.99472E-05 9.99472E-05 0.646312 9.99472E-05 9.99472E-05 9.99472E-05 0.062061 0.291027
0.414626 9.99472E-05 9.99472E-05 0.478859 9.99472E-05 0.105915 9.99472E-05 9.99472E-05 9.99472E-05
9.99472E-05 9.99472E-05 9.99472E-05 9.99472E-05 0.448655 9.99472E-05 0.257975 9.99472E-05 0.292771
9.9947E-05 9.9947E-05 0.109153 9.9947E-05 0.685367 9.9947E-05 9.9947E-05 9.9947E-05 0.20488
9.99472E-05 9.99472E-05 0.126568 9.99472E-05 0.549554 9.99472E-05 0.323278 9.99472E-05 9.99472E-05
9.9956E-05 9.9956E-05 9.9956E-05 9.9956E-05 0.225319 0.396068 9.9956E-05 0.339005 0.0391084
9.99648E-05 9.99648E-05 9.99648E-05 0.205543 0.348209 9.99648E-05 0.00299513 0.135555 0.307298
0.080532 0.107529 9.99736E-05 0.0287746 9.99736E-05 9.99736E-05 0.133568 0.359408 0.289888
0.0449154 9.99735E-05 0.0820803 0.0119889 0.253666 0.0804779 9.99735E-05 9.99735E-05 0.526572
0.175062 9.99473E-05 9.99473E-05 9.99473E-05 9.99473E-05 0.468885 9.99473E-05 9.99473E-05 0.355454
0.36609 9.99561E-05 0.157042 9.99561E-05 9.99561E-05 0.134518 0.34185 9.99561E-05 9.99561E-05
9.99474E-05 9.99474E-05 9.99474E-05 0.365356 9.99474E-05 0.261715 0.372329 9.99474E-05 9.99474E-05
9.9965E-05 9.9965E-05 9.9965E-05 9.9965E-05 0.0214648 0.681719 0.136772 0.0479895 0.111656
0.0181244 9.99651E-05 0.122656 9.99651E-05 0.0683385 0.0379302 9.99651E-05 9.99651E-05 0.752551
0.0696127 9.99559E-05 0.192684 9.99559E-05 9.99559E-05 9.99559E-05 9.99559E-05 0.15517 0.582033
0.337386 0.0815424 9.99475E-05 9.99475E-05 9.99475E-05 0.580472 9.99475E-05 9.99475E-05 9.99475E-05
9.99473E-05 0.108833 9.99473E-05 9.99473E-05 0.0473044 9.99473E-05 9.99473E-05 0.843262 9.99473E-05
9.99386E-05 0.824357 9.99386E-05 9.99386E-05 9.99386E-05 0.174944 9.99386E-05 9.99386E-05 9.99386E-05
0.634152 9.99561E-05 9.99561E-05 9.99561E-05 9.99561E-05 0.185986 9.99561E-05 0.101431 0.0779312
9.99475E-05 9.99475E-05 9.99475E-05 9.99475E-05 0.325615 9.99475E-05 9.99475E-05 0.0233047 0.650481
0.876778 0.100763 9.99558E-05 9.99558E-05 9.99558E-05 0.0011355 9.99558E-05 0.0208244 9.99558E-05
0.614415 9.99649E-05 0.0348724 9.99649E-05 0.285559 0.0321172 9.99649E-05 0.0326371 9.99649E-05
0.811946 9.99474E-05 9.99474E-05 0.0977084 9.99474E-05 0.0897454 9.99474E-05 9.99474E-05 9.99474E-05
9.99476E-05 9.99476E-05 9.99476E-05 9.99476E-05 0.220308 9.99476E-05 0.329346 0.449746 9.99476E-05
9.99649E-05 0.166458 0.0915508 9.99649E-05 9.99649E-05 0.0629767 0.502315 9.99649E-05 0.1763
0.414161 0.223249 9.99558E-05 9.99558E-05 0.269643 9.99558E-05 9.99558E-05 0.0924475 9.99558E-05
9.99382E-05 0.192567 9.99382E-05 9.99382E-05 9.99382E-05 9.99382E-05 9.99382E-05 0.806733 9.99382E-05
9.99648E-05 0.101895 9.99648E-05 0.000741115 9.99648E-05 0.178224 0.0990969 9.99648E-05 0.619643
0.0219857 9.99559E-05 0.756766 9.99559E-05 0.0420637 0.178685 9.99559E-05 9.99559E-05 9.99559E-05
0.351657 0.000214167 0.234989 9.99649E-05 9.99649E-05 0.356168 9.99649E-05 9.99649E-05 0.0565726
0.240077 0.0560586 9.99474E-05 9.99474E-05 9.99474E-05 9.99474E-05 9.99474E-05 9.99474E-05 0.703264
9.99475E-05 9.99475E-05 9.99475E-05 9.99475E-05 0.0478998 9.99475E-05 0.0464214 9.99475E-05 0.905079
9.9956E-05 0.28035 9.9956E-05 9.9956E-05 9.9956E-05 0.00718496 9.9956E-05 0.00562264 0.706342
9.99385E-05 9.99385E-05 9.99385E-05 9.99385E-05 0.10098 9.99385E-05 9.99385E-05 9.99385E-05 0.89832
9.99558E-05 9.99558E-05 9.99558E-05 9.99558E-05 9.99558E-05 0.0145495 0.262767 0.0734368 0.648747
9.99471E-05 9.99471E-05 9.99471E-05 0.0669578 9.99471E-05 0.121445 9.99471E-05 9.99471E-05 0.810997
9.993E-05 9.993E-05 9.993E-05 9.993E-05 0.999201 9.993E-05 9.993E-05 9.993E-05 9.993E-05
9.99559E-05 0.0982542 9.99559E-05 0.13758 0.669321 9.99559E-05 9.99559E-05 0.0943442 9.99559E-05
0.44186 9.99649E-05 9.99649E-05 9.99649E-05 0.0172694 9.99649E-05 0.040161 0.406895 0.093415
0.170304 0.307316 9.99647E-05 0.0458231 9.99647E-05 0.0347226 9.99647E-05 9.99647E-05 0.441434
9.99475E-05 0.664791 0.14103 9.99475E-05 9.99475E-05 9.99475E-05 0.193579 9.99475E-05 9.99475E-05
9.9956E-05 0.152781 0.199976 9.9956E-05 9.9956E-05 0.142169 9.9956E-05 9.9956E-05 0.504574
0.307146 9.99474E-05 0.423371 9.99474E-05 9.99474E-05 9.99474E-05 9.99474E-05 9.99474E-05 0.268882
9.99648E-05 0.0133139 0.0401413 9.99648E-05 9.99648E-05 9.99648E-05 0.353982 0.546059 0.0461036
9.99383E-05 9.99383E-05 9.99383E-05 9.99383E-05 0.0755637 9.99383E-05 9.99383E-05 9.99383E-05 0.923737
9.9947E-05 9.9947E-05 9.9947E-05 9.9947E-05 0.308346 9.9947E-05 0.201772 9.9947E-05 0.489282
