0.0538074 0.0764097 9.99824E-05 0.0744901 9.99824E-05 0.213006 0.582087
0.426266 9.99648E-05 9.99648E-05 9.99648E-05 0.234555 9.99648E-05 0.338779
9.99557E-05 0.321754 9.99557E-05 9.99557E-05 0.677746 9.99557E-05 9.99557E-05
0.151206 0.0364503 0.147176 9.99913E-05 0.503563 0.150739 0.010764
0.442139 9.99648E-05 9.99648E-05 0.196131 9.99648E-05 9.99648E-05 0.36133
9.99736E-05 0.399707 0.114624 9.99736E-05 0.458318 9.99736E-05 0.0270514
9.99648E-05 9.99648E-05 9.99648E-05 9.99648E-05 0.643707 0.0602039 0.29569
9.99647E-05 0.395376 9.99647E-05 0.262237 0.341988 9.99647E-05 9.99647E-05
0.687987 9.9974E-05 0.21911 9.9974E-05 9.9974E-05 0.0537633 0.038839
0.693941 9.99652E-05 0.000367897 9.99652E-05 9.99652E-05 0.305291 9.99652E-05
9.99649E-05 0.296037 9.99649E-05 9.99649E-05 0.542691 0.160873 9.99649E-05
9.99648E-05 9.99648E-05 9.99648E-05 9.99648E-05 0.335061 0.279282 0.385257
0.259277 0.193408 0.40646 0.0819539 0.00734217 9.99912E-05 0.0514592
0.224809 0.262158 0.512634 9.9965E-05 9.9965E-05 9.9965E-05 9.9965E-05
9.996E-05 0.568883 9.996E-05 0.332291 9.996E-05 9.996E-05 0.0984265
9.99648E-05 0.244194 9.99648E-05 0.446178 0.309227 9.99648E-05 9.99648E-05
0.313167 9.99739E-05 9.99739E-05 9.99739E-05 0.245481 0.109509 0.331543
0.190927 9.99557E-05 9.99557E-05 9.99557E-05 0.808573 9.99557E-05 9.99557E-05
0.17489 9.99645E-05 9.99645E-05 0.448322 0.376388 9.99645E-05 9.99645E-05
9.99563E-05 0.44651 9.99563E-05 0.55299 9.99563E-05 9.99563E-05 9.99563E-05
0.186812 0.627094 0.019393 0.043206 9.99825E-05 9.99825E-05 0.123294
9.99561E-05 9.99561E-05 9.99561E-05 0.15628 0.84322 9.99561E-05 9.99561E-05
9.99652E-05 0.190447 0.520229 9.99652E-05 9.99652E-05 9.99652E-05 0.288925
9.99739E-05 0.0921349 0.298619 9.99739E-05 9.99739E-05 0.225539 0.383407
9.99825E-05 9.99825E-05 0.276805 0.0358559 0.124896 0.0316248 0.530618
0.0292691 0.349227 9.99823E-05 9.99823E-05 0.18912 0.0948603 0.337324
9.997E-05 0.126763 9.997E-05 9.997E-05 0.243518 0.116772 0.512647
9.99736E-05 9.99736E-05 0.203261 0.254308 0.207048 9.99736E-05 0.335084
9.99562E-05 9.99562E-05 9.99562E-05 0.112962 0.886539 9.99562E-05 9.99562E-05
0.0141371 0.985363 9.99562E-05 9.99562E-05 9.99562E-05 9.99562E-05 9.99562E-05
9.99648E-05 9.99648E-05 0.103641 0.141433 0.754526 9.99648E-05 9.99648E-05
0.872301 9.99563E-05 9.99563E-05 9.99563E-05 9.99563E-05 0.127199 9.99563E-05
0.0608803 9.99824E-05 0.125235 0.380409 0.39732 9.99824E-05 0.0359554
9.99651E-05 9.99651E-05 0.070994 0.782211 9.99651E-05 0.146395 9.99651E-05
0.365033 0.0925194 0.542047 9.99648E-05 9.99648E-05 9.99648E-05 9.99648E-05
9.995E-05 9.995E-05 9.995E-05 9.995E-05 9.995E-05 9.995E-05 0.9994
9.9965E-05 9.9965E-05 9.9965E-05 0.56679 0.386471 9.9965E-05 0.0463396
9.9974E-05 0.0641392 9.9974E-05 0.533332 0.383712 0.0185175 9.9974E-05
9.99558E-05 0.730782 9.99558E-05 9.99558E-05 9.99558E-05 0.268719 9.99558E-05
0.26047 9.99736E-05 9.99736E-05 9.99736E-05 0.125282 0.370954 0.242993
9.99648E-05 0.799707 9.99648E-05 9.99648E-05 9.99648E-05 0.0706956 0.129198
9.99647E-05 0.442084 9.99647E-05 0.0150088 9.99647E-05 9.99647E-05 0.542507
0.172912 0.0290511 9.99826E-05 0.568884 0.0666707 9.99826E-05 0.162282
9.99561E-05 9.99561E-05 0.410498 0.589002 9.99561E-05 9.99561E-05 9.99561E-05
9.99564E-05 9.99564E-05 0.755098 9.99564E-05 0.244403 9.99564E-05 9.99564E-05
9.995E-05 0.9994 9.995E-05 9.995E-05 9.995E-05 9.995E-05 9.995E-05
0.132349 0.0958815 0.221694 0.0148774 0.125787 9.99912E-05 0.409311
9.99653E-05 0.10945 0.0595749 9.99653E-05 0.830575 9.99653E-05 9.99653E-05
0.381341 9.99646E-05 9.99646E-05 9.99646E-05 0.24654 9.99646E-05 0.371719
9.99648E-05 0.36829 9.99648E-05 0.495372 9.99648E-05 9.99648E-05 0.135938
0.949369 9.99561E-05 9.99561E-05 9.99561E-05 9.99561E-05 9.99561E-05 0.0501312
0.0941009 0.450588 0.159921 9.99736E-05 0.295091 9.99736E-05 9.99736E-05
9.99564E-05 0.181362 9.99564E-05 0.818139 9.99564E-05 9.99564E-05 9.99564E-05
0.253416 0.565261 9.99646E-05 0.180924 9.99646E-05 9.99646E-05 9.99646E-05
0.606079 0.312646 0.0409878 9.99737E-05 0.0399869 9.99737E-05 9.99737E-05
9.99736E-05 0.312681 0.160801 0.336042 0.190176 9.99736E-05 9.99736E-05
0.35442 0.262409 0.00457512 9.99824E-05 0.233615 0.144782 9.99824E-05
9.99739E-05 0.317897 9.99739E-05 0.158123 0.403707 9.99739E-05 0.119973
9.99561E-05 0.341244 9.99561E-05 9.99561E-05 0.658256 9.99561E-05 9.99561E-05
0.140445 0.144944 9.99735E-05 9.99735E-05 9.99735E-05 0.0417905 0.672521
0.256215 9.996E-05 9.996E-05 0.369435 9.996E-05 0.373949 9.996E-05
0.626424 9.99649E-05 9.99649E-05 9.99649E-05 0.237831 0.135345 9.99649E-05
0.181992 9.99735E-05 0.128702 0.627477 9.99735E-05 9.99735E-05 0.0615294
9.99559E-05 0.893452 0.106049 9.99559E-05 9.99559E-05 9.99559E-05 9.99559E-05
9.99561E-05 9.99561E-05 9.99561E-05 9.99561E-05 9.99561E-05 0.0764373 0.923063
0.603314 0.00229733 0.0560475 0.338042 9.99735E-05 9.99735E-05 9.99735E-05
9.9956E-05 0.596044 0.403456 9.9956E-05 9.9956E-05 9.9956E-05 9.9956E-05
9.99566E-05 0.756997 9.99566E-05 0.242503 9.99566E-05 9.99566E-05 9.99566E-05
0.111985 0.321808 9.99738E-05 9.99738E-05 0.0772736 0.488634 9.99738E-05
0.174922 0.460126 9.99735E-05 0.349161 0.01549 9.99735E-05 9.99735E-05
0.210564 0.252084 9.99736E-05 9.99736E-05 0.521897 9.99736E-05 0.0151548
0.000898217 0.404907 9.99826E-05 0.391474 9.99826E-05 0.104003 0.0985175
9.99647E-05 9.99647E-05 9.99647E-05 0.399475 0.159805 9.99647E-05 0.44032
9.99738E-05 0.21062 0.133924 9.99738E-05 0.305907 9.99738E-05 0.349248
0.0450306 9.99736E-05 0.331857 9.99736E-05 0.585881 9.99736E-05 0.0369314
9.99563E-05 9.99563E-05 9.99563E-05 0.336566 0.662934 9.99563E-05 9.99563E-05
0.639649 0.0923989 9.99648E-05 9.99648E-05 0.267552 9.99648E-05 9.99648E-05
0.0889692 0.0797657 9.998E-05 0.227331 0.442314 0.16142 9.998E-05
0.00971861 9.99737E-05 0.689028 9.99737E-05 0.117353 9.99737E-05 0.1836
0.164587 0.0929598 0.000486359 9.99737E-05 0.741667 9.99737E-05 9.99737E-05
0.694258 0.242844 9.99735E-05 0.0379723 9.99735E-05 9.99735E-05 0.0246252
0.240873 9.99564E-05 9.99564E-05 9.99564E-05 9.99564E-05 9.99564E-05 0.758627
0.433571 9.99561E-05 9.99561E-05 9.99561E-05 0.565929 9.99561E-05 9.99561E-05
9.9965E-05 0.0165144 9.9965E-05 0.467535 9.9965E-05 9.9965E-05 0.515551
9.99736E-05 0.38386 9.99736E-05 0.0975709 9.99736E-05 0.0741742 0.444095
0.0333348 9.99825E-05 0.42818 0.222347 0.20346 9.99825E-05 0.112478
0.225614 0.215943 0.0708366 9.99825E-05 0.236094 0.251311 9.99825E-05
0.167565 0.419477 9.99647E-05 9.99647E-05 0.412558 9.99647E-05 9.99647E-05
0.626189 0.3421 9.99655E-05 9.99655E-05 9.99655E-05 0.0313112 9.99655E-05
0.0783889 0.87246 9.99648E-05 0.048751 9.99648E-05 9.99648E-05 9.99648E-05
9.99734E-05 0.242595 9.99734E-05 0.181292 0.109841 0.465972 9.99734E-05
0.0816715 0.268018 9.99648E-05 9.99648E-05 0.649911 9.99648E-05 9.99648E-05
9.99647E-05 0.0437056 9.99647E-05 0.729924 0.22597 9.99647E-05 9.99647E-05
9.99736E-05 9.99736E-05 0.0951272 0.0950922 9.99736E-05 0.502953 0.306528
0.029478 0.475081 9.99736E-05 9.99736E-05 0.473062 0.0220793 9.99736E-05
9.99735E-05 0.121511 9.99735E-05 0.698698 0.0756243 9.99735E-05 0.103867
9.99737E-05 0.237606 9.99737E-05 0.463893 0.119383 9.99737E-05 0.178818
0.0241023 0.439109 0.0365697 9.99824E-05 0.300925 9.99824E-05 0.199094
0.396217 0.285187 0.000743133 9.99738E-05 9.99738E-05 9.99738E-05 0.317553
9.9965E-05 9.9965E-05 0.485557 0.192975 9.9965E-05 9.9965E-05 0.321069
0.450526 9.99825E-05 0.0332859 0.170975 0.312268 9.99825E-05 0.032745
0.0783879 9.99652E-05 9.99652E-05 0.0798211 9.99652E-05 9.99652E-05 0.841391
0.00600361 9.99649E-05 9.99649E-05 9.99649E-05 0.56392 9.99649E-05 0.429677
0.446058 9.99649E-05 9.99649E-05 9.99649E-05 0.11898 0.434562 9.99649E-05
9.99646E-05 9.99646E-05 9.99646E-05 0.304422 0.479166 0.216012 9.99646E-05
0.554323 9.99647E-05 9.99647E-05 0.186389 9.99647E-05 9.99647E-05 0.258888
0.475572 9.99651E-05 0.143356 9.99651E-05 9.99651E-05 9.99651E-05 0.380673
9.99825E-05 0.22164 9.99825E-05 0.306793 0.331322 0.0889658 0.0510796
9.99646E-05 9.99646E-05 9.99646E-05 0.053939 9.99646E-05 0.556437 0.389224
0.317155 9.99647E-05 0.519659 0.162787 9.99647E-05 9.99647E-05 9.99647E-05
9.99648E-05 0.393042 9.99648E-05 9.99648E-05 0.332933 0.273626 9.99648E-05
0.71539 9.99824E-05 0.0475817 0.161116 0.054625 0.0210876 9.99824E-05
9.99737E-05 0.492749 9.99737E-05 0.17223 0.177607 9.99737E-05 0.157114
0.17608 0.319333 9.99735E-05 9.99735E-05 0.399664 0.104623 9.99735E-05
0.112123 0.413248 9.99739E-05 9.99739E-05 0.405292 9.99739E-05 0.0690369
9.99736E-05 0.330941 9.99736E-05 9.99736E-05 0.428861 0.0758119 0.164086
0.533007 0.140354 0.1289 9.99823E-05 9.99823E-05 0.0326027 0.164936
9.99563E-05 0.619567 9.99563E-05 9.99563E-05 9.99563E-05 0.379933 9.99563E-05
0.0436369 0.226971 0.0833694 9.99825E-05 0.59122 9.99825E-05 0.0546031
9.99736E-05 0.152403 9.99736E-05 0.227033 0.438927 9.99736E-05 0.181338
0.92035 9.99562E-05 9.99562E-05 9.99562E-05 9.99562E-05 0.0791503 9.99562E-05
0.595368 0.160577 9.99826E-05 9.99826E-05 0.0401734 0.170812 0.0328702
9.99647E-05 9.99647E-05 9.99647E-05 0.306864 0.509833 9.99647E-05 0.182903
0.222608 0.250968 9.99652E-05 9.99652E-05 9.99652E-05 9.99652E-05 0.526023
0.128702 9.99648E-05 0.221548 9.99648E-05 0.64935 9.99648E-05 9.99648E-05
0.0793093 9.9965E-05 9.9965E-05 9.9965E-05 0.911837 0.00845335 9.9965E-05
0.326833 9.99737E-05 9.99737E-05 9.99737E-05 0.279319 0.130347 0.263202
9.99562E-05 9.99562E-05 9.99562E-05 0.456616 9.99562E-05 9.99562E-05 0.542884
0.530299 9.99652E-05 0.435233 0.0340677 9.99652E-05 9.99652E-05 9.99652E-05
9.9965E-05 9.9965E-05 0.415493 0.22746 9.9965E-05 9.9965E-05 0.356647
9.99736E-05 0.0824018 0.143068 9.99736E-05 0.503746 9.99736E-05 0.270484
0.30789 9.99649E-05 9.99649E-05 0.281874 0.409837 9.99649E-05 9.99649E-05
0.192946 9.99648E-05 9.99648E-05 9.99648E-05 0.132768 9.99648E-05 0.673885
9.99737E-05 0.00498534 9.99737E-05 0.215497 0.137725 9.99737E-05 0.641493
9.99736E-05 0.427611 0.0901704 0.304238 0.17768 9.99736E-05 9.99736E-05
0.172438 0.287422 0.539741 9.996E-05 9.996E-05 9.996E-05 9.996E-05
0.73461 9.9974E-05 0.0228911 0.0446964 9.9974E-05 0.197503 9.9974E-05
0.0954415 0.223342 9.99825E-05 0.251589 0.259883 0.169544 9.99825E-05
0.25968 0.134387 0.335285 9.99825E-05 0.24217 0.0282776 9.99825E-05
0.00741069 9.99649E-05 9.99649E-05 0.519986 9.99649E-05 9.99649E-05 0.472203
0.246558 9.99646E-05 0.134934 0.618108 9.99646E-05 9.99646E-05 9.99646E-05
0.165653 0.0743269 9.99824E-05 9.99824E-05 0.550743 0.173164 0.0359134
9.99648E-05 0.193024 9.99648E-05 9.99648E-05 0.039271 9.99648E-05 0.767305
0.0081837 0.198261 9.99823E-05 0.354218 9.99823E-05 0.385237 0.0539009
9.99737E-05 9.99737E-05 9.99737E-05 0.219827 0.554971 0.174993 0.0499083
9.99557E-05 0.265555 9.99557E-05 9.99557E-05 9.99557E-05 9.99557E-05 0.733945
9.99735E-05 0.454507 0.109935 9.99735E-05 0.362051 0.0732076 9.99735E-05
0.479917 9.9956E-05 9.9956E-05 0.519584 9.9956E-05 9.9956E-05 9.9956E-05
0.60843 9.9965E-05 9.9965E-05 0.12802 9.9965E-05 0.263151 9.9965E-05
9.99647E-05 9.99647E-05 9.99647E-05 0.150818 0.371642 0.47714 9.99647E-05
9.99736E-05 0.326469 9.99736E-05 0.191729 0.236951 0.244551 9.99736E-05
0.323668 0.0568149 9.99824E-05 0.365233 9.99824E-05 0.249621 0.00446369
9.99738E-05 0.423967 9.99738E-05 0.288739 0.277379 0.00961546 9.99738E-05
9.99737E-05 9.99737E-05 9.99737E-05 0.426321 0.34662 0.0396904 0.187069
9.99737E-05 0.159049 0.13877 0.0647897 0.637091 9.99737E-05 9.99737E-05
0.175849 9.99649E-05 9.99649E-05 0.384404 9.99649E-05 0.439347 9.99649E-05
0.804029 0.00433313 9.99736E-05 0.00621063 9.99736E-05 9.99736E-05 0.185128
9.99651E-05 0.575649 0.0947355 9.99651E-05 0.329216 9.99651E-05 9.99651E-05
9.99647E-05 9.99647E-05 0.0934242 9.99647E-05 0.790408 9.99647E-05 0.115767
9.99735E-05 0.102928 0.124639 9.99735E-05 9.99735E-05 0.115502 0.656631
0.162541 0.143577 0.473858 0.108328 0.111498 9.99824E-05 9.99824E-05
0.257663 9.99824E-05 9.99824E-05 0.161921 0.301414 0.0704116 0.20839
9.99825E-05 0.0670851 0.0593273 9.99825E-05 0.0687562 0.224722 0.57991
9.99736E-05 0.353207 9.99736E-05 9.99736E-05 0.214903 0.128797 0.302792
9.995E-05 9.995E-05 0.9994 9.995E-05 9.995E-05 9.995E-05 9.995E-05
9.99825E-05 9.99825E-05 0.0845327 0.249162 0.209092 0.0782466 0.378766
9.9965E-05 9.9965E-05 9.9965E-05 0.449163 0.508566 0.0418713 9.9965E-05
9.99824E-05 0.0145954 0.528618 9.99824E-05 0.0015409 0.0288439 0.426202
0.185457 9.99737E-05 0.0959646 9.99737E-05 0.263238 9.99737E-05 0.45504
0.318798 9.99735E-05 9.99735E-05 0.158006 0.291493 9.99735E-05 0.231403
0.733445 0.0192798 9.99645E-05 0.246875 9.99645E-05 9.99645E-05 9.99645E-05
9.99735E-05 0.304777 9.99735E-05 0.291109 0.149433 9.99735E-05 0.254381
9.99737E-05 0.421845 9.99737E-05 0.033475 0.300976 9.99737E-05 0.243405
9.99736E-05 9.99736E-05 0.311583 0.349369 0.214384 9.99736E-05 0.124364
9.99648E-05 9.99648E-05 9.99648E-05 0.744547 9.99648E-05 0.222448 0.0326047
0.436111 0.125984 9.99823E-05 0.221284 0.0915748 9.99823E-05 0.124846
0.634691 9.99648E-05 9.99648E-05 9.99648E-05 0.161093 0.203816 9.99648E-05
9.99568E-05 9.99568E-05 9.99568E-05 9.99568E-05 0.793474 0.206026 9.99568E-05
0.113206 0.285908 0.0360386 9.99824E-05 0.175889 0.388758 9.99824E-05
0.0161794 9.99735E-05 9.99735E-05 0.0352838 0.760155 9.99735E-05 0.188082
0.512814 0.124535 9.99824E-05 9.99824E-05 0.216125 0.137142 0.00918446
9.99561E-05 9.99561E-05 9.99561E-05 9.99561E-05 9.99561E-05 0.560999 0.438501
9.995E-05 9.995E-05 9.995E-05 9.995E-05 0.865768 9.995E-05 0.133732
0.0374712 0.0873363 9.99647E-05 9.99647E-05 0.874793 9.99647E-05 9.99647E-05
0.627827 9.99737E-05 0.0212067 9.99737E-05 0.138295 0.212371 9.99737E-05
9.99736E-05 0.332935 9.99736E-05 9.99736E-05 0.530789 0.0178458 0.11813
0.215886 9.99825E-05 0.0384609 9.99825E-05 0.585161 0.0457966 0.114496
0.139815 9.99736E-05 0.310365 9.99736E-05 0.0793477 9.99736E-05 0.470172
0.372973 0.30526 9.99648E-05 0.321367 9.99648E-05 9.99648E-05 9.99648E-05
0.0848624 0.108227 0.654362 9.99735E-05 0.152249 9.99735E-05 9.99735E-05
0.0686926 0.089419 9.99824E-05 9.99824E-05 0.728482 0.0355794 0.0776268
0.0547737 9.99736E-05 0.0262667 0.18656 0.732099 9.99736E-05 9.99736E-05
0.516401 9.99648E-05 9.99648E-05 0.00332029 9.99648E-05 0.479879 9.99648E-05
0.0610928 9.99825E-05 0.388299 0.499357 9.99825E-05 0.00532749 0.0457245
9.99561E-05 9.99561E-05 0.178379 9.99561E-05 0.821121 9.99561E-05 9.99561E-05
9.99648E-05 0.870027 9.99648E-05 9.99648E-05 0.0870961 9.99648E-05 0.0424766
9.9956E-05 9.9956E-05 9.9956E-05 0.996576 0.00292423 9.9956E-05 9.9956E-05
0.232524 9.99569E-05 9.99569E-05 9.99569E-05 0.766977 9.99569E-05 9.99569E-05
0.638224 0.36089 9.99651E-05 9.99651E-05 9.99651E-05 9.99651E-05 0.000485346
0.0710985 0.446537 0.348327 9.99737E-05 9.99737E-05 0.133738 9.99737E-05
9.99562E-05 0.320377 9.99562E-05 9.99562E-05 0.679123 9.99562E-05 9.99562E-05
9.99563E-05 0.777122 9.99563E-05 9.99563E-05 0.222378 9.99563E-05 9.99563E-05
0.151025 9.99562E-05 9.99562E-05 9.99562E-05 0.848475 9.99562E-05 9.99562E-05
9.99649E-05 9.99649E-05 9.99649E-05 0.62827 9.99649E-05 0.279202 0.092128
9.99645E-05 0.604948 9.99645E-05 9.99645E-05 0.259748 9.99645E-05 0.134904
9.99648E-05 9.99648E-05 9.99648E-05 0.231535 0.364956 0.403109 9.99648E-05
0.11178 0.253533 9.99735E-05 0.465259 9.99735E-05 0.169129 9.99735E-05
9.99569E-05 9.99569E-05 9.99569E-05 0.909273 9.99569E-05 0.0902276 9.99569E-05
9.9956E-05 9.9956E-05 9.9956E-05 9.9956E-05 0.946397 9.9956E-05 0.0531036
9.99559E-05 9.99559E-05 9.99559E-05 0.715209 0.284291 9.99559E-05 9.99559E-05
0.542408 0.0303512 9.99647E-05 9.99647E-05 9.99647E-05 0.426841 9.99647E-05
0.370093 9.99648E-05 0.538988 9.99648E-05 9.99648E-05 9.99648E-05 0.0905192
9.99736E-05 0.228698 0.097754 9.99736E-05 0.133781 9.99736E-05 0.539467
0.387074 9.997E-05 0.222565 0.24718 0.142881 9.997E-05 9.997E-05
9.99562E-05 0.597023 9.99562E-05 0.402478 9.99562E-05 9.99562E-05 9.99562E-05
9.99561E-05 9.99561E-05 9.99561E-05 9.99561E-05 0.448795 0.550705 9.99561E-05
9.99737E-05 0.307429 0.0125503 9.99737E-05 9.99737E-05 0.663913 0.0158076
9.9956E-05 9.9956E-05 9.9956E-05 0.764306 9.9956E-05 9.9956E-05 0.235195
0.779289 9.99647E-05 0.129141 0.0911696 9.99647E-05 9.99647E-05 9.99647E-05
0.664088 9.99647E-05 0.0213219 0.314191 9.99647E-05 9.99647E-05 9.99647E-05
0.12966 9.99653E-05 9.99653E-05 9.99653E-05 0.675556 9.99653E-05 0.194384
0.218792 0.0746733 0.363578 0.0312529 0.310595 0.0010095 9.99912E-05
9.99648E-05 9.99648E-05 9.99648E-05 0.0210785 9.99648E-05 0.133763 0.844759
0.0521903 0.130827 9.99738E-05 9.99738E-05 9.99738E-05 0.322279 0.494404
0.0502871 0.0940236 0.0578202 9.99824E-05 0.551692 0.245977 9.99824E-05
0.0200152 0.246709 9.99737E-05 9.99737E-05 0.545111 0.187865 9.99737E-05
0.321374 0.103985 9.99735E-05 0.155899 9.99735E-05 9.99735E-05 0.418442
0.059883 9.99646E-05 9.99646E-05 9.99646E-05 0.494646 0.445071 9.99646E-05
0.0176209 9.99826E-05 0.124907 0.719838 0.135025 0.00240897 9.99826E-05
0.357284 9.99737E-05 9.99737E-05 0.108921 9.99737E-05 0.322454 0.211041
9.9965E-05 9.9965E-05 0.187512 0.425895 0.386194 9.9965E-05 9.9965E-05
0.861929 9.9965E-05 9.9965E-05 0.0235454 0.114125 9.9965E-05 9.9965E-05
0.311484 0.193061 9.997E-05 9.997E-05 9.997E-05 0.0760591 0.419096
0.0569174 0.488448 9.99735E-05 9.99735E-05 0.315754 9.99735E-05 0.138581
9.99649E-05 9.99649E-05 9.99649E-05 0.116291 0.654693 0.228616 9.99649E-05
0.108399 0.364151 9.99735E-05 0.504999 9.99735E-05 0.0221515 9.99735E-05
0.457263 0.09655 9.9965E-05 9.9965E-05 9.9965E-05 9.9965E-05 0.445787
0.99102 9.9956E-05 9.9956E-05 0.00848035 9.9956E-05 9.9956E-05 9.9956E-05
9.99649E-05 9.99649E-05 0.525975 0.159831 0.313794 9.99649E-05 9.99649E-05
0.175474 0.0942188 9.997E-05 0.457544 0.272462 9.997E-05 9.997E-05
9.99564E-05 9.99564E-05 0.299324 9.99564E-05 9.99564E-05 0.700177 9.99564E-05
9.9956E-05 9.9956E-05 0.684461 9.9956E-05 9.9956E-05 0.315039 9.9956E-05
9.99654E-05 0.674839 0.0485368 9.99654E-05 9.99654E-05 9.99654E-05 0.276225
0.139066 9.99735E-05 0.385674 0.117562 9.99735E-05 9.99735E-05 0.357399
0.025397 0.432446 9.9965E-05 0.541757 9.9965E-05 9.9965E-05 9.9965E-05
9.99736E-05 0.108354 9.99736E-05 0.300364 9.99736E-05 0.559703 0.0312797
9.99737E-05 0.131365 9.99737E-05 0.24485 0.615636 9.99737E-05 0.00784916
9.99737E-05 9.99737E-05 0.161412 0.139561 0.206488 9.99737E-05 0.492239
0.389105 9.996E-05 0.28395 9.996E-05 0.326545 9.996E-05 9.996E-05
9.99561E-05 9.99561E-05 9.99561E-05 9.99561E-05 0.0557175 0.943783 9.99561E-05
0.968278 9.99565E-05 9.99565E-05 9.99565E-05 0.0312222 9.99565E-05 9.99565E-05
0.0718357 0.328854 9.99825E-05 0.0450601 0.516789 0.0372616 9.99825E-05
0.231572 0.0282334 9.99736E-05 0.574894 9.99736E-05 0.165001 9.99736E-05
0.27025 9.99735E-05 9.99735E-05 9.99735E-05 0.586425 0.0513902 0.0916356
0.214848 9.99824E-05 0.395974 0.216341 0.0894973 0.0831401 9.99824E-05
9.99738E-05 0.315632 9.99738E-05 0.125563 0.137128 9.99738E-05 0.421378
0.599911 0.0292589 0.056473 9.99826E-05 9.99826E-05 0.134597 0.17956
0.221786 0.0618474 9.99736E-05 9.99736E-05 0.662151 0.0539153 9.99736E-05
0.456579 9.99735E-05 0.190706 9.99735E-05 0.177772 9.99735E-05 0.174643
0.389756 0.179957 9.99737E-05 9.99737E-05 0.251694 0.178293 9.99737E-05
9.99559E-05 9.99559E-05 9.99559E-05 9.99559E-05 0.480493 9.99559E-05 0.519007
