9.995E-05 9.995E-05 0.9994 9.995E-05 9.995E-05 9.995E-05 9.995E-05
0.0945935 9.99825E-05 0.426164 9.99825E-05 0.0666811 0.349501 0.0628605
9.995E-05 9.995E-05 0.9994 9.995E-05 9.995E-05 9.995E-05 9.995E-05
9.99651E-05 9.99651E-05 0.0685967 9.99651E-05 0.0439202 0.887083 9.99651E-05
9.99562E-05 9.99562E-05 0.201579 9.99562E-05 9.99562E-05 9.99562E-05 0.797921
0.943646 9.99558E-05 9.99558E-05 9.99558E-05 0.0558545 9.99558E-05 9.99558E-05
0.0940755 9.99824E-05 0.0506095 0.0214957 9.99824E-05 0.0062662 0.827353
9.99736E-05 0.304917 9.99736E-05 0.344789 9.99736E-05 0.328901 0.0210932
0.0302129 9.99561E-05 9.99561E-05 9.99561E-05 9.99561E-05 0.969287 9.99561E-05
9.99734E-05 0.0341852 9.99734E-05 0.17689 9.99734E-05 0.707083 0.0815423
0.802276 9.99563E-05 9.99563E-05 0.197224 9.99563E-05 9.99563E-05 9.99563E-05
0.0883256 9.99738E-05 9.99738E-05 0.0861297 0.366759 9.99738E-05 0.458486
9.99561E-05 9.99561E-05 9.99561E-05 9.99561E-05 0.656111 9.99561E-05 0.343389
0.243345 0.0559959 9.99823E-05 0.182035 9.99823E-05 0.27576 0.242664
9.99566E-05 9.99566E-05 9.99566E-05 9.99566E-05 0.64796 0.351541 9.99566E-05
0.891264 9.99651E-05 9.99651E-05 9.99651E-05 0.105094 9.99651E-05 0.00324297
9.99738E-05 0.1833 9.99738E-05 9.99738E-05 0.398702 0.283075 0.134623
9.99646E-05 0.00367897 0.696029 9.99646E-05 9.99646E-05 0.299892 9.99646E-05
0.140211 9.99651E-05 9.99651E-05 9.99651E-05 0.0739862 0.785403 9.99651E-05
0.211384 0.71226 9.99741E-05 0.0264948 9.99741E-05 9.99741E-05 0.049562
0.350943 9.99735E-05 9.99735E-05 9.99735E-05 0.0257002 0.300281 0.322776
9.99646E-05 0.458866 9.99646E-05 9.99646E-05 0.133853 9.99646E-05 0.406881
9.9965E-05 0.190398 9.9965E-05 9.9965E-05 0.797362 9.9965E-05 0.01184
9.99647E-05 0.652064 9.99647E-05 0.149331 9.99647E-05 9.99647E-05 0.198205
9.99649E-05 0.0788851 9.99649E-05 0.356223 9.99649E-05 0.564492 9.99649E-05
9.99648E-05 9.99648E-05 0.267119 9.99648E-05 9.99648E-05 0.549119 0.183362
0.197772 0.283146 9.99823E-05 9.99823E-05 0.0466072 0.177864 0.294411
0.0730748 0.159778 9.99824E-05 0.119975 9.99824E-05 0.225116 0.421856
0.141117 0.199855 9.99824E-05 0.190598 9.99824E-05 0.46269 0.00554006
9.99561E-05 9.99561E-05 0.130354 9.99561E-05 9.99561E-05 9.99561E-05 0.869146
0.0365156 0.599782 9.99647E-05 9.99647E-05 9.99647E-05 0.363302 9.99647E-05
0.0735928 9.99735E-05 9.99735E-05 0.0257309 0.898577 0.00179957 9.99735E-05
0.513545 9.996E-05 9.996E-05 9.996E-05 9.996E-05 0.0900108 0.396045
0.343891 0.231674 9.99735E-05 9.99735E-05 9.99735E-05 0.0874142 0.33672
9.9965E-05 9.9965E-05 0.00546525 9.9965E-05 0.467716 9.9965E-05 0.526418
0.283356 9.99824E-05 0.0448909 0.108219 9.99824E-05 0.303642 0.259692
9.995E-05 9.995E-05 9.995E-05 9.995E-05 9.995E-05 9.995E-05 0.9994
9.99647E-05 9.99647E-05 9.99647E-05 0.37386 0.355862 9.99647E-05 0.269878
9.99651E-05 9.99651E-05 9.99651E-05 9.99651E-05 0.382692 0.340465 0.276443
9.99736E-05 0.327564 0.402729 0.235839 0.0335688 9.99736E-05 9.99736E-05
0.177517 9.99651E-05 9.99651E-05 9.99651E-05 0.133716 9.99651E-05 0.688368
0.33261 9.99738E-05 0.0960167 9.99738E-05 9.99738E-05 0.32185 0.249223
9.99737E-05 9.99737E-05 9.99737E-05 0.172949 0.148908 0.475244 0.202598
0.0908814 0.226548 9.99736E-05 9.99736E-05 0.530392 0.151879 9.99736E-05
0.0780943 0.230256 9.99738E-05 9.99738E-05 0.122782 0.568568 9.99738E-05
9.9965E-05 0.295218 9.9965E-05 0.0351056 0.669277 9.9965E-05 9.9965E-05
9.99648E-05 9.99648E-05 9.99648E-05 0.173435 0.0796692 9.99648E-05 0.746496
9.99561E-05 0.282934 9.99561E-05 9.99561E-05 9.99561E-05 9.99561E-05 0.716566
9.99647E-05 9.99647E-05 9.99647E-05 0.255234 9.99647E-05 0.518918 0.225449
0.113716 9.99912E-05 0.046338 0.0273059 0.178542 0.325921 0.308077
0.0493552 0.338818 0.198778 9.99736E-05 9.99736E-05 9.99736E-05 0.412749
0.0239701 0.967907 9.99649E-05 9.99649E-05 9.99649E-05 0.00772332 9.99649E-05
0.615102 0.113382 9.99737E-05 9.99737E-05 9.99737E-05 0.141331 0.129886
0.0526812 0.0816621 9.99823E-05 0.0268288 9.99823E-05 0.776877 0.0617512
9.995E-05 9.995E-05 9.995E-05 9.995E-05 9.995E-05 0.9994 9.995E-05
0.185359 0.12979 0.24311 0.441441 9.99738E-05 9.99738E-05 9.99738E-05
9.99559E-05 9.99559E-05 0.381887 0.617613 9.99559E-05 9.99559E-05 9.99559E-05
9.99736E-05 0.282162 0.00175834 0.0616553 9.99736E-05 0.654125 9.99736E-05
9.9965E-05 9.9965E-05 9.9965E-05 0.210103 9.9965E-05 0.0609518 0.728545
9.99648E-05 9.99648E-05 9.99648E-05 9.99648E-05 0.846315 0.0234816 0.129803
9.99735E-05 9.99735E-05 0.201449 0.177982 0.496199 0.12407 9.99735E-05
9.99647E-05 9.99647E-05 9.99647E-05 0.180156 0.18758 9.99647E-05 0.631864
0.154918 9.99647E-05 9.99647E-05 0.591677 9.99647E-05 9.99647E-05 0.253006
9.99647E-05 9.99647E-05 9.99647E-05 0.214266 0.113428 9.99647E-05 0.671907
9.99558E-05 9.99558E-05 9.99558E-05 0.302075 9.99558E-05 9.99558E-05 0.697425
9.9956E-05 9.9956E-05 9.9956E-05 9.9956E-05 0.0319087 9.9956E-05 0.967592
0.164581 9.99652E-05 9.99652E-05 9.99652E-05 9.99652E-05 0.604504 0.230515
9.99736E-05 0.071131 0.0870509 0.0206257 9.99736E-05 9.99736E-05 0.820893
9.9965E-05 9.9965E-05 9.9965E-05 0.463844 9.9965E-05 0.0778861 0.457871
0.225105 9.99651E-05 9.99651E-05 0.0177513 9.99651E-05 0.756744 9.99651E-05
9.99649E-05 9.99649E-05 9.99649E-05 0.738094 9.99649E-05 0.0896826 0.171823
9.99561E-05 0.785464 0.214036 9.99561E-05 9.99561E-05 9.99561E-05 9.99561E-05
0.134685 0.48657 9.99735E-05 9.99735E-05 9.99735E-05 0.338345 0.0400992
9.99649E-05 0.368133 0.322884 9.99649E-05 9.99649E-05 0.308583 9.99649E-05
9.99647E-05 0.051554 9.99647E-05 0.364316 9.99647E-05 0.58373 9.99647E-05
0.0595896 0.0186517 9.99823E-05 0.184507 9.99823E-05 0.18424 0.552812
9.99648E-05 9.99648E-05 0.18393 0.257493 9.99648E-05 0.558177 9.99648E-05
9.9965E-05 0.580642 9.9965E-05 0.078808 9.9965E-05 9.9965E-05 0.340151
0.147073 0.459193 9.99738E-05 0.362612 9.99738E-05 0.0308213 9.99738E-05
9.99657E-05 0.037534 9.99657E-05 9.99657E-05 9.99657E-05 0.218007 0.744059
0.129194 9.99648E-05 0.376584 9.99648E-05 0.493822 9.99648E-05 9.99648E-05
0.213329 9.996E-05 0.766659 9.996E-05 9.996E-05 0.0196122 9.996E-05
9.99736E-05 0.422019 0.310563 0.129334 9.99736E-05 9.99736E-05 0.137784
9.99738E-05 0.0986123 0.00739292 9.99738E-05 0.787104 9.99738E-05 0.106591
9.99649E-05 0.436756 9.99649E-05 9.99649E-05 9.99649E-05 0.284869 0.277975
0.0868304 9.9974E-05 0.325463 0.0165313 9.9974E-05 0.570875 9.9974E-05
9.9956E-05 9.9956E-05 9.9956E-05 9.9956E-05 9.9956E-05 0.253876 0.745624
9.99735E-05 0.300229 9.99735E-05 0.356962 0.217408 9.99735E-05 0.125101
0.0233084 9.99652E-05 9.99652E-05 0.358815 9.99652E-05 0.617477 9.99652E-05
0.0539684 0.256549 0.0224347 9.99735E-05 9.99735E-05 9.99735E-05 0.666748
9.99824E-05 0.0376539 0.0402696 0.182225 9.99824E-05 0.624713 0.114938
0.00422164 9.99824E-05 0.240828 0.211482 0.531377 0.0118907 9.99824E-05
9.995E-05 9.995E-05 9.995E-05 9.995E-05 9.995E-05 0.9994 9.995E-05
0.199051 9.99563E-05 9.99563E-05 9.99563E-05 9.99563E-05 0.80045 9.99563E-05
0.757534 9.99737E-05 0.0948478 0.115183 9.99737E-05 9.99737E-05 0.0321358
0.252243 9.99738E-05 9.99738E-05 0.241213 0.320878 9.99738E-05 0.185366
0.423319 0.0213228 9.99824E-05 0.334855 9.99824E-05 0.139879 0.0804239
0.327647 0.671854 9.99559E-05 9.99559E-05 9.99559E-05 9.99559E-05 9.99559E-05
0.0694313 9.99736E-05 9.99736E-05 0.352819 0.00692648 0.570523 9.99736E-05
0.305193 9.99647E-05 9.99647E-05 0.271606 9.99647E-05 0.422801 9.99647E-05
0.0658614 0.498946 9.99648E-05 9.99648E-05 0.434793 9.99648E-05 9.99648E-05
9.99653E-05 0.611846 0.340135 9.99653E-05 9.99653E-05 9.99653E-05 0.0476188
0.358142 9.99561E-05 9.99561E-05 9.99561E-05 9.99561E-05 0.641358 9.99561E-05
0.343616 9.99652E-05 9.99652E-05 0.279602 9.99652E-05 0.376383 9.99652E-05
0.235617 0.623646 9.99649E-05 0.140337 9.99649E-05 9.99649E-05 9.99649E-05
0.428507 9.99736E-05 9.99736E-05 9.99736E-05 0.249331 0.0345213 0.287341
9.99563E-05 0.202048 9.99563E-05 9.99563E-05 9.99563E-05 0.797452 9.99563E-05
9.99565E-05 9.99565E-05 0.23174 9.99565E-05 9.99565E-05 9.99565E-05 0.76776
9.99648E-05 9.99648E-05 0.211283 0.262809 0.525509 9.99648E-05 9.99648E-05
0.0293927 9.9965E-05 9.9965E-05 0.140871 9.9965E-05 0.829337 9.9965E-05
9.99738E-05 0.155241 9.99738E-05 0.0878339 9.99738E-05 0.485931 0.270694
9.99737E-05 0.0193911 9.99737E-05 9.99737E-05 0.361908 0.345645 0.272757
9.99565E-05 9.99565E-05 9.99565E-05 0.0382452 9.99565E-05 9.99565E-05 0.961255
0.309329 9.99647E-05 9.99647E-05 0.229868 9.99647E-05 0.460403 9.99647E-05
9.99739E-05 0.0492704 9.99739E-05 0.150409 0.322738 0.477283 9.99739E-05
9.99736E-05 0.248016 0.118482 0.106071 9.99736E-05 0.52713 9.99736E-05
9.996E-05 0.318395 0.139179 9.996E-05 9.996E-05 0.542026 9.996E-05
9.99651E-05 9.99651E-05 0.165669 9.99651E-05 9.99651E-05 0.770002 0.0639287
9.99737E-05 9.99737E-05 0.105746 0.219298 9.99737E-05 0.583262 0.0913937
0.810931 9.99563E-05 9.99563E-05 9.99563E-05 9.99563E-05 0.188569 9.99563E-05
0.162397 9.99824E-05 0.227722 0.105702 0.144718 9.99824E-05 0.35926
9.99647E-05 9.99647E-05 9.99647E-05 0.0641569 9.99647E-05 0.459647 0.475796
9.995E-05 9.995E-05 9.995E-05 0.9994 9.995E-05 9.995E-05 9.995E-05
9.99562E-05 9.99562E-05 9.99562E-05 0.512219 9.99562E-05 0.487281 9.99562E-05
9.99562E-05 9.99562E-05 0.119279 0.880221 9.99562E-05 9.99562E-05 9.99562E-05
9.99646E-05 9.99646E-05 9.99646E-05 0.192831 0.3677 9.99646E-05 0.439069
9.99562E-05 9.99562E-05 9.99562E-05 0.934855 0.0646449 9.99562E-05 9.99562E-05
9.99648E-05 0.0569523 9.99648E-05 9.99648E-05 0.49676 0.445888 9.99648E-05
0.446716 9.99738E-05 9.99738E-05 0.0930572 9.99738E-05 0.240266 0.219661
0.0026628 9.99736E-05 9.99736E-05 0.388454 0.433227 0.175356 9.99736E-05
9.99563E-05 9.99563E-05 9.99563E-05 9.99563E-05 9.99563E-05 0.44883 0.55067
0.107883 9.99648E-05 9.99648E-05 9.99648E-05 0.260147 0.631571 9.99648E-05
0.144356 9.99648E-05 9.99648E-05 9.99648E-05 0.352707 9.99648E-05 0.502537
9.99649E-05 9.99649E-05 9.99649E-05 9.99649E-05 0.222069 0.499091 0.27844
9.99649E-05 0.0839602 9.99649E-05 9.99649E-05 9.99649E-05 0.123698 0.791942
9.9956E-05 9.9956E-05 9.9956E-05 9.9956E-05 0.224698 9.9956E-05 0.774803
0.15308 9.997E-05 9.997E-05 9.997E-05 0.210085 0.501194 0.135341
0.405674 0.15715 9.99648E-05 0.436777 9.99648E-05 9.99648E-05 9.99648E-05
9.99653E-05 9.99653E-05 0.305878 9.99653E-05 9.99653E-05 0.0657211 0.628001
0.109306 0.259655 9.99823E-05 0.0587633 0.0340961 9.99823E-05 0.537979
0.00628653 9.99912E-05 0.0345207 0.354906 0.131938 0.24358 0.228668
9.99738E-05 0.328351 0.0405474 9.99738E-05 0.565461 0.0653408 9.99738E-05
9.99652E-05 9.99652E-05 9.99652E-05 9.99652E-05 0.159781 0.446886 0.392933
0.182421 9.99648E-05 0.692405 9.99648E-05 9.99648E-05 0.124774 9.99648E-05
9.99738E-05 9.99738E-05 9.99738E-05 0.145311 0.531436 0.0602968 0.262656
9.99566E-05 9.99566E-05 9.99566E-05 0.793157 9.99566E-05 9.99566E-05 0.206344
0.214097 9.99648E-05 9.99648E-05 9.99648E-05 0.215302 9.99648E-05 0.570201
0.58817 9.99561E-05 9.99561E-05 9.99561E-05 9.99561E-05 9.99561E-05 0.41133
9.9965E-05 9.9965E-05 9.9965E-05 0.274111 9.9965E-05 0.181817 0.543672
0.710087 0.0165029 9.99647E-05 0.27301 9.99647E-05 9.99647E-05 9.99647E-05
9.9956E-05 9.9956E-05 9.9956E-05 9.9956E-05 9.9956E-05 0.847586 0.151914
0.614488 9.99652E-05 0.00240154 9.99652E-05 9.99652E-05 0.382711 9.99652E-05
9.99737E-05 9.99737E-05 0.518512 0.333099 0.0129259 0.135163 9.99737E-05
0.532823 0.295928 9.997E-05 0.143152 9.997E-05 0.0277975 9.997E-05
9.99649E-05 0.0497235 9.99649E-05 9.99649E-05 0.12439 0.825486 9.99649E-05
9.99647E-05 0.303295 9.99647E-05 0.370558 9.99647E-05 9.99647E-05 0.325747
0.187288 9.99649E-05 9.99649E-05 9.99649E-05 9.99649E-05 0.708347 0.103966
0.0505856 0.128451 9.99823E-05 9.99823E-05 0.181587 0.25033 0.388846
0.249204 0.277257 9.99651E-05 9.99651E-05 9.99651E-05 9.99651E-05 0.473138
0.165998 0.0559495 9.99735E-05 9.99735E-05 9.99735E-05 0.0994715 0.678281
9.99648E-05 9.99648E-05 9.99648E-05 9.99648E-05 0.00147072 0.437296 0.560833
9.99562E-05 9.99562E-05 0.0072085 9.99562E-05 9.99562E-05 9.99562E-05 0.992292
9.99736E-05 0.194377 9.99736E-05 0.112753 0.452813 9.99736E-05 0.239758
0.153855 9.99648E-05 9.99648E-05 0.149845 0.6959 9.99648E-05 9.99648E-05
0.515379 9.99559E-05 9.99559E-05 9.99559E-05 9.99559E-05 9.99559E-05 0.484121
0.315745 9.99737E-05 9.99737E-05 9.99737E-05 0.0438699 0.364035 0.27605
0.0120253 0.119578 9.99646E-05 9.99646E-05 9.99646E-05 0.867996 9.99646E-05
9.99558E-05 9.99558E-05 9.99558E-05 0.418478 9.99558E-05 0.581022 9.99558E-05
9.99646E-05 0.0489157 9.99646E-05 0.518271 9.99646E-05 0.432414 9.99646E-05
9.99646E-05 9.99646E-05 0.609284 9.99646E-05 9.99646E-05 0.285898 0.104418
0.0109842 9.99737E-05 9.99737E-05 0.550477 0.213932 0.224306 9.99737E-05
0.118405 9.99912E-05 0.425417 0.00883427 0.0854912 0.0569081 0.304845
9.99823E-05 0.0677322 9.99823E-05 0.636484 0.0529875 0.0659217 0.176675
9.99561E-05 9.99561E-05 9.99561E-05 9.99561E-05 9.99561E-05 0.639723 0.359777
9.99649E-05 9.99649E-05 0.158736 9.99649E-05 0.62339 0.217474 9.99649E-05
0.0902575 9.99648E-05 9.99648E-05 9.99648E-05 0.872522 9.99648E-05 0.0368206
9.99649E-05 9.99649E-05 0.147926 9.99649E-05 0.392665 0.459009 9.99649E-05
9.9956E-05 0.378639 9.9956E-05 9.9956E-05 0.620861 9.9956E-05 9.9956E-05
9.99736E-05 0.0194122 9.99736E-05 9.99736E-05 0.228391 0.0925189 0.659378
9.99736E-05 9.99736E-05 9.99736E-05 0.116754 0.0820917 0.765097 0.0357582
9.99646E-05 0.485173 9.99646E-05 9.99646E-05 9.99646E-05 0.0320532 0.482374
9.99735E-05 0.0854546 0.00583142 0.0835602 9.99735E-05 0.824854 9.99735E-05
0.0709489 9.99649E-05 9.99649E-05 0.0425317 0.88612 9.99649E-05 9.99649E-05
0.0803883 9.99648E-05 9.99648E-05 9.99648E-05 0.55409 0.365122 9.99648E-05
0.0701261 9.997E-05 9.997E-05 0.424051 9.997E-05 0.0149113 0.490612
0.105434 0.0625586 9.99735E-05 9.99735E-05 9.99735E-05 0.331845 0.499863
0.0931365 0.0370611 9.99824E-05 0.330381 0.0685407 0.47068 9.99824E-05
9.99647E-05 9.99647E-05 0.11713 9.99647E-05 0.360806 0.521664 9.99647E-05
9.9965E-05 0.399185 9.9965E-05 9.9965E-05 0.364409 0.236007 9.9965E-05
9.9956E-05 9.9956E-05 9.9956E-05 9.9956E-05 9.9956E-05 0.996582 0.00291858
9.99824E-05 0.178662 9.99824E-05 0.179673 0.0576688 0.474038 0.109758
0.0775904 0.234268 9.9965E-05 9.9965E-05 9.9965E-05 9.9965E-05 0.687742
9.99649E-05 0.453431 9.99649E-05 0.257386 0.288783 9.99649E-05 9.99649E-05
9.99648E-05 0.189308 9.99648E-05 9.99648E-05 9.99648E-05 0.629966 0.180327
9.99737E-05 0.0352847 0.0570606 9.99737E-05 0.593342 0.314013 9.99737E-05
0.559233 0.00203927 9.99737E-05 9.99737E-05 0.331104 9.99737E-05 0.107324
9.99825E-05 0.52963 0.103087 0.0205714 9.99825E-05 0.0789008 0.267611
9.99564E-05 9.99564E-05 9.99564E-05 9.99564E-05 0.123978 0.875522 9.99564E-05
9.99648E-05 9.99648E-05 9.99648E-05 0.25625 0.198788 0.544562 9.99648E-05
0.398834 0.197433 9.99648E-05 9.99648E-05 9.99648E-05 9.99648E-05 0.403333
9.996E-05 0.204612 9.996E-05 9.996E-05 9.996E-05 0.167924 0.627064
9.99563E-05 9.99563E-05 9.99563E-05 0.39338 9.99563E-05 9.99563E-05 0.60612
0.176946 0.014743 9.99826E-05 0.219514 0.201872 0.386725 9.99826E-05
9.99649E-05 9.99649E-05 9.99649E-05 0.0584803 9.99649E-05 0.36822 0.572899
9.99562E-05 9.99562E-05 9.99562E-05 9.99562E-05 0.0947006 0.9048 9.99562E-05
9.99649E-05 0.571229 9.99649E-05 9.99649E-05 0.253923 9.99649E-05 0.174448
9.99735E-05 0.164629 9.99735E-05 9.99735E-05 0.0122792 0.113578 0.709213
0.149291 0.111592 9.99912E-05 0.0569376 0.146064 0.383186 0.152829
9.99739E-05 0.522142 0.0308858 0.335946 9.99739E-05 9.99739E-05 0.110726
0.0415179 9.99824E-05 9.99824E-05 0.263932 0.130106 0.440668 0.123576
0.293527 9.99647E-05 9.99647E-05 0.145957 9.99647E-05 0.560117 9.99647E-05
0.0930366 9.99824E-05 0.0416033 0.219396 9.99824E-05 0.169334 0.47643
9.99654E-05 9.99654E-05 0.254324 9.99654E-05 0.660068 9.99654E-05 0.0852079
9.99647E-05 9.99647E-05 9.99647E-05 0.250539 0.406677 9.99647E-05 0.342384
9.99649E-05 0.777423 9.99649E-05 9.99649E-05 9.99649E-05 0.101207 0.120971
0.0658608 0.811672 9.9965E-05 0.122067 9.9965E-05 9.9965E-05 9.9965E-05
0.0804489 9.9965E-05 9.9965E-05 0.438008 9.9965E-05 0.481144 9.9965E-05
9.99735E-05 9.99735E-05 0.210016 0.201711 9.99735E-05 0.334678 0.253295
9.99648E-05 9.99648E-05 0.113876 9.99648E-05 0.0944881 9.99648E-05 0.791236
9.99648E-05 9.99648E-05 9.99648E-05 0.0361722 0.32264 9.99648E-05 0.640788
9.99649E-05 9.99649E-05 9.99649E-05 9.99649E-05 0.341465 0.295666 0.362469
9.99735E-05 9.99735E-05 9.99735E-05 0.0344129 0.187202 0.138473 0.639613
0.285126 9.99824E-05 0.172974 9.99824E-05 0.0365925 0.29948 0.205628
0.479465 0.44662 9.99736E-05 0.0346464 9.99736E-05 9.99736E-05 0.0389684
9.99565E-05 9.99565E-05 9.99565E-05 0.597818 9.99565E-05 9.99565E-05 0.401682
9.99735E-05 0.261557 9.99735E-05 9.99735E-05 0.0786484 0.43064 0.228854
0.0523377 9.99646E-05 9.99646E-05 9.99646E-05 9.99646E-05 0.800678 0.146584
0.356742 9.99735E-05 9.99735E-05 0.0487593 9.99735E-05 0.316256 0.277942
0.491733 9.9956E-05 9.9956E-05 9.9956E-05 9.9956E-05 9.9956E-05 0.507767
0.210625 9.99648E-05 9.99648E-05 9.99648E-05 0.686076 0.1029 9.99648E-05
0.326014 0.0408511 9.99649E-05 9.99649E-05 9.99649E-05 0.632736 9.99649E-05
9.99651E-05 0.230273 0.0664933 9.99651E-05 0.702834 9.99651E-05 9.99651E-05
9.99736E-05 0.00944624 9.99736E-05 0.400368 9.99736E-05 0.211765 0.37812
9.99649E-05 9.99649E-05 9.99649E-05 0.136484 0.239112 9.99649E-05 0.624004
9.99737E-05 0.0558228 0.381896 0.418693 0.143289 9.99737E-05 9.99737E-05
9.99648E-05 9.99648E-05 9.99648E-05 0.242426 0.263736 9.99648E-05 0.493439
9.99561E-05 9.99561E-05 9.99561E-05 0.525978 9.99561E-05 9.99561E-05 0.473522
9.99736E-05 0.177805 9.99736E-05 9.99736E-05 0.404742 0.338171 0.0789827
0.00460115 0.00431567 0.493051 0.0252772 9.99912E-05 0.328899 0.143755
0.092703 9.99736E-05 9.99736E-05 0.24544 0.476234 0.185323 9.99736E-05
9.99647E-05 0.205882 9.99647E-05 0.592447 0.201271 9.99647E-05 9.99647E-05
0.394673 0.0869205 9.99739E-05 0.0459057 9.99739E-05 0.472201 9.99739E-05
9.9965E-05 0.514535 9.9965E-05 0.0926274 0.392438 9.9965E-05 9.9965E-05
0.235001 0.0419046 9.99825E-05 0.179322 9.99825E-05 0.44068 0.102893
9.99738E-05 0.336633 0.375179 0.264954 9.99738E-05 9.99738E-05 0.0229333
9.99649E-05 0.109555 9.99649E-05 9.99649E-05 0.547896 0.342149 9.99649E-05
9.99738E-05 9.99738E-05 0.242789 0.33621 0.403797 9.99738E-05 0.0169041
9.99648E-05 0.132319 9.99648E-05 9.99648E-05 9.99648E-05 0.532191 0.33509
0.0644494 9.9965E-05 9.9965E-05 9.9965E-05 9.9965E-05 0.90515 0.0300007
0.56647 9.99736E-05 9.99736E-05 0.0490466 9.99736E-05 0.362443 0.0217405
9.99649E-05 9.99649E-05 9.99649E-05 0.450838 0.231493 0.31727 9.99649E-05
0.290186 0.0365849 9.99649E-05 9.99649E-05 9.99649E-05 0.672829 9.99649E-05
0.100988 9.99738E-05 0.14447 0.392645 0.361596 9.99738E-05 9.99738E-05
9.99652E-05 9.99652E-05 0.181578 9.99652E-05 0.193688 9.99652E-05 0.624334
0.151521 0.123101 0.316834 0.0955884 9.99824E-05 0.312755 9.99824E-05
0.177235 9.99649E-05 9.99649E-05 0.289336 9.99649E-05 9.99649E-05 0.53303
0.141384 9.9965E-05 9.9965E-05 9.9965E-05 0.17111 9.9965E-05 0.687106
0.0758084 9.99648E-05 9.99648E-05 9.99648E-05 0.182285 0.741507 9.99648E-05
9.99735E-05 0.349929 9.99735E-05 9.99735E-05 0.071745 0.160268 0.417757
0.471865 9.9965E-05 0.375222 9.9965E-05 0.152513 9.9965E-05 9.9965E-05
9.99564E-05 9.99564E-05 9.99564E-05 0.161585 9.99564E-05 9.99564E-05 0.837916
