9.9991E-05 0.718113 0.152265 0.129522
9.9982E-05 0.963414 0.0363864 9.9982E-05
9.9982E-05 0.487168 9.9982E-05 0.512632
0.333318 0.510567 9.9991E-05 0.156015
9.9982E-05 9.9982E-05 0.356658 0.643142
0.93583 9.9982E-05 9.9982E-05 0.0639705
0.203592 9.9991E-05 0.0103438 0.785964
9.99821E-05 0.975206 9.99821E-05 0.0245936
0.65274 9.9982E-05 0.34706 9.9982E-05
9.9982E-05 9.9982E-05 0.198264 0.801536
9.99821E-05 9.99821E-05 0.0805971 0.919203
0.0737139 0.926086 9.9982E-05 9.9982E-05
0.10656 9.9991E-05 0.410095 0.483245
0.0253078 0.137018 9.9991E-05 0.837575
9.9982E-05 9.9982E-05 0.578842 0.420958
0.122605 0.0202601 0.857035 9.9991E-05
0.00783156 0.981784 9.9991E-05 0.0102848
0.286902 9.9991E-05 0.4192 0.293798
0.970171 0.029629 9.9982E-05 9.9982E-05
9.998E-05 9.998E-05 0.9997 9.998E-05
0.208744 0.0498796 0.741276 9.9991E-05
0.493761 0.12602 0.380118 9.9991E-05
0.0711092 9.9991E-05 0.881539 0.0472523
0.178802 0.449717 0.156753 0.214728
0.0988767 0.0784716 9.9991E-05 0.822552
9.9982E-05 9.9982E-05 0.687884 0.311916
0.162618 0.559173 9.9991E-05 0.278109
0.610303 9.9991E-05 0.171801 0.217796
9.99821E-05 0.94603 0.0537697 9.99821E-05
0.643251 0.356549 9.99821E-05 9.99821E-05
9.99821E-05 0.0414136 9.99821E-05 0.958386
9.998E-05 9.998E-05 9.998E-05 0.9997
9.9982E-05 9.9982E-05 0.0252118 0.974588
0.9997 9.998E-05 9.998E-05 9.998E-05
0.237155 0.743215 9.9991E-05 0.0195303
0.272855 9.9982E-05 0.726945 9.9982E-05
0.870491 9.9982E-05 0.129309 9.9982E-05
0.940773 9.9982E-05 9.9982E-05 0.0590266
0.0811553 0.204933 0.0802041 0.633707
0.819014 0.125624 0.0552618 9.9991E-05
0.746689 0.253111 9.9982E-05 9.9982E-05
0.134147 0.865653 9.9982E-05 9.9982E-05
9.9982E-05 0.00956061 0.990239 9.9982E-05
9.9982E-05 0.102903 9.9982E-05 0.896897
9.9982E-05 9.9982E-05 0.698723 0.301077
9.998E-05 0.9997 9.998E-05 9.998E-05
0.40996 9.9982E-05 0.58984 9.9982E-05
0.867772 9.99821E-05 0.132028 9.99821E-05
9.9991E-05 0.0405928 0.788372 0.170935
0.402343 9.9982E-05 0.597457 9.9982E-05
