0.0527008 0.331822 0.615478
9.999E-05 0.0879538 0.911946
9.999E-05 0.561006 0.438894
9.999E-05 0.187183 0.812717
0.241095 0.758805 9.9991E-05
0.321404 9.9991E-05 0.678496
0.120014 0.809483 0.0705027
9.999E-05 0.125743 0.874157
0.799922 9.9991E-05 0.199978
0.105002 0.894898 9.9991E-05
9.999E-05 0.9998 9.999E-05
9.9991E-05 0.0489594 0.950941
0.385877 0.614023 9.9991E-05
9.9991E-05 0.866423 0.133477
0.430197 0.569703 9.9991E-05
0.897933 0.101967 9.9991E-05
9.9991E-05 0.0554157 0.944484
0.62621 0.356128 0.0176622
0.248938 9.9991E-05 0.750962
0.9998 9.999E-05 9.999E-05
0.943034 0.0133487 0.0436173
0.638308 9.9991E-05 0.361592
0.838212 0.161688 9.9991E-05
0.0929662 0.322363 0.58467
9.9991E-05 0.79947 0.20043
0.511922 0.487978 9.9991E-05
9.9991E-05 0.301858 0.698042
0.44217 0.194952 0.362877
9.99911E-05 0.0721023 0.927798
0.215232 9.9991E-05 0.784668
9.9991E-05 0.986922 0.0129782
9.999E-05 0.9998 9.999E-05
9.999E-05 0.9998 9.999E-05
0.418395 9.9991E-05 0.581505
9.9991E-05 0.12932 0.87058
0.9998 9.999E-05 9.999E-05
0.549481 9.9991E-05 0.450419
0.4582 9.9991E-05 0.5417
0.0927769 0.73183 0.175393
0.301399 9.9991E-05 0.698501
0.111221 9.9991E-05 0.888679
9.999E-05 9.999E-05 0.9998
0.9998 9.999E-05 9.999E-05
9.9991E-05 0.901627 0.0982728
0.466529 0.533371 9.9991E-05
9.9991E-05 0.0562532 0.943647
0.9998 9.999E-05 9.999E-05
0.638816 9.9991E-05 0.361084
0.567768 0.432132 9.9991E-05
0.830468 0.0503766 0.119155
