0.233006 9.9991E-05 0.766894
0.0530533 9.9991E-05 0.946847
0.510578 9.9991E-05 0.489322
0.1463 9.9991E-05 0.8536
0.858072 0.141828 9.9991E-05
9.999E-05 0.516721 0.483179
0.908895 0.0509488 0.0401567
0.0951819 9.9991E-05 0.904718
9.9991E-05 0.925593 0.0743065
0.991383 0.00851723 9.9991E-05
0.9998 9.999E-05 9.999E-05
9.999E-05 9.999E-05 0.9998
0.623192 0.376708 9.9991E-05
0.817261 9.9991E-05 0.182639
0.68464 0.31526 9.9991E-05
0.194256 0.805644 9.9991E-05
0.00443114 9.9991E-05 0.995469
0.446812 0.553088 9.9991E-05
9.9991E-05 0.436182 0.563718
0.131282 0.868618 9.9991E-05
0.0920551 0.907845 9.9991E-05
9.9991E-05 0.737746 0.262154
0.351592 0.648308 9.9991E-05
0.260284 0.0993173 0.640399
0.821894 9.9991E-05 0.178006
0.578617 0.421283 9.9991E-05
0.217202 9.9991E-05 0.782698
0.276843 0.507059 0.216098
0.0125314 0.0163311 0.971138
9.9991E-05 0.280455 0.719445
0.896721 9.9991E-05 0.103179
0.978809 9.9991E-05 0.0210905
0.9998 9.999E-05 9.999E-05
9.9991E-05 0.642341 0.357559
0.069442 9.9991E-05 0.930458
0.0669302 0.93297 9.9991E-05
9.9991E-05 0.735588 0.264312
9.9991E-05 0.5318 0.4681
0.718504 0.10429 0.177206
9.9991E-05 0.485202 0.514698
9.9991E-05 0.262226 0.737674
9.999E-05 9.999E-05 0.9998
0.124124 0.875776 9.9991E-05
0.812619 9.9991E-05 0.187281
0.604617 0.395283 9.9991E-05
0.024342 9.9991E-05 0.975558
9.999E-05 0.9998 9.999E-05
9.9991E-05 0.767779 0.232121
0.434968 0.564932 9.9991E-05
0.0462421 0.884615 0.0691433
