9.99737E-05 9.99737E-05 0.572766 9.99737E-05 0.262294 0.16464
9.99739E-05 0.0469507 9.99739E-05 0.797675 0.155075 9.99739E-05
9.99737E-05 0.115762 0.456746 9.99737E-05 0.427192 9.99737E-05
9.99737E-05 0.170711 0.140442 9.99737E-05 9.99737E-05 0.688548
9.99823E-05 0.162147 0.140198 0.0105977 0.686858 9.99823E-05
9.996E-05 9.996E-05 9.996E-05 9.996E-05 9.996E-05 0.9995
9.99737E-05 0.0208118 0.196043 9.99737E-05 0.782845 9.99737E-05
0.382457 0.165457 9.998E-05 0.268819 9.998E-05 0.183067
0.0357677 9.99736E-05 0.233233 9.99736E-05 0.7307 9.99736E-05
0.0260371 0.284923 0.490028 0.198812 9.99824E-05 9.99824E-05
0.287759 0.102962 9.99825E-05 0.242837 9.99825E-05 0.366242
9.99736E-05 0.0813201 9.99736E-05 9.99736E-05 0.694789 0.223591
9.99823E-05 0.360537 0.184257 0.396816 0.05819 9.99823E-05
9.99734E-05 9.99734E-05 9.99734E-05 0.303009 0.249326 0.447365
0.22962 0.0496583 0.576192 9.99824E-05 0.14433 9.99824E-05
0.699578 0.300022 9.9965E-05 9.9965E-05 9.9965E-05 9.9965E-05
0.041189 9.99913E-05 0.191492 0.246142 0.0894391 0.431638
9.99648E-05 9.99648E-05 9.99648E-05 9.99648E-05 0.35803 0.64157
9.99737E-05 0.474119 0.523442 0.00213926 9.99737E-05 9.99737E-05
9.99734E-05 9.99734E-05 0.242606 9.99734E-05 0.267923 0.489171
0.143428 0.115444 0.340272 9.99913E-05 0.25144 0.149316
9.99736E-05 0.765858 0.0531313 0.180711 9.99736E-05 9.99736E-05
9.99826E-05 0.560707 0.242417 0.0344036 0.162272 9.99826E-05
9.99735E-05 9.99735E-05 0.443396 0.521014 0.0352896 9.99735E-05
9.99737E-05 0.407282 0.0622656 9.99737E-05 0.530152 9.99737E-05
0.288694 0.0189552 0.337548 9.99824E-05 0.354603 9.99824E-05
0.167654 9.99738E-05 0.34373 9.99738E-05 9.99738E-05 0.488316
9.99823E-05 0.349846 0.251776 0.353475 0.0447035 9.99823E-05
0.453595 9.99824E-05 0.257395 0.247282 9.99824E-05 0.0415285
0.0420408 0.274699 9.99825E-05 0.0737812 9.99825E-05 0.60928
0.313743 9.99824E-05 0.115362 0.324128 9.99824E-05 0.246568
9.99738E-05 0.135257 9.99738E-05 0.283971 0.580472 9.99738E-05
9.997E-05 9.997E-05 0.46531 0.219824 9.997E-05 0.314566
9.99734E-05 9.99734E-05 9.99734E-05 0.437561 0.405491 0.156648
9.99653E-05 9.99653E-05 9.99653E-05 0.195483 0.804117 9.99653E-05
9.99648E-05 0.933266 9.99648E-05 0.066334 9.99648E-05 9.99648E-05
0.129125 9.99736E-05 0.35393 9.99736E-05 9.99736E-05 0.516645
0.202229 9.99736E-05 0.114895 9.99736E-05 0.682576 9.99736E-05
0.0906228 9.99824E-05 0.543943 9.99824E-05 0.321752 0.0434822
9.99652E-05 9.99652E-05 0.647748 9.99652E-05 9.99652E-05 0.351852
9.996E-05 9.996E-05 9.996E-05 9.996E-05 0.9995 9.996E-05
9.99736E-05 0.277883 9.99736E-05 9.99736E-05 0.317443 0.404374
9.99823E-05 0.620781 0.0193292 0.0692362 0.290453 9.99823E-05
0.0677886 0.459108 9.99826E-05 0.400521 9.99826E-05 0.0723816
9.99823E-05 9.99823E-05 0.471851 0.0876284 0.0582655 0.382055
0.235462 0.166673 9.99825E-05 0.123068 0.474597 9.99825E-05
0.120282 0.0354604 0.0440021 0.0573 0.15975 0.583205
0.786407 9.99737E-05 9.99737E-05 9.99737E-05 0.039026 0.174267
9.99824E-05 0.325266 0.166615 0.403861 9.99824E-05 0.104058
0.0384486 9.99736E-05 0.383772 9.99736E-05 9.99736E-05 0.577479
0.8077 0.1919 9.99652E-05 9.99652E-05 9.99652E-05 9.99652E-05
0.851493 9.99649E-05 0.148107 9.99649E-05 9.99649E-05 9.99649E-05
9.99736E-05 9.99736E-05 9.99736E-05 0.615602 0.253512 0.130586
9.99648E-05 0.513983 0.485617 9.99648E-05 9.99648E-05 9.99648E-05
0.109383 0.521872 0.127761 0.240784 9.99823E-05 9.99823E-05
9.99739E-05 9.99739E-05 0.194348 0.773326 9.99739E-05 0.032026
0.059875 0.939725 9.99655E-05 9.99655E-05 9.99655E-05 9.99655E-05
9.99735E-05 0.345001 9.99735E-05 0.635315 0.0193847 9.99735E-05
0.506612 9.99652E-05 9.99652E-05 0.492988 9.99652E-05 9.99652E-05
9.99824E-05 0.0604864 0.111325 0.384596 0.443393 9.99824E-05
0.262748 0.502122 0.173309 0.0616218 9.99824E-05 9.99824E-05
0.261404 9.99735E-05 9.99735E-05 9.99735E-05 0.148384 0.589912
9.99648E-05 9.99648E-05 0.494033 9.99648E-05 9.99648E-05 0.505567
9.99824E-05 0.369826 0.210282 9.99824E-05 0.144962 0.27473
9.9965E-05 9.9965E-05 0.656423 0.343177 9.9965E-05 9.9965E-05
9.99647E-05 0.516836 9.99647E-05 9.99647E-05 0.482764 9.99647E-05
0.547114 0.308402 9.99739E-05 9.99739E-05 0.144184 9.99739E-05
9.99737E-05 0.321155 0.35351 9.99737E-05 0.325035 9.99737E-05
0.351011 0.615072 9.99824E-05 0.00669534 0.0270217 9.99824E-05
9.99736E-05 9.99736E-05 9.99736E-05 0.561027 0.050819 0.387854
0.241617 9.99825E-05 0.0545944 9.99825E-05 0.617687 0.0859017
9.99735E-05 0.28639 0.342178 0.371132 9.99735E-05 9.99735E-05
9.99737E-05 0.148507 9.99737E-05 0.385442 0.465752 9.99737E-05
9.99825E-05 9.99825E-05 0.142726 0.117525 0.309079 0.43047
9.99735E-05 0.676411 0.235056 9.99735E-05 0.0882329 9.99735E-05
9.99648E-05 9.99648E-05 0.853984 9.99648E-05 0.145616 9.99648E-05
9.99646E-05 0.524143 9.99646E-05 9.99646E-05 9.99646E-05 0.475457
9.99736E-05 0.0411255 0.19873 9.99736E-05 0.759845 9.99736E-05
0.0962585 0.903342 9.9965E-05 9.9965E-05 9.9965E-05 9.9965E-05
9.9965E-05 9.9965E-05 0.903006 0.0965938 9.9965E-05 9.9965E-05
0.124943 0.116357 0.00739782 0.0281566 0.540507 0.182638
0.0678942 9.99737E-05 0.154965 9.99737E-05 9.99737E-05 0.776841
9.99738E-05 9.99738E-05 0.372381 0.00352012 9.99738E-05 0.623799
9.99649E-05 0.681169 0.318431 9.99649E-05 9.99649E-05 9.99649E-05
9.99735E-05 9.99735E-05 0.0262446 9.99735E-05 0.774705 0.198751
9.99652E-05 0.839541 9.99652E-05 0.160059 9.99652E-05 9.99652E-05
0.0892732 0.107524 9.99739E-05 9.99739E-05 0.802903 9.99739E-05
0.0629463 9.99736E-05 9.99736E-05 0.0763243 0.860429 9.99736E-05
0.115423 9.99741E-05 9.99741E-05 0.607196 9.99741E-05 0.277081
9.99734E-05 9.99734E-05 0.131419 0.708381 9.99734E-05 0.1599
0.146584 9.99826E-05 0.317729 9.99826E-05 0.291231 0.244256
9.99737E-05 9.99737E-05 0.0184103 0.46015 0.52114 9.99737E-05
9.99648E-05 9.99648E-05 9.99648E-05 0.415273 9.99648E-05 0.584327
0.286635 9.99824E-05 0.631627 9.99824E-05 0.0555272 0.0260112
9.99649E-05 0.496264 9.99649E-05 9.99649E-05 9.99649E-05 0.503337
0.417028 0.145033 9.99912E-05 0.0921166 0.14922 0.196503
9.9965E-05 9.9965E-05 0.0945313 9.9965E-05 9.9965E-05 0.905069
0.313262 0.282917 0.00663761 9.99912E-05 0.393244 0.0038387
9.99736E-05 0.19695 0.290208 9.99736E-05 0.512541 9.99736E-05
9.99824E-05 0.386509 0.079336 0.486139 9.99824E-05 0.0478159
9.99736E-05 9.99736E-05 0.521044 0.313174 9.99736E-05 0.165483
0.190805 9.99826E-05 0.687338 9.99826E-05 0.0731844 0.0484725
0.143148 9.99738E-05 0.348007 9.99738E-05 0.508545 9.99738E-05
9.99736E-05 9.99736E-05 0.719762 0.0835866 0.196352 9.99736E-05
0.388063 9.99647E-05 9.99647E-05 9.99647E-05 0.611537 9.99647E-05
0.224989 0.190673 0.00762934 0.576508 9.99824E-05 9.99824E-05
9.99739E-05 9.99739E-05 0.428394 0.36088 9.99739E-05 0.210426
9.99647E-05 9.99647E-05 9.99647E-05 0.680421 9.99647E-05 0.319179
0.187705 9.99737E-05 0.186928 9.99737E-05 9.99737E-05 0.625067
9.99735E-05 9.99735E-05 0.338358 9.99735E-05 0.399217 0.262125
9.99738E-05 9.99738E-05 0.0925646 0.406072 9.99738E-05 0.501064
9.99647E-05 0.472198 9.99647E-05 0.527403 9.99647E-05 9.99647E-05
9.99825E-05 0.336244 0.213981 9.99825E-05 0.260766 0.188809
9.99735E-05 0.100723 0.851569 0.047408 9.99735E-05 9.99735E-05
9.996E-05 9.996E-05 9.996E-05 9.996E-05 9.996E-05 0.9995
9.99738E-05 9.99738E-05 0.132467 9.99738E-05 0.526118 0.341115
0.353443 9.99649E-05 9.99649E-05 9.99649E-05 0.646158 9.99649E-05
9.9974E-05 0.507032 0.379808 0.11286 9.9974E-05 9.9974E-05
9.99824E-05 0.246599 9.99824E-05 0.424532 0.169392 0.159277
0.0349346 0.697174 9.99825E-05 0.0332094 9.99825E-05 0.234482
9.99737E-05 0.22057 9.99737E-05 0.212202 0.566928 9.99737E-05
0.153689 9.99737E-05 0.154342 0.69167 9.99737E-05 9.99737E-05
9.99735E-05 0.0993678 0.324953 9.99735E-05 0.575379 9.99735E-05
9.99737E-05 0.663075 9.99737E-05 0.283576 0.0530495 9.99737E-05
9.99737E-05 0.145673 0.047199 0.806828 9.99737E-05 9.99737E-05
0.00481805 0.560176 0.39839 9.99824E-05 0.036416 9.99824E-05
0.213649 9.99823E-05 9.99823E-05 0.144071 0.375215 0.266864
9.99825E-05 0.191975 9.99825E-05 0.557077 0.179728 0.0710202
9.9965E-05 9.9965E-05 9.9965E-05 0.885855 9.9965E-05 0.113746
9.99824E-05 9.99824E-05 0.0533854 0.289373 0.345303 0.311739
9.99647E-05 0.412508 0.587093 9.99647E-05 9.99647E-05 9.99647E-05
0.511976 0.401852 0.0259634 9.99824E-05 0.0600088 9.99824E-05
9.99824E-05 0.200629 0.00534682 0.599342 0.194482 9.99824E-05
0.240952 0.000131732 0.380825 0.0858778 0.195006 0.0972062
9.99825E-05 0.208449 0.405924 0.154133 0.231293 9.99825E-05
9.99651E-05 0.613818 9.99651E-05 0.385782 9.99651E-05 9.99651E-05
9.99647E-05 9.99647E-05 9.99647E-05 0.785126 0.214474 9.99647E-05
0.067916 9.99736E-05 0.495914 0.43587 9.99736E-05 9.99736E-05
0.297447 9.99738E-05 9.99738E-05 0.560808 9.99738E-05 0.141445
0.161201 0.136546 0.427646 9.99824E-05 0.274407 9.99824E-05
0.303765 0.24403 9.99737E-05 9.99737E-05 0.451905 9.99737E-05
9.99738E-05 0.0186608 0.202786 9.99738E-05 0.778253 9.99738E-05
9.99736E-05 9.99736E-05 0.0618505 9.99736E-05 0.787693 0.150157
9.99825E-05 0.0350175 0.282678 0.381138 9.99825E-05 0.300967
9.997E-05 0.026917 0.471313 0.50147 9.997E-05 9.997E-05
9.99738E-05 9.99738E-05 0.150704 0.836505 0.0124907 9.99738E-05
9.99648E-05 0.320985 0.678615 9.99648E-05 9.99648E-05 9.99648E-05
9.99736E-05 0.635804 0.0504543 0.313442 9.99736E-05 9.99736E-05
9.99737E-05 0.345392 0.159093 0.495215 9.99737E-05 9.99737E-05
9.99736E-05 9.99736E-05 0.287416 0.655551 0.0567334 9.99736E-05
9.99652E-05 9.99652E-05 9.99652E-05 0.164613 0.834988 9.99652E-05
0.407897 0.138021 9.99823E-05 0.13038 0.323503 9.99823E-05
9.99736E-05 0.48595 0.481034 9.99736E-05 0.0327156 9.99736E-05
9.99735E-05 0.0518646 9.99735E-05 0.323868 0.623968 9.99735E-05
9.99824E-05 9.99824E-05 0.014032 0.411882 0.376694 0.197191
9.99824E-05 0.0782482 9.99824E-05 0.41127 0.10454 0.405741
9.99824E-05 0.034842 9.99824E-05 0.444251 0.245242 0.275466
9.99735E-05 0.611199 9.99735E-05 0.0617666 0.326734 9.99735E-05
9.99738E-05 0.6842 0.0484172 9.99738E-05 9.99738E-05 0.267083
0.194042 0.2665 0.539158 9.99737E-05 9.99737E-05 9.99737E-05
9.99737E-05 0.78065 0.0918541 0.127196 9.99737E-05 9.99737E-05
9.99824E-05 0.016472 9.99824E-05 0.440088 0.503459 0.039781
9.99825E-05 0.218412 0.424064 0.128385 0.228939 9.99825E-05
0.021446 9.9965E-05 9.9965E-05 0.978154 9.9965E-05 9.9965E-05
9.99912E-05 0.156611 0.0208836 0.389717 0.362988 0.0697008
9.99647E-05 9.99647E-05 0.733973 0.265627 9.99647E-05 9.99647E-05
9.99736E-05 0.203756 9.99736E-05 9.99736E-05 0.350582 0.445362
0.229893 0.00344986 0.286449 0.480008 9.99824E-05 9.99824E-05
9.99735E-05 0.605794 0.143288 9.99735E-05 9.99735E-05 0.250617
9.99739E-05 9.99739E-05 0.652622 0.0532774 9.99739E-05 0.293801
9.99735E-05 0.125675 9.99735E-05 0.194259 0.679767 9.99735E-05
9.99825E-05 9.99825E-05 0.111691 0.476458 0.190666 0.220985
0.0205073 0.402499 0.576694 9.99736E-05 9.99736E-05 9.99736E-05
0.0307154 9.99739E-05 0.783351 9.99739E-05 0.185634 9.99739E-05
9.99735E-05 9.99735E-05 0.532686 0.153509 0.313505 9.99735E-05
9.99737E-05 9.99737E-05 0.169467 9.99737E-05 0.665062 0.165171
0.096444 9.99825E-05 0.121605 9.99825E-05 0.772395 0.00935674
9.99649E-05 9.99649E-05 0.477727 9.99649E-05 9.99649E-05 0.521873
9.996E-05 9.996E-05 9.996E-05 9.996E-05 0.9995 9.996E-05
9.99737E-05 0.0872098 9.99737E-05 0.149542 9.99737E-05 0.762948
9.9965E-05 9.9965E-05 0.296118 0.703482 9.9965E-05 9.9965E-05
9.99647E-05 9.99647E-05 9.99647E-05 0.0648301 0.93477 9.99647E-05
9.99736E-05 0.0213944 9.99736E-05 0.48478 9.99736E-05 0.493526
9.99824E-05 0.070635 0.85074 9.99824E-05 0.0476978 0.0307271
9.99736E-05 0.246368 0.26651 9.99736E-05 0.486821 9.99736E-05
9.99648E-05 9.99648E-05 0.0937969 9.99648E-05 0.905803 9.99648E-05
9.99737E-05 0.340414 9.99737E-05 0.094791 0.564496 9.99737E-05
9.99736E-05 9.99736E-05 0.503413 0.376911 0.119376 9.99736E-05
9.99737E-05 0.449652 0.312402 0.237646 9.99737E-05 9.99737E-05
9.99824E-05 0.0574513 9.99824E-05 0.19605 0.604267 0.142031
0.0136627 0.153742 9.99824E-05 0.0981883 0.734207 9.99824E-05
0.151465 9.99824E-05 0.00650924 0.454834 9.99824E-05 0.386992
9.99738E-05 0.693238 9.99738E-05 0.184839 9.99738E-05 0.121623
0.273634 0.076939 9.99825E-05 0.164814 0.484413 9.99825E-05
0.318179 9.99737E-05 9.99737E-05 9.99737E-05 0.614309 0.0672122
9.99737E-05 9.99737E-05 0.268744 0.211569 0.519386 9.99737E-05
9.99737E-05 0.289221 0.244215 0.466264 9.99737E-05 9.99737E-05
9.99823E-05 0.207572 0.30508 0.0724231 9.99823E-05 0.414725
9.99824E-05 0.257214 0.229602 0.176411 9.99824E-05 0.336572
9.99735E-05 0.336572 0.438109 9.99735E-05 9.99735E-05 0.225019
9.99652E-05 9.99652E-05 9.99652E-05 0.967193 0.0324069 9.99652E-05
9.99651E-05 9.99651E-05 9.99651E-05 9.99651E-05 0.885392 0.114208
9.99648E-05 9.99648E-05 0.500901 0.498699 9.99648E-05 9.99648E-05
9.99646E-05 9.99646E-05 0.540601 0.458999 9.99646E-05 9.99646E-05
9.99736E-05 9.99736E-05 0.202741 0.196642 0.600317 9.99736E-05
9.996E-05 9.996E-05 9.996E-05 0.9995 9.996E-05 9.996E-05
9.99649E-05 9.99649E-05 9.99649E-05 0.532447 0.467153 9.99649E-05
0.155199 0.364113 0.0456004 0.0385197 0.141867 0.254701
0.0267369 0.281745 0.312824 9.99912E-05 0.139035 0.23956
9.99738E-05 9.99738E-05 9.99738E-05 0.313883 0.371869 0.313948
9.99738E-05 9.99738E-05 0.348883 9.99738E-05 0.480135 0.170682
0.0450778 0.852779 9.99738E-05 9.99738E-05 0.101843 9.99738E-05
0.114827 0.0561354 0.108909 0.719929 9.99823E-05 9.99823E-05
9.9965E-05 9.9965E-05 0.736457 9.9965E-05 0.263144 9.9965E-05
9.99824E-05 0.109371 0.335225 0.131004 9.99824E-05 0.4242
0.530557 9.9965E-05 0.469043 9.9965E-05 9.9965E-05 9.9965E-05
9.9965E-05 9.9965E-05 0.740974 9.9965E-05 9.9965E-05 0.258626
9.99912E-05 0.125924 0.211838 0.38146 0.0228054 0.257872
9.99648E-05 0.754888 9.99648E-05 9.99648E-05 0.244712 9.99648E-05
9.99648E-05 0.66692 9.99648E-05 9.99648E-05 0.33268 9.99648E-05
9.99647E-05 0.719195 9.99647E-05 9.99647E-05 0.280406 9.99647E-05
0.398514 9.99649E-05 9.99649E-05 9.99649E-05 0.601086 9.99649E-05
9.99735E-05 0.400471 9.99735E-05 0.170244 0.428985 9.99735E-05
9.99651E-05 9.99651E-05 9.99651E-05 9.99651E-05 0.719311 0.280289
0.438845 9.99823E-05 9.99823E-05 0.266959 0.252197 0.0417995
9.99735E-05 0.35706 9.99735E-05 0.132071 0.51057 9.99735E-05
9.99651E-05 9.99651E-05 0.982326 9.99651E-05 9.99651E-05 0.0172742
9.9965E-05 9.9965E-05 0.733918 9.9965E-05 9.9965E-05 0.265683
9.99736E-05 0.296918 9.99736E-05 0.464088 0.238694 9.99736E-05
9.996E-05 9.996E-05 9.996E-05 9.996E-05 9.996E-05 0.9995
9.996E-05 0.9995 9.996E-05 9.996E-05 9.996E-05 9.996E-05
9.99648E-05 9.99648E-05 9.99648E-05 9.99648E-05 0.687219 0.312381
9.99823E-05 9.99823E-05 0.172724 0.0703207 0.207579 0.549176
0.367088 9.99826E-05 0.405477 9.99826E-05 0.12216 0.105075
9.9965E-05 0.924687 9.9965E-05 0.074913 9.9965E-05 9.9965E-05
9.99824E-05 0.100494 0.502211 0.100312 9.99824E-05 0.296782
0.603974 0.395626 9.99647E-05 9.99647E-05 9.99647E-05 9.99647E-05
0.764793 9.99737E-05 0.0409781 9.99737E-05 9.99737E-05 0.193929
9.99737E-05 9.99737E-05 0.811522 0.108804 0.0793746 9.99737E-05
9.99648E-05 9.99648E-05 9.99648E-05 9.99648E-05 0.141994 0.857606
0.206419 9.99648E-05 9.99648E-05 9.99648E-05 0.793181 9.99648E-05
0.15237 9.99823E-05 0.32 9.99823E-05 0.503142 0.0242879
9.99734E-05 9.99734E-05 9.99734E-05 0.548072 0.115071 0.336557
0.232686 9.99738E-05 0.371635 9.99738E-05 0.395379 9.99738E-05
9.99736E-05 0.407903 0.278188 0.313609 9.99736E-05 9.99736E-05
9.9965E-05 9.9965E-05 9.9965E-05 0.373661 9.9965E-05 0.62594
0.0147074 9.99737E-05 9.99737E-05 0.508902 0.47609 9.99737E-05
9.99737E-05 0.813905 9.99737E-05 9.99737E-05 0.162914 0.0228811
9.99738E-05 9.99738E-05 0.165617 9.99738E-05 0.364906 0.469178
9.99736E-05 0.267208 0.655187 0.0773046 9.99736E-05 9.99736E-05
9.99825E-05 0.0777187 0.454245 0.103389 9.99825E-05 0.364448
0.18483 0.248855 9.99738E-05 9.99738E-05 9.99738E-05 0.566015
9.99647E-05 9.99647E-05 0.930894 0.0687062 9.99647E-05 9.99647E-05
0.567971 9.99647E-05 0.431629 9.99647E-05 9.99647E-05 9.99647E-05
9.99736E-05 0.336612 0.207117 9.99736E-05 0.455971 9.99736E-05
9.99737E-05 9.99737E-05 0.254319 0.58956 0.15582 9.99737E-05
9.99648E-05 9.99648E-05 0.596068 9.99648E-05 0.403532 9.99648E-05
9.99651E-05 9.99651E-05 0.85904 9.99651E-05 0.14056 9.99651E-05
9.99652E-05 9.99652E-05 0.0137042 9.99652E-05 0.985896 9.99652E-05
9.99826E-05 9.99826E-05 0.0270196 0.73376 0.173742 0.0652788
9.99736E-05 0.00378673 0.642522 0.353392 9.99736E-05 9.99736E-05
