0.159576 0.375045 9.99825E-05 9.99825E-05 0.457435 0.00774492
9.996E-05 0.9995 9.996E-05 9.996E-05 9.996E-05 9.996E-05
0.48198 0.213245 9.99736E-05 0.304475 9.99736E-05 9.99736E-05
9.99736E-05 0.296116 9.99736E-05 0.391141 9.99736E-05 0.312443
0.201567 0.103633 0.18748 9.99912E-05 0.147694 0.359526
9.99823E-05 9.99823E-05 0.164571 0.405075 0.145058 0.285096
0.301676 9.99824E-05 0.252041 0.0480792 0.398004 9.99824E-05
9.996E-05 9.996E-05 9.996E-05 9.996E-05 0.9995 9.996E-05
0.550926 0.271707 9.99824E-05 0.0639853 9.99824E-05 0.113181
0.179513 9.99647E-05 9.99647E-05 0.820088 9.99647E-05 9.99647E-05
9.99824E-05 0.435542 0.0533294 0.113081 0.397847 9.99824E-05
9.99648E-05 9.99648E-05 9.99648E-05 0.461643 0.537958 9.99648E-05
9.99735E-05 9.99735E-05 0.424338 0.283871 0.291491 9.99735E-05
0.115723 0.224107 9.99824E-05 0.0529846 0.606985 9.99824E-05
0.444988 0.336591 9.99736E-05 9.99736E-05 9.99736E-05 0.218122
9.99737E-05 9.99737E-05 0.604115 0.0757181 0.319867 9.99737E-05
0.668179 0.0416685 0.0924419 0.197511 9.99824E-05 9.99824E-05
0.627676 9.99825E-05 0.217478 0.0866931 0.0679536 9.99825E-05
0.271474 9.99738E-05 0.606805 9.99738E-05 0.121421 9.99738E-05
0.400596 9.99824E-05 0.0539808 9.99824E-05 0.29063 0.254594
9.99737E-05 9.99737E-05 0.182332 0.229158 0.58821 9.99737E-05
0.637179 0.13364 9.99824E-05 9.99824E-05 0.161428 0.0675533
0.372043 9.99739E-05 0.33747 9.99739E-05 0.290187 9.99739E-05
0.746988 0.135801 9.99737E-05 0.116911 9.99737E-05 9.99737E-05
9.99825E-05 0.00393598 0.18844 0.349266 0.458158 9.99825E-05
0.499112 9.99737E-05 9.99737E-05 9.99737E-05 0.403163 0.0974256
9.99824E-05 0.539592 0.0733576 0.119005 0.267846 9.99824E-05
0.787301 9.99648E-05 9.99648E-05 9.99648E-05 0.2123 9.99648E-05
0.294075 9.99738E-05 9.99738E-05 0.305956 0.399669 9.99738E-05
0.697864 0.250626 0.05121 9.99738E-05 9.99738E-05 9.99738E-05
9.99736E-05 0.225649 9.99736E-05 0.226759 0.547292 9.99736E-05
0.29925 9.99738E-05 9.99738E-05 0.656535 0.0439149 9.99738E-05
9.99825E-05 0.0761952 0.424031 9.99825E-05 0.213955 0.285619
9.99825E-05 0.322155 0.65008 0.00838273 0.0191827 9.99825E-05
0.252285 9.99649E-05 0.747315 9.99649E-05 9.99649E-05 9.99649E-05
0.272598 9.99734E-05 0.420617 9.99734E-05 0.306485 9.99734E-05
0.491717 0.0722455 0.422599 0.013239 9.99824E-05 9.99824E-05
9.99824E-05 0.32186 9.99824E-05 0.0335058 0.565464 0.0789701
0.332056 9.99736E-05 9.99736E-05 0.384517 0.283127 9.99736E-05
9.99825E-05 0.251545 0.198979 9.99825E-05 0.20224 0.347036
9.996E-05 0.9995 9.996E-05 9.996E-05 9.996E-05 9.996E-05
0.205768 0.131436 9.99825E-05 9.99825E-05 0.571103 0.0914927
0.0169182 9.99912E-05 0.102766 0.676056 0.109454 0.094706
9.996E-05 9.996E-05 9.996E-05 9.996E-05 0.9995 9.996E-05
0.178076 0.357919 9.99736E-05 0.463705 9.99736E-05 9.99736E-05
9.99736E-05 0.302444 0.279615 9.99736E-05 0.41764 9.99736E-05
9.99735E-05 9.99735E-05 0.524876 9.99735E-05 0.0811165 0.393708
9.99652E-05 0.506465 9.99652E-05 9.99652E-05 0.493135 9.99652E-05
0.437091 0.391729 9.99736E-05 9.99736E-05 9.99736E-05 0.170881
0.184129 0.470071 0.0762401 9.99824E-05 9.99824E-05 0.269361
0.60104 9.99648E-05 9.99648E-05 9.99648E-05 9.99648E-05 0.39856
9.99737E-05 9.99737E-05 0.0285505 9.99737E-05 0.706887 0.264263
0.083057 9.99647E-05 9.99647E-05 9.99647E-05 0.916543 9.99647E-05
9.99736E-05 0.384443 9.99736E-05 9.99736E-05 0.598137 0.0171203
0.263648 0.130803 0.474971 0.130378 9.99824E-05 9.99824E-05
9.99739E-05 9.99739E-05 0.295481 0.543936 9.99739E-05 0.160283
0.385455 9.99826E-05 0.164717 9.99826E-05 0.150224 0.299404
9.99912E-05 0.10465 0.0833126 0.228463 0.0809652 0.502509
9.99824E-05 0.473328 0.429719 0.00390553 0.0928475 9.99824E-05
0.148578 9.99735E-05 0.378807 9.99735E-05 0.472315 9.99735E-05
9.99648E-05 9.99648E-05 9.99648E-05 0.436411 0.563189 9.99648E-05
9.99649E-05 9.99649E-05 9.99649E-05 9.99649E-05 0.736394 0.263206
9.99912E-05 0.135502 0.265317 0.225992 0.0354585 0.33763
0.514391 0.207447 9.99736E-05 9.99736E-05 9.99736E-05 0.277863
9.99648E-05 9.99648E-05 9.99648E-05 0.667672 0.331928 9.99648E-05
0.628507 9.99735E-05 0.344479 9.99735E-05 9.99735E-05 0.0267141
9.99736E-05 0.4768 9.99736E-05 9.99736E-05 0.0982566 0.424643
9.9965E-05 9.9965E-05 0.138281 9.9965E-05 0.861319 9.9965E-05
0.394463 0.124175 0.249809 9.99824E-05 0.231354 9.99824E-05
9.99911E-05 0.0067409 0.451588 0.258663 0.156919 0.12599
0.493867 9.99826E-05 0.0921907 0.260993 9.99826E-05 0.152749
0.537594 9.99738E-05 0.360243 9.99738E-05 0.101863 9.99738E-05
9.99736E-05 0.0987227 9.99736E-05 9.99736E-05 0.31593 0.585048
9.99738E-05 9.99738E-05 0.400616 0.513646 9.99738E-05 0.0854387
0.159372 0.488035 9.99823E-05 0.0674968 9.99823E-05 0.284897
9.99737E-05 9.99737E-05 0.0763311 0.200218 0.723151 9.99737E-05
9.99737E-05 0.262509 0.141911 9.99737E-05 0.595281 9.99737E-05
9.99735E-05 0.25896 9.99735E-05 0.0602318 0.680508 9.99735E-05
9.99825E-05 0.166072 0.105777 9.99825E-05 0.648544 0.0794077
0.15938 9.99739E-05 0.262541 0.577779 9.99739E-05 9.99739E-05
0.582265 9.99736E-05 0.23025 0.187186 9.99736E-05 9.99736E-05
9.99651E-05 9.99651E-05 0.902247 9.99651E-05 9.99651E-05 0.0973531
9.99736E-05 9.99736E-05 9.99736E-05 0.0743404 0.533868 0.391492
0.9995 9.996E-05 9.996E-05 9.996E-05 9.996E-05 9.996E-05
9.99738E-05 0.0806803 0.202162 0.716858 9.99738E-05 9.99738E-05
0.496117 0.139332 0.0480944 9.99912E-05 0.291398 0.024959
9.99738E-05 0.376885 0.352117 9.99738E-05 9.99738E-05 0.270698
0.317166 0.391662 9.99737E-05 9.99737E-05 0.290873 9.99737E-05
0.434054 0.565547 9.99649E-05 9.99649E-05 9.99649E-05 9.99649E-05
0.204508 0.243079 0.24428 9.99824E-05 0.307934 9.99824E-05
0.418058 9.99824E-05 0.11838 9.99824E-05 0.18436 0.279003
9.99651E-05 9.99651E-05 0.846657 9.99651E-05 9.99651E-05 0.152943
9.99736E-05 9.99736E-05 0.526251 0.415048 9.99736E-05 0.0584013
0.293666 9.99912E-05 0.234035 0.326891 0.0782478 0.0670602
0.15291 0.0340499 0.528725 9.99825E-05 0.284115 9.99825E-05
0.0410677 9.99912E-05 0.25485 0.345818 0.267389 0.0907757
0.105651 9.99825E-05 0.411945 9.99825E-05 0.472262 0.00994319
0.301531 0.143617 9.99824E-05 0.290981 9.99824E-05 0.263671
0.655896 9.99653E-05 9.99653E-05 9.99653E-05 9.99653E-05 0.343704
0.0820953 0.311772 0.285124 9.99825E-05 0.320809 9.99825E-05
0.9995 9.996E-05 9.996E-05 9.996E-05 9.996E-05 9.996E-05
9.99652E-05 0.714161 9.99652E-05 9.99652E-05 0.285439 9.99652E-05
9.99736E-05 9.99736E-05 0.297881 9.99736E-05 0.483702 0.218117
0.0750308 0.21628 0.0460569 0.370033 0.292499 9.99912E-05
9.99824E-05 0.00120893 0.292282 0.0999698 0.606339 9.99824E-05
0.0918674 0.0444144 0.768655 9.99824E-05 0.0948633 9.99824E-05
0.114275 9.99647E-05 9.99647E-05 9.99647E-05 9.99647E-05 0.885325
0.1569 0.0128103 0.0502727 9.99825E-05 0.779817 9.99825E-05
9.99824E-05 0.103218 9.99824E-05 0.395959 0.299356 0.201267
0.235787 0.271944 0.491969 9.99738E-05 9.99738E-05 9.99738E-05
9.9965E-05 9.9965E-05 0.448948 9.9965E-05 0.550652 9.9965E-05
9.99736E-05 9.99736E-05 0.03564 0.366521 9.99736E-05 0.597539
0.155885 0.24219 9.99738E-05 0.601625 9.99738E-05 9.99738E-05
0.168743 0.314717 9.99736E-05 9.99736E-05 0.51624 9.99736E-05
9.99737E-05 0.964246 9.99737E-05 0.00460379 0.0308501 9.99737E-05
9.9965E-05 9.9965E-05 9.9965E-05 0.673099 9.9965E-05 0.326501
0.836614 9.99738E-05 9.99738E-05 0.145133 0.0179531 9.99738E-05
0.455551 0.297348 0.0151964 0.2117 9.99912E-05 0.0201052
9.99824E-05 0.688127 9.99824E-05 0.107663 0.0379286 0.166081
9.9974E-05 0.524624 0.118109 9.9974E-05 9.9974E-05 0.356967
0.190538 0.744351 0.0648109 9.99737E-05 9.99737E-05 9.99737E-05
9.99912E-05 0.581828 0.102014 0.14314 0.128834 0.0440842
0.219214 9.99735E-05 9.99735E-05 9.99735E-05 0.550553 0.229934
0.311683 0.157837 0.5167 9.99823E-05 0.0135794 9.99823E-05
0.104437 0.754595 0.126763 9.99824E-05 0.0140045 9.99824E-05
9.99736E-05 9.99736E-05 0.00333607 0.157178 0.839186 9.99736E-05
0.0580165 9.99653E-05 9.99653E-05 0.941584 9.99653E-05 9.99653E-05
0.221613 0.358765 9.99825E-05 0.416093 9.99825E-05 0.00332892
9.99913E-05 0.293544 0.531224 0.0917865 0.061324 0.0220215
0.163407 9.99736E-05 0.469418 9.99736E-05 0.366874 9.99736E-05
0.184141 9.99824E-05 0.209037 0.168475 0.438147 9.99824E-05
9.99736E-05 9.99736E-05 0.0900139 0.391557 0.518129 9.99736E-05
9.99737E-05 0.184362 0.710398 9.99737E-05 0.10494 9.99737E-05
0.201369 0.34454 9.99823E-05 0.356477 0.0974143 9.99823E-05
9.99654E-05 0.263144 9.99654E-05 9.99654E-05 9.99654E-05 0.736456
9.99824E-05 0.340322 9.99824E-05 0.0357472 0.338893 0.284838
9.99651E-05 9.99651E-05 0.718872 0.280728 9.99651E-05 9.99651E-05
9.99736E-05 9.99736E-05 0.726518 0.0996993 0.173482 9.99736E-05
0.47628 9.99738E-05 9.99738E-05 0.23501 9.99738E-05 0.28841
0.0885646 0.659121 9.99734E-05 9.99734E-05 0.252014 9.99734E-05
9.99737E-05 9.99737E-05 0.488384 0.269713 0.241603 9.99737E-05
9.9965E-05 9.9965E-05 9.9965E-05 9.9965E-05 0.957873 0.0417266
0.556169 9.99648E-05 9.99648E-05 9.99648E-05 0.443431 9.99648E-05
0.486469 9.99738E-05 0.16189 9.99738E-05 0.351341 9.99738E-05
0.268383 9.99912E-05 0.625903 0.0232653 0.00234485 0.0800036
0.330403 0.335673 0.082567 9.99826E-05 0.251157 9.99826E-05
0.0634006 0.647173 0.266601 9.99825E-05 9.99825E-05 0.0226254
0.517435 0.138927 9.99825E-05 0.0653604 0.278078 9.99825E-05
0.421955 9.99649E-05 9.99649E-05 0.577645 9.99649E-05 9.99649E-05
9.99736E-05 9.99736E-05 0.336401 9.99736E-05 0.173838 0.489461
9.99738E-05 0.202073 0.211593 9.99738E-05 9.99738E-05 0.586033
0.486956 0.154135 9.99824E-05 0.33931 9.99824E-05 0.0193984
9.99649E-05 9.99649E-05 0.468153 9.99649E-05 9.99649E-05 0.531448
9.99648E-05 9.99648E-05 0.687782 9.99648E-05 9.99648E-05 0.311819
0.0129933 0.145838 0.244415 0.401359 0.190775 0.00461862
9.99648E-05 0.73828 9.99648E-05 9.99648E-05 9.99648E-05 0.26132
9.9965E-05 9.9965E-05 9.9965E-05 9.9965E-05 0.92535 0.0742499
0.040847 9.99739E-05 0.818159 9.99739E-05 9.99739E-05 0.140694
0.101612 0.411953 0.108011 0.378225 9.99825E-05 9.99825E-05
0.297848 9.99649E-05 9.99649E-05 0.701752 9.99649E-05 9.99649E-05
0.259643 0.0939231 0.0188062 9.99912E-05 0.591409 0.0361188
9.99824E-05 0.33144 0.0770153 0.365169 9.99824E-05 0.226176
0.265611 9.99912E-05 0.130015 0.348044 0.0836201 0.17261
0.135139 0.805474 9.99736E-05 9.99736E-05 0.0590874 9.99736E-05
0.012325 0.0188449 0.681017 0.142125 9.99912E-05 0.145587
0.340161 9.99737E-05 9.99737E-05 0.442393 0.217146 9.99737E-05
0.0732388 9.99737E-05 9.99737E-05 0.77617 0.150292 9.99737E-05
9.99737E-05 0.414825 0.512332 9.99737E-05 0.0725424 9.99737E-05
0.409379 9.99647E-05 9.99647E-05 0.590221 9.99647E-05 9.99647E-05
9.99735E-05 9.99735E-05 0.0129541 0.11794 0.868806 9.99735E-05
9.99651E-05 0.909525 9.99651E-05 9.99651E-05 0.0900751 9.99651E-05
9.9965E-05 9.9965E-05 9.9965E-05 0.940963 0.0586368 9.9965E-05
9.99648E-05 9.99648E-05 0.582401 9.99648E-05 0.4172 9.99648E-05
9.99735E-05 9.99735E-05 0.640171 0.0110296 0.348499 9.99735E-05
9.99736E-05 0.490703 0.26174 9.99736E-05 0.247258 9.99736E-05
0.426235 0.2847 0.0925401 9.99823E-05 0.196324 9.99823E-05
0.816283 0.130366 9.99737E-05 9.99737E-05 0.0530516 9.99737E-05
0.314056 9.99738E-05 9.99738E-05 0.188083 0.497562 9.99738E-05
9.99825E-05 9.99825E-05 0.356572 0.127596 0.0208619 0.49477
9.99825E-05 0.382908 0.156501 9.99825E-05 0.315798 0.144593
9.99734E-05 0.438764 9.99734E-05 0.0953383 9.99734E-05 0.465597
9.99823E-05 0.261969 0.306211 0.209787 0.221833 9.99823E-05
9.99735E-05 0.465594 9.99735E-05 0.312716 0.221391 9.99735E-05
0.412365 9.99824E-05 9.99824E-05 0.360282 0.044892 0.182261
9.99824E-05 0.0771279 0.149794 9.99824E-05 0.673202 0.0996767
9.99736E-05 0.00064316 0.837044 0.162013 9.99736E-05 9.99736E-05
9.99823E-05 0.464139 0.42898 9.99823E-05 0.104764 0.00191717
9.99736E-05 9.99736E-05 9.99736E-05 0.252667 0.557994 0.189039
0.235411 9.99738E-05 0.402453 9.99738E-05 9.99738E-05 0.361836
9.99646E-05 9.99646E-05 0.278379 0.721221 9.99646E-05 9.99646E-05
9.99735E-05 0.639999 0.116682 9.99735E-05 9.99735E-05 0.243019
0.0464433 0.631628 0.321629 9.99736E-05 9.99736E-05 9.99736E-05
0.421987 9.9965E-05 9.9965E-05 9.9965E-05 0.577613 9.9965E-05
0.30294 9.99912E-05 0.41055 0.0482087 0.222915 0.0152862
0.478458 9.99734E-05 0.28621 9.99734E-05 0.235032 9.99734E-05
0.210777 9.99736E-05 9.99736E-05 0.479005 9.99736E-05 0.309918
0.95991 9.99647E-05 9.99647E-05 9.99647E-05 0.03969 9.99647E-05
0.150291 0.476828 9.99734E-05 0.372581 9.99734E-05 9.99734E-05
9.99739E-05 9.99739E-05 9.99739E-05 0.786933 0.118365 0.0944025
0.0408359 0.471205 9.99825E-05 0.438008 0.0497517 9.99825E-05
0.0569773 9.99737E-05 9.99737E-05 9.99737E-05 0.0643755 0.878347
0.504832 0.205914 0.120261 0.140432 0.0284608 9.99912E-05
0.0922182 0.352033 0.0107973 0.0434573 0.385046 0.116448
9.99823E-05 9.99823E-05 0.146055 0.149308 0.155262 0.549175
0.721443 0.120448 9.99824E-05 0.132596 9.99824E-05 0.0253135
0.194445 9.99824E-05 9.99824E-05 0.333011 0.0739152 0.398429
9.99738E-05 9.99738E-05 0.0640103 0.0759498 0.85974 9.99738E-05
9.99647E-05 0.267639 9.99647E-05 9.99647E-05 0.731962 9.99647E-05
9.99735E-05 0.157745 9.99735E-05 0.381789 9.99735E-05 0.460166
0.0168843 0.0395581 9.99737E-05 9.99737E-05 0.943258 9.99737E-05
0.164167 9.99738E-05 0.709359 9.99738E-05 0.126174 9.99738E-05
0.562512 0.390764 0.0464233 9.99734E-05 9.99734E-05 9.99734E-05
0.0768195 0.164581 0.489791 9.99912E-05 0.139341 0.129367
9.99825E-05 0.714948 0.0919488 0.047313 0.14559 9.99825E-05
9.99823E-05 0.0013744 0.279614 9.99823E-05 0.249644 0.469169
9.99825E-05 0.0337712 9.99825E-05 0.0653208 0.706638 0.19407
9.99736E-05 9.99736E-05 9.99736E-05 0.565511 0.0817628 0.352426
9.99648E-05 0.678582 9.99648E-05 9.99648E-05 9.99648E-05 0.321018
0.242732 9.99735E-05 0.67979 9.99735E-05 9.99735E-05 0.0771773
0.592598 0.049565 0.357537 9.99736E-05 9.99736E-05 9.99736E-05
9.99738E-05 0.552599 0.210012 0.237089 9.99738E-05 9.99738E-05
9.99738E-05 0.290439 0.277699 0.431562 9.99738E-05 9.99738E-05
9.99649E-05 0.802035 9.99649E-05 9.99649E-05 9.99649E-05 0.197565
0.148227 0.153858 0.41165 9.99912E-05 0.175706 0.11046
0.268572 0.299454 0.218536 9.99823E-05 9.99823E-05 0.213238
9.99735E-05 0.278091 0.38263 0.33898 9.99735E-05 9.99735E-05
9.99648E-05 9.99648E-05 9.99648E-05 9.99648E-05 0.68134 0.31826
9.99823E-05 0.0869004 0.531755 9.99823E-05 0.157972 0.223173
9.99737E-05 0.706531 9.99737E-05 0.138553 9.99737E-05 0.154616
0.468338 9.99824E-05 0.334957 9.99824E-05 0.0700451 0.126459
9.99913E-05 0.360505 0.100648 0.0754297 0.141348 0.321969
0.291782 9.99913E-05 0.0289537 0.191755 0.283131 0.204277
0.538981 0.239083 0.221636 9.99736E-05 9.99736E-05 9.99736E-05
0.0567766 0.20243 9.99824E-05 0.227759 9.99824E-05 0.512834
0.0521246 9.99824E-05 0.28957 0.0613176 0.596788 9.99824E-05
0.033365 0.276266 9.99824E-05 0.193273 0.496896 9.99824E-05
9.99736E-05 0.0370501 0.83845 9.99736E-05 9.99736E-05 0.1242
9.99826E-05 0.451983 0.103174 0.00879758 0.435845 9.99826E-05
9.99826E-05 0.424501 0.00462208 0.251735 0.318941 9.99826E-05
0.150439 9.99825E-05 0.334842 9.99825E-05 0.325928 0.188591
0.20392 0.409317 0.178543 9.99912E-05 0.0412171 0.166904
9.99735E-05 0.436179 0.352303 0.211218 9.99735E-05 9.99735E-05
0.210139 9.99827E-05 0.207061 9.99827E-05 0.187327 0.395273
9.99735E-05 0.032123 9.99735E-05 0.198777 0.7688 9.99735E-05
9.99648E-05 9.99648E-05 9.99648E-05 0.940519 9.99648E-05 0.0590814
0.403044 9.99739E-05 0.506613 0.0900434 9.99739E-05 9.99739E-05
9.99822E-05 0.306729 0.0644958 0.339995 0.28858 9.99822E-05
0.53626 0.220238 0.137497 0.0687234 0.0371817 9.99912E-05
0.0114875 0.33412 0.127802 0.52639 9.99824E-05 9.99824E-05
0.103496 9.99824E-05 0.326156 0.556658 0.0134911 9.99824E-05
9.99737E-05 9.99737E-05 0.0796774 0.436983 9.99737E-05 0.483039
0.05467 0.0434955 9.99912E-05 0.12817 0.3519 0.421665
0.229662 0.619029 0.15101 9.99736E-05 9.99736E-05 9.99736E-05
9.99651E-05 9.99651E-05 9.99651E-05 9.99651E-05 0.490692 0.508908
9.99737E-05 0.38179 9.99737E-05 0.382508 9.99737E-05 0.235402
9.99651E-05 0.74747 9.99651E-05 0.25213 9.99651E-05 9.99651E-05
9.996E-05 9.996E-05 0.9995 9.996E-05 9.996E-05 9.996E-05
0.119222 9.99824E-05 0.606952 0.167583 0.106043 9.99824E-05
9.99737E-05 0.335674 0.522918 0.141109 9.99737E-05 9.99737E-05
0.0178735 9.99912E-05 0.117954 0.45298 0.211962 0.19913
0.797065 0.0570099 0.145625 9.99739E-05 9.99739E-05 9.99739E-05
