0.00407188 9.99912E-05 0.526138 0.469691
0.00478589 0.151599 0.570641 0.272974
9.998E-05 9.998E-05 9.998E-05 0.9997
0.144084 0.0730919 0.782724 9.99913E-05
0.218872 0.24255 0.280182 0.258395
0.155639 9.99825E-05 9.99825E-05 0.844161
0.538964 0.132835 9.99912E-05 0.328101
0.35918 0.0562147 0.152087 0.432518
0.880287 9.99826E-05 9.99826E-05 0.119513
9.99825E-05 9.99825E-05 0.86517 0.13463
0.9997 9.998E-05 9.998E-05 9.998E-05
0.274967 0.335064 0.389869 9.99912E-05
0.0887259 0.737529 0.0948555 0.0788896
0.813681 9.99824E-05 9.99824E-05 0.186119
9.998E-05 9.998E-05 0.9997 9.998E-05
9.99913E-05 0.0947919 0.780857 0.124251
0.00427646 0.465238 0.456424 0.0740617
0.72675 0.0327551 0.240395 9.99913E-05
0.0430789 9.99912E-05 0.0540764 0.902745
0.514815 0.0931745 9.99912E-05 0.391911
0.692132 0.110923 0.196845 9.99912E-05
0.180337 0.255775 9.99912E-05 0.563788
0.847829 9.99826E-05 0.151972 9.99826E-05
0.0759276 9.99913E-05 0.71879 0.205182
0.634529 9.99823E-05 0.365271 9.99823E-05
9.998E-05 9.998E-05 0.9997 9.998E-05
0.194076 9.99826E-05 0.805724 9.99826E-05
0.266736 0.396439 0.336725 9.99912E-05
0.994432 0.00536754 9.99825E-05 9.99825E-05
0.137117 0.179988 0.555704 0.127192
0.9997 9.998E-05 9.998E-05 9.998E-05
9.99826E-05 9.99826E-05 0.00700112 0.992799
0.55741 0.310873 9.99913E-05 0.131616
0.890302 0.0879389 9.99913E-05 0.0216594
9.99912E-05 0.62292 0.0883085 0.288671
0.234452 0.300958 0.441195 0.0233953
0.502509 9.99825E-05 9.99825E-05 0.497291
9.99825E-05 0.248006 0.751794 9.99825E-05
0.194912 0.804888 9.99824E-05 9.99824E-05
0.495753 9.99826E-05 0.504047 9.99826E-05
0.00219207 0.474475 9.99912E-05 0.523233
0.868678 9.99913E-05 0.0156734 0.115548
0.622195 9.99824E-05 9.99824E-05 0.377605
0.408215 0.246203 0.345482 9.99912E-05
9.99825E-05 0.827335 0.172465 9.99825E-05
9.99912E-05 0.0822753 0.236565 0.68106
0.863162 9.99823E-05 9.99823E-05 0.136638
9.99912E-05 0.718964 0.0559588 0.224978
0.993163 9.99825E-05 9.99825E-05 0.00663732
9.99823E-05 0.38429 9.99823E-05 0.61551
9.99825E-05 9.99825E-05 0.294634 0.705166
0.503119 9.99913E-05 0.44271 0.054071
0.169136 9.99913E-05 0.343171 0.487593
0.20162 0.0626881 0.735592 9.99912E-05
0.449077 0.185182 0.362292 0.00345018
9.99824E-05 0.103975 0.895825 9.99824E-05
0.202727 9.99913E-05 0.760102 0.0370703
9.99913E-05 0.262333 0.635058 0.102509
9.998E-05 9.998E-05 9.998E-05 0.9997
9.99823E-05 0.666632 0.333168 9.99823E-05
0.268396 9.99824E-05 0.731404 9.99824E-05
9.99825E-05 0.116271 0.883529 9.99825E-05
0.429926 0.569874 9.99824E-05 9.99824E-05
0.301224 9.99912E-05 0.678859 0.019818
0.0745616 0.0647089 0.574476 0.286254
9.99912E-05 0.355923 0.30905 0.334927
9.99912E-05 0.0189345 0.363671 0.617295
9.99913E-05 0.00645535 0.435791 0.557654
0.932537 9.99824E-05 9.99824E-05 0.0672635
0.0375768 0.121279 0.223785 0.617359
0.320897 9.99912E-05 0.249273 0.42973
9.99912E-05 0.464371 0.272208 0.263321
9.99824E-05 0.244141 0.75566 9.99824E-05
0.165302 9.99825E-05 9.99825E-05 0.834498
9.99913E-05 0.313842 0.54661 0.139448
0.260018 0.340369 0.399513 9.99912E-05
0.114508 0.228422 0.122123 0.534947
0.688101 0.226144 9.99912E-05 0.085655
0.380546 0.619254 9.99824E-05 9.99824E-05
0.860675 0.139125 9.99825E-05 9.99825E-05
9.99913E-05 0.166775 0.404102 0.429023
9.99826E-05 0.376654 9.99826E-05 0.623146
0.348253 0.191722 0.459925 9.99913E-05
0.402411 0.328572 0.268917 9.99912E-05
0.118737 0.745599 0.135564 9.99912E-05
9.99912E-05 0.0556005 0.625179 0.319121
9.99912E-05 0.118121 0.505114 0.376665
9.99912E-05 0.590214 0.263058 0.146628
0.777342 0.222458 9.99826E-05 9.99826E-05
0.483179 0.516621 9.99825E-05 9.99825E-05
0.17949 0.50443 0.31598 9.99912E-05
9.99824E-05 0.352254 9.99824E-05 0.647546
0.157449 0.376591 9.99912E-05 0.465859
0.304819 0.264846 0.29419 0.136145
0.376863 9.99912E-05 0.349248 0.273789
9.99913E-05 0.590062 0.0417069 0.368131
0.9997 9.998E-05 9.998E-05 9.998E-05
9.99912E-05 0.504259 0.43801 0.0576302
9.99912E-05 0.685895 0.26441 0.0495951
0.605632 0.0649956 0.329272 9.99912E-05
0.144737 9.99824E-05 0.855063 9.99824E-05
0.26993 0.0434344 0.625775 0.0608604
0.255074 9.99824E-05 0.744726 9.99824E-05
0.0700153 0.929785 9.99825E-05 9.99825E-05
0.968719 0.0310812 9.99824E-05 9.99824E-05
0.689014 0.310786 9.99826E-05 9.99826E-05
0.908208 0.0915919 9.99824E-05 9.99824E-05
0.655844 0.156481 0.122476 0.0651986
0.998226 9.99824E-05 9.99824E-05 0.00157392
0.604011 0.0606627 9.99913E-05 0.335226
0.476161 0.079972 0.425357 0.0185101
0.0153999 0.162041 0.411593 0.410966
0.9997 9.998E-05 9.998E-05 9.998E-05
0.9997 9.998E-05 9.998E-05 9.998E-05
9.99826E-05 0.363623 0.636177 9.99826E-05
0.0367238 9.99824E-05 9.99824E-05 0.963076
9.99912E-05 0.0454236 0.605199 0.349277
0.160669 0.0797397 0.759491 9.99913E-05
0.398072 0.107715 0.494113 9.99912E-05
0.359732 9.99824E-05 0.640068 9.99824E-05
0.155527 0.0190673 0.794053 0.0313529
0.1749 0.636899 0.109996 0.0782054
0.78336 0.134459 0.0508546 0.0313259
0.738338 9.99913E-05 0.199098 0.062464
9.99827E-05 0.338996 9.99827E-05 0.660804
9.998E-05 9.998E-05 0.9997 9.998E-05
0.895072 9.99824E-05 9.99824E-05 0.104729
9.99912E-05 0.464741 0.531094 0.00406529
0.447164 0.373419 0.179317 9.99913E-05
0.6291 0.3707 9.99823E-05 9.99823E-05
9.99824E-05 0.63539 9.99824E-05 0.364411
0.332474 0.328299 0.0235965 0.31563
9.99912E-05 0.384275 0.561775 0.0538498
0.189781 0.810019 9.99825E-05 9.99825E-05
0.100941 0.2695 0.629459 9.99913E-05
0.460019 9.99826E-05 9.99826E-05 0.539781
0.86534 9.99824E-05 9.99824E-05 0.13446
0.449404 0.349844 9.99912E-05 0.200652
0.803943 9.99823E-05 0.195857 9.99823E-05
0.848895 0.0131965 0.137809 9.99912E-05
0.504703 0.0684925 0.0959129 0.330892
0.538294 0.461506 9.99825E-05 9.99825E-05
0.708246 9.99824E-05 9.99824E-05 0.291554
0.956059 0.0437408 9.99823E-05 9.99823E-05
9.99913E-05 0.233881 0.235472 0.530547
0.9997 9.998E-05 9.998E-05 9.998E-05
0.741014 0.258786 9.99825E-05 9.99825E-05
0.486487 0.0868723 0.34684 0.0798001
0.951485 9.99824E-05 0.048315 9.99824E-05
9.99912E-05 0.2894 0.394836 0.315664
0.703884 9.99826E-05 0.295916 9.99826E-05
0.543141 0.456659 9.99824E-05 9.99824E-05
0.434346 0.225013 9.99912E-05 0.340541
9.99826E-05 9.99826E-05 0.588135 0.411665
0.39295 9.99912E-05 0.311866 0.295084
0.787013 0.158233 9.99912E-05 0.0546539
0.0693347 9.99913E-05 0.626533 0.304032
9.99826E-05 0.363787 0.636013 9.99826E-05
0.231383 0.0187701 0.564567 0.185279
0.318605 0.0927833 0.588511 9.99912E-05
9.99824E-05 0.627926 0.371874 9.99824E-05
0.321933 9.99912E-05 0.268066 0.409901
9.998E-05 0.9997 9.998E-05 9.998E-05
0.58094 0.25879 9.99912E-05 0.16017
0.120429 0.879371 9.99825E-05 9.99825E-05
9.99911E-05 0.28005 0.638102 0.0817479
9.99826E-05 0.691748 9.99826E-05 0.308052
0.275495 9.99912E-05 0.500481 0.223924
0.38938 9.99912E-05 0.222136 0.388384
9.99913E-05 0.0574832 0.0867584 0.855658
0.125783 9.99825E-05 0.874017 9.99825E-05
0.548922 0.0627555 0.388222 9.99912E-05
9.99824E-05 0.221631 9.99824E-05 0.77817
0.131373 0.11431 0.687471 0.0668461
0.396845 0.297712 0.154605 0.150838
9.99912E-05 0.0125168 0.979533 0.00785017
0.24164 0.227918 0.463449 0.0669925
0.236044 0.0918374 0.672019 9.99912E-05
0.321631 0.678169 9.99824E-05 9.99824E-05
0.759769 9.99824E-05 0.240031 9.99824E-05
0.345798 0.638844 9.99911E-05 0.0152587
0.789813 9.99826E-05 0.209987 9.99826E-05
0.715939 9.99824E-05 0.283861 9.99824E-05
0.224122 0.496265 0.279513 9.99912E-05
0.520255 0.323661 0.155984 9.99912E-05
9.99824E-05 9.99824E-05 0.962047 0.0377533
0.854475 9.99824E-05 0.145325 9.99824E-05
0.434207 0.467053 9.99913E-05 0.0986394
0.691968 0.307832 9.99826E-05 9.99826E-05
0.0115608 0.760009 9.99912E-05 0.22833
0.340595 0.0235873 9.99912E-05 0.635718
9.99912E-05 0.127484 0.796118 0.0762987
9.99827E-05 0.103506 0.896294 9.99827E-05
9.99823E-05 9.99823E-05 0.727568 0.272232
0.0223743 0.787241 9.99912E-05 0.190284
0.00139542 0.193499 0.805005 9.99912E-05
0.253222 9.99912E-05 0.0611044 0.685574
9.99912E-05 0.570551 0.221997 0.207352
9.99826E-05 9.99826E-05 0.590852 0.408948
0.13276 0.559647 0.0987933 0.208799
0.458255 0.156267 0.385379 9.99912E-05
0.448505 9.99912E-05 0.0291858 0.522209
0.470957 9.99912E-05 0.419101 0.109842
9.99824E-05 0.28159 0.71821 9.99824E-05
0.9997 9.998E-05 9.998E-05 9.998E-05
0.9997 9.998E-05 9.998E-05 9.998E-05
0.15722 0.317378 0.269224 0.256178
0.719583 9.99828E-05 9.99828E-05 0.280217
0.700181 0.13085 0.151338 0.017631
0.0308817 0.968918 9.99826E-05 9.99826E-05
9.99912E-05 0.41062 0.177219 0.41206
0.695191 9.99912E-05 0.196604 0.108104
0.590484 9.99912E-05 0.0379279 0.371488
0.0954609 0.353343 0.551096 9.99912E-05
0.30497 0.0713653 0.449709 0.173956
0.994585 9.99826E-05 9.99826E-05 0.00521477
0.286933 9.99913E-05 0.356226 0.356741
0.0949324 0.599544 0.305424 9.99912E-05
9.99824E-05 9.99824E-05 0.561815 0.437985
9.99912E-05 0.879605 0.043343 0.0769515
9.99914E-05 0.259914 0.599728 0.140257
9.99825E-05 0.407112 0.592688 9.99825E-05
0.465179 0.0859462 0.448775 9.99912E-05
0.576684 0.362954 9.99912E-05 0.0602624
9.998E-05 0.9997 9.998E-05 9.998E-05
0.122438 0.0624921 0.426225 0.388845
9.99912E-05 0.296284 0.0811146 0.622501
0.0354035 0.208013 0.409589 0.346995
0.32324 0.0441491 0.63251 9.99912E-05
9.99825E-05 0.400679 0.599121 9.99825E-05
9.99823E-05 0.996212 9.99823E-05 0.00358786
0.466405 9.99911E-05 0.329737 0.203759
0.00468494 0.362557 0.632659 9.99912E-05
9.99824E-05 9.99824E-05 0.770119 0.229681
0.107672 0.109709 9.99912E-05 0.782519
9.998E-05 9.998E-05 0.9997 9.998E-05
9.99823E-05 9.99823E-05 0.406932 0.592868
9.998E-05 0.9997 9.998E-05 9.998E-05
0.9997 9.998E-05 9.998E-05 9.998E-05
0.0791797 0.107535 0.813185 9.99912E-05
9.99825E-05 9.99825E-05 0.039743 0.960057
0.219636 0.351319 0.371934 0.0571117
0.434682 9.99913E-05 0.216791 0.348427
9.99826E-05 0.653375 9.99826E-05 0.346425
0.350184 0.649616 9.99825E-05 9.99825E-05
9.99825E-05 0.82232 0.17748 9.99825E-05
0.393312 0.606488 9.99825E-05 9.99825E-05
0.109223 9.99826E-05 9.99826E-05 0.890577
0.608254 9.99824E-05 0.391546 9.99824E-05
9.99825E-05 0.556639 0.443161 9.99825E-05
9.99912E-05 0.338335 0.444904 0.216661
0.329657 9.99823E-05 0.670143 9.99823E-05
0.143292 9.99912E-05 0.269219 0.587389
0.210564 0.174357 0.558982 0.0560974
0.289418 0.710382 9.99825E-05 9.99825E-05
0.267749 0.580071 9.99912E-05 0.15208
0.9997 9.998E-05 9.998E-05 9.998E-05
9.99913E-05 0.420866 0.544764 0.0342702
0.109548 9.99912E-05 0.523272 0.36708
0.119093 0.222361 0.658446 9.99912E-05
0.679138 0.0170765 9.99913E-05 0.303686
