9.99825E-05 0.208254 9.99825E-05 0.791546
0.000895349 0.777927 0.117651 0.103527
9.99826E-05 9.99826E-05 0.823306 0.176494
0.689451 0.298757 0.011692 9.99913E-05
0.667645 9.99825E-05 0.332155 9.99825E-05
0.529136 9.99823E-05 0.470664 9.99823E-05
0.107801 0.851165 0.0409339 9.99913E-05
0.26186 0.699211 0.0388289 9.99912E-05
0.00585824 9.99825E-05 9.99825E-05 0.993942
0.734035 9.99824E-05 9.99824E-05 0.265765
9.99913E-05 0.712976 0.245713 0.0412105
0.83944 9.99824E-05 9.99824E-05 0.16036
0.775084 0.224716 9.99825E-05 9.99825E-05
0.350156 9.99823E-05 9.99823E-05 0.649644
0.0108165 0.176292 0.0930678 0.719823
9.99825E-05 0.293724 9.99825E-05 0.706076
0.590288 0.270043 0.139569 9.99912E-05
9.99825E-05 0.945078 9.99825E-05 0.0547222
0.0286234 0.800209 0.171068 9.99912E-05
9.99913E-05 0.278142 0.167983 0.553775
0.486104 9.99823E-05 9.99823E-05 0.513697
0.116625 0.571287 0.311989 9.99912E-05
9.99824E-05 0.230006 9.99824E-05 0.769794
0.649134 0.00575411 0.345012 9.99913E-05
0.606989 0.392811 9.99827E-05 9.99827E-05
0.414967 0.367883 0.21705 9.99913E-05
9.99824E-05 0.233261 0.766539 9.99824E-05
0.433802 0.108998 0.4571 9.99912E-05
0.9997 9.998E-05 9.998E-05 9.998E-05
9.99913E-05 0.604521 0.0190345 0.376344
0.899594 0.100206 9.99824E-05 9.99824E-05
0.465959 9.99912E-05 0.473712 0.0602292
0.408495 0.591305 9.99824E-05 9.99824E-05
0.0483646 9.99913E-05 0.144549 0.806986
9.99824E-05 9.99824E-05 0.505437 0.494363
0.692165 9.99825E-05 0.307635 9.99825E-05
0.430367 0.387906 0.181626 9.99912E-05
0.00316125 0.303307 0.0969431 0.596589
0.214898 9.99824E-05 0.784902 9.99824E-05
9.998E-05 9.998E-05 0.9997 9.998E-05
9.99827E-05 0.747782 0.252018 9.99827E-05
9.998E-05 0.9997 9.998E-05 9.998E-05
0.812417 9.99824E-05 9.99824E-05 0.187383
0.244363 9.99912E-05 0.398252 0.357284
0.360234 9.99912E-05 0.458224 0.181442
9.99825E-05 0.396083 0.603717 9.99825E-05
0.112303 9.99823E-05 9.99823E-05 0.887498
0.133444 0.0624995 0.51729 0.286767
9.99826E-05 9.99826E-05 0.0104892 0.989311
0.433897 9.99913E-05 0.261274 0.304729
0.392512 9.99912E-05 0.00183225 0.605556
0.639661 9.99824E-05 0.36014 9.99824E-05
0.246879 9.99912E-05 0.263838 0.489182
0.347558 0.652242 9.99824E-05 9.99824E-05
0.194801 0.148382 0.102014 0.554803
0.359137 0.248086 0.392677 9.99912E-05
0.02761 0.373392 0.598898 9.99912E-05
9.99825E-05 9.99825E-05 0.420039 0.579761
0.807694 9.99912E-05 0.104823 0.0873835
9.99912E-05 0.383386 0.367439 0.249075
0.436007 9.99912E-05 0.1842 0.379693
0.523876 9.99825E-05 9.99825E-05 0.475924
0.169571 0.397428 0.313244 0.119757
0.779235 9.99826E-05 0.220565 9.99826E-05
0.269215 9.99826E-05 0.730585 9.99826E-05
9.99912E-05 0.321876 0.378189 0.299835
9.99912E-05 0.0581722 0.222362 0.719365
0.812523 9.99913E-05 0.184639 0.00273811
9.99912E-05 0.251874 0.486445 0.261581
9.998E-05 9.998E-05 9.998E-05 0.9997
0.743711 0.0957869 0.160402 9.99913E-05
0.717085 0.160119 0.122696 9.99912E-05
9.99826E-05 0.0163421 0.983458 9.99826E-05
0.666134 9.99827E-05 0.333666 9.99827E-05
0.0418082 0.838359 0.0395306 0.0803022
9.998E-05 9.998E-05 0.9997 9.998E-05
0.797389 9.99824E-05 9.99824E-05 0.202411
0.423787 0.176522 0.147176 0.252515
0.34944 0.00467585 9.99913E-05 0.645784
0.724101 9.99824E-05 0.275699 9.99824E-05
0.384799 9.99825E-05 0.615001 9.99825E-05
0.409503 9.99913E-05 0.0729888 0.517409
0.580858 9.99824E-05 0.418942 9.99824E-05
9.99912E-05 0.720215 0.264871 0.0148139
0.397486 0.602314 9.99823E-05 9.99823E-05
0.0775664 0.461753 0.460581 9.99913E-05
0.652526 0.254785 0.0925892 9.99912E-05
0.9997 9.998E-05 9.998E-05 9.998E-05
0.0250646 0.211226 9.99913E-05 0.763609
0.0413494 0.19414 0.633765 0.130745
0.455234 9.99912E-05 0.41607 0.128596
0.359142 0.300815 0.302366 0.0376775
0.9997 9.998E-05 9.998E-05 9.998E-05
0.109161 0.890639 9.99825E-05 9.99825E-05
9.99825E-05 9.99825E-05 0.787919 0.211881
9.998E-05 0.9997 9.998E-05 9.998E-05
9.99824E-05 0.351676 9.99824E-05 0.648125
0.606366 0.117027 9.99912E-05 0.276508
9.998E-05 9.998E-05 0.9997 9.998E-05
9.99826E-05 0.65343 9.99826E-05 0.34637
0.9997 9.998E-05 9.998E-05 9.998E-05
0.314918 0.17591 0.509073 9.99912E-05
9.99825E-05 0.461887 9.99825E-05 0.537913
0.953776 9.99825E-05 0.0460245 9.99825E-05
0.395596 0.436533 9.99913E-05 0.167771
0.433218 9.99912E-05 0.373597 0.193085
0.754595 9.99825E-05 9.99825E-05 0.245205
9.99912E-05 0.166001 0.474556 0.359343
0.29858 9.99824E-05 0.70122 9.99824E-05
0.401104 9.99912E-05 0.44664 0.152156
0.500844 0.498956 9.99826E-05 9.99826E-05
9.99825E-05 0.109341 0.890459 9.99825E-05
0.591098 0.141724 0.00690827 0.26027
0.281659 0.718141 9.99824E-05 9.99824E-05
9.99913E-05 0.839099 0.138028 0.022773
0.76473 9.99825E-05 0.23507 9.99825E-05
0.579531 0.411784 9.99912E-05 0.00858533
0.750307 0.249493 9.99828E-05 9.99828E-05
9.99825E-05 0.357401 9.99825E-05 0.642399
9.99825E-05 0.679448 0.320352 9.99825E-05
0.609008 9.99825E-05 9.99825E-05 0.390792
0.598591 0.130213 0.271096 9.99912E-05
9.99912E-05 0.620395 0.191525 0.187981
0.32501 9.99824E-05 0.67479 9.99824E-05
0.430196 0.180612 0.0357448 0.353448
0.556432 0.385147 0.0139318 0.0444891
0.649114 0.350686 9.99824E-05 9.99824E-05
0.661791 0.0350148 9.99912E-05 0.303094
0.40882 9.99825E-05 9.99825E-05 0.59098
9.99913E-05 0.137217 0.51811 0.344573
0.22182 0.345128 9.99912E-05 0.432953
0.398181 0.345126 0.253129 0.00356395
9.99824E-05 9.99824E-05 0.60943 0.39037
0.0633726 0.211066 0.725462 9.99912E-05
0.217765 0.319547 9.99912E-05 0.462588
9.99823E-05 0.183214 0.816586 9.99823E-05
0.2461 0.0468629 0.658285 0.0487518
0.412139 0.170603 9.99913E-05 0.417158
0.503214 0.26217 0.234516 9.99912E-05
0.481258 0.518542 9.99823E-05 9.99823E-05
0.649151 9.99913E-05 0.0459375 0.304811
0.118972 0.205966 0.213767 0.461295
0.596596 0.172649 9.99912E-05 0.230655
0.610305 0.12211 9.99913E-05 0.267485
9.99824E-05 0.555857 9.99824E-05 0.443943
0.429971 0.476701 9.99912E-05 0.0932283
0.0310393 0.638293 0.280823 0.0498452
0.693706 9.99825E-05 9.99825E-05 0.306094
0.535749 0.435186 0.0289649 9.99912E-05
9.99912E-05 0.142495 0.444402 0.413002
9.99825E-05 9.99825E-05 0.265084 0.734716
0.119317 0.880483 9.99824E-05 9.99824E-05
0.149875 9.99912E-05 0.154484 0.695541
0.595003 9.99827E-05 0.404797 9.99827E-05
0.616033 0.383767 9.99824E-05 9.99824E-05
0.804044 9.99912E-05 0.107058 0.0887978
0.192459 0.0575125 9.99913E-05 0.749929
0.51157 0.0112521 0.477078 9.99912E-05
0.233538 9.99913E-05 0.638775 0.127587
0.289412 0.0636815 0.489184 0.157723
0.407263 0.204504 9.99913E-05 0.388133
0.36634 0.63346 9.99825E-05 9.99825E-05
0.244483 9.99826E-05 0.755317 9.99826E-05
0.195107 0.758746 9.99913E-05 0.0460469
9.99826E-05 0.146698 9.99826E-05 0.853102
9.99824E-05 0.621554 0.378246 9.99824E-05
0.327587 0.419284 0.0566824 0.196446
9.998E-05 9.998E-05 9.998E-05 0.9997
0.189782 0.697352 0.112765 9.99911E-05
9.99824E-05 0.254652 9.99824E-05 0.745148
9.99912E-05 0.687644 0.308964 0.00329266
0.0367446 9.99912E-05 0.745227 0.217928
0.47929 9.99825E-05 0.52051 9.99825E-05
0.361958 0.198762 9.99911E-05 0.43918
9.99912E-05 0.161857 0.392061 0.445983
0.271842 0.603681 9.99912E-05 0.124377
0.647472 0.0358267 0.316601 9.99912E-05
0.647268 9.99824E-05 0.352532 9.99824E-05
9.99913E-05 0.356859 0.135394 0.507647
9.99824E-05 0.31816 0.68164 9.99824E-05
0.0106696 9.99826E-05 9.99826E-05 0.98913
0.306197 0.692815 0.000887577 9.99912E-05
0.0243587 9.99825E-05 0.975441 9.99825E-05
0.128115 0.357496 0.438377 0.0760129
0.756038 9.99823E-05 0.243762 9.99823E-05
0.187925 0.54986 0.225886 0.0363293
0.12975 9.99825E-05 9.99825E-05 0.87005
0.694715 9.99912E-05 0.20282 0.102365
0.120117 0.26999 0.0723657 0.537527
9.99913E-05 0.859872 0.121384 0.0186439
0.146926 0.756783 0.0961916 9.99912E-05
0.948318 0.000757685 9.99912E-05 0.0508239
9.99824E-05 0.522328 9.99824E-05 0.477472
0.327853 0.671947 9.99824E-05 9.99824E-05
0.65205 0.34775 9.99824E-05 9.99824E-05
0.454398 0.384961 9.99912E-05 0.160541
9.99826E-05 0.269124 0.730676 9.99826E-05
9.99825E-05 0.447448 9.99825E-05 0.552352
0.39041 0.60939 9.99825E-05 9.99825E-05
0.806881 9.99823E-05 0.192919 9.99823E-05
0.589851 9.99824E-05 9.99824E-05 0.409949
9.99913E-05 0.459775 0.526631 0.0134943
0.185128 0.16186 0.652912 9.99912E-05
9.99912E-05 0.242219 0.0942378 0.663443
0.9997 9.998E-05 9.998E-05 9.998E-05
9.99912E-05 0.544537 0.2341 0.221263
0.968163 9.99824E-05 9.99824E-05 0.031637
9.99824E-05 0.0733404 0.92646 9.99824E-05
0.227023 0.629386 9.99911E-05 0.143491
9.99913E-05 0.407793 0.345987 0.24612
0.205491 9.99912E-05 0.282069 0.51234
9.99912E-05 0.512627 0.456778 0.0304949
0.550025 0.432937 0.0169376 9.99912E-05
0.436521 9.99824E-05 9.99824E-05 0.563279
9.99824E-05 0.311102 0.688698 9.99824E-05
0.9997 9.998E-05 9.998E-05 9.998E-05
0.598662 0.219615 0.181624 9.99913E-05
0.231643 0.660796 0.107461 9.99912E-05
0.0935423 9.99912E-05 0.27563 0.630728
9.99912E-05 0.19658 0.0630904 0.74023
9.99825E-05 0.840003 0.159797 9.99825E-05
0.322632 0.189859 0.225018 0.26249
0.00677051 0.334435 0.643326 0.0154683
9.998E-05 0.9997 9.998E-05 9.998E-05
9.99826E-05 0.576484 9.99826E-05 0.423316
9.99912E-05 0.212531 0.091659 0.69571
9.99826E-05 0.742701 9.99826E-05 0.257099
0.538135 9.99913E-05 0.0669348 0.39483
0.307515 0.692285 9.99824E-05 9.99824E-05
9.99825E-05 0.939353 9.99825E-05 0.060447
0.685031 0.00246261 9.99913E-05 0.312406
9.998E-05 9.998E-05 0.9997 9.998E-05
9.99826E-05 9.99826E-05 0.462376 0.537424
0.60695 0.301189 9.99912E-05 0.0917614
0.192655 0.296604 0.51064 9.99912E-05
9.99823E-05 0.335528 0.664272 9.99823E-05
9.99824E-05 9.99824E-05 0.556041 0.443759
9.99825E-05 0.826408 0.173392 9.99825E-05
0.150356 0.849444 9.99824E-05 9.99824E-05
9.99824E-05 0.929392 0.0704076 9.99824E-05
0.184829 0.0136944 0.801377 9.99912E-05
0.0702713 0.142348 0.787281 9.99912E-05
0.304417 9.99825E-05 0.695383 9.99825E-05
0.724545 0.00944449 0.26591 9.99912E-05
0.415595 0.201311 0.10736 0.275734
0.232466 9.99912E-05 0.417642 0.349792
9.99913E-05 0.616373 0.14205 0.241477
9.998E-05 0.9997 9.998E-05 9.998E-05
9.998E-05 9.998E-05 0.9997 9.998E-05
0.434654 0.565146 9.99824E-05 9.99824E-05
0.479205 9.99825E-05 9.99825E-05 0.520595
0.089519 9.99823E-05 9.99823E-05 0.910281
0.515787 0.146752 0.337362 9.99913E-05
0.725229 0.185425 9.99912E-05 0.0892463
9.99825E-05 9.99825E-05 0.0700312 0.929769
0.48058 0.51922 9.99825E-05 9.99825E-05
0.970286 0.0295142 9.99826E-05 9.99826E-05
0.260993 0.20487 9.99913E-05 0.534036
0.499929 0.129881 0.241962 0.128228
0.200082 0.26528 9.99912E-05 0.534537
0.924918 9.99825E-05 0.0748825 9.99825E-05
