0.101634 9.99641E-05 0.175981 9.99641E-05 9.99641E-05 0.671039 0.0509452 9.99641E-05
0.00903065 9.99551E-05 9.99551E-05 0.0335424 9.99551E-05 0.956927 9.99551E-05 9.99551E-05
9.9955E-05 9.9955E-05 0.582138 0.053759 9.9955E-05 0.363604 9.9955E-05 9.9955E-05
9.99551E-05 0.168365 9.99551E-05 9.99551E-05 9.99551E-05 0.598776 9.99551E-05 0.232359
9.99551E-05 0.15167 9.99551E-05 9.99551E-05 0.84625 0.00158038 9.99551E-05 9.99551E-05
9.9964E-05 9.9964E-05 0.117693 0.0292161 9.9964E-05 9.9964E-05 0.0490956 0.803596
9.9955E-05 0.702479 0.151801 9.9955E-05 9.9955E-05 9.9955E-05 0.14522 9.9955E-05
9.99641E-05 9.99641E-05 0.0355699 0.0418922 9.99641E-05 0.887957 0.0341807 9.99641E-05
9.994E-05 9.994E-05 9.994E-05 9.994E-05 9.994E-05 9.994E-05 0.9993 9.994E-05
9.99461E-05 0.80431 9.99461E-05 9.99461E-05 0.19509 9.99461E-05 9.99461E-05 9.99461E-05
9.994E-05 0.9993 9.994E-05 9.994E-05 9.994E-05 9.994E-05 9.994E-05 9.994E-05
0.000179049 9.9955E-05 9.9955E-05 9.9955E-05 9.9955E-05 0.893693 9.9955E-05 0.105628
0.122132 0.541245 9.9982E-05 0.150956 0.0590006 9.9982E-05 0.0924765 0.0339894
9.996E-05 0.549665 0.327804 9.996E-05 9.996E-05 0.110727 0.0114047 9.996E-05
9.994E-05 9.994E-05 9.994E-05 9.994E-05 0.9993 9.994E-05 9.994E-05 9.994E-05
9.99461E-05 9.99461E-05 0.000444998 0.998955 9.99461E-05 9.99461E-05 9.99461E-05 9.99461E-05
9.9973E-05 0.0427836 0.00876699 9.9973E-05 0.00339966 0.865313 9.9973E-05 0.0794366
9.9964E-05 0.322285 9.9964E-05 0.406755 0.0660272 9.9964E-05 9.9964E-05 0.204533
9.994E-05 9.994E-05 9.994E-05 9.994E-05 9.994E-05 9.994E-05 9.994E-05 0.9993
0.146627 9.99641E-05 9.99641E-05 0.78547 0.0667674 0.000736167 9.99641E-05 9.99641E-05
0.268901 9.99551E-05 9.99551E-05 0.213742 9.99551E-05 9.99551E-05 0.516857 9.99551E-05
9.99551E-05 0.0190275 9.99551E-05 9.99551E-05 9.99551E-05 0.0174472 0.963026 9.99551E-05
0.00453585 0.00652968 9.9964E-05 0.765631 0.222903 9.9964E-05 9.9964E-05 9.9964E-05
0.157102 9.9964E-05 0.210268 9.9964E-05 9.9964E-05 0.424055 0.208176 9.9964E-05
9.99551E-05 9.99551E-05 0.964204 9.99551E-05 0.0284877 9.99551E-05 9.99551E-05 0.00680821
9.99551E-05 9.99551E-05 9.99551E-05 0.054139 0.944807 9.99551E-05 0.00055407 9.99551E-05
9.99552E-05 9.99552E-05 0.31493 9.99552E-05 9.99552E-05 0.682924 9.99552E-05 0.00164648
0.159351 0.20217 9.99641E-05 9.99641E-05 9.99641E-05 9.99641E-05 0.13748 0.500598
0.000281352 9.99553E-05 9.99553E-05 0.0782172 9.99553E-05 0.921002 9.99553E-05 9.99553E-05
0.00175116 9.99641E-05 9.99641E-05 9.99641E-05 9.99641E-05 0.35743 0.0220661 0.618353
9.99461E-05 0.251516 0.747885 9.99461E-05 9.99461E-05 9.99461E-05 9.99461E-05 9.99461E-05
9.99461E-05 9.99461E-05 0.96403 9.99461E-05 0.0353707 9.99461E-05 9.99461E-05 9.99461E-05
0.012904 0.986496 9.9946E-05 9.9946E-05 9.9946E-05 9.9946E-05 9.9946E-05 9.9946E-05
9.9964E-05 0.0285549 0.0834698 9.9964E-05 9.9964E-05 9.9964E-05 0.185006 0.70257
0.0490087 9.99641E-05 0.0403326 9.99641E-05 9.99641E-05 0.828534 9.99641E-05 0.0817251
9.994E-05 9.994E-05 9.994E-05 0.9993 9.994E-05 9.994E-05 9.994E-05 9.994E-05
9.99461E-05 9.99461E-05 9.99461E-05 9.99461E-05 9.99461E-05 9.99461E-05 0.47773 0.521671
9.9964E-05 0.041081 9.9964E-05 0.041014 9.9964E-05 9.9964E-05 0.074528 0.842977
0.271165 0.160841 0.466061 9.99641E-05 9.99641E-05 9.99641E-05 9.99641E-05 0.101533
9.99551E-05 9.99551E-05 9.99551E-05 9.99551E-05 9.99551E-05 0.171481 0.18519 0.642829
9.9946E-05 9.9946E-05 9.9946E-05 9.9946E-05 9.9946E-05 0.161861 9.9946E-05 0.837539
9.99461E-05 9.99461E-05 9.99461E-05 9.99461E-05 9.99461E-05 0.853089 9.99461E-05 0.146311
0.934934 9.9946E-05 9.9946E-05 9.9946E-05 9.9946E-05 9.9946E-05 0.0644666 9.9946E-05
9.994E-05 9.994E-05 0.9993 9.994E-05 9.994E-05 9.994E-05 9.994E-05 9.994E-05
0.829509 0.169892 9.9946E-05 9.9946E-05 9.9946E-05 9.9946E-05 9.9946E-05 9.9946E-05
9.99641E-05 0.0186297 9.99641E-05 0.0477944 9.99641E-05 0.873267 0.0599093 9.99641E-05
0.129366 9.9964E-05 9.9964E-05 0.453666 9.9964E-05 9.9964E-05 0.403773 0.012796
0.0147966 9.99551E-05 9.99551E-05 0.272398 9.99551E-05 9.99551E-05 9.99551E-05 0.712306
0.903768 9.99551E-05 0.0493228 9.99551E-05 9.99551E-05 0.0464094 9.99551E-05 9.99551E-05
0.0371975 0.0729505 9.99641E-05 0.701877 9.99641E-05 9.99641E-05 9.99641E-05 0.187576
