9.9955E-05 0.104075 9.9955E-05 0.0911976 9.9955E-05 9.9955E-05 9.9955E-05 0.804228
9.9946E-05 9.9946E-05 9.9946E-05 9.9946E-05 0.0913628 9.9946E-05 9.9946E-05 0.908038
0.0221515 0.674459 9.99641E-05 9.99641E-05 9.99641E-05 0.0404509 9.99641E-05 0.262539
9.994E-05 9.994E-05 9.994E-05 9.994E-05 0.9993 9.994E-05 9.994E-05 9.994E-05
9.9946E-05 9.9946E-05 9.9946E-05 0.174016 9.9946E-05 9.9946E-05 0.825384 9.9946E-05
0.810694 0.0580067 9.9955E-05 9.9955E-05 9.9955E-05 9.9955E-05 9.9955E-05 0.130799
0.00733119 0.46954 9.99641E-05 9.99641E-05 0.12692 9.99641E-05 0.395809 9.99641E-05
9.99552E-05 0.0538365 9.99552E-05 9.99552E-05 9.99552E-05 0.625154 9.99552E-05 0.32051
0.720239 9.99462E-05 0.279161 9.99462E-05 9.99462E-05 9.99462E-05 9.99462E-05 9.99462E-05
9.994E-05 9.994E-05 9.994E-05 9.994E-05 9.994E-05 9.994E-05 0.9993 9.994E-05
9.994E-05 9.994E-05 9.994E-05 9.994E-05 9.994E-05 9.994E-05 0.9993 9.994E-05
0.0685713 9.9955E-05 9.9955E-05 9.9955E-05 9.9955E-05 0.717494 9.9955E-05 0.213435
9.9973E-05 0.18126 0.375367 0.0755945 9.9973E-05 0.0569279 0.31055 9.9973E-05
9.99641E-05 0.671228 9.99641E-05 0.195202 0.0762202 9.99641E-05 0.0569494 9.99641E-05
9.99461E-05 9.99461E-05 0.253931 9.99461E-05 9.99461E-05 9.99461E-05 0.745469 9.99461E-05
0.0112505 0.0743823 0.874727 0.0392404 9.99641E-05 9.99641E-05 9.99641E-05 9.99641E-05
0.0274411 9.99641E-05 9.99641E-05 9.99641E-05 0.0526911 0.915465 0.00400272 9.99641E-05
0.207411 0.0838215 0.371939 9.9964E-05 9.9964E-05 9.9964E-05 0.336429 9.9964E-05
0.965289 9.995E-05 9.995E-05 9.995E-05 0.0186107 0.0156001 9.995E-05 9.995E-05
9.99462E-05 9.99462E-05 0.907096 9.99462E-05 0.0923045 9.99462E-05 9.99462E-05 9.99462E-05
0.0366597 9.99641E-05 0.837772 0.0522939 0.0728746 9.99641E-05 9.99641E-05 9.99641E-05
0.27809 9.996E-05 0.378056 0.126108 9.996E-05 0.217346 9.996E-05 9.996E-05
9.99641E-05 0.0321037 0.884817 9.99641E-05 9.99641E-05 0.0228518 0.0598278 9.99641E-05
9.99551E-05 9.99551E-05 0.0755914 9.99551E-05 0.850977 9.99551E-05 0.0729318 9.99551E-05
0.0354571 0.913397 9.99551E-05 9.99551E-05 0.0506464 9.99551E-05 9.99551E-05 9.99551E-05
9.9946E-05 9.9946E-05 0.516558 9.9946E-05 9.9946E-05 9.9946E-05 0.482842 9.9946E-05
9.99461E-05 0.038001 9.99461E-05 9.99461E-05 0.961399 9.99461E-05 9.99461E-05 9.99461E-05
9.994E-05 9.994E-05 9.994E-05 0.9993 9.994E-05 9.994E-05 9.994E-05 9.994E-05
9.994E-05 9.994E-05 9.994E-05 9.994E-05 9.994E-05 9.994E-05 9.994E-05 0.9993
0.400564 9.99551E-05 9.99551E-05 0.28316 9.99551E-05 0.315777 9.99551E-05 9.99551E-05
9.994E-05 0.9993 9.994E-05 9.994E-05 9.994E-05 9.994E-05 9.994E-05 9.994E-05
9.994E-05 0.9993 9.994E-05 9.994E-05 9.994E-05 9.994E-05 9.994E-05 9.994E-05
9.9955E-05 0.126269 9.9955E-05 0.042181 9.9955E-05 9.9955E-05 0.83105 9.9955E-05
0.894776 0.104625 9.99461E-05 9.99461E-05 9.99461E-05 9.99461E-05 9.99461E-05 9.99461E-05
9.9946E-05 9.9946E-05 9.9946E-05 9.9946E-05 0.572938 0.426463 9.9946E-05 9.9946E-05
0.0998071 0.00842926 0.8596 9.9964E-05 9.9964E-05 9.9964E-05 9.9964E-05 0.0317638
0.818014 9.9964E-05 0.0851351 0.0917587 9.9964E-05 9.9964E-05 9.9964E-05 0.00469259
0.802213 0.0894196 9.9973E-05 0.0686628 9.9973E-05 9.9973E-05 0.00790183 0.0315024
0.117491 0.179648 9.99641E-05 9.99641E-05 9.99641E-05 0.0811226 0.621338 9.99641E-05
0.74901 9.99641E-05 9.99641E-05 9.99641E-05 0.115653 0.083741 0.0511955 9.99641E-05
0.597408 9.9955E-05 9.9955E-05 0.047525 9.9955E-05 0.354567 9.9955E-05 9.9955E-05
9.994E-05 9.994E-05 9.994E-05 9.994E-05 9.994E-05 0.9993 9.994E-05 9.994E-05
9.99462E-05 9.99462E-05 0.982326 9.99462E-05 0.0170739 9.99462E-05 9.99462E-05 9.99462E-05
9.99461E-05 0.981652 9.99461E-05 9.99461E-05 0.0177487 9.99461E-05 9.99461E-05 9.99461E-05
9.99551E-05 9.99551E-05 0.483449 0.00765254 9.99551E-05 9.99551E-05 0.508398 9.99551E-05
9.994E-05 9.994E-05 9.994E-05 9.994E-05 9.994E-05 0.9993 9.994E-05 9.994E-05
0.269622 9.99461E-05 0.729778 9.99461E-05 9.99461E-05 9.99461E-05 9.99461E-05 9.99461E-05
0.80741 9.99462E-05 0.19199 9.99462E-05 9.99462E-05 9.99462E-05 9.99462E-05 9.99462E-05
9.99731E-05 9.99731E-05 0.430681 0.00638569 0.0407105 9.99731E-05 0.440574 0.0813487
0.379546 9.99551E-05 0.532533 9.99551E-05 9.99551E-05 9.99551E-05 0.0874206 9.99551E-05
