9.99649E-05 0.948932 9.99649E-05 9.99649E-05 0.0506686 9.99649E-05
9.99736E-05 9.99736E-05 0.211697 0.467959 9.99736E-05 0.320044
9.99649E-05 9.99649E-05 9.99649E-05 9.99649E-05 0.719009 0.280591
0.336084 0.223374 0.101955 9.99825E-05 0.338387 9.99825E-05
0.738505 0.0546972 9.99912E-05 0.0983844 0.0659955 0.0423179
0.0808992 9.99824E-05 9.99824E-05 0.130603 0.653184 0.135114
0.222323 0.626606 0.0247289 0.126142 9.99824E-05 9.99824E-05
9.99735E-05 9.99735E-05 0.095671 0.338777 9.99735E-05 0.565252
0.424735 9.99736E-05 9.99736E-05 0.32918 0.245785 9.99736E-05
0.380543 0.425819 9.9974E-05 0.193338 9.9974E-05 9.9974E-05
0.181559 9.99912E-05 0.0659972 0.0396697 0.620105 0.0925691
0.257182 0.438711 9.99824E-05 0.251265 9.99824E-05 0.0526427
9.99648E-05 0.162054 9.99648E-05 0.837547 9.99648E-05 9.99648E-05
0.327092 0.375734 0.237418 9.99824E-05 0.0595563 9.99824E-05
9.996E-05 0.9995 9.996E-05 9.996E-05 9.996E-05 9.996E-05
9.99736E-05 0.0911245 9.99736E-05 9.99736E-05 0.572636 0.335939
0.29934 9.99736E-05 0.0342113 9.99736E-05 0.666149 9.99736E-05
0.9995 9.996E-05 9.996E-05 9.996E-05 9.996E-05 9.996E-05
0.289103 0.376699 0.0362839 0.297714 9.99826E-05 9.99826E-05
9.99737E-05 9.99737E-05 9.99737E-05 0.398828 0.387719 0.213153
9.99738E-05 0.124739 0.0172936 9.99738E-05 0.857667 9.99738E-05
0.0826889 9.99913E-05 0.158458 0.671697 0.044254 0.0428024
9.99736E-05 0.0812135 9.99736E-05 9.99736E-05 0.295613 0.622874
0.370963 0.628637 9.9965E-05 9.9965E-05 9.9965E-05 9.9965E-05
9.99824E-05 0.118099 9.99824E-05 0.253154 0.495233 0.133314
0.541351 9.99824E-05 0.287828 9.99824E-05 0.169502 0.00111867
0.223964 0.197233 9.99826E-05 9.99826E-05 0.564042 0.0145611
9.99825E-05 9.99825E-05 0.143884 0.194357 0.188216 0.473343
9.99648E-05 0.708478 9.99648E-05 0.291122 9.99648E-05 9.99648E-05
9.99735E-05 0.371101 0.35327 0.275329 9.99735E-05 9.99735E-05
9.99824E-05 0.578423 0.0160547 0.340093 9.99824E-05 0.0652293
9.99735E-05 0.0753205 0.706704 0.217676 9.99735E-05 9.99735E-05
0.132488 9.99826E-05 9.99826E-05 0.426371 0.0648434 0.376098
0.361607 0.484905 9.99736E-05 9.99736E-05 9.99736E-05 0.153188
0.178752 9.99735E-05 9.99735E-05 9.99735E-05 0.61645 0.204498
0.786138 9.99738E-05 9.99738E-05 0.124383 0.0891787 9.99738E-05
9.99825E-05 0.199338 0.117827 9.99825E-05 0.24199 0.440645
0.437731 0.147044 9.99824E-05 9.99824E-05 0.382433 0.0325919
0.0121559 9.99824E-05 0.374784 9.99824E-05 0.170915 0.441945
0.113026 9.99825E-05 0.156953 9.99825E-05 0.214602 0.515219
0.53499 9.99736E-05 0.0633052 9.99736E-05 0.401405 9.99736E-05
0.43729 0.349852 0.0141285 0.19853 9.99825E-05 9.99825E-05
9.99826E-05 0.611792 0.0654282 9.99826E-05 0.251728 0.0708518
0.381638 9.99648E-05 0.617963 9.99648E-05 9.99648E-05 9.99648E-05
9.99648E-05 0.969668 0.0299322 9.99648E-05 9.99648E-05 9.99648E-05
9.99824E-05 0.47139 0.0377342 0.407542 9.99824E-05 0.0831346
9.99737E-05 0.162763 9.99737E-05 0.522498 0.31444 9.99737E-05
9.99736E-05 0.363766 9.99736E-05 0.475307 0.160627 9.99736E-05
0.262751 0.464279 9.99737E-05 0.272669 9.99737E-05 9.99737E-05
0.586291 0.358425 9.99738E-05 9.99738E-05 9.99738E-05 0.0549843
9.99736E-05 0.467258 0.00695887 0.525483 9.99736E-05 9.99736E-05
9.99823E-05 0.40085 0.439713 0.0798167 0.0794196 9.99823E-05
0.482874 9.99823E-05 0.0655281 0.176263 9.99823E-05 0.275135
9.99823E-05 0.390033 0.489138 0.0632843 9.99823E-05 0.057345
9.996E-05 9.996E-05 9.996E-05 9.996E-05 9.996E-05 0.9995
0.111373 0.75575 9.99736E-05 9.99736E-05 9.99736E-05 0.132577
9.99647E-05 9.99647E-05 0.464195 0.535405 9.99647E-05 9.99647E-05
0.388237 0.239537 0.0660702 9.99825E-05 0.305956 9.99825E-05
9.99648E-05 9.99648E-05 0.277399 9.99648E-05 0.722201 9.99648E-05
0.9995 9.996E-05 9.996E-05 9.996E-05 9.996E-05 9.996E-05
0.63641 9.99735E-05 9.99735E-05 0.297334 0.0659564 9.99735E-05
0.844975 9.99649E-05 9.99649E-05 0.154625 9.99649E-05 9.99649E-05
9.99735E-05 9.99735E-05 0.343553 0.270035 9.99735E-05 0.386112
9.99649E-05 0.920224 0.0793765 9.99649E-05 9.99649E-05 9.99649E-05
0.0638694 0.195812 9.99825E-05 0.279244 9.99825E-05 0.460874
0.180019 9.99824E-05 9.99824E-05 0.420391 0.108932 0.290457
0.149458 9.99739E-05 9.99739E-05 9.99739E-05 0.696448 0.153793
0.0296698 9.99736E-05 0.105615 0.864415 9.99736E-05 9.99736E-05
0.691364 0.308236 9.99654E-05 9.99654E-05 9.99654E-05 9.99654E-05
0.628597 0.149815 0.221288 9.99735E-05 9.99735E-05 9.99735E-05
0.0338772 0.767071 9.99823E-05 9.99823E-05 0.099116 0.099736
9.99735E-05 9.99735E-05 0.574101 9.99735E-05 0.270365 0.155234
0.594743 0.404857 9.9965E-05 9.9965E-05 9.9965E-05 9.9965E-05
9.99738E-05 9.99738E-05 0.665736 0.230556 0.103408 9.99738E-05
0.702309 9.99823E-05 9.99823E-05 0.138522 0.1572 0.00176929
9.99824E-05 0.234018 9.99824E-05 0.526792 0.0714469 0.167543
0.514744 0.0389533 9.99825E-05 0.366413 9.99825E-05 0.079689
0.211673 9.99825E-05 0.0983381 9.99825E-05 0.391502 0.298287
9.99736E-05 0.197125 0.549112 9.99736E-05 9.99736E-05 0.253463
0.242323 0.467646 9.99735E-05 0.289731 9.99735E-05 9.99735E-05
0.292422 0.0938273 0.5195 0.0940512 9.99825E-05 9.99825E-05
9.996E-05 9.996E-05 0.797929 9.996E-05 0.201671 9.996E-05
9.99737E-05 0.397874 9.99737E-05 9.99737E-05 0.508121 0.0937051
0.166561 9.99738E-05 9.99738E-05 0.0715869 0.761552 9.99738E-05
0.485601 9.99825E-05 9.99825E-05 0.187245 0.271461 0.0554929
0.183616 0.436406 0.292904 9.99825E-05 9.99825E-05 0.086874
9.99738E-05 0.508691 0.317903 0.173106 9.99738E-05 9.99738E-05
9.99648E-05 0.337797 9.99648E-05 9.99648E-05 0.661803 9.99648E-05
9.99653E-05 0.748754 9.99653E-05 9.99653E-05 0.250846 9.99653E-05
0.0431421 0.44328 9.99913E-05 0.0705034 0.280747 0.162227
9.99736E-05 0.0574424 0.503215 9.99736E-05 9.99736E-05 0.439043
0.451103 0.148772 9.99824E-05 9.99824E-05 0.393433 0.00649316
0.369705 0.509031 9.99736E-05 9.99736E-05 0.120964 9.99736E-05
0.668711 0.174716 9.99825E-05 9.99825E-05 0.0931349 0.0632384
9.99912E-05 0.405042 0.334785 0.00320027 0.151404 0.105469
9.99737E-05 0.454084 0.153604 9.99737E-05 0.392012 9.99737E-05
0.9995 9.996E-05 9.996E-05 9.996E-05 9.996E-05 9.996E-05
9.9965E-05 0.391308 9.9965E-05 0.608292 9.9965E-05 9.9965E-05
0.72355 0.237905 0.0382449 9.99739E-05 9.99739E-05 9.99739E-05
9.99826E-05 0.717075 0.000877072 0.15873 0.123118 9.99826E-05
9.99649E-05 9.99649E-05 9.99649E-05 9.99649E-05 0.937038 0.0625621
9.99738E-05 0.555359 9.99738E-05 0.268458 9.99738E-05 0.175883
0.208081 9.99734E-05 9.99734E-05 9.99734E-05 0.595689 0.19593
0.0306332 9.99825E-05 0.667158 0.174293 9.99825E-05 0.127716
0.420548 9.99737E-05 9.99737E-05 0.180883 9.99737E-05 0.398269
0.168973 0.159377 0.650976 9.99825E-05 9.99825E-05 0.0204746
0.176677 9.99826E-05 0.0379444 9.99826E-05 0.30385 0.481329
0.419369 9.99737E-05 9.99737E-05 0.559247 9.99737E-05 0.0210845
0.18353 9.99824E-05 0.425894 9.99824E-05 0.254889 0.135487
0.575931 0.157568 9.99737E-05 9.99737E-05 9.99737E-05 0.266201
0.381618 9.99736E-05 9.99736E-05 0.270602 0.34748 9.99736E-05
0.213563 9.9974E-05 0.600128 9.9974E-05 9.9974E-05 0.186009
0.507762 9.99736E-05 0.371349 0.12059 9.99736E-05 9.99736E-05
0.0191614 0.900157 0.0803819 9.99735E-05 9.99735E-05 9.99735E-05
9.99652E-05 0.186338 9.99652E-05 9.99652E-05 0.813262 9.99652E-05
9.99738E-05 9.99738E-05 0.78757 0.0725141 0.139616 9.99738E-05
0.171552 0.248359 0.453642 0.117265 0.00908182 9.99912E-05
9.99653E-05 0.269268 9.99653E-05 9.99653E-05 9.99653E-05 0.730332
9.99737E-05 0.209604 0.384136 9.99737E-05 9.99737E-05 0.40596
0.0273645 0.178255 0.268092 0.526089 9.99824E-05 9.99824E-05
9.99737E-05 0.0321793 0.433079 0.534442 9.99737E-05 9.99737E-05
0.887755 9.99737E-05 9.99737E-05 0.108135 9.99737E-05 0.00380985
9.99649E-05 9.99649E-05 0.808235 0.191366 9.99649E-05 9.99649E-05
0.299586 0.160256 9.99912E-05 0.0400363 0.115364 0.384658
9.99737E-05 9.99737E-05 0.494853 0.499848 0.00499871 9.99737E-05
0.267627 0.0591337 0.187336 9.99913E-05 0.0469058 0.438897
9.99651E-05 9.99651E-05 9.99651E-05 0.359511 9.99651E-05 0.640089
0.341164 9.99737E-05 9.99737E-05 0.0580811 0.600455 9.99737E-05
9.99824E-05 0.233192 0.4151 0.038741 9.99824E-05 0.312768
9.9965E-05 9.9965E-05 0.644762 0.354838 9.9965E-05 9.9965E-05
9.99824E-05 0.234121 0.27438 0.45228 9.99824E-05 0.0390186
0.545307 9.99735E-05 0.364087 9.99735E-05 0.0903057 9.99735E-05
0.479701 9.99737E-05 9.99737E-05 9.99737E-05 0.0747165 0.445282
9.99913E-05 0.0263937 0.0555181 0.566199 0.234759 0.11703
0.621437 9.99738E-05 0.0780153 0.300247 9.99738E-05 9.99738E-05
0.151007 0.658524 0.19017 9.99735E-05 9.99735E-05 9.99735E-05
0.492245 0.395841 0.0984584 0.0132556 9.99823E-05 9.99823E-05
9.99824E-05 0.187351 9.99824E-05 0.309124 0.30892 0.194406
9.99736E-05 0.297134 9.99736E-05 0.174017 9.99736E-05 0.52855
0.0258528 0.713 0.00931833 9.99823E-05 0.251629 9.99823E-05
9.99737E-05 0.33694 0.218065 0.444695 9.99737E-05 9.99737E-05
9.9965E-05 9.9965E-05 9.9965E-05 0.324132 9.9965E-05 0.675468
9.99738E-05 0.365339 9.99738E-05 0.0760335 9.99738E-05 0.558327
0.00048836 9.99737E-05 9.99737E-05 0.416882 9.99737E-05 0.582329
0.742444 9.99736E-05 0.244552 0.0127036 9.99736E-05 9.99736E-05
0.109783 0.209601 9.99825E-05 0.541952 0.138464 9.99825E-05
9.99824E-05 0.301449 9.99824E-05 0.0980888 0.423072 0.177191
0.0608046 0.122559 0.193625 0.493491 9.99912E-05 0.12942
0.072835 0.23722 0.308262 0.185382 0.196201 9.99912E-05
0.0279447 9.99826E-05 0.359892 0.476544 0.135419 9.99826E-05
9.99734E-05 9.99734E-05 0.217284 0.475171 9.99734E-05 0.307245
9.99825E-05 0.465281 0.303254 0.206735 9.99825E-05 0.0245292
0.470083 0.131842 9.99824E-05 0.185967 9.99824E-05 0.211909
9.99648E-05 9.99648E-05 9.99648E-05 0.534147 0.465453 9.99648E-05
0.379553 9.99737E-05 9.99737E-05 9.99737E-05 0.34533 0.274817
0.0911583 9.99823E-05 0.296684 0.141708 9.99823E-05 0.47025
0.0513664 0.427851 9.99825E-05 0.28304 9.99825E-05 0.237542
0.522826 9.99737E-05 0.247886 9.99737E-05 9.99737E-05 0.228989
0.100583 0.522581 0.111005 0.119305 0.146426 9.99911E-05
0.0544025 0.119359 0.745536 9.99824E-05 0.0805025 9.99824E-05
0.0321393 9.99824E-05 9.99824E-05 0.0847896 0.69772 0.185152
0.827873 9.99645E-05 0.171727 9.99645E-05 9.99645E-05 9.99645E-05
0.140467 0.450366 0.102161 0.306806 9.99824E-05 9.99824E-05
9.99824E-05 0.11586 0.63153 0.221549 9.99824E-05 0.0308611
0.727975 0.0105981 0.0594927 9.99824E-05 0.201734 9.99824E-05
9.99736E-05 0.233993 0.384125 0.381583 9.99736E-05 9.99736E-05
0.649222 9.99738E-05 9.99738E-05 0.344964 0.00551448 9.99738E-05
9.99825E-05 0.299577 0.567469 9.99825E-05 0.00919162 0.123563
9.99824E-05 0.0392758 0.169344 0.785561 0.00561878 9.99824E-05
9.99736E-05 0.657985 0.0210988 9.99736E-05 0.320616 9.99736E-05
9.99735E-05 9.99735E-05 0.876463 0.0131328 9.99735E-05 0.110104
0.736268 0.0677786 0.0896222 9.99824E-05 0.106131 9.99824E-05
9.99651E-05 0.29437 9.99651E-05 0.705231 9.99651E-05 9.99651E-05
9.99737E-05 0.7884 9.99737E-05 0.18122 0.0300795 9.99737E-05
0.00881907 9.99912E-05 0.221651 0.634516 0.00337022 0.131543
9.99824E-05 0.127569 0.547975 0.100353 9.99824E-05 0.223903
9.99736E-05 9.99736E-05 0.583778 0.240888 0.175034 9.99736E-05
0.06429 0.587319 0.25388 9.99824E-05 9.99824E-05 0.094311
0.226661 0.249089 0.412167 0.0386687 9.99912E-05 0.0733152
0.640589 9.99735E-05 0.292658 0.066453 9.99735E-05 9.99735E-05
9.99738E-05 9.99738E-05 0.269261 0.365067 0.365372 9.99738E-05
0.716425 9.99736E-05 0.173373 0.109902 9.99736E-05 9.99736E-05
9.99736E-05 0.760107 9.99736E-05 0.213196 9.99736E-05 0.0263964
0.589282 9.99737E-05 9.99737E-05 0.238567 0.171852 9.99737E-05
9.99649E-05 0.18782 0.811781 9.99649E-05 9.99649E-05 9.99649E-05
9.99648E-05 9.99648E-05 0.787957 0.211643 9.99648E-05 9.99648E-05
0.512005 9.99824E-05 0.0983998 9.99824E-05 0.0425832 0.346812
0.465424 0.262354 0.158319 0.113702 9.99826E-05 9.99826E-05
0.585694 9.99736E-05 9.99736E-05 0.27812 9.99736E-05 0.135886
0.302771 0.0346161 9.99823E-05 9.99823E-05 0.380117 0.282296
9.99737E-05 9.99737E-05 0.30384 9.99737E-05 0.110123 0.585737
0.184025 0.565461 0.127294 9.99825E-05 0.12302 9.99825E-05
9.99649E-05 0.575337 9.99649E-05 9.99649E-05 0.424263 9.99649E-05
0.9995 9.996E-05 9.996E-05 9.996E-05 9.996E-05 9.996E-05
0.589539 0.110505 0.299656 9.99734E-05 9.99734E-05 9.99734E-05
0.409239 0.0733231 9.99825E-05 0.00503257 0.512206 9.99825E-05
0.438397 9.99649E-05 9.99649E-05 9.99649E-05 0.561204 9.99649E-05
0.663719 9.99649E-05 0.335881 9.99649E-05 9.99649E-05 9.99649E-05
0.306491 0.313077 9.99826E-05 0.345494 9.99826E-05 0.0347378
0.265543 9.99825E-05 9.99825E-05 0.150705 0.0109604 0.572592
0.121184 0.488831 9.99737E-05 9.99737E-05 0.389685 9.99737E-05
9.99827E-05 0.102115 0.284376 0.492922 0.120387 9.99827E-05
0.557239 0.208541 9.99825E-05 0.0409638 9.99825E-05 0.193056
9.99737E-05 9.99737E-05 0.847268 0.0898211 9.99737E-05 0.062611
9.99736E-05 0.636748 0.121641 0.241311 9.99736E-05 9.99736E-05
0.811214 9.99648E-05 9.99648E-05 9.99648E-05 9.99648E-05 0.188386
0.220763 9.99737E-05 9.99737E-05 0.734465 9.99737E-05 0.0444722
0.0643915 9.99738E-05 9.99738E-05 0.0140725 9.99738E-05 0.921236
9.99736E-05 0.279972 9.99736E-05 0.101085 0.618643 9.99736E-05
0.108068 9.99826E-05 0.238627 0.642479 0.0106259 9.99826E-05
9.99912E-05 0.0475321 0.0525072 0.441957 0.0755942 0.38231
0.00980895 9.99649E-05 9.99649E-05 0.989791 9.99649E-05 9.99649E-05
9.99649E-05 9.99649E-05 0.560584 9.99649E-05 0.439016 9.99649E-05
9.99823E-05 0.18586 0.14268 9.99823E-05 0.286365 0.384894
9.99647E-05 0.388507 9.99647E-05 9.99647E-05 9.99647E-05 0.611094
9.996E-05 0.9995 9.996E-05 9.996E-05 9.996E-05 9.996E-05
0.712869 9.9965E-05 0.286731 9.9965E-05 9.9965E-05 9.9965E-05
0.218814 9.99825E-05 0.116726 9.99825E-05 0.376352 0.287908
9.99735E-05 9.99735E-05 9.99735E-05 0.185465 0.712861 0.101374
0.318766 9.99824E-05 9.99824E-05 0.286662 0.221741 0.172631
0.016398 0.490088 0.231583 9.99823E-05 0.261732 9.99823E-05
9.99652E-05 9.99652E-05 0.914124 0.0854758 9.99652E-05 9.99652E-05
0.861684 9.99647E-05 0.137917 9.99647E-05 9.99647E-05 9.99647E-05
9.99913E-05 0.221237 0.303942 0.152283 0.0360075 0.28643
9.99737E-05 9.99737E-05 0.0643011 9.99737E-05 0.158194 0.777205
0.0225847 9.99825E-05 0.212779 0.712239 0.0521974 9.99825E-05
9.99738E-05 0.470273 9.99738E-05 9.99738E-05 0.0740351 0.455392
9.99738E-05 9.99738E-05 0.246032 0.0940633 9.99738E-05 0.659605
0.722679 9.99648E-05 9.99648E-05 0.276922 9.99648E-05 9.99648E-05
0.162763 0.0386345 9.99913E-05 0.482123 0.035266 0.281114
0.198153 9.99736E-05 0.586474 9.99736E-05 9.99736E-05 0.215073
9.99824E-05 0.434549 0.0216924 0.338016 0.205543 9.99824E-05
0.185891 0.322812 9.99912E-05 0.367186 0.0347789 0.0892315
9.99651E-05 0.672112 9.99651E-05 0.327488 9.99651E-05 9.99651E-05
0.0732158 0.669095 9.99823E-05 0.141329 9.99823E-05 0.11616
0.259833 9.99647E-05 0.739767 9.99647E-05 9.99647E-05 9.99647E-05
9.99824E-05 0.622837 0.108089 0.102555 9.99824E-05 0.16632
9.99739E-05 0.184169 0.748328 9.99739E-05 0.0672028 9.99739E-05
0.37098 0.0626862 0.566034 9.99737E-05 9.99737E-05 9.99737E-05
0.532854 0.183676 9.99736E-05 0.28317 9.99736E-05 9.99736E-05
9.99736E-05 9.99736E-05 0.567424 9.99736E-05 0.00327141 0.429004
0.329631 0.56069 9.99737E-05 0.109379 9.99737E-05 9.99737E-05
0.131417 9.99649E-05 9.99649E-05 0.868183 9.99649E-05 9.99649E-05
9.99735E-05 9.99735E-05 9.99735E-05 0.437681 0.162867 0.399152
9.99825E-05 0.242238 0.146182 0.313193 0.298187 9.99825E-05
9.99647E-05 9.99647E-05 9.99647E-05 0.0621074 9.99647E-05 0.937493
0.202693 0.145575 0.290173 9.99823E-05 9.99823E-05 0.36136
9.99735E-05 9.99735E-05 0.541064 0.415206 0.0434294 9.99735E-05
9.99735E-05 9.99735E-05 0.522937 0.0209543 9.99735E-05 0.455809
9.99737E-05 9.99737E-05 0.376608 0.390424 0.232667 9.99737E-05
0.651809 0.18375 0.164141 9.99736E-05 9.99736E-05 9.99736E-05
0.439708 0.287238 9.99823E-05 0.0375122 9.99823E-05 0.235341
0.393033 0.371783 0.234884 9.99736E-05 9.99736E-05 9.99736E-05
0.48631 9.99648E-05 9.99648E-05 9.99648E-05 0.51329 9.99648E-05
9.99825E-05 0.0282036 0.246606 0.303712 9.99825E-05 0.421279
9.99824E-05 9.99824E-05 0.631766 0.0316584 0.212649 0.123727
0.17732 9.99824E-05 0.475983 0.126085 0.220412 9.99824E-05
9.99735E-05 0.109214 0.237977 0.652509 9.99735E-05 9.99735E-05
0.00345493 9.99912E-05 0.00470139 0.529647 0.24775 0.214347
0.0838337 9.99824E-05 0.0129402 0.706623 0.196403 9.99824E-05
9.9965E-05 9.9965E-05 9.9965E-05 0.233429 0.766171 9.9965E-05
