0.0574726 9.99737E-05 9.99737E-05 9.99737E-05 0.625354 0.316874
9.996E-05 0.548684 9.996E-05 0.450916 9.996E-05 9.996E-05
0.326721 9.99736E-05 9.99736E-05 0.162119 0.51086 9.99736E-05
0.356033 0.0262015 0.142189 9.99912E-05 0.00580886 0.469668
0.000120749 0.191523 0.190884 9.99912E-05 0.366842 0.250531
0.121829 9.99736E-05 9.99736E-05 0.271506 0.606365 9.99736E-05
0.0232091 0.320087 9.99824E-05 0.518591 0.137913 9.99824E-05
0.122533 0.327303 0.549864 9.99737E-05 9.99737E-05 9.99737E-05
9.99734E-05 0.704831 9.99734E-05 0.0647771 9.99734E-05 0.230092
9.996E-05 9.996E-05 9.996E-05 9.996E-05 0.9995 9.996E-05
0.241289 9.99736E-05 9.99736E-05 0.738309 0.0201024 9.99736E-05
9.99826E-05 0.413915 0.115351 9.99826E-05 0.0197403 0.450793
9.99738E-05 0.416996 9.99738E-05 0.546717 0.0359871 9.99738E-05
0.576606 9.99651E-05 9.99651E-05 9.99651E-05 9.99651E-05 0.422994
0.314123 0.45499 0.203721 9.99825E-05 0.0269664 9.99825E-05
9.99736E-05 0.35189 9.99736E-05 0.425233 9.99736E-05 0.222577
9.99736E-05 0.568964 0.0218885 9.99736E-05 0.408848 9.99736E-05
9.99825E-05 0.296566 9.99825E-05 0.112027 0.281518 0.309689
0.338184 0.426264 9.99737E-05 0.235252 9.99737E-05 9.99737E-05
0.391555 0.434605 0.17354 9.99738E-05 9.99738E-05 9.99738E-05
0.0240325 9.99649E-05 9.99649E-05 0.975568 9.99649E-05 9.99649E-05
0.137116 9.99823E-05 9.99823E-05 0.0999301 0.645819 0.116935
9.99652E-05 0.0215208 9.99652E-05 0.978079 9.99652E-05 9.99652E-05
9.99738E-05 0.496035 9.99738E-05 0.268857 9.99738E-05 0.234808
0.0949752 9.99737E-05 9.99737E-05 0.261123 0.643602 9.99737E-05
9.99737E-05 0.236274 9.99737E-05 0.271617 0.491809 9.99737E-05
0.23246 9.99737E-05 0.229406 0.537834 9.99737E-05 9.99737E-05
9.998E-05 0.203863 0.274974 0.218082 0.30288 9.998E-05
9.99736E-05 9.99736E-05 9.99736E-05 0.0746312 0.207749 0.71732
0.170021 0.303604 9.99738E-05 9.99738E-05 9.99738E-05 0.526075
9.99647E-05 9.99647E-05 9.99647E-05 9.99647E-05 0.391834 0.607766
9.99825E-05 0.274984 0.395048 9.99825E-05 0.166613 0.163156
0.030212 0.0445714 0.172774 0.416713 0.33563 9.99912E-05
0.0795014 9.99737E-05 0.235178 0.685021 9.99737E-05 9.99737E-05
9.9965E-05 0.736462 0.263138 9.9965E-05 9.9965E-05 9.9965E-05
0.144084 9.99647E-05 9.99647E-05 9.99647E-05 0.855516 9.99647E-05
0.424332 9.998E-05 0.430857 9.998E-05 0.0262414 0.11837
0.0279696 0.584925 0.226757 0.160149 9.99825E-05 9.99825E-05
9.99826E-05 0.25853 9.99826E-05 0.281471 0.331847 0.127952
9.997E-05 0.613746 9.997E-05 9.997E-05 0.19339 0.192564
9.99736E-05 9.99736E-05 9.99736E-05 0.649449 0.201914 0.148337
0.10188 0.358898 9.99736E-05 0.538922 9.99736E-05 9.99736E-05
0.0144566 0.196255 9.99826E-05 0.083796 0.705292 9.99826E-05
0.0176203 0.155391 9.99824E-05 0.763913 0.0628753 9.99824E-05
9.99653E-05 0.30403 9.99653E-05 9.99653E-05 0.69557 9.99653E-05
0.380262 0.120017 0.264328 0.120489 0.114804 9.99912E-05
9.99736E-05 0.385707 9.99736E-05 9.99736E-05 0.448192 0.165801
0.736287 0.0937613 0.127287 0.0424645 9.99826E-05 9.99826E-05
0.317057 9.99649E-05 9.99649E-05 9.99649E-05 0.682544 9.99649E-05
9.99736E-05 0.960878 9.99736E-05 0.00561639 9.99736E-05 0.0332056
9.99825E-05 0.672104 0.0402152 0.189466 9.99825E-05 0.0980148
9.99735E-05 0.0416344 0.571078 9.99735E-05 0.386988 9.99735E-05
0.374496 0.30493 9.99824E-05 0.281326 0.0390482 9.99824E-05
9.99823E-05 0.137049 9.99823E-05 0.324526 0.311747 0.226478
9.99648E-05 0.803368 9.99648E-05 0.196232 9.99648E-05 9.99648E-05
0.268269 0.29252 0.0613363 0.265004 0.112771 9.999E-05
0.161625 0.000320022 9.99912E-05 0.476249 0.349577 0.0121301
0.0743788 0.270891 9.999E-05 0.168422 0.401558 0.0846504
9.99736E-05 0.438956 9.99736E-05 0.474452 0.0862922 9.99736E-05
0.25718 0.448191 9.99736E-05 9.99736E-05 0.294329 9.99736E-05
9.99735E-05 0.161494 0.259842 9.99735E-05 0.578365 9.99735E-05
0.221662 9.99737E-05 0.660359 9.99737E-05 0.117679 9.99737E-05
9.99736E-05 9.99736E-05 9.99736E-05 0.251581 0.242739 0.505379
9.99649E-05 9.99649E-05 9.99649E-05 0.0356096 0.963991 9.99649E-05
9.99646E-05 9.99646E-05 9.99646E-05 0.417812 0.581788 9.99646E-05
9.99646E-05 0.421935 0.577665 9.99646E-05 9.99646E-05 9.99646E-05
9.99735E-05 9.99735E-05 9.99735E-05 0.665089 0.143283 0.191328
0.257849 0.0276573 0.403025 0.092424 9.99912E-05 0.218945
0.366589 0.193757 0.159086 0.280368 9.99823E-05 9.99823E-05
9.997E-05 0.308609 0.250457 9.997E-05 0.440634 9.997E-05
0.443664 9.99736E-05 9.99736E-05 9.99736E-05 0.367563 0.188474
9.9965E-05 9.9965E-05 0.714694 9.9965E-05 0.284906 9.9965E-05
9.99825E-05 0.255924 0.0825977 0.30309 9.99825E-05 0.358188
0.763389 9.99651E-05 9.99651E-05 9.99651E-05 0.236211 9.99651E-05
9.99649E-05 0.80756 9.99649E-05 9.99649E-05 0.192041 9.99649E-05
9.99736E-05 0.613859 9.99736E-05 9.99736E-05 0.0190555 0.366785
9.99739E-05 0.162137 9.99739E-05 9.99739E-05 0.785872 0.0516907
0.558322 9.99735E-05 0.227885 9.99735E-05 9.99735E-05 0.213493
9.99652E-05 9.99652E-05 9.99652E-05 0.876493 9.99652E-05 0.123107
0.031389 0.583514 9.99825E-05 0.25256 0.132337 9.99825E-05
0.378769 0.399618 9.99737E-05 0.221313 9.99737E-05 9.99737E-05
0.727793 9.99738E-05 9.99738E-05 0.0832065 0.188701 9.99738E-05
9.99648E-05 0.219539 9.99648E-05 0.780061 9.99648E-05 9.99648E-05
0.175113 9.99736E-05 9.99736E-05 9.99736E-05 0.73151 0.0930768
9.99736E-05 9.99736E-05 0.766654 9.99736E-05 0.206587 0.0264595
9.99824E-05 0.659061 0.102273 0.155574 9.99824E-05 0.0828918
0.248101 0.0893915 9.998E-05 0.43449 0.227818 9.998E-05
0.362111 0.580499 0.05709 9.997E-05 9.997E-05 9.997E-05
9.99653E-05 0.00832169 9.99653E-05 9.99653E-05 9.99653E-05 0.991278
0.021598 9.99824E-05 0.118689 0.246911 0.612602 9.99824E-05
0.304255 0.182561 9.99823E-05 9.99823E-05 0.0155197 0.497464
9.99739E-05 0.470943 0.32868 9.99739E-05 0.200077 9.99739E-05
9.99825E-05 0.373404 0.0567518 9.99825E-05 0.556364 0.0132806
9.996E-05 9.996E-05 9.996E-05 9.996E-05 0.9995 9.996E-05
0.237139 9.99825E-05 0.574469 0.167675 0.0205164 9.99825E-05
9.99824E-05 0.227095 9.99824E-05 0.475492 0.238536 0.0586772
9.99824E-05 0.0276693 9.99824E-05 0.250522 0.619865 0.101744
9.99913E-05 0.356587 0.339698 0.241076 0.0205827 0.0419561
9.99737E-05 9.99737E-05 9.99737E-05 0.513278 0.315318 0.171105
9.99823E-05 0.386507 9.99823E-05 0.451134 0.00416788 0.157991
0.0402017 0.385367 9.99739E-05 9.99739E-05 0.574132 9.99739E-05
9.99824E-05 0.265728 0.111449 9.99824E-05 0.0993211 0.523302
9.996E-05 0.9995 9.996E-05 9.996E-05 9.996E-05 9.996E-05
0.295257 9.99737E-05 0.389311 0.315132 9.99737E-05 9.99737E-05
0.378078 0.260638 9.99911E-05 0.332548 0.00309046 0.0255457
9.99648E-05 0.863665 9.99648E-05 9.99648E-05 0.135935 9.99648E-05
9.99824E-05 0.5867 9.99824E-05 0.120898 0.056846 0.235355
0.0589747 9.99735E-05 9.99735E-05 0.465437 9.99735E-05 0.475288
9.996E-05 0.704783 9.996E-05 9.996E-05 0.294817 9.996E-05
9.99825E-05 0.0391088 0.84428 0.0204786 0.0959328 9.99825E-05
0.837605 0.0214222 0.140672 9.99739E-05 9.99739E-05 9.99739E-05
9.99912E-05 0.155643 0.0200412 0.370392 0.111822 0.342001
0.267703 0.714626 9.99736E-05 9.99736E-05 0.0173714 9.99736E-05
0.013161 9.99735E-05 9.99735E-05 0.405369 0.58117 9.99735E-05
9.99651E-05 9.99651E-05 9.99651E-05 9.99651E-05 0.156788 0.842813
0.801462 9.99738E-05 9.99738E-05 9.99738E-05 0.130672 0.0675663
9.99736E-05 0.223177 9.99736E-05 0.449028 9.99736E-05 0.327496
9.996E-05 9.996E-05 9.996E-05 0.505495 9.996E-05 0.494105
0.241478 0.0273923 9.99823E-05 0.502952 9.99823E-05 0.227978
0.501172 9.99737E-05 0.498225 0.000303828 9.99737E-05 9.99737E-05
0.0643252 0.439247 9.99824E-05 0.298623 0.197605 9.99824E-05
0.274457 9.998E-05 9.998E-05 0.236735 0.481979 0.00662953
0.353724 9.99825E-05 9.99825E-05 0.450223 0.0994758 0.0963775
0.428864 0.334135 0.236702 9.99736E-05 9.99736E-05 9.99736E-05
0.152129 9.997E-05 9.997E-05 9.997E-05 0.692694 0.154877
9.99736E-05 9.99736E-05 0.327263 0.174441 9.99736E-05 0.497996
9.9974E-05 0.0952881 0.657837 0.246575 9.9974E-05 9.9974E-05
0.9995 9.996E-05 9.996E-05 9.996E-05 9.996E-05 9.996E-05
9.99737E-05 9.99737E-05 0.241456 0.361927 9.99737E-05 0.396317
0.11052 0.289295 0.0334784 0.447264 0.119343 9.999E-05
9.99911E-05 0.196567 0.0187536 0.43958 0.102965 0.242035
0.787392 9.9965E-05 9.9965E-05 9.9965E-05 0.212209 9.9965E-05
0.11028 0.522162 9.99825E-05 0.0334473 0.33391 9.99825E-05
9.99738E-05 9.99738E-05 0.0509633 0.261171 0.687566 9.99738E-05
0.641194 0.348115 9.99737E-05 9.99737E-05 0.0103912 9.99737E-05
0.903802 0.095798 9.99648E-05 9.99648E-05 9.99648E-05 9.99648E-05
9.99828E-05 0.406185 9.99828E-05 0.344957 0.241867 0.00679013
9.99735E-05 0.117215 0.262667 0.619819 9.99735E-05 9.99735E-05
9.99824E-05 0.794768 0.165094 0.0199002 0.0200375 9.99824E-05
9.9965E-05 0.885694 9.9965E-05 9.9965E-05 9.9965E-05 0.113906
9.99738E-05 0.152809 0.0288287 0.818062 9.99738E-05 9.99738E-05
9.99647E-05 9.99647E-05 9.99647E-05 0.489716 0.509884 9.99647E-05
0.200513 0.190654 9.99737E-05 9.99737E-05 9.99737E-05 0.608533
0.170113 9.998E-05 0.202283 0.518075 0.109329 9.998E-05
9.99737E-05 0.353491 0.436357 9.99737E-05 0.209852 9.99737E-05
9.996E-05 0.9995 9.996E-05 9.996E-05 9.996E-05 9.996E-05
9.99824E-05 0.0990884 9.99824E-05 0.485376 0.216618 0.198718
0.434089 9.997E-05 9.997E-05 9.997E-05 0.356976 0.208635
0.151748 0.761493 0.086459 9.99737E-05 9.99737E-05 9.99737E-05
9.9965E-05 0.500681 9.9965E-05 0.49892 9.9965E-05 9.9965E-05
0.0583093 9.99824E-05 0.0955768 0.588518 0.257395 9.99824E-05
0.0494609 0.85539 9.99823E-05 0.0241607 0.0707886 9.99823E-05
0.200182 9.99825E-05 0.061298 0.677766 0.0605536 9.99825E-05
9.99825E-05 0.272747 9.99825E-05 0.282713 0.0467677 0.397572
0.448622 9.99651E-05 9.99651E-05 9.99651E-05 0.550978 9.99651E-05
0.287249 9.99912E-05 0.325193 0.198471 0.160844 0.0281434
0.109885 0.810605 0.0792105 9.99735E-05 9.99735E-05 9.99735E-05
0.469578 0.337469 9.99737E-05 0.192654 9.99737E-05 9.99737E-05
9.99823E-05 0.318588 0.299636 9.99823E-05 0.31682 0.0647565
9.99736E-05 9.99736E-05 0.133101 0.132877 0.733722 9.99736E-05
9.996E-05 9.996E-05 9.996E-05 0.9995 9.996E-05 9.996E-05
9.997E-05 0.282726 0.155144 9.997E-05 0.56183 9.997E-05
9.99738E-05 0.561635 0.393148 0.0449171 9.99738E-05 9.99738E-05
9.99736E-05 9.99736E-05 9.99736E-05 0.689673 0.260878 0.0491493
9.99826E-05 0.182048 0.244018 0.504527 9.99826E-05 0.0692072
9.9965E-05 0.86003 9.9965E-05 0.13957 9.9965E-05 9.9965E-05
9.99736E-05 9.99736E-05 0.414342 9.99736E-05 0.13186 0.453498
0.170796 0.828804 9.99646E-05 9.99646E-05 9.99646E-05 9.99646E-05
9.99739E-05 9.99739E-05 0.750149 9.99739E-05 0.179295 0.0702564
9.99824E-05 0.00283645 9.99824E-05 0.227114 0.28423 0.485619
0.332164 0.0880038 9.99825E-05 0.367093 9.99825E-05 0.212539
0.0123039 0.473625 9.997E-05 0.513771 9.997E-05 9.997E-05
9.99647E-05 0.772305 9.99647E-05 9.99647E-05 0.227295 9.99647E-05
9.997E-05 0.633986 9.997E-05 0.136323 0.229392 9.997E-05
0.299848 0.0710326 9.99735E-05 9.99735E-05 0.628819 9.99735E-05
0.0525877 0.619053 9.99823E-05 0.174991 0.153168 9.99823E-05
9.99738E-05 0.380577 0.0749213 0.544201 9.99738E-05 9.99738E-05
9.99736E-05 0.668137 9.99736E-05 0.0524632 0.2791 9.99736E-05
0.0443692 0.543073 9.997E-05 9.997E-05 9.997E-05 0.412258
9.99647E-05 0.0710117 9.99647E-05 9.99647E-05 0.928588 9.99647E-05
0.00316673 0.354888 0.463061 0.178684 9.99824E-05 9.99824E-05
0.059908 0.388589 0.424758 0.126545 9.99825E-05 9.99825E-05
0.332376 0.370723 9.99824E-05 0.191355 0.105346 9.99824E-05
0.2043 0.7953 9.99648E-05 9.99648E-05 9.99648E-05 9.99648E-05
0.163424 0.282285 0.0116114 0.412043 0.130536 9.99913E-05
9.996E-05 9.996E-05 9.996E-05 0.622986 0.376614 9.996E-05
0.242082 0.206298 9.998E-05 9.998E-05 0.230607 0.320814
0.699739 9.99648E-05 0.299862 9.99648E-05 9.99648E-05 9.99648E-05
9.99735E-05 0.0768506 0.0504958 9.99735E-05 0.872354 9.99735E-05
9.9974E-05 0.836383 9.9974E-05 0.155357 9.9974E-05 0.00796038
9.99735E-05 9.99735E-05 0.14481 0.417793 0.437097 9.99735E-05
0.161363 0.472367 9.998E-05 0.214529 0.151542 9.998E-05
9.99735E-05 0.00479655 9.99735E-05 0.126099 9.99735E-05 0.868804
9.997E-05 9.997E-05 0.277737 0.68581 0.0361532 9.997E-05
9.996E-05 0.61592 9.996E-05 0.38368 9.996E-05 9.996E-05
9.99735E-05 0.270079 0.51496 0.214661 9.99735E-05 9.99735E-05
9.99825E-05 0.316028 0.357894 0.0340337 0.291844 9.99825E-05
9.99736E-05 0.0175533 9.99736E-05 0.6007 0.381447 9.99736E-05
0.275322 0.397132 0.176163 9.99825E-05 0.151184 9.99825E-05
0.0174361 0.41952 0.147367 9.99824E-05 0.415477 9.99824E-05
0.910505 9.99737E-05 0.00189637 9.99737E-05 9.99737E-05 0.0872985
9.9965E-05 9.9965E-05 0.38162 9.9965E-05 9.9965E-05 0.61798
9.99739E-05 9.99739E-05 9.99739E-05 0.542511 0.208949 0.24824
0.237071 0.0940445 9.99825E-05 0.226933 0.441751 9.99825E-05
0.0951833 9.997E-05 9.997E-05 0.83624 0.0682763 9.997E-05
0.478626 0.301459 9.99736E-05 0.219615 9.99736E-05 9.99736E-05
0.328308 0.239076 0.181842 0.00507571 9.99912E-05 0.245599
0.660274 9.99648E-05 0.339326 9.99648E-05 9.99648E-05 9.99648E-05
0.00177517 9.997E-05 9.997E-05 0.54277 9.997E-05 0.455155
0.150277 0.0247522 9.99912E-05 0.545685 0.10753 0.171656
0.24992 0.184976 9.99912E-05 0.186885 0.0731578 0.304961
0.104364 9.99824E-05 9.99824E-05 0.351158 0.045003 0.499275
0.21408 0.534581 9.99912E-05 0.0918273 0.0113373 0.148075
9.99737E-05 0.0301981 9.99737E-05 0.0325564 0.936946 9.99737E-05
0.681574 0.288689 9.99737E-05 9.99737E-05 9.99737E-05 0.0294368
9.99738E-05 0.126893 9.99738E-05 9.99738E-05 0.0291766 0.84363
0.0333848 9.99737E-05 9.99737E-05 0.578104 0.388211 9.99737E-05
0.00837852 0.0505822 0.150139 9.99912E-05 0.422097 0.368704
9.99648E-05 0.553054 0.446546 9.99648E-05 9.99648E-05 9.99648E-05
9.99645E-05 0.407105 0.592495 9.99645E-05 9.99645E-05 9.99645E-05
9.99649E-05 0.210734 9.99649E-05 9.99649E-05 0.788867 9.99649E-05
0.065341 0.850617 9.99824E-05 0.0579905 9.99824E-05 0.025852
9.99736E-05 0.260045 9.99736E-05 0.436107 9.99736E-05 0.303548
9.99739E-05 0.452271 9.99739E-05 0.114495 0.432934 9.99739E-05
9.99824E-05 0.317491 9.99824E-05 0.26224 0.141965 0.278104
9.99825E-05 0.536273 9.99825E-05 0.0145712 0.405383 0.0435723
9.99738E-05 0.802831 0.0435261 0.153343 9.99738E-05 9.99738E-05
0.10216 0.0758402 0.280544 0.541256 9.998E-05 9.998E-05
0.157517 9.99735E-05 9.99735E-05 0.626594 0.215589 9.99735E-05
0.164137 9.999E-05 0.191009 0.153651 0.104423 0.386681
0.00529656 0.527839 0.261337 9.99825E-05 0.205327 9.99825E-05
9.99912E-05 0.0816696 0.0509572 0.425047 0.035593 0.406634
0.658774 0.247334 0.0935923 9.99736E-05 9.99736E-05 9.99736E-05
9.9965E-05 0.364631 9.9965E-05 9.9965E-05 9.9965E-05 0.634969
9.996E-05 0.821962 9.996E-05 9.996E-05 9.996E-05 0.177638
9.99824E-05 0.0757351 0.147301 0.430931 0.345833 9.99824E-05
9.99736E-05 0.1221 0.617839 9.99736E-05 0.259761 9.99736E-05
9.99647E-05 0.695902 9.99647E-05 9.99647E-05 9.99647E-05 0.303698
0.100629 9.99737E-05 0.760541 0.138529 9.99737E-05 9.99737E-05
0.00974745 0.600482 0.0550576 0.0168924 0.270646 0.0471746
9.997E-05 0.292271 9.997E-05 0.528376 0.179052 9.997E-05
9.99825E-05 0.155248 0.0160691 0.257706 9.99825E-05 0.570777
0.792846 0.146798 9.99734E-05 9.99734E-05 9.99734E-05 0.0600569
9.99736E-05 0.816727 0.040843 9.99736E-05 0.14213 9.99736E-05
0.363492 0.501775 9.99735E-05 9.99735E-05 0.134433 9.99735E-05
9.99737E-05 0.856078 9.99737E-05 9.99737E-05 0.0791489 0.0644731
0.552646 0.151995 0.0443924 0.146152 9.99912E-05 0.104715
9.997E-05 0.587524 0.195619 9.997E-05 9.997E-05 0.216557
0.29296 9.99647E-05 9.99647E-05 0.70664 9.99647E-05 9.99647E-05
0.586733 9.99652E-05 9.99652E-05 9.99652E-05 0.412867 9.99652E-05
9.99737E-05 0.0536029 0.499779 9.99737E-05 0.446318 9.99737E-05
0.140735 9.9965E-05 9.9965E-05 9.9965E-05 9.9965E-05 0.858865
0.0133754 0.541623 9.998E-05 9.998E-05 0.140704 0.304098
9.99824E-05 0.0486794 0.547396 0.223638 0.180087 9.99824E-05
9.99824E-05 0.571773 9.99824E-05 0.268698 0.154381 0.00494808
0.505468 9.99736E-05 9.99736E-05 0.265873 0.228359 9.99736E-05
9.99647E-05 0.506203 9.99647E-05 9.99647E-05 0.493397 9.99647E-05
9.99649E-05 0.380222 9.99649E-05 0.619379 9.99649E-05 9.99649E-05
9.99739E-05 0.633337 9.99739E-05 0.069514 9.99739E-05 0.296849
9.99824E-05 0.524339 0.0651074 0.197308 9.99824E-05 0.213046
9.99738E-05 0.572327 0.0895314 9.99738E-05 0.337842 9.99738E-05
