9.9956E-05 9.9956E-05 9.9956E-05 0.161356 0.378847 9.9956E-05 0.248657 9.9956E-05 0.210641
9.99561E-05 0.363215 9.99561E-05 0.113974 9.99561E-05 0.388915 9.99561E-05 0.133396 9.99561E-05
9.99649E-05 0.373353 0.0590623 0.127184 0.336914 9.99649E-05 9.99649E-05 9.99649E-05 0.103088
9.99385E-05 9.99385E-05 9.99385E-05 0.605142 9.99385E-05 0.394159 9.99385E-05 9.99385E-05 9.99385E-05
9.9947E-05 9.9947E-05 9.9947E-05 9.9947E-05 0.0722517 0.0812592 9.9947E-05 9.9947E-05 0.845889
0.448351 0.192244 9.99473E-05 9.99473E-05 9.99473E-05 9.99473E-05 9.99473E-05 9.99473E-05 0.358806
9.99647E-05 0.0174823 9.99647E-05 0.535777 0.277318 0.0310629 9.99647E-05 0.137961 9.99647E-05
9.99648E-05 9.99648E-05 0.432821 0.134286 0.0072558 9.99648E-05 0.131403 0.293834 9.99648E-05
9.99472E-05 9.99472E-05 0.764747 9.99472E-05 9.99472E-05 0.0433366 9.99472E-05 9.99472E-05 0.191317
0.154958 9.99473E-05 0.0186008 9.99473E-05 0.825841 9.99473E-05 9.99473E-05 9.99473E-05 9.99473E-05
9.99557E-05 9.99557E-05 0.564465 0.0887623 0.00735393 9.99557E-05 0.338919 9.99557E-05 9.99557E-05
9.99474E-05 9.99474E-05 0.15818 0.193592 9.99474E-05 9.99474E-05 9.99474E-05 0.647629 9.99474E-05
9.99563E-05 0.0861937 9.99563E-05 0.351706 9.99563E-05 9.99563E-05 9.99563E-05 0.386928 0.174672
0.0265526 0.117203 0.0683422 9.99735E-05 0.143444 0.294964 0.349195 9.99735E-05 9.99735E-05
0.217203 9.99475E-05 9.99475E-05 9.99475E-05 0.420592 9.99475E-05 9.99475E-05 0.361605 9.99475E-05
0.050505 0.109161 9.99737E-05 9.99737E-05 9.99737E-05 0.0581785 0.606905 0.121226 0.0537249
9.99473E-05 9.99473E-05 9.99473E-05 9.99473E-05 0.290168 9.99473E-05 0.405603 0.303629 9.99473E-05
9.99472E-05 9.99472E-05 9.99472E-05 0.609057 0.364125 9.99472E-05 9.99472E-05 9.99472E-05 0.0262188
9.9956E-05 0.624855 9.9956E-05 9.9956E-05 0.136287 9.9956E-05 0.190533 9.9956E-05 0.0478252
9.99562E-05 0.0709374 9.99562E-05 9.99562E-05 0.165534 0.529874 9.99562E-05 0.233155 9.99562E-05
9.99474E-05 9.99474E-05 0.293397 0.415729 9.99474E-05 9.99474E-05 0.290274 9.99474E-05 9.99474E-05
9.99737E-05 9.99737E-05 0.292114 0.233276 0.0361682 9.99737E-05 0.324577 0.0506513 0.062913
0.113234 9.99564E-05 9.99564E-05 0.248788 0.262592 9.99564E-05 0.374887 9.99564E-05 9.99564E-05
0.894784 0.104516 9.99385E-05 9.99385E-05 9.99385E-05 9.99385E-05 9.99385E-05 9.99385E-05 9.99385E-05
9.99471E-05 9.99471E-05 9.99471E-05 0.629223 9.99471E-05 0.138459 0.231718 9.99471E-05 9.99471E-05
9.99475E-05 9.99475E-05 9.99475E-05 9.99475E-05 9.99475E-05 0.110358 0.339878 0.549165 9.99475E-05
9.997E-05 0.167278 0.109914 9.997E-05 0.08812 9.997E-05 0.43426 0.131368 0.0687614
9.99478E-05 9.99478E-05 0.339805 9.99478E-05 9.99478E-05 9.99478E-05 0.515269 0.144326 9.99478E-05
9.9956E-05 9.9956E-05 9.9956E-05 9.9956E-05 0.335322 0.357237 0.28763 0.0193122 9.9956E-05
0.658434 9.9956E-05 0.00320194 9.9956E-05 9.9956E-05 9.9956E-05 0.177782 0.160082 9.9956E-05
9.9956E-05 9.9956E-05 0.357588 9.9956E-05 0.0780729 0.376736 0.187103 9.9956E-05 9.9956E-05
9.9956E-05 9.9956E-05 0.888724 9.9956E-05 0.0282518 9.9956E-05 0.0572158 9.9956E-05 0.0253084
9.99477E-05 0.396131 0.576278 9.99477E-05 9.99477E-05 9.99477E-05 0.0269911 9.99477E-05 9.99477E-05
0.333781 9.99473E-05 9.99473E-05 0.569054 9.99473E-05 9.99473E-05 9.99473E-05 9.99473E-05 0.0965657
9.99471E-05 9.99471E-05 9.99471E-05 9.99471E-05 9.99471E-05 9.99471E-05 0.317345 0.348902 0.333153
9.99474E-05 0.395433 0.50351 9.99474E-05 0.100457 9.99474E-05 9.99474E-05 9.99474E-05 9.99474E-05
0.0990592 9.99647E-05 0.128446 9.99647E-05 0.397955 9.99647E-05 9.99647E-05 0.0713421 0.302798
0.0505289 0.24052 0.278716 9.9956E-05 9.9956E-05 9.9956E-05 0.429735 9.9956E-05 9.9956E-05
0.344586 9.99566E-05 9.99566E-05 9.99566E-05 9.99566E-05 0.176393 9.99566E-05 0.164424 0.314098
9.99566E-05 0.228532 9.99566E-05 9.99566E-05 0.117942 0.290846 9.99566E-05 0.362181 9.99566E-05
9.99386E-05 9.99386E-05 0.633062 0.366238 9.99386E-05 9.99386E-05 9.99386E-05 9.99386E-05 9.99386E-05
9.99824E-05 0.0617401 0.121178 0.115781 9.99824E-05 0.438552 0.192592 0.0663076 0.00364903
0.0464133 0.138041 0.420233 0.0442242 9.99647E-05 9.99647E-05 9.99647E-05 9.99647E-05 0.350689
9.994E-05 9.994E-05 0.108113 9.994E-05 9.994E-05 9.994E-05 0.166499 9.994E-05 0.724788
9.99647E-05 0.126776 0.495619 9.99647E-05 0.027878 0.204702 0.144626 9.99647E-05 9.99647E-05
9.99472E-05 9.99472E-05 9.99472E-05 9.99472E-05 0.365009 9.99472E-05 0.625032 9.99472E-05 0.00935878
9.99649E-05 0.462493 0.125499 0.0539168 9.99649E-05 9.99649E-05 0.341738 9.99649E-05 0.0159539
9.9965E-05 9.9965E-05 0.0575363 9.9965E-05 0.298906 0.107208 9.9965E-05 0.197646 0.338303
9.99558E-05 9.99558E-05 9.99558E-05 9.99558E-05 0.226962 9.99558E-05 0.315658 0.00481446 0.452065
9.99473E-05 9.99473E-05 0.295891 9.99473E-05 9.99473E-05 9.99473E-05 0.167101 9.99473E-05 0.536408
9.99386E-05 9.99386E-05 9.99386E-05 9.99386E-05 0.288178 0.711122 9.99386E-05 9.99386E-05 9.99386E-05
9.99388E-05 9.99388E-05 0.652762 9.99388E-05 0.346538 9.99388E-05 9.99388E-05 9.99388E-05 9.99388E-05
0.147241 9.9956E-05 9.9956E-05 9.9956E-05 0.560281 9.9956E-05 0.00326775 0.288711 9.9956E-05
9.9956E-05 9.9956E-05 0.386161 9.9956E-05 0.488669 0.123453 0.00121722 9.9956E-05 9.9956E-05
9.99477E-05 9.99477E-05 0.720292 0.20362 9.99477E-05 0.0754885 9.99477E-05 9.99477E-05 9.99477E-05
9.99562E-05 0.0747336 9.99562E-05 9.99562E-05 9.99562E-05 0.0563211 0.744123 9.99562E-05 0.124322
0.0492325 0.298594 9.99737E-05 0.0762715 0.419146 0.053675 0.102781 9.99737E-05 9.99737E-05
9.99561E-05 0.292976 0.582233 0.0235807 0.100711 9.99561E-05 9.99561E-05 9.99561E-05 9.99561E-05
9.994E-05 9.994E-05 9.994E-05 9.994E-05 0.771035 9.994E-05 0.0627497 0.165615 9.994E-05
0.421737 0.13159 9.99472E-05 9.99472E-05 9.99472E-05 9.99472E-05 0.446073 9.99472E-05 9.99472E-05
9.99473E-05 9.99473E-05 9.99473E-05 9.99473E-05 0.367243 0.0671388 0.565019 9.99473E-05 9.99473E-05
0.253583 9.99648E-05 0.125191 9.99648E-05 0.332387 9.99648E-05 0.280209 9.99648E-05 0.00823006
9.99382E-05 9.99382E-05 0.461003 9.99382E-05 0.538298 9.99382E-05 9.99382E-05 9.99382E-05 9.99382E-05
9.99561E-05 9.99561E-05 0.264535 9.99561E-05 0.145636 0.490076 9.99561E-05 9.99561E-05 0.0992526
0.106083 0.0886213 9.99648E-05 9.99648E-05 0.368168 9.99648E-05 0.203137 0.233591 9.99648E-05
9.99381E-05 9.99381E-05 9.99381E-05 9.99381E-05 9.99381E-05 9.99381E-05 0.436084 0.563216 9.99381E-05
9.994E-05 9.994E-05 9.994E-05 9.994E-05 9.994E-05 0.499694 0.456935 0.0427712 9.994E-05
0.302312 9.99561E-05 9.99561E-05 0.130812 9.99561E-05 9.99561E-05 9.99561E-05 0.0418308 0.524545
9.99387E-05 9.99387E-05 9.99387E-05 9.99387E-05 0.648796 9.99387E-05 9.99387E-05 9.99387E-05 0.350504
9.9965E-05 0.298549 0.0046124 9.9965E-05 0.165796 0.184497 9.9965E-05 0.346146 9.9965E-05
0.0794311 9.99561E-05 0.205728 9.99561E-05 9.99561E-05 9.99561E-05 0.244514 9.99561E-05 0.469826
0.0131615 0.376439 0.226306 9.99736E-05 0.112309 9.99736E-05 0.263345 0.00814044 9.99736E-05
0.0745671 9.99649E-05 0.148438 9.99649E-05 0.292883 9.99649E-05 9.99649E-05 0.17149 0.312223
9.995E-05 9.995E-05 0.321794 0.264007 9.995E-05 0.172708 9.995E-05 9.995E-05 0.240991
9.99475E-05 9.99475E-05 9.99475E-05 9.99475E-05 0.226264 9.99475E-05 9.99475E-05 0.743899 0.0292371
0.575667 0.0456703 9.9956E-05 9.9956E-05 9.9956E-05 0.169197 0.208965 9.9956E-05 9.9956E-05
9.99737E-05 0.20707 0.22334 9.99737E-05 0.0233017 0.2777 0.137624 9.99737E-05 0.130664
9.99472E-05 9.99472E-05 9.99472E-05 9.99472E-05 0.508157 9.99472E-05 0.136235 0.355009 9.99472E-05
9.99559E-05 9.99559E-05 0.478554 0.0870149 0.147292 9.99559E-05 9.99559E-05 0.286639 9.99559E-05
9.994E-05 9.994E-05 9.994E-05 0.152192 0.0374075 9.994E-05 9.994E-05 9.994E-05 0.809801
0.00399891 0.00037884 0.293335 9.99735E-05 0.430575 9.99735E-05 0.14869 0.122722 9.99735E-05
9.994E-05 0.238971 0.606695 0.153734 9.994E-05 9.994E-05 9.994E-05 9.994E-05 9.994E-05
9.9956E-05 0.548755 0.0471012 9.9956E-05 9.9956E-05 0.394967 9.9956E-05 9.9956E-05 0.00867705
9.99472E-05 9.99472E-05 0.797425 0.181108 9.99472E-05 9.99472E-05 9.99472E-05 0.0208668 9.99472E-05
9.99562E-05 9.99562E-05 0.39493 9.99562E-05 9.99562E-05 0.125056 0.104882 9.99562E-05 0.374632
0.435219 9.99563E-05 9.99563E-05 9.99563E-05 0.103507 9.99563E-05 0.198005 9.99563E-05 0.262769
9.99382E-05 9.99382E-05 0.643731 0.35557 9.99382E-05 9.99382E-05 9.99382E-05 9.99382E-05 9.99382E-05
9.99559E-05 9.99559E-05 0.105598 0.53507 9.99559E-05 9.99559E-05 9.99559E-05 0.251264 0.107568
9.99563E-05 9.99563E-05 0.189589 9.99563E-05 0.27084 0.529237 0.00983446 9.99563E-05 9.99563E-05
0.106093 9.9965E-05 0.412273 9.9965E-05 9.9965E-05 9.9965E-05 0.168387 0.0897825 0.223064
0.174978 9.99648E-05 0.394338 9.99648E-05 9.99648E-05 0.0422936 0.0728943 0.315096 9.99648E-05
9.99473E-05 9.99473E-05 9.99473E-05 0.325199 9.99473E-05 0.197975 9.99473E-05 9.99473E-05 0.476226
0.396617 9.99474E-05 0.114086 9.99474E-05 9.99474E-05 9.99474E-05 0.488698 9.99474E-05 9.99474E-05
0.0920997 0.25263 0.186348 0.317841 0.126115 0.0246653 9.997E-05 9.997E-05 9.997E-05
0.338886 9.99471E-05 9.99471E-05 9.99471E-05 0.13706 0.523455 9.99471E-05 9.99471E-05 9.99471E-05
0.064399 9.99824E-05 0.0821363 0.0883059 0.0220895 9.99824E-05 0.203876 0.399901 0.139092
9.99472E-05 0.639114 9.99472E-05 9.99472E-05 0.099013 9.99472E-05 9.99472E-05 0.261273 9.99472E-05
9.99559E-05 9.99559E-05 9.99559E-05 9.99559E-05 0.491655 0.20381 0.280436 0.0235992 9.99559E-05
9.993E-05 9.993E-05 0.999201 9.993E-05 9.993E-05 9.993E-05 9.993E-05 9.993E-05 9.993E-05
9.99648E-05 0.103384 0.0502097 9.99648E-05 0.650251 9.99648E-05 9.99648E-05 0.182092 0.0136632
0.183337 0.738756 9.99475E-05 9.99475E-05 9.99475E-05 9.99475E-05 9.99475E-05 0.0773079 9.99475E-05
9.9939E-05 9.9939E-05 9.9939E-05 9.9939E-05 9.9939E-05 9.9939E-05 0.0361512 9.9939E-05 0.963149
0.237679 0.0122767 9.99565E-05 9.99565E-05 0.414291 9.99565E-05 9.99565E-05 9.99565E-05 0.335254
0.489752 0.0536291 9.99558E-05 9.99558E-05 0.0301405 9.99558E-05 0.425978 9.99558E-05 9.99558E-05
9.99476E-05 0.213371 0.0558833 9.99476E-05 9.99476E-05 9.99476E-05 0.730146 9.99476E-05 9.99476E-05
0.149877 9.996E-05 9.996E-05 9.996E-05 0.343337 0.102176 9.996E-05 0.171779 0.232433
9.99469E-05 9.99469E-05 0.819592 9.99469E-05 0.0122341 9.99469E-05 9.99469E-05 9.99469E-05 0.167574
9.99563E-05 0.0931608 0.0609738 9.99563E-05 9.99563E-05 9.99563E-05 0.105936 0.739429 9.99563E-05
9.99558E-05 9.99558E-05 0.68297 0.0778407 9.99558E-05 9.99558E-05 0.151049 0.0876409 9.99558E-05
0.310834 9.99558E-05 0.108619 0.166662 9.99558E-05 9.99558E-05 0.413385 9.99558E-05 9.99558E-05
9.99474E-05 9.99474E-05 0.519858 9.99474E-05 9.99474E-05 9.99474E-05 0.100807 9.99474E-05 0.378736
0.132657 0.348571 9.99558E-05 9.99558E-05 0.3493 9.99558E-05 9.99558E-05 0.168972 9.99558E-05
9.99471E-05 0.369867 9.99471E-05 9.99471E-05 0.585548 9.99471E-05 0.0439853 9.99471E-05 9.99471E-05
0.0224738 0.0653391 9.99471E-05 9.99471E-05 0.911587 9.99471E-05 9.99471E-05 9.99471E-05 9.99471E-05
0.0890876 0.107496 0.261565 9.99562E-05 0.541352 9.99562E-05 9.99562E-05 9.99562E-05 9.99562E-05
9.99562E-05 0.00781674 0.612323 0.0707207 9.99562E-05 0.30864 9.99562E-05 9.99562E-05 9.99562E-05
0.355132 9.99472E-05 9.99472E-05 9.99472E-05 0.520194 9.99472E-05 9.99472E-05 0.124075 9.99472E-05
0.336314 9.99476E-05 9.99476E-05 9.99476E-05 9.99476E-05 9.99476E-05 0.238562 9.99476E-05 0.424524
9.99559E-05 0.559119 0.317361 9.99559E-05 0.0569248 9.99559E-05 9.99559E-05 9.99559E-05 0.0660957
0.00358737 9.99474E-05 9.99474E-05 9.99474E-05 9.99474E-05 0.299687 0.696126 9.99474E-05 9.99474E-05
0.247747 9.9947E-05 9.9947E-05 9.9947E-05 0.546635 9.9947E-05 0.205018 9.9947E-05 9.9947E-05
9.9965E-05 0.0334994 0.399474 9.9965E-05 0.225296 9.9965E-05 0.314844 9.9965E-05 0.0264878
0.395941 9.99561E-05 0.0658259 0.0900281 9.99561E-05 9.99561E-05 0.447705 9.99561E-05 9.99561E-05
9.99562E-05 9.99562E-05 0.015697 0.230965 9.99562E-05 0.0842395 0.668599 9.99562E-05 9.99562E-05
9.99648E-05 0.124675 9.99648E-05 9.99648E-05 0.0415209 0.171365 0.587525 9.99648E-05 0.0745147
9.99474E-05 0.0535102 0.263758 9.99474E-05 9.99474E-05 9.99474E-05 9.99474E-05 9.99474E-05 0.682132
9.99556E-05 9.99556E-05 0.209623 9.99556E-05 0.277964 9.99556E-05 9.99556E-05 0.135978 0.375934
0.284559 9.9956E-05 9.9956E-05 0.056253 0.0617485 0.596939 9.9956E-05 9.9956E-05 9.9956E-05
0.0325052 0.131962 9.99647E-05 9.99647E-05 0.370641 9.99647E-05 0.403215 0.0612763 9.99647E-05
0.012529 0.0432251 0.097423 9.99647E-05 9.99647E-05 9.99647E-05 0.25004 9.99647E-05 0.596383
0.0880541 9.99558E-05 9.99558E-05 9.99558E-05 9.99558E-05 9.99558E-05 0.444614 0.0767311 0.390101
9.99558E-05 9.99558E-05 0.134533 0.318202 9.99558E-05 9.99558E-05 0.141013 9.99558E-05 0.405752
0.736774 9.99384E-05 9.99384E-05 9.99384E-05 9.99384E-05 9.99384E-05 0.262527 9.99384E-05 9.99384E-05
9.99474E-05 9.99474E-05 9.99474E-05 0.170407 9.99474E-05 9.99474E-05 9.99474E-05 0.539837 0.289157
0.0267414 0.0606749 9.9956E-05 0.00897346 9.9956E-05 9.9956E-05 9.9956E-05 0.90311 9.9956E-05
0.313086 9.99562E-05 9.99562E-05 0.0673795 0.158585 9.99562E-05 9.99562E-05 0.46045 9.99562E-05
9.993E-05 9.993E-05 9.993E-05 9.993E-05 0.999201 9.993E-05 9.993E-05 9.993E-05 9.993E-05
9.99646E-05 9.99646E-05 0.0607049 9.99646E-05 0.0779446 0.192814 0.398929 0.269208 9.99646E-05
0.508829 9.99471E-05 0.381805 9.99471E-05 9.99471E-05 9.99471E-05 9.99471E-05 9.99471E-05 0.108767
0.412735 9.994E-05 0.542515 9.994E-05 0.0441508 9.994E-05 9.994E-05 9.994E-05 9.994E-05
0.570531 9.99648E-05 9.99648E-05 0.0131313 0.319655 9.99648E-05 0.0623794 0.0339036 9.99648E-05
9.99559E-05 9.99559E-05 0.339125 0.208678 0.0453874 0.40631 9.99559E-05 9.99559E-05 9.99559E-05
9.99561E-05 9.99561E-05 9.99561E-05 0.0961785 0.0586041 9.99561E-05 0.836571 9.99561E-05 0.00814614
0.463074 0.0393769 0.134592 9.99735E-05 0.00514446 0.237086 9.99735E-05 9.99735E-05 0.120427
9.99648E-05 9.99648E-05 0.269741 9.99648E-05 0.232222 0.131146 0.330639 9.99648E-05 0.0358518
9.99472E-05 9.99472E-05 9.99472E-05 9.99472E-05 0.537428 0.406435 9.99472E-05 9.99472E-05 0.0555371
0.00137928 9.9974E-05 0.325274 0.0192482 9.9974E-05 9.9974E-05 0.307462 0.345666 0.000671092
9.99475E-05 0.122757 9.99475E-05 9.99475E-05 9.99475E-05 9.99475E-05 9.99475E-05 0.132517 0.744125
9.994E-05 9.994E-05 9.994E-05 0.491612 0.305408 9.994E-05 9.994E-05 0.20238 9.994E-05
9.996E-05 9.996E-05 9.996E-05 0.122569 0.204785 0.208475 0.311784 9.996E-05 0.151988
9.9956E-05 0.260565 9.9956E-05 0.523105 0.0932265 9.9956E-05 0.122603 9.9956E-05 9.9956E-05
9.99646E-05 9.99646E-05 0.441895 0.161498 0.117584 9.99646E-05 9.99646E-05 0.194621 0.0840017
0.38383 0.512641 9.99561E-05 0.0822392 9.99561E-05 9.99561E-05 9.99561E-05 9.99561E-05 0.0207894
9.99559E-05 0.255276 9.99559E-05 9.99559E-05 9.99559E-05 0.234149 9.99559E-05 0.22533 0.284746
9.99561E-05 9.99561E-05 0.0858422 0.4136 0.471304 0.0287546 9.99561E-05 9.99561E-05 9.99561E-05
9.993E-05 9.993E-05 9.993E-05 9.993E-05 9.993E-05 9.993E-05 0.999201 9.993E-05 9.993E-05
9.99559E-05 9.99559E-05 0.14443 9.99559E-05 0.162037 0.138826 0.554208 9.99559E-05 9.99559E-05
9.99471E-05 9.99471E-05 0.11175 0.438564 0.449086 9.99471E-05 9.99471E-05 9.99471E-05 9.99471E-05
9.99471E-05 0.39698 9.99471E-05 0.170403 9.99471E-05 9.99471E-05 0.432017 9.99471E-05 9.99471E-05
9.99563E-05 0.237698 0.661888 0.0512584 0.0486552 9.99563E-05 9.99563E-05 9.99563E-05 9.99563E-05
9.99737E-05 0.212294 0.0488022 9.99737E-05 9.99737E-05 0.208892 0.399575 0.0262108 0.103926
9.99561E-05 9.99561E-05 9.99561E-05 0.235399 0.447906 9.99561E-05 0.189004 0.127192 9.99561E-05
9.9947E-05 0.252197 9.9947E-05 0.044526 0.702678 9.9947E-05 9.9947E-05 9.9947E-05 9.9947E-05
0.174075 0.0731817 9.99649E-05 9.99649E-05 9.99649E-05 9.99649E-05 0.153543 0.360921 0.23788
9.99473E-05 9.99473E-05 0.656664 9.99473E-05 9.99473E-05 9.99473E-05 9.99473E-05 0.235891 0.106845
9.99647E-05 9.99647E-05 0.0605205 0.0866842 9.99647E-05 9.99647E-05 0.333253 0.00778985 0.511353
9.99386E-05 9.99386E-05 0.678073 0.321227 9.99386E-05 9.99386E-05 9.99386E-05 9.99386E-05 9.99386E-05
9.99565E-05 9.99565E-05 0.019333 9.99565E-05 0.141691 0.00332968 0.835146 9.99565E-05 9.99565E-05
9.9956E-05 0.137358 0.415678 9.9956E-05 0.35116 9.9956E-05 0.0953042 9.9956E-05 9.9956E-05
0.0533795 0.138134 9.99474E-05 9.99474E-05 0.807887 9.99474E-05 9.99474E-05 9.99474E-05 9.99474E-05
9.99736E-05 0.376055 0.075794 9.99736E-05 0.0543758 9.99736E-05 0.0808082 0.349383 0.0632837
9.99561E-05 9.99561E-05 9.99561E-05 0.150563 0.12537 9.99561E-05 0.685876 0.0376916 9.99561E-05
9.99559E-05 9.99559E-05 0.0450952 0.205633 0.726972 9.99559E-05 9.99559E-05 0.0218006 9.99559E-05
0.598477 0.114214 0.0764434 9.99736E-05 0.0294653 0.0489656 9.99736E-05 0.132135 9.99736E-05
0.499326 9.99388E-05 9.99388E-05 9.99388E-05 9.99388E-05 9.99388E-05 0.499975 9.99388E-05 9.99388E-05
0.38792 9.99739E-05 0.144177 0.0533293 0.225219 0.0901861 0.098869 9.99739E-05 9.99739E-05
9.99388E-05 9.99388E-05 9.99388E-05 0.322267 0.677033 9.99388E-05 9.99388E-05 9.99388E-05 9.99388E-05
0.529945 9.9956E-05 0.0489102 9.9956E-05 0.343964 9.9956E-05 9.9956E-05 0.0766813 9.9956E-05
0.126251 0.185584 0.135769 0.492207 9.99737E-05 9.99737E-05 0.00911641 9.99737E-05 0.0507721
9.99473E-05 0.385668 9.99473E-05 9.99473E-05 9.99473E-05 0.246566 9.99473E-05 9.99473E-05 0.367166
0.114642 0.726447 9.99558E-05 9.99558E-05 9.99558E-05 9.99558E-05 0.131748 0.0266627 9.99558E-05
9.99564E-05 9.99564E-05 0.0034064 9.99564E-05 9.99564E-05 9.99564E-05 0.0748955 0.0540141 0.867184
9.99562E-05 9.99562E-05 0.0232508 9.99562E-05 9.99562E-05 0.546462 0.0951478 0.33464 9.99562E-05
0.171687 0.100701 9.99561E-05 0.390954 9.99561E-05 9.99561E-05 0.336157 9.99561E-05 9.99561E-05
9.99648E-05 0.0103602 0.184664 9.99648E-05 0.367734 0.391712 9.99648E-05 0.04513 9.99648E-05
9.99736E-05 0.213572 0.0190347 0.316618 9.99736E-05 0.00015279 0.145526 0.304797 9.99736E-05
9.99383E-05 9.99383E-05 0.0855957 9.99383E-05 0.913705 9.99383E-05 9.99383E-05 9.99383E-05 9.99383E-05
9.998E-05 0.124842 0.192869 0.19891 0.117709 0.0333847 9.998E-05 0.0982099 0.233876
9.99562E-05 9.99562E-05 9.99562E-05 0.195634 0.336413 0.190858 9.99562E-05 0.276596 9.99562E-05
0.202137 9.99646E-05 9.99646E-05 9.99646E-05 9.99646E-05 0.355761 0.217185 0.223754 0.000764186
9.99471E-05 9.99471E-05 0.0113972 9.99471E-05 0.624706 0.363297 9.99471E-05 9.99471E-05 9.99471E-05
9.99385E-05 9.99385E-05 9.99385E-05 0.363851 0.63545 9.99385E-05 9.99385E-05 9.99385E-05 9.99385E-05
9.99385E-05 9.99385E-05 9.99385E-05 0.352624 0.646677 9.99385E-05 9.99385E-05 9.99385E-05 9.99385E-05
0.280939 9.99471E-05 9.99471E-05 9.99471E-05 0.695192 0.023269 9.99471E-05 9.99471E-05 9.99471E-05
9.99558E-05 0.275691 9.99558E-05 9.99558E-05 0.210272 9.99558E-05 0.347957 9.99558E-05 0.16558
0.494952 9.99475E-05 0.372573 9.99475E-05 9.99475E-05 9.99475E-05 9.99475E-05 0.131875 9.99475E-05
0.0241649 0.114588 9.99561E-05 0.220367 0.64038 9.99561E-05 9.99561E-05 9.99561E-05 9.99561E-05
9.99472E-05 9.99472E-05 9.99472E-05 9.99472E-05 0.0211601 0.243643 9.99472E-05 0.734597 9.99472E-05
9.99473E-05 9.99473E-05 0.882358 0.105421 0.0116209 9.99473E-05 9.99473E-05 9.99473E-05 9.99473E-05
0.0422352 9.99563E-05 9.99563E-05 0.627011 0.313452 0.0168019 9.99563E-05 9.99563E-05 9.99563E-05
9.99559E-05 0.293881 9.99559E-05 9.99559E-05 9.99559E-05 0.0536679 0.354159 0.297793 9.99559E-05
9.9947E-05 9.9947E-05 0.125347 9.9947E-05 9.9947E-05 9.9947E-05 0.218408 0.655645 9.9947E-05
9.995E-05 0.189457 0.0828301 9.995E-05 0.537992 9.995E-05 0.189221 9.995E-05 9.995E-05
9.99563E-05 0.620068 9.99563E-05 9.99563E-05 0.155209 9.99563E-05 9.99563E-05 0.215598 0.00862509
9.99385E-05 9.99385E-05 0.476972 9.99385E-05 0.522328 9.99385E-05 9.99385E-05 9.99385E-05 9.99385E-05
9.99648E-05 9.99648E-05 0.00124864 9.99648E-05 0.148327 0.517537 0.327676 0.00481124 9.99648E-05
9.99561E-05 0.226349 9.99561E-05 9.99561E-05 0.400646 0.260797 9.99561E-05 0.111708 9.99561E-05
0.333013 0.352108 0.0298752 9.99562E-05 9.99562E-05 9.99562E-05 0.284504 9.99562E-05 9.99562E-05
0.180735 9.99647E-05 0.180232 9.99647E-05 0.447582 9.99647E-05 0.0719787 9.99647E-05 0.119073
0.0182959 9.99736E-05 0.0445503 0.355567 0.0573024 9.99736E-05 0.186838 0.337146 9.99736E-05
0.421377 9.99479E-05 9.99479E-05 0.0100411 0.567983 9.99479E-05 9.99479E-05 9.99479E-05 9.99479E-05
0.316098 0.0459889 9.9956E-05 0.228952 9.9956E-05 0.408462 9.9956E-05 9.9956E-05 9.9956E-05
9.99475E-05 0.028378 9.99475E-05 9.99475E-05 9.99475E-05 9.99475E-05 0.656978 9.99475E-05 0.314045
0.973307 9.99383E-05 9.99383E-05 9.99383E-05 9.99383E-05 9.99383E-05 0.0259939 9.99383E-05 9.99383E-05
0.167879 9.99566E-05 0.570264 0.0860234 9.99566E-05 9.99566E-05 9.99566E-05 0.175334 9.99566E-05
9.993E-05 9.993E-05 9.993E-05 9.993E-05 9.993E-05 0.999201 9.993E-05 9.993E-05 9.993E-05
9.99561E-05 0.283389 0.207522 0.0841618 0.424427 9.99561E-05 9.99561E-05 9.99561E-05 9.99561E-05
0.459074 0.0978613 0.224376 0.0045285 0.21376 9.99649E-05 9.99649E-05 9.99649E-05 9.99649E-05
9.99648E-05 0.243287 0.0432895 9.99648E-05 9.99648E-05 9.99648E-05 0.293544 0.364477 0.0550033
9.99469E-05 0.0125759 9.99469E-05 9.99469E-05 9.99469E-05 9.99469E-05 0.733116 0.253709 9.99469E-05
0.138826 9.99557E-05 0.433605 9.99557E-05 9.99557E-05 9.99557E-05 0.186704 0.240365 9.99557E-05
9.99559E-05 9.99559E-05 0.294762 0.325759 9.99559E-05 9.99559E-05 0.224005 0.154973 9.99559E-05
9.998E-05 0.0965476 0.250857 9.998E-05 0.0234639 0.220833 0.260037 0.0528168 0.0952453
0.231067 9.99738E-05 0.0642817 0.108569 0.252345 0.183811 0.159626 9.99738E-05 9.99738E-05
9.99473E-05 9.99473E-05 0.52022 9.99473E-05 9.99473E-05 0.29019 9.99473E-05 9.99473E-05 0.188991
9.9965E-05 9.9965E-05 9.9965E-05 0.230122 0.285833 9.9965E-05 0.173817 0.0686667 0.241161
9.994E-05 9.994E-05 9.994E-05 0.210182 0.371464 9.994E-05 9.994E-05 0.417755 9.994E-05
9.99559E-05 9.99559E-05 9.99559E-05 0.212202 0.098413 0.212946 9.99559E-05 9.99559E-05 0.475939
9.99387E-05 9.99387E-05 0.598785 9.99387E-05 9.99387E-05 9.99387E-05 0.400516 9.99387E-05 9.99387E-05
9.99473E-05 0.189782 9.99473E-05 9.99473E-05 0.803175 9.99473E-05 0.00644324 9.99473E-05 9.99473E-05
9.9965E-05 0.0937416 0.0714367 0.0667536 0.3579 9.9965E-05 0.409768 9.9965E-05 9.9965E-05
0.0233687 9.99474E-05 9.99474E-05 9.99474E-05 0.357326 9.99474E-05 0.618705 9.99474E-05 9.99474E-05
9.99648E-05 0.177932 0.0676269 9.99648E-05 0.295219 9.99648E-05 9.99648E-05 0.134303 0.324519
0.169578 0.0992217 0.123328 9.997E-05 0.225854 0.247518 9.997E-05 9.997E-05 0.1342
0.339569 9.9965E-05 0.319261 9.9965E-05 0.0618068 9.9965E-05 0.114345 0.164619 9.9965E-05
9.9956E-05 9.9956E-05 0.229113 0.166063 0.521874 9.9956E-05 9.9956E-05 0.0824503 9.9956E-05
0.697379 0.00788367 9.99649E-05 0.0861059 0.172004 9.99649E-05 9.99649E-05 0.0362281 9.99649E-05
0.0128988 9.99825E-05 0.533348 9.99825E-05 0.248892 0.0117778 0.144658 0.0416081 0.00661795
0.101328 0.283061 9.99559E-05 9.99559E-05 0.399066 9.99559E-05 0.216046 9.99559E-05 9.99559E-05
9.99558E-05 0.00401857 0.798808 9.99558E-05 0.0835818 9.99558E-05 9.99558E-05 9.99558E-05 0.113092
0.0970695 9.998E-05 0.123776 0.165186 0.245787 0.119456 0.0636343 0.184891 9.998E-05
0.0936915 0.240198 9.99558E-05 9.99558E-05 0.359664 9.99558E-05 0.305947 9.99558E-05 9.99558E-05
9.9956E-05 9.9956E-05 0.154494 9.9956E-05 0.408391 9.9956E-05 0.405754 0.0308604 9.9956E-05
9.99474E-05 9.99474E-05 0.379886 9.99474E-05 9.99474E-05 0.143291 9.99474E-05 9.99474E-05 0.476223
9.99648E-05 9.99648E-05 0.0444423 0.06344 9.99648E-05 9.99648E-05 0.162997 0.494216 0.234505
9.99735E-05 0.0137077 9.99735E-05 9.99735E-05 0.374426 0.129114 0.200927 0.142018 0.139508
9.993E-05 9.993E-05 0.999201 9.993E-05 9.993E-05 9.993E-05 9.993E-05 9.993E-05 9.993E-05
9.99648E-05 9.99648E-05 0.0785988 9.99648E-05 0.501334 9.99648E-05 0.261251 0.022648 0.135769
9.99475E-05 9.99475E-05 9.99475E-05 9.99475E-05 0.139511 9.99475E-05 0.54449 9.99475E-05 0.315399
0.0233462 9.99561E-05 9.99561E-05 0.0454727 0.637244 9.99561E-05 9.99561E-05 0.293438 9.99561E-05
9.99473E-05 0.694479 0.172026 9.99473E-05 9.99473E-05 9.99473E-05 0.132896 9.99473E-05 9.99473E-05
0.0467192 9.99561E-05 0.435772 0.25919 9.99561E-05 0.257819 9.99561E-05 9.99561E-05 9.99561E-05
9.99381E-05 9.99381E-05 0.670862 9.99381E-05 9.99381E-05 9.99381E-05 9.99381E-05 0.328439 9.99381E-05
0.0971292 9.99559E-05 0.0975099 9.99559E-05 9.99559E-05 9.99559E-05 0.292254 9.99559E-05 0.512607
0.133913 9.99646E-05 0.120269 0.18413 0.220513 9.99646E-05 9.99646E-05 9.99646E-05 0.340776
9.9956E-05 9.9956E-05 9.9956E-05 9.9956E-05 0.880342 0.0322006 0.0758696 9.9956E-05 0.0110882
9.9956E-05 0.172148 9.9956E-05 9.9956E-05 0.163271 0.179965 0.484117 9.9956E-05 9.9956E-05
9.99472E-05 9.99472E-05 0.0809068 9.99472E-05 0.188595 9.99472E-05 9.99472E-05 0.729899 9.99472E-05
9.9947E-05 9.9947E-05 0.0449047 9.9947E-05 0.690577 9.9947E-05 0.263919 9.9947E-05 9.9947E-05
0.236296 0.225155 0.0826018 0.0692891 9.99736E-05 0.374228 0.0121298 9.99736E-05 9.99736E-05
9.99471E-05 0.367409 9.99471E-05 0.505202 9.99471E-05 9.99471E-05 9.99471E-05 0.12679 9.99471E-05
