0.17422 0.526982 9.99647E-05 0.0404258 9.99647E-05 0.233753 9.99647E-05 0.0242189 9.99647E-05
9.993E-05 9.993E-05 9.993E-05 9.993E-05 9.993E-05 9.993E-05 9.993E-05 9.993E-05 0.999201
0.946272 9.99391E-05 9.99391E-05 0.0530287 9.99391E-05 9.99391E-05 9.99391E-05 9.99391E-05 9.99391E-05
0.0852032 9.99558E-05 0.241722 9.99558E-05 9.99558E-05 9.99558E-05 0.442898 9.99558E-05 0.229678
9.99559E-05 0.135061 9.99559E-05 0.37702 9.99559E-05 0.289405 0.198015 9.99559E-05 9.99559E-05
9.99474E-05 9.99474E-05 0.324797 9.99474E-05 0.42181 9.99474E-05 9.99474E-05 9.99474E-05 0.252793
0.138947 0.782373 9.9956E-05 9.9956E-05 9.9956E-05 0.0206297 0.0575506 9.9956E-05 9.9956E-05
9.99648E-05 0.408559 9.99648E-05 0.203057 0.0368031 9.99648E-05 0.133993 9.99648E-05 0.217188
9.99564E-05 9.99564E-05 0.0854791 9.99564E-05 0.530535 9.99564E-05 9.99564E-05 0.101509 0.281977
0.0293131 9.99558E-05 9.99558E-05 9.99558E-05 0.294248 0.100388 9.99558E-05 0.575551 9.99558E-05
9.99559E-05 0.130781 9.99559E-05 9.99559E-05 0.684529 9.99559E-05 0.158372 9.99559E-05 0.0258193
0.166954 0.122633 9.99648E-05 9.99648E-05 0.29526 0.379428 0.0353254 9.99648E-05 9.99648E-05
9.99471E-05 9.99471E-05 9.99471E-05 9.99471E-05 9.99471E-05 0.10634 0.377787 9.99471E-05 0.515274
9.99383E-05 9.99383E-05 9.99383E-05 9.99383E-05 9.99383E-05 0.29176 9.99383E-05 9.99383E-05 0.70754
9.99561E-05 9.99561E-05 0.0246935 0.0180565 0.926412 9.99561E-05 0.0303388 9.99561E-05 9.99561E-05
9.99558E-05 9.99558E-05 0.191684 9.99558E-05 0.204845 9.99558E-05 0.453192 9.99558E-05 0.14978
9.99472E-05 9.99472E-05 0.2952 9.99472E-05 9.99472E-05 9.99472E-05 9.99472E-05 0.161197 0.543003
9.99387E-05 9.99387E-05 0.0989946 9.99387E-05 9.99387E-05 0.900306 9.99387E-05 9.99387E-05 9.99387E-05
9.99559E-05 0.224413 9.99559E-05 0.038763 0.567547 0.168777 9.99559E-05 9.99559E-05 9.99559E-05
0.301966 9.99645E-05 0.402725 0.0865049 9.99645E-05 9.99645E-05 9.99645E-05 0.0603869 0.148017
9.99381E-05 0.396141 9.99381E-05 9.99381E-05 9.99381E-05 0.603159 9.99381E-05 9.99381E-05 9.99381E-05
9.995E-05 0.22191 9.995E-05 0.184164 9.995E-05 0.429683 9.995E-05 0.163743 9.995E-05
0.126714 0.182051 0.10785 0.209141 9.99735E-05 0.121239 0.252705 9.99735E-05 9.99735E-05
9.99478E-05 0.106712 9.99478E-05 9.99478E-05 9.99478E-05 9.99478E-05 0.257686 9.99478E-05 0.635003
0.00467582 0.523299 9.99473E-05 9.99473E-05 9.99473E-05 9.99473E-05 0.471426 9.99473E-05 9.99473E-05
9.996E-05 0.0158841 0.022476 0.0574447 9.996E-05 0.357316 9.996E-05 0.546479 9.996E-05
0.336399 9.99559E-05 9.99559E-05 9.99559E-05 0.0329005 0.00562997 9.99559E-05 9.99559E-05 0.62457
9.99474E-05 9.99474E-05 9.99474E-05 0.236059 0.470518 9.99474E-05 9.99474E-05 9.99474E-05 0.292823
9.99561E-05 0.713963 9.99561E-05 9.99561E-05 0.0897554 9.99561E-05 9.99561E-05 0.00133608 0.194446
9.99738E-05 0.0355837 9.99738E-05 0.147894 0.483714 0.119303 0.00404817 9.99738E-05 0.209156
9.993E-05 0.999201 9.993E-05 9.993E-05 9.993E-05 9.993E-05 9.993E-05 9.993E-05 9.993E-05
0.0549763 0.508844 0.271786 9.99559E-05 0.163894 9.99559E-05 9.99559E-05 9.99559E-05 9.99559E-05
0.0726945 0.676651 9.99561E-05 9.99561E-05 0.21344 9.99561E-05 9.99561E-05 0.0367155 9.99561E-05
0.148204 0.387451 0.215902 9.99649E-05 0.0377377 9.99649E-05 9.99649E-05 0.210305 9.99649E-05
0.191078 0.267449 9.99562E-05 9.99562E-05 0.0580534 0.48292 9.99562E-05 9.99562E-05 9.99562E-05
0.0967259 9.99646E-05 0.000646469 0.311729 0.387982 0.202517 9.99646E-05 9.99646E-05 9.99646E-05
0.4598 9.9956E-05 0.1041 9.9956E-05 9.9956E-05 0.275919 9.9956E-05 0.159681 9.9956E-05
9.99648E-05 0.166659 9.99648E-05 0.0702948 0.410175 9.99648E-05 9.99648E-05 0.244179 0.108293
9.99564E-05 0.140582 9.99564E-05 0.421575 0.11845 9.99564E-05 9.99564E-05 0.318893 9.99564E-05
0.172743 0.20495 9.99477E-05 9.99477E-05 0.621707 9.99477E-05 9.99477E-05 9.99477E-05 9.99477E-05
9.99737E-05 0.21121 0.0896572 0.385313 9.99737E-05 0.0575926 9.99737E-05 0.174212 0.0817159
9.99475E-05 0.732606 9.99475E-05 9.99475E-05 0.190623 9.99475E-05 9.99475E-05 9.99475E-05 0.0761711
0.135663 9.99382E-05 9.99382E-05 0.863637 9.99382E-05 9.99382E-05 9.99382E-05 9.99382E-05 9.99382E-05
9.993E-05 9.993E-05 9.993E-05 9.993E-05 9.993E-05 9.993E-05 9.993E-05 9.993E-05 0.999201
0.140002 9.99558E-05 9.99558E-05 9.99558E-05 9.99558E-05 9.99558E-05 0.278284 0.142858 0.438356
0.504361 0.184537 9.99475E-05 0.310502 9.99475E-05 9.99475E-05 9.99475E-05 9.99475E-05 9.99475E-05
0.211099 0.150919 0.501439 9.99561E-05 9.99561E-05 0.136043 9.99561E-05 9.99561E-05 9.99561E-05
9.99561E-05 0.790762 9.99561E-05 9.99561E-05 0.130862 0.032692 0.0451837 9.99561E-05 9.99561E-05
9.99563E-05 0.0906195 0.165196 9.99563E-05 0.16816 9.99563E-05 0.575525 9.99563E-05 9.99563E-05
9.99471E-05 9.99471E-05 0.138054 9.99471E-05 9.99471E-05 0.112616 9.99471E-05 0.748729 9.99471E-05
0.339357 9.99649E-05 0.280661 0.229475 0.0856943 9.99649E-05 9.99649E-05 9.99649E-05 0.0644126
9.99648E-05 0.0969545 9.99648E-05 9.99648E-05 0.232769 0.350989 0.178417 9.99648E-05 0.140471
9.99471E-05 0.0270048 9.99471E-05 9.99471E-05 0.376235 9.99471E-05 9.99471E-05 0.596161 9.99471E-05
9.99559E-05 0.126301 9.99559E-05 0.258937 0.339729 9.99559E-05 9.99559E-05 9.99559E-05 0.274532
9.9956E-05 9.9956E-05 9.9956E-05 0.180718 0.0192578 0.760753 9.9956E-05 0.0387713 9.9956E-05
9.99562E-05 0.22307 9.99562E-05 0.298649 0.323323 0.154458 9.99562E-05 9.99562E-05 9.99562E-05
0.0154592 0.244363 9.99561E-05 0.20763 9.99561E-05 0.532048 9.99561E-05 9.99561E-05 9.99561E-05
9.99559E-05 0.187085 9.99559E-05 9.99559E-05 0.576669 0.229515 0.00623156 9.99559E-05 9.99559E-05
9.99735E-05 9.99735E-05 0.0766027 0.388611 0.361926 0.104745 9.99735E-05 0.0308597 0.0369564
9.99471E-05 9.99471E-05 0.856096 0.0320036 0.111301 9.99471E-05 9.99471E-05 9.99471E-05 9.99471E-05
0.250031 9.99738E-05 0.00729884 9.99738E-05 0.37533 9.99738E-05 0.0464159 0.0766056 0.244018
9.995E-05 0.148322 9.995E-05 0.392787 9.995E-05 0.193234 0.265157 9.995E-05 9.995E-05
0.495426 0.325239 9.9956E-05 9.9956E-05 9.9956E-05 9.9956E-05 9.9956E-05 0.111542 0.0672934
9.9939E-05 0.944095 9.9939E-05 9.9939E-05 9.9939E-05 9.9939E-05 9.9939E-05 9.9939E-05 0.0552053
0.0728559 0.422321 9.99737E-05 0.0621436 0.210222 0.19748 0.0346776 9.99737E-05 9.99737E-05
0.669394 9.99468E-05 9.99468E-05 9.99468E-05 9.99468E-05 0.293497 0.0365098 9.99468E-05 9.99468E-05
9.99564E-05 0.25852 9.99564E-05 0.583185 0.0623016 9.99564E-05 9.99564E-05 0.0954936 9.99564E-05
9.99389E-05 9.99389E-05 9.99389E-05 9.99389E-05 9.99389E-05 0.714647 9.99389E-05 9.99389E-05 0.284653
0.245797 0.263871 9.99648E-05 0.109358 0.221096 0.159478 9.99648E-05 9.99648E-05 9.99648E-05
9.99383E-05 9.99383E-05 9.99383E-05 0.739521 0.259779 9.99383E-05 9.99383E-05 9.99383E-05 9.99383E-05
9.99557E-05 0.111028 9.99557E-05 0.127085 9.99557E-05 9.99557E-05 9.99557E-05 0.0259213 0.735466
9.99648E-05 9.99648E-05 0.559011 0.036323 0.130688 0.0160793 9.99648E-05 9.99648E-05 0.257499
9.996E-05 9.996E-05 0.178199 0.0767896 0.284384 9.996E-05 9.996E-05 0.062826 0.397401
9.99477E-05 9.99477E-05 9.99477E-05 9.99477E-05 9.99477E-05 0.226668 9.99477E-05 0.429107 0.343626
0.223301 0.0174832 9.99472E-05 9.99472E-05 9.99472E-05 9.99472E-05 9.99472E-05 9.99472E-05 0.758616
9.99472E-05 9.99472E-05 9.99472E-05 9.99472E-05 9.99472E-05 9.99472E-05 0.307118 0.00130928 0.690974
9.9956E-05 9.9956E-05 0.336251 0.0304692 0.463491 9.9956E-05 9.9956E-05 9.9956E-05 0.169289
9.9956E-05 9.9956E-05 9.9956E-05 0.491765 0.281906 0.0782281 9.9956E-05 9.9956E-05 0.147601
9.99559E-05 9.99559E-05 0.635683 9.99559E-05 0.0314839 0.173318 0.159015 9.99559E-05 9.99559E-05
9.99561E-05 0.554452 9.99561E-05 0.0511071 0.0149496 0.378991 9.99561E-05 9.99561E-05 9.99561E-05
0.300328 9.99649E-05 9.99649E-05 9.99649E-05 0.32221 0.0621324 0.06607 9.99649E-05 0.248859
9.99565E-05 9.99565E-05 9.99565E-05 0.14778 9.99565E-05 0.518582 9.99565E-05 0.120683 0.212455
9.995E-05 9.995E-05 0.0836153 9.995E-05 0.22373 9.995E-05 9.995E-05 0.318983 0.373172
9.9965E-05 9.9965E-05 0.167606 0.197419 0.244719 0.22614 0.163716 9.9965E-05 9.9965E-05
9.99473E-05 0.295366 9.99473E-05 9.99473E-05 0.644413 9.99473E-05 9.99473E-05 0.0596211 9.99473E-05
9.99476E-05 9.99476E-05 9.99476E-05 0.319472 9.99476E-05 9.99476E-05 9.99476E-05 0.286194 0.393734
9.99562E-05 9.99562E-05 0.562599 9.99562E-05 9.99562E-05 9.99562E-05 0.121911 0.160972 0.154019
0.120385 9.99559E-05 9.99559E-05 0.159453 9.99559E-05 0.0535568 9.99559E-05 9.99559E-05 0.666105
0.47093 0.11188 9.99648E-05 0.0182742 0.277916 9.99648E-05 9.99648E-05 0.120599 9.99648E-05
9.99471E-05 0.377826 0.21407 9.99471E-05 0.407504 9.99471E-05 9.99471E-05 9.99471E-05 9.99471E-05
9.99472E-05 0.0171827 0.0389414 9.99472E-05 9.99472E-05 9.99472E-05 9.99472E-05 9.99472E-05 0.943276
9.99389E-05 9.99389E-05 9.99389E-05 0.151569 0.847731 9.99389E-05 9.99389E-05 9.99389E-05 9.99389E-05
0.0340285 9.9956E-05 0.421661 9.9956E-05 0.269273 9.9956E-05 9.9956E-05 9.9956E-05 0.274537
9.99472E-05 0.356646 0.280871 9.99472E-05 9.99472E-05 9.99472E-05 9.99472E-05 9.99472E-05 0.361884
9.99381E-05 9.99381E-05 9.99381E-05 9.99381E-05 0.266704 9.99381E-05 9.99381E-05 9.99381E-05 0.732596
9.9947E-05 0.173125 9.9947E-05 9.9947E-05 9.9947E-05 9.9947E-05 9.9947E-05 0.41514 0.411135
0.224341 0.150102 9.99649E-05 0.366812 9.99649E-05 0.0885324 9.99649E-05 0.169812 9.99649E-05
0.229514 0.458532 9.99561E-05 9.99561E-05 9.99561E-05 9.99561E-05 9.99561E-05 0.281612 0.0298426
0.151318 0.563045 9.99471E-05 9.99471E-05 9.99471E-05 0.285037 9.99471E-05 9.99471E-05 9.99471E-05
0.00301676 0.356588 0.267289 9.99649E-05 9.99649E-05 9.99649E-05 0.257586 9.99649E-05 0.11512
9.99477E-05 9.99477E-05 9.99477E-05 0.161946 0.294788 9.99477E-05 9.99477E-05 0.542666 9.99477E-05
9.99471E-05 9.99471E-05 9.99471E-05 0.174736 0.312008 0.512656 9.99471E-05 9.99471E-05 9.99471E-05
0.0857122 0.52612 9.99562E-05 9.99562E-05 9.99562E-05 0.248373 9.99562E-05 9.99562E-05 0.139295
9.99473E-05 9.99473E-05 0.5675 0.0238031 9.99473E-05 9.99473E-05 9.99473E-05 9.99473E-05 0.408098
9.99385E-05 9.99385E-05 0.494378 9.99385E-05 9.99385E-05 9.99385E-05 9.99385E-05 9.99385E-05 0.504922
9.99469E-05 9.99469E-05 0.48253 9.99469E-05 0.457471 0.0593996 9.99469E-05 9.99469E-05 9.99469E-05
9.9956E-05 0.469312 0.223901 0.129007 9.9956E-05 9.9956E-05 9.9956E-05 9.9956E-05 0.17728
0.0883967 9.99565E-05 9.99565E-05 0.11315 9.99565E-05 9.99565E-05 9.99565E-05 0.212348 0.585605
9.99475E-05 0.0197149 0.317412 0.662274 9.99475E-05 9.99475E-05 9.99475E-05 9.99475E-05 9.99475E-05
9.994E-05 9.994E-05 0.496717 0.220839 9.994E-05 9.994E-05 9.994E-05 9.994E-05 0.281844
9.99648E-05 9.99648E-05 0.431956 0.0546078 0.0993276 0.025404 9.99648E-05 0.388304 9.99648E-05
0.0605288 9.99561E-05 9.99561E-05 0.459342 9.99561E-05 9.99561E-05 9.99561E-05 0.307786 0.171844
0.117317 9.99557E-05 9.99557E-05 0.20691 9.99557E-05 0.493677 9.99557E-05 9.99557E-05 0.181597
9.99559E-05 0.296168 9.99559E-05 0.0722523 0.368992 9.99559E-05 9.99559E-05 9.99559E-05 0.262087
0.227135 0.370089 9.9965E-05 9.9965E-05 0.0557101 0.113832 9.9965E-05 0.232835 9.9965E-05
9.99563E-05 0.314353 9.99563E-05 0.0494665 9.99563E-05 9.99563E-05 9.99563E-05 0.0663322 0.569348
9.99561E-05 0.343013 9.99561E-05 9.99561E-05 0.512492 0.00818041 9.99561E-05 0.135814 9.99561E-05
9.99388E-05 0.497297 9.99388E-05 9.99388E-05 9.99388E-05 9.99388E-05 0.502004 9.99388E-05 9.99388E-05
0.634567 0.0813826 9.99473E-05 9.99473E-05 9.99473E-05 9.99473E-05 9.99473E-05 9.99473E-05 0.283451
9.99388E-05 9.99388E-05 9.99388E-05 9.99388E-05 0.0305871 0.968713 9.99388E-05 9.99388E-05 9.99388E-05
9.99471E-05 9.99471E-05 9.99471E-05 9.99471E-05 0.187924 0.160289 9.99471E-05 9.99471E-05 0.651187
0.0838463 9.99473E-05 9.99473E-05 9.99473E-05 9.99473E-05 0.0999236 9.99473E-05 9.99473E-05 0.81563
9.99467E-05 0.317292 9.99467E-05 9.99467E-05 0.349608 9.99467E-05 9.99467E-05 9.99467E-05 0.3325
9.99472E-05 0.512196 9.99472E-05 0.288451 9.99472E-05 0.198753 9.99472E-05 9.99472E-05 9.99472E-05
9.99562E-05 9.99562E-05 9.99562E-05 9.99562E-05 0.426236 0.0563143 9.99562E-05 0.136838 0.380112
0.698032 9.99561E-05 0.219816 9.99561E-05 0.0650038 0.0166491 9.99561E-05 9.99561E-05 9.99561E-05
9.99647E-05 0.136909 9.99647E-05 9.99647E-05 0.373717 0.0595345 0.0594898 9.99647E-05 0.36995
9.99484E-05 0.115468 9.99484E-05 9.99484E-05 0.431036 9.99484E-05 9.99484E-05 9.99484E-05 0.452895
0.0874826 9.9939E-05 9.9939E-05 9.9939E-05 0.911818 9.9939E-05 9.9939E-05 9.9939E-05 9.9939E-05
9.99472E-05 0.975646 9.99472E-05 0.0049338 9.99472E-05 0.0188209 9.99472E-05 9.99472E-05 9.99472E-05
0.161198 9.99648E-05 0.049345 0.022977 9.99648E-05 0.20426 9.99648E-05 9.99648E-05 0.56182
9.99474E-05 0.258995 0.590363 9.99474E-05 0.150042 9.99474E-05 9.99474E-05 9.99474E-05 9.99474E-05
9.993E-05 9.993E-05 0.999201 9.993E-05 9.993E-05 9.993E-05 9.993E-05 9.993E-05 9.993E-05
0.09719 9.99559E-05 0.242732 9.99559E-05 0.556712 9.99559E-05 9.99559E-05 9.99559E-05 0.102866
0.335742 0.428318 9.99471E-05 9.99471E-05 9.99471E-05 9.99471E-05 9.99471E-05 9.99471E-05 0.23534
9.99561E-05 0.0652581 9.99561E-05 9.99561E-05 0.0980126 0.696889 9.99561E-05 9.99561E-05 0.139341
9.99388E-05 9.99388E-05 9.99388E-05 9.99388E-05 9.99388E-05 9.99388E-05 0.89949 9.99388E-05 0.0998109
0.249354 0.539533 0.156517 0.0540964 9.99562E-05 9.99562E-05 9.99562E-05 9.99562E-05 9.99562E-05
9.99386E-05 9.99386E-05 9.99386E-05 0.741825 9.99386E-05 0.257475 9.99386E-05 9.99386E-05 9.99386E-05
0.119552 0.189014 9.99647E-05 9.99647E-05 0.134435 9.99647E-05 9.99647E-05 0.16005 0.396549
9.99479E-05 0.144395 0.624139 9.99479E-05 0.230867 9.99479E-05 9.99479E-05 9.99479E-05 9.99479E-05
0.0673769 0.160155 9.9965E-05 9.9965E-05 0.0179166 9.9965E-05 0.365453 0.388699 9.9965E-05
0.353003 0.206954 9.99473E-05 9.99473E-05 0.439443 9.99473E-05 9.99473E-05 9.99473E-05 9.99473E-05
9.99562E-05 0.146937 9.99562E-05 0.0726746 0.260173 9.99562E-05 9.99562E-05 9.99562E-05 0.519715
0.264781 9.99562E-05 9.99562E-05 0.163741 9.99562E-05 9.99562E-05 9.99562E-05 0.00854711 0.562431
9.995E-05 9.995E-05 9.995E-05 9.995E-05 9.995E-05 0.433437 0.0125875 0.118247 0.435229
9.99473E-05 9.99473E-05 9.99473E-05 9.99473E-05 9.99473E-05 0.137953 9.99473E-05 0.84328 0.0181674
9.99561E-05 0.0385163 9.99561E-05 9.99561E-05 0.0290805 0.0386781 9.99561E-05 9.99561E-05 0.893225
0.0444171 9.99649E-05 0.35565 0.143502 9.99649E-05 0.0485943 9.99649E-05 9.99649E-05 0.407437
0.0367881 0.519235 0.0231554 9.99647E-05 0.15326 9.99647E-05 9.99647E-05 9.99647E-05 0.267161
9.99385E-05 0.356438 9.99385E-05 9.99385E-05 9.99385E-05 0.642862 9.99385E-05 9.99385E-05 9.99385E-05
9.99569E-05 9.99569E-05 9.99569E-05 0.0577341 9.99569E-05 0.457765 0.474783 9.99569E-05 0.00921741
0.0718572 0.238129 0.256414 9.99556E-05 9.99556E-05 0.4331 9.99556E-05 9.99556E-05 9.99556E-05
0.399481 9.99649E-05 0.147218 9.99649E-05 0.344036 9.99649E-05 0.0220517 9.99649E-05 0.0868124
9.9947E-05 9.9947E-05 9.9947E-05 9.9947E-05 0.277385 0.112621 9.9947E-05 9.9947E-05 0.609394
9.99386E-05 0.320579 0.678722 9.99386E-05 9.99386E-05 9.99386E-05 9.99386E-05 9.99386E-05 9.99386E-05
0.18484 0.479981 0.33458 9.99475E-05 9.99475E-05 9.99475E-05 9.99475E-05 9.99475E-05 9.99475E-05
9.99649E-05 9.99649E-05 0.0491704 0.0766218 9.99649E-05 0.317154 9.99649E-05 0.274876 0.281778
9.99648E-05 0.613094 0.0915829 0.223926 9.99648E-05 9.99648E-05 0.0296149 0.0413828 9.99648E-05
9.99736E-05 0.18482 0.155874 0.183776 9.99736E-05 0.200943 9.99736E-05 0.0638068 0.21048
9.99558E-05 0.417605 9.99558E-05 9.99558E-05 9.99558E-05 0.301666 9.99558E-05 0.083123 0.197106
0.0969765 9.99649E-05 9.99649E-05 9.99649E-05 0.165226 0.347492 9.99649E-05 0.359463 0.0304432
0.135386 9.99384E-05 9.99384E-05 9.99384E-05 0.863915 9.99384E-05 9.99384E-05 9.99384E-05 9.99384E-05
9.99559E-05 0.0249117 0.0766644 0.00163065 0.896294 9.99559E-05 9.99559E-05 9.99559E-05 9.99559E-05
0.0279925 9.99561E-05 9.99561E-05 9.99561E-05 0.192865 0.178296 0.600347 9.99561E-05 9.99561E-05
9.99647E-05 9.99647E-05 9.99647E-05 0.00972197 0.162972 0.236494 9.99647E-05 0.197419 0.392992
0.176668 0.530869 9.99559E-05 0.0930049 9.99559E-05 9.99559E-05 9.99559E-05 9.99559E-05 0.198958
0.146488 0.271004 9.99649E-05 0.150596 0.0490901 0.382422 9.99649E-05 9.99649E-05 9.99649E-05
9.99647E-05 0.476334 0.072662 0.221142 0.178236 9.99647E-05 9.99647E-05 0.0512258 9.99647E-05
0.105011 9.9965E-05 9.9965E-05 9.9965E-05 0.215624 0.0665445 0.338098 0.274323 9.9965E-05
9.99561E-05 9.99561E-05 9.99561E-05 0.0894719 0.0451955 9.99561E-05 0.479187 0.385646 9.99561E-05
0.122014 9.99647E-05 0.489822 0.0878726 9.99647E-05 9.99647E-05 9.99647E-05 0.164141 0.13575
0.0308745 0.0456308 0.0628024 0.0767834 0.551318 0.0753075 9.99912E-05 0.00503056 0.152153
0.185948 9.9965E-05 9.9965E-05 9.9965E-05 0.189265 0.00670447 0.0751429 9.9965E-05 0.54254
9.99559E-05 0.263725 9.99559E-05 9.99559E-05 9.99559E-05 0.154252 9.99559E-05 0.17794 0.403583
9.995E-05 9.995E-05 9.995E-05 9.995E-05 0.0779754 0.394928 9.995E-05 0.0615091 0.465088
9.99474E-05 9.99474E-05 0.585674 9.99474E-05 9.99474E-05 0.117844 9.99474E-05 9.99474E-05 0.295883
0.0519025 0.0436628 0.00115194 9.99649E-05 0.856289 9.99649E-05 9.99649E-05 0.0465939 9.99649E-05
9.993E-05 9.993E-05 9.993E-05 0.999201 9.993E-05 9.993E-05 9.993E-05 9.993E-05 9.993E-05
9.9956E-05 0.0785271 9.9956E-05 9.9956E-05 0.263271 9.9956E-05 9.9956E-05 0.242395 0.415306
0.59679 9.99386E-05 9.99386E-05 0.40251 9.99386E-05 9.99386E-05 9.99386E-05 9.99386E-05 9.99386E-05
0.0457122 0.304748 9.99562E-05 9.99562E-05 0.620544 9.99562E-05 9.99562E-05 0.0284967 9.99562E-05
0.0991654 0.284496 9.99561E-05 9.99561E-05 0.416448 9.99561E-05 9.99561E-05 9.99561E-05 0.199391
9.99475E-05 0.27384 9.99475E-05 0.388865 9.99475E-05 0.336695 9.99475E-05 9.99475E-05 9.99475E-05
9.99472E-05 0.577645 0.162899 9.99472E-05 9.99472E-05 0.258856 9.99472E-05 9.99472E-05 9.99472E-05
9.99563E-05 0.301055 0.504769 9.99563E-05 9.99563E-05 0.14844 9.99563E-05 9.99563E-05 0.0452358
0.108491 0.27661 9.99736E-05 0.00684815 9.99736E-05 0.114955 9.99736E-05 0.209044 0.283752
0.00798673 9.99825E-05 9.99825E-05 0.273968 0.00450494 0.0881205 0.242727 0.0120493 0.370444
0.0315799 9.99559E-05 0.00282495 9.99559E-05 0.328454 0.636641 9.99559E-05 9.99559E-05 9.99559E-05
9.99559E-05 0.590241 0.0751758 0.167328 9.99559E-05 9.99559E-05 0.166755 9.99559E-05 9.99559E-05
9.9956E-05 0.747912 0.0335125 9.9956E-05 9.9956E-05 9.9956E-05 0.0906383 9.9956E-05 0.127438
9.99649E-05 0.00506953 0.204863 9.99649E-05 9.99649E-05 0.067973 9.99649E-05 0.0868726 0.634822
0.167759 9.99472E-05 9.99472E-05 9.99472E-05 9.99472E-05 0.12916 9.99472E-05 9.99472E-05 0.702481
9.99563E-05 0.805263 9.99563E-05 9.99563E-05 0.0332417 9.99563E-05 9.99563E-05 0.0104593 0.150536
9.99391E-05 9.99391E-05 0.345299 9.99391E-05 9.99391E-05 0.654001 9.99391E-05 9.99391E-05 9.99391E-05
0.232 0.072818 9.99472E-05 9.99472E-05 9.99472E-05 9.99472E-05 9.99472E-05 9.99472E-05 0.694582
0.270963 0.562229 9.99559E-05 9.99559E-05 9.99559E-05 0.0343368 9.99559E-05 0.131971 9.99559E-05
9.9947E-05 9.9947E-05 9.9947E-05 0.592254 0.253847 0.153299 9.9947E-05 9.9947E-05 9.9947E-05
9.99649E-05 0.455256 9.99649E-05 0.184397 0.0782944 0.127257 9.99649E-05 0.154396 9.99649E-05
0.162521 0.184044 0.179858 0.150674 9.99825E-05 9.99825E-05 0.023286 0.248149 0.0512675
0.0643123 9.9956E-05 0.409641 9.9956E-05 0.198966 0.326581 9.9956E-05 9.9956E-05 9.9956E-05
9.99471E-05 0.278227 9.99471E-05 9.99471E-05 9.99471E-05 0.359631 9.99471E-05 9.99471E-05 0.361542
9.99562E-05 9.99562E-05 0.24865 0.0586547 9.99562E-05 0.518493 0.173702 9.99562E-05 9.99562E-05
9.99648E-05 0.280359 0.187452 9.99648E-05 0.125849 0.352629 9.99648E-05 0.0533117 9.99648E-05
0.187239 0.208146 9.9956E-05 9.9956E-05 0.0272865 9.9956E-05 9.9956E-05 9.9956E-05 0.576829
0.298517 9.995E-05 0.0490456 0.561297 9.995E-05 9.995E-05 9.995E-05 9.995E-05 0.0906405
9.99647E-05 0.181097 9.99647E-05 9.99647E-05 0.0360402 0.475765 0.141339 0.165358 9.99647E-05
9.993E-05 9.993E-05 0.999201 9.993E-05 9.993E-05 9.993E-05 9.993E-05 9.993E-05 9.993E-05
9.99558E-05 0.482285 0.0186429 9.99558E-05 0.241702 0.256871 9.99558E-05 9.99558E-05 9.99558E-05
9.99651E-05 0.10836 0.587012 9.99651E-05 0.0927154 9.99651E-05 0.0411071 9.99651E-05 0.170406
0.318216 0.209616 0.0529753 9.99737E-05 0.294281 9.99737E-05 9.99737E-05 0.105882 0.0187283
0.236892 0.0755325 9.99645E-05 9.99645E-05 0.186923 0.181545 0.318708 9.99645E-05 9.99645E-05
0.509958 0.214521 9.99558E-05 0.171421 9.99558E-05 9.99558E-05 0.1036 9.99558E-05 9.99558E-05
9.99647E-05 0.36577 0.0180597 9.99647E-05 9.99647E-05 0.157168 9.99647E-05 0.332808 0.125794
0.15941 9.9965E-05 0.457333 9.9965E-05 9.9965E-05 0.157521 0.169449 9.9965E-05 0.0558867
9.99304E-05 0.999201 9.99304E-05 9.99304E-05 9.99304E-05 9.99304E-05 9.99304E-05 9.99304E-05 9.99304E-05
9.99474E-05 9.99474E-05 9.99474E-05 0.405186 0.0922561 9.99474E-05 9.99474E-05 9.99474E-05 0.501958
9.99385E-05 9.99385E-05 0.356446 9.99385E-05 9.99385E-05 9.99385E-05 9.99385E-05 9.99385E-05 0.642854
0.713287 9.99383E-05 9.99383E-05 9.99383E-05 9.99383E-05 0.286013 9.99383E-05 9.99383E-05 9.99383E-05
0.707352 9.9947E-05 9.9947E-05 9.9947E-05 9.9947E-05 0.247715 9.9947E-05 9.9947E-05 0.0443333
0.0631345 0.183651 0.112677 9.99735E-05 0.233895 0.38041 0.0259325 9.99735E-05 9.99735E-05
9.99473E-05 0.184781 9.99473E-05 0.13262 9.99473E-05 9.99473E-05 9.99473E-05 9.99473E-05 0.681999
9.99384E-05 0.373641 9.99384E-05 9.99384E-05 0.625659 9.99384E-05 9.99384E-05 9.99384E-05 9.99384E-05
0.401878 0.258279 9.99473E-05 9.99473E-05 9.99473E-05 0.339243 9.99473E-05 9.99473E-05 9.99473E-05
0.115526 9.99559E-05 0.666271 0.212464 9.99559E-05 9.99559E-05 9.99559E-05 0.00523937 9.99559E-05
9.99563E-05 9.99563E-05 0.111872 9.99563E-05 0.186888 0.209882 9.99563E-05 0.490858 9.99563E-05
9.9965E-05 9.9965E-05 0.329424 9.9965E-05 9.9965E-05 0.0621905 0.319555 0.211397 0.0770335
0.00396716 0.452018 9.99562E-05 9.99562E-05 9.99562E-05 0.508802 9.99562E-05 0.034713 9.99562E-05
9.99476E-05 0.205778 0.24275 9.99476E-05 0.550872 9.99476E-05 9.99476E-05 9.99476E-05 9.99476E-05
9.99469E-05 0.265299 9.99469E-05 9.99469E-05 0.616174 0.117928 9.99469E-05 9.99469E-05 9.99469E-05
0.558418 0.165364 9.99566E-05 9.99566E-05 0.0931814 9.99566E-05 9.99566E-05 9.99566E-05 0.182536
9.9956E-05 9.9956E-05 0.103791 0.0865088 0.620795 9.9956E-05 9.9956E-05 9.9956E-05 0.188405
9.99471E-05 9.99471E-05 0.304424 9.99471E-05 0.570136 9.99471E-05 9.99471E-05 0.124841 9.99471E-05
0.115558 0.174851 9.9956E-05 9.9956E-05 9.9956E-05 9.9956E-05 0.685126 9.9956E-05 0.0239651
9.99474E-05 0.13408 0.798042 9.99474E-05 9.99474E-05 0.0672784 9.99474E-05 9.99474E-05 9.99474E-05
9.99559E-05 9.99559E-05 0.108606 0.0866322 0.714749 9.99559E-05 9.99559E-05 9.99559E-05 0.0895131
9.99473E-05 0.119108 9.99473E-05 9.99473E-05 0.823685 9.99473E-05 9.99473E-05 0.0566072 9.99473E-05
9.99647E-05 0.00678407 9.99647E-05 0.102817 9.99647E-05 0.403988 0.175645 0.310367 9.99647E-05
9.994E-05 9.994E-05 0.0770398 9.994E-05 9.994E-05 0.575373 9.994E-05 9.994E-05 0.346987
9.997E-05 9.997E-05 0.0133388 0.115637 0.376048 0.117818 9.997E-05 0.279691 0.0971683
0.213797 9.99472E-05 9.99472E-05 9.99472E-05 0.2863 9.99472E-05 9.99472E-05 9.99472E-05 0.499303
9.99474E-05 9.99474E-05 0.0174085 9.99474E-05 9.99474E-05 0.911855 0.0701372 9.99474E-05 9.99474E-05
0.264912 9.99558E-05 9.99558E-05 0.290237 9.99558E-05 0.206698 9.99558E-05 0.237654 9.99558E-05
9.99649E-05 9.99649E-05 0.227414 0.0592858 0.0569619 9.99649E-05 9.99649E-05 0.300413 0.355526
9.99471E-05 9.99471E-05 9.99471E-05 9.99471E-05 0.0428705 0.0335347 9.99471E-05 9.99471E-05 0.922995
0.372315 9.99473E-05 9.99473E-05 9.99473E-05 9.99473E-05 9.99473E-05 0.125387 0.501699 9.99473E-05
9.99474E-05 0.257061 0.496319 9.99474E-05 9.99474E-05 9.99474E-05 9.99474E-05 9.99474E-05 0.24602
9.99559E-05 0.0949293 9.99559E-05 9.99559E-05 9.99559E-05 9.99559E-05 0.241563 0.181483 0.481524
0.999201 9.993E-05 9.993E-05 9.993E-05 9.993E-05 9.993E-05 9.993E-05 9.993E-05 9.993E-05
0.0217867 9.99651E-05 0.264137 9.99651E-05 0.556125 9.99651E-05 9.99651E-05 0.00479078 0.152761
9.9956E-05 0.0871533 0.191895 0.222385 9.9956E-05 0.498067 9.9956E-05 9.9956E-05 9.9956E-05
9.99382E-05 0.0734984 9.99382E-05 9.99382E-05 0.925802 9.99382E-05 9.99382E-05 9.99382E-05 9.99382E-05
9.99473E-05 0.192235 0.278623 9.99473E-05 9.99473E-05 9.99473E-05 9.99473E-05 9.99473E-05 0.528543
9.9947E-05 9.9947E-05 9.9947E-05 0.632061 9.9947E-05 9.9947E-05 9.9947E-05 0.339573 0.0277658
0.502625 0.00281658 0.0258012 0.217468 0.23243 9.99736E-05 0.0185593 9.99736E-05 9.99736E-05
0.163883 0.780075 9.995E-05 9.995E-05 0.0338782 9.995E-05 9.995E-05 0.0216643 9.995E-05
9.9947E-05 9.9947E-05 9.9947E-05 9.9947E-05 9.9947E-05 0.0634421 0.24409 9.9947E-05 0.691868
0.0152249 0.18991 0.282942 9.99649E-05 9.99649E-05 0.0943721 9.99649E-05 0.417151 9.99649E-05
0.189084 0.244333 0.249273 9.99736E-05 0.146468 9.99736E-05 0.128365 0.0421778 9.99736E-05
9.9956E-05 9.9956E-05 0.0771901 0.303458 0.575288 0.043564 9.9956E-05 9.9956E-05 9.9956E-05
9.99559E-05 0.197365 0.115208 9.99559E-05 0.217692 0.469236 9.99559E-05 9.99559E-05 9.99559E-05
