9.99826E-05 9.99826E-05 0.0250536 0.784732 0.132481 0.0575339
0.186362 0.533211 9.99824E-05 0.0203749 9.99824E-05 0.259852
0.560186 0.22758 0.189163 9.99824E-05 9.99824E-05 0.0228712
9.99739E-05 9.99739E-05 9.99739E-05 0.337467 0.275239 0.386994
9.99648E-05 0.927881 9.99648E-05 9.99648E-05 9.99648E-05 0.0717192
9.99735E-05 0.12062 9.99735E-05 0.587346 9.99735E-05 0.291734
9.99736E-05 0.45803 9.99736E-05 9.99736E-05 0.391697 0.149973
9.99825E-05 0.0449821 9.99825E-05 0.521077 0.0236817 0.410059
0.596914 9.99736E-05 9.99736E-05 0.100392 0.302394 9.99736E-05
0.18206 9.99913E-05 0.247339 0.239764 0.204328 0.126409
0.683006 0.080547 9.99736E-05 0.236148 9.99736E-05 9.99736E-05
0.485912 9.99824E-05 9.99824E-05 0.195647 0.235472 0.0827696
0.187532 9.99823E-05 0.109215 0.687026 0.0160269 9.99823E-05
0.271205 9.99825E-05 9.99825E-05 0.55696 0.0907267 0.0809088
9.99739E-05 9.99739E-05 0.0446604 0.513104 0.441936 9.99739E-05
9.99736E-05 9.99736E-05 0.63301 0.213487 9.99736E-05 0.153203
9.99736E-05 9.99736E-05 0.531839 9.99736E-05 0.23006 0.237801
0.264397 0.233841 0.114863 0.125749 0.041763 0.219387
0.103982 0.448771 9.99824E-05 0.0297187 9.99824E-05 0.417328
9.9965E-05 9.9965E-05 9.9965E-05 0.278334 9.9965E-05 0.721267
9.99649E-05 9.99649E-05 9.99649E-05 0.333687 0.665914 9.99649E-05
0.560064 9.99648E-05 9.99648E-05 9.99648E-05 9.99648E-05 0.439536
0.1714 9.99738E-05 9.99738E-05 0.378179 9.99738E-05 0.450121
0.36899 9.99736E-05 9.99736E-05 9.99736E-05 0.0960758 0.534634
0.128827 9.99738E-05 0.333232 0.537641 9.99738E-05 9.99738E-05
9.99648E-05 9.99648E-05 0.013324 0.986276 9.99648E-05 9.99648E-05
0.160331 9.99651E-05 0.839269 9.99651E-05 9.99651E-05 9.99651E-05
0.170544 0.530993 9.99825E-05 9.99825E-05 0.0956219 0.202641
9.99738E-05 0.234719 0.272223 0.492758 9.99738E-05 9.99738E-05
0.0888028 0.328562 9.99824E-05 0.372557 9.99824E-05 0.209879
9.99648E-05 9.99648E-05 0.469549 0.530051 9.99648E-05 9.99648E-05
0.509464 9.99825E-05 0.423569 0.0446167 9.99825E-05 0.0221505
0.523166 0.0120845 9.99824E-05 9.99824E-05 0.189365 0.275185
0.265606 9.99912E-05 0.326035 0.0173588 0.238979 0.151921
0.216877 9.99736E-05 9.99736E-05 0.588994 9.99736E-05 0.193829
9.99649E-05 0.405399 9.99649E-05 0.594201 9.99649E-05 9.99649E-05
0.131418 9.99823E-05 0.411159 0.390145 0.0670775 9.99823E-05
9.99824E-05 0.596203 0.11552 0.28311 9.99824E-05 0.0049673
9.99651E-05 9.99651E-05 0.675558 9.99651E-05 9.99651E-05 0.324042
0.155438 0.509649 9.99825E-05 0.279709 9.99825E-05 0.0550034
0.60281 9.99738E-05 9.99738E-05 0.277523 9.99738E-05 0.119367
0.0660277 9.99824E-05 0.154046 9.99824E-05 0.480266 0.29946
0.639029 0.00739403 9.99736E-05 9.99736E-05 9.99736E-05 0.353277
9.99651E-05 9.99651E-05 9.99651E-05 9.99651E-05 0.925983 0.0736176
0.251853 0.0241122 9.99737E-05 9.99737E-05 0.723735 9.99737E-05
0.17432 9.99739E-05 0.105376 9.99739E-05 9.99739E-05 0.720004
0.294054 9.99737E-05 9.99737E-05 0.55074 9.99737E-05 0.154906
9.99823E-05 0.257604 0.174392 0.216295 9.99823E-05 0.35151
0.651379 9.99649E-05 9.99649E-05 9.99649E-05 9.99649E-05 0.348221
9.99736E-05 9.99736E-05 9.99736E-05 0.132263 0.145962 0.721475
9.99648E-05 9.99648E-05 0.130833 9.99648E-05 9.99648E-05 0.868767
0.0647066 9.99824E-05 0.0182275 0.162373 9.99824E-05 0.754493
0.131084 0.17483 0.198542 9.99825E-05 0.495345 9.99825E-05
0.34087 0.388154 9.99735E-05 0.270676 9.99735E-05 9.99735E-05
0.105046 0.654163 0.24049 9.99737E-05 9.99737E-05 9.99737E-05
0.277968 0.0105918 0.276978 9.99912E-05 0.213248 0.221114
0.967856 9.9965E-05 0.0317437 9.9965E-05 9.9965E-05 9.9965E-05
0.401852 9.99738E-05 9.99738E-05 9.99738E-05 0.000264748 0.597583
9.99735E-05 0.168649 9.99735E-05 0.562681 9.99735E-05 0.26837
0.379943 9.99735E-05 0.24215 9.99735E-05 9.99735E-05 0.377607
0.194525 9.99826E-05 9.99826E-05 0.00834575 0.61412 0.182809
0.698707 0.300893 9.99649E-05 9.99649E-05 9.99649E-05 9.99649E-05
0.400831 9.99735E-05 0.382555 0.216314 9.99735E-05 9.99735E-05
0.228247 9.99825E-05 0.373811 9.99825E-05 0.335591 0.0621514
0.465175 0.342903 9.99736E-05 9.99736E-05 0.191622 9.99736E-05
9.99648E-05 9.99648E-05 0.295722 9.99648E-05 9.99648E-05 0.703878
0.345716 0.28108 0.314188 0.0588158 9.99825E-05 9.99825E-05
9.99824E-05 0.180846 0.150125 9.99824E-05 0.063206 0.605623
0.0913278 9.99824E-05 0.0488985 0.722116 0.137458 9.99824E-05
0.0185074 0.0185965 0.361748 0.600948 9.99823E-05 9.99823E-05
0.228813 0.11055 9.99737E-05 9.99737E-05 0.660337 9.99737E-05
9.99823E-05 0.0850388 9.99823E-05 0.276745 0.30219 0.335826
0.367848 9.99823E-05 0.228178 0.389136 0.0146376 9.99823E-05
9.996E-05 9.996E-05 9.996E-05 9.996E-05 0.9995 9.996E-05
9.99738E-05 0.53393 9.99738E-05 0.326602 9.99738E-05 0.139167
0.164673 9.99736E-05 9.99736E-05 0.834428 0.000599652 9.99736E-05
9.99825E-05 0.0351633 9.99825E-05 0.565179 0.00112921 0.398329
9.99824E-05 0.45721 0.345537 0.0788967 0.118156 9.99824E-05
0.0546417 0.394958 0.5501 9.99739E-05 9.99739E-05 9.99739E-05
9.99649E-05 0.305691 9.99649E-05 0.693909 9.99649E-05 9.99649E-05
0.145777 9.99824E-05 0.139042 0.358642 9.99824E-05 0.356339
0.22046 9.99738E-05 9.99738E-05 9.99738E-05 0.705384 0.0738563
0.056712 9.99912E-05 0.151906 0.370368 0.0814475 0.339467
0.112853 0.17162 0.0221611 0.141403 0.551863 9.99913E-05
0.616104 0.0234326 9.99824E-05 9.99824E-05 0.26432 0.0959435
9.996E-05 0.9995 9.996E-05 9.996E-05 9.996E-05 9.996E-05
0.401467 9.99826E-05 0.31768 0.147196 0.133457 9.99826E-05
9.99736E-05 9.99736E-05 0.389082 9.99736E-05 0.240477 0.370141
9.99737E-05 9.99737E-05 0.261084 0.464809 0.273807 9.99737E-05
0.132558 9.99652E-05 0.867042 9.99652E-05 9.99652E-05 9.99652E-05
9.99824E-05 0.380037 0.358015 0.155093 0.106655 9.99824E-05
0.303459 9.99738E-05 0.673066 0.0231746 9.99738E-05 9.99738E-05
0.470429 9.99648E-05 0.529171 9.99648E-05 9.99648E-05 9.99648E-05
9.99735E-05 0.205181 9.99735E-05 0.611764 0.182755 9.99735E-05
0.404816 0.553229 9.99737E-05 9.99737E-05 9.99737E-05 0.0416547
9.99654E-05 9.99654E-05 0.328381 9.99654E-05 9.99654E-05 0.67122
9.99825E-05 0.066792 0.190735 0.726556 9.99825E-05 0.0157163
9.99825E-05 0.676456 0.0967784 9.99825E-05 0.145772 0.0807929
0.171828 0.510283 9.99736E-05 9.99736E-05 9.99736E-05 0.317589
9.99825E-05 0.0952148 0.479066 0.317437 0.108082 9.99825E-05
0.0547545 9.99738E-05 0.132492 9.99738E-05 9.99738E-05 0.812453
0.14419 0.110968 0.214736 9.99825E-05 9.99825E-05 0.529907
9.99649E-05 0.725043 0.274558 9.99649E-05 9.99649E-05 9.99649E-05
9.99912E-05 0.172461 0.176279 0.101488 0.461229 0.0884431
9.99841E-05 0.434562 0.432049 0.0596792 0.073509 9.99841E-05
9.99735E-05 0.0980764 0.537077 9.99735E-05 9.99735E-05 0.364547
0.0249213 9.99735E-05 0.056859 0.91792 9.99735E-05 9.99735E-05
0.299899 0.588067 0.0514305 0.00250568 9.99912E-05 0.0579978
0.276161 9.99738E-05 0.564513 9.99738E-05 0.159026 9.99738E-05
0.50258 9.99824E-05 0.304795 0.0426964 9.99824E-05 0.149729
9.99649E-05 9.99649E-05 9.99649E-05 0.526128 0.473472 9.99649E-05
0.349086 0.202841 9.99824E-05 0.276397 0.171476 9.99824E-05
9.99737E-05 9.99737E-05 0.0849533 0.454484 9.99737E-05 0.460263
0.137149 0.307792 9.99824E-05 0.51143 9.99824E-05 0.0434286
9.9974E-05 9.9974E-05 0.864455 0.0240626 9.9974E-05 0.111182
9.99824E-05 0.29474 0.0512887 0.279707 0.374065 9.99824E-05
9.996E-05 9.996E-05 9.996E-05 0.9995 9.996E-05 9.996E-05
0.253267 9.99738E-05 0.137008 9.99738E-05 9.99738E-05 0.609425
9.99648E-05 0.0991049 9.99648E-05 0.900495 9.99648E-05 9.99648E-05
9.99823E-05 0.127366 0.117114 0.317295 9.99823E-05 0.438026
0.544904 9.99736E-05 9.99736E-05 0.290325 0.164471 9.99736E-05
0.0244141 0.722356 9.99734E-05 0.25293 9.99734E-05 9.99734E-05
0.568158 9.99648E-05 9.99648E-05 0.431442 9.99648E-05 9.99648E-05
0.111708 9.99824E-05 0.0248805 0.781692 0.0815193 9.99824E-05
0.207904 0.0182735 0.0154417 0.130577 0.0560311 0.571772
9.99649E-05 9.99649E-05 0.664822 0.334778 9.99649E-05 9.99649E-05
0.668911 9.99735E-05 0.204845 0.125945 9.99735E-05 9.99735E-05
9.99737E-05 9.99737E-05 0.603406 0.111078 9.99737E-05 0.285217
0.247805 9.99824E-05 0.0886674 9.99824E-05 0.307441 0.355887
9.99823E-05 9.99823E-05 0.31895 0.172607 0.240901 0.267342
0.531964 9.99651E-05 9.99651E-05 0.467636 9.99651E-05 9.99651E-05
9.99651E-05 9.99651E-05 0.291806 0.707794 9.99651E-05 9.99651E-05
0.570083 9.99736E-05 9.99736E-05 0.115006 9.99736E-05 0.314611
0.0441645 9.99823E-05 9.99823E-05 0.021578 0.49857 0.435487
0.385487 0.0709171 0.221081 0.100115 0.04234 0.18006
0.252264 9.9965E-05 0.747336 9.9965E-05 9.9965E-05 9.9965E-05
0.286013 9.99824E-05 0.030274 0.480137 9.99824E-05 0.203376
0.51998 9.99736E-05 0.0360137 9.99736E-05 9.99736E-05 0.443706
0.140773 0.331324 0.470951 9.99912E-05 0.0127378 0.0441139
9.99737E-05 9.99737E-05 0.00810792 0.916361 9.99737E-05 0.0752316
9.99736E-05 9.99736E-05 0.0856089 0.629976 0.284116 9.99736E-05
9.99736E-05 0.592949 9.99736E-05 9.99736E-05 0.0203184 0.386432
0.793779 9.99649E-05 9.99649E-05 9.99649E-05 9.99649E-05 0.205821
0.449559 9.99648E-05 9.99648E-05 9.99648E-05 9.99648E-05 0.550041
9.99737E-05 9.99737E-05 0.657714 0.0140505 9.99737E-05 0.327936
0.260674 0.0934726 9.99912E-05 0.395636 0.167032 0.0830861
9.99737E-05 0.63114 9.99737E-05 0.15527 9.99737E-05 0.21329
0.5317 0.281704 0.0632149 9.99824E-05 0.123182 9.99824E-05
0.148963 0.214152 0.0897903 9.99913E-05 0.208611 0.338385
0.664741 9.99737E-05 9.99737E-05 0.239838 9.99737E-05 0.0951214
0.692915 0.0199974 0.0733452 0.213542 9.99824E-05 9.99824E-05
9.9965E-05 9.9965E-05 9.9965E-05 0.914166 0.0854339 9.9965E-05
9.99824E-05 0.453929 0.0961698 0.175711 9.99824E-05 0.273991
0.00361756 9.99739E-05 0.663148 9.99739E-05 0.332935 9.99739E-05
0.326686 0.231915 0.0158543 9.99823E-05 9.99823E-05 0.425344
0.0833047 0.383422 0.0169797 9.99912E-05 0.348304 0.167889
9.99824E-05 9.99824E-05 0.160611 0.0984364 0.458316 0.282436
0.277473 0.442479 0.279748 9.99739E-05 9.99739E-05 9.99739E-05
0.52442 9.99649E-05 9.99649E-05 0.475181 9.99649E-05 9.99649E-05
9.99647E-05 9.99647E-05 0.715224 9.99647E-05 9.99647E-05 0.284376
0.241392 9.99736E-05 9.99736E-05 0.129856 9.99736E-05 0.628452
0.285908 0.461252 0.25254 9.99736E-05 9.99736E-05 9.99736E-05
9.99646E-05 0.522434 9.99646E-05 0.477166 9.99646E-05 9.99646E-05
9.99738E-05 0.864654 9.99738E-05 0.0327232 9.99738E-05 0.102323
0.20196 0.238361 0.0498824 0.509596 9.99825E-05 9.99825E-05
9.99824E-05 0.0771618 0.453956 0.045401 0.423281 9.99824E-05
0.182855 0.611629 9.99736E-05 0.205217 9.99736E-05 9.99736E-05
9.99736E-05 9.99736E-05 9.99736E-05 0.0699822 0.258398 0.67132
0.237044 9.99824E-05 0.186711 0.414046 0.161998 9.99824E-05
0.129561 9.99824E-05 0.200565 0.66563 0.00404482 9.99824E-05
0.229978 0.499162 9.99736E-05 9.99736E-05 9.99736E-05 0.27056
9.99824E-05 0.176536 0.442575 9.99824E-05 0.345161 0.0355272
9.99736E-05 9.99736E-05 0.125822 0.212897 9.99736E-05 0.660981
0.0287858 9.99828E-05 9.99828E-05 0.414816 0.337495 0.218704
0.0342958 0.54362 9.99823E-05 0.212831 0.209053 9.99823E-05
9.99648E-05 9.99648E-05 0.483147 0.516453 9.99648E-05 9.99648E-05
0.769942 0.102139 9.99735E-05 0.127619 9.99735E-05 9.99735E-05
9.99734E-05 0.104175 0.427458 0.468067 9.99734E-05 9.99734E-05
0.576214 0.256179 9.99738E-05 9.99738E-05 9.99738E-05 0.167307
0.434658 0.481236 9.99736E-05 0.0838068 9.99736E-05 9.99736E-05
9.99826E-05 0.259072 9.99826E-05 0.287433 0.415706 0.0375891
0.230659 0.512187 0.256854 9.99737E-05 9.99737E-05 9.99737E-05
9.996E-05 9.996E-05 9.996E-05 0.9995 9.996E-05 9.996E-05
9.99647E-05 0.334212 9.99647E-05 9.99647E-05 9.99647E-05 0.665388
9.99737E-05 9.99737E-05 0.746545 0.107649 9.99737E-05 0.145505
0.133256 9.99823E-05 0.549396 0.0630936 0.254055 9.99823E-05
9.99648E-05 9.99648E-05 0.950319 9.99648E-05 9.99648E-05 0.0492813
0.578824 9.99735E-05 9.99735E-05 0.240619 0.180257 9.99735E-05
0.0397243 0.28095 0.456277 9.99823E-05 9.99823E-05 0.222848
9.99825E-05 9.99825E-05 0.221314 0.493338 0.17491 0.110238
0.651695 9.99648E-05 0.347906 9.99648E-05 9.99648E-05 9.99648E-05
9.99647E-05 9.99647E-05 0.384208 9.99647E-05 0.615392 9.99647E-05
0.418898 0.160357 9.99826E-05 0.0212411 0.399304 9.99826E-05
0.207828 0.475615 0.0721373 0.24422 9.99823E-05 9.99823E-05
0.630601 0.369 9.99649E-05 9.99649E-05 9.99649E-05 9.99649E-05
0.198287 0.555385 9.99824E-05 9.99824E-05 0.0831294 0.162999
9.99738E-05 9.99738E-05 0.311621 0.680622 9.99738E-05 0.00745755
0.538506 0.29414 9.99825E-05 9.99825E-05 0.145272 0.0218822
9.99738E-05 9.99738E-05 0.666734 0.313096 9.99738E-05 0.0198697
0.393782 9.99737E-05 0.321664 9.99737E-05 0.284254 9.99737E-05
0.152833 9.9965E-05 9.9965E-05 0.846767 9.9965E-05 9.9965E-05
0.0383099 0.163856 9.99826E-05 0.410991 9.99826E-05 0.386642
9.99736E-05 9.99736E-05 0.0976949 0.695241 9.99736E-05 0.206764
0.12406 0.681307 0.158547 0.035886 9.99825E-05 9.99825E-05
9.99647E-05 0.405639 0.593961 9.99647E-05 9.99647E-05 9.99647E-05
9.99736E-05 9.99736E-05 0.332394 0.5327 0.134606 9.99736E-05
9.99736E-05 9.99736E-05 0.290857 0.349023 9.99736E-05 0.35982
0.0662518 0.136591 0.174762 9.99824E-05 9.99824E-05 0.622195
0.764144 9.99737E-05 9.99737E-05 0.0204708 9.99737E-05 0.215086
0.0417611 0.00544523 0.416274 9.99824E-05 9.99824E-05 0.536319
0.394483 0.420994 9.99734E-05 9.99734E-05 0.184223 9.99734E-05
0.0564794 9.99649E-05 0.943121 9.99649E-05 9.99649E-05 9.99649E-05
0.218377 9.99735E-05 0.605603 9.99735E-05 0.17572 9.99735E-05
0.432166 0.117852 0.378803 9.99824E-05 9.99824E-05 0.0709792
9.99737E-05 0.78835 0.147866 0.063485 9.99737E-05 9.99737E-05
9.9974E-05 0.910491 9.9974E-05 0.029342 0.0598672 9.9974E-05
9.99737E-05 0.775949 9.99737E-05 0.0270975 0.196654 9.99737E-05
9.99736E-05 0.0576459 0.448633 9.99736E-05 9.99736E-05 0.493421
9.99649E-05 9.99649E-05 0.464031 9.99649E-05 9.99649E-05 0.535569
9.99735E-05 9.99735E-05 0.486446 0.0741304 9.99735E-05 0.439123
0.189759 9.99735E-05 0.652877 9.99735E-05 9.99735E-05 0.157064
0.135079 0.11597 0.092676 0.550266 9.99912E-05 0.105909
9.99736E-05 9.99736E-05 0.692489 0.109973 0.197238 9.99736E-05
9.99823E-05 0.0097041 0.162111 0.731805 9.99823E-05 0.0961794
0.444647 9.99737E-05 0.279891 9.99737E-05 0.275162 9.99737E-05
0.21184 9.99824E-05 9.99824E-05 0.590786 0.188023 0.00915101
0.926273 9.9965E-05 0.0733272 9.9965E-05 9.9965E-05 9.9965E-05
9.99737E-05 9.99737E-05 0.537877 0.0954174 0.366406 9.99737E-05
9.99826E-05 0.505223 0.0518139 0.320749 9.99826E-05 0.122014
0.292333 0.0156375 9.99823E-05 0.288335 0.403495 9.99823E-05
0.910545 0.0661494 0.0230056 9.99738E-05 9.99738E-05 9.99738E-05
9.9965E-05 0.674033 9.9965E-05 0.325567 9.9965E-05 9.9965E-05
0.986305 9.99738E-05 9.99738E-05 9.99738E-05 0.000429209 0.0129654
9.99912E-05 0.0177777 0.144469 0.0318179 0.28015 0.525686
9.99651E-05 0.472661 9.99651E-05 9.99651E-05 9.99651E-05 0.526939
0.548493 9.99824E-05 0.190899 9.99824E-05 0.191807 0.0686008
9.99735E-05 9.99735E-05 9.99735E-05 0.606547 0.308201 0.0849522
0.0186163 9.99737E-05 9.99737E-05 0.237845 9.99737E-05 0.743239
0.134065 9.99737E-05 0.311115 0.55452 9.99737E-05 9.99737E-05
0.927073 0.0244033 9.99738E-05 9.99738E-05 9.99738E-05 0.0482242
0.243813 0.152581 9.99827E-05 0.121778 9.99827E-05 0.481628
9.99825E-05 0.380188 0.375452 9.99825E-05 0.0314997 0.21266
9.99652E-05 9.99652E-05 9.99652E-05 0.505635 9.99652E-05 0.493965
0.226174 9.99737E-05 0.240408 9.99737E-05 9.99737E-05 0.533118
0.330351 9.99738E-05 9.99738E-05 0.251385 9.99738E-05 0.417964
0.533295 0.0991969 0.312365 9.99824E-05 0.0549429 9.99824E-05
9.99738E-05 0.114828 0.145936 9.99738E-05 9.99738E-05 0.738937
0.502948 9.99735E-05 0.206959 0.289793 9.99735E-05 9.99735E-05
9.99824E-05 0.091721 0.0707242 0.740731 9.99824E-05 0.096624
0.581944 0.109031 9.99825E-05 9.99825E-05 0.0914376 0.217387
9.99648E-05 9.99648E-05 9.99648E-05 9.99648E-05 0.575921 0.423679
0.209357 9.99739E-05 0.7272 9.99739E-05 0.0631436 9.99739E-05
0.0665361 9.99735E-05 9.99735E-05 0.895427 0.0377371 9.99735E-05
9.99737E-05 9.99737E-05 0.471934 9.99737E-05 0.368895 0.15887
0.462524 0.0635226 9.99823E-05 0.165821 0.307932 9.99823E-05
0.434092 9.99823E-05 0.213575 0.103924 0.248209 9.99823E-05
0.470959 0.0326868 9.99824E-05 0.282219 9.99824E-05 0.213935
9.996E-05 9.996E-05 9.996E-05 0.9995 9.996E-05 9.996E-05
9.99738E-05 9.99738E-05 0.461258 9.99738E-05 0.328204 0.210239
0.250674 9.99647E-05 0.748926 9.99647E-05 9.99647E-05 9.99647E-05
0.101485 9.99737E-05 9.99737E-05 0.833894 9.99737E-05 0.0643207
