0.280389 0.367776 0.103476 9.999E-05 0.1662 0.0820583
0.235833 9.99738E-05 9.99738E-05 9.99738E-05 0.718353 0.0455148
0.2994 0.7002 9.9965E-05 9.9965E-05 9.9965E-05 9.9965E-05
0.0606238 9.99826E-05 0.201435 0.022813 0.714928 9.99826E-05
0.551802 9.99824E-05 0.250207 9.99824E-05 0.042186 0.155606
0.236168 9.99738E-05 9.99738E-05 9.99738E-05 0.467663 0.295869
0.38284 9.99737E-05 9.99737E-05 0.180288 9.99737E-05 0.436573
0.526487 9.99649E-05 9.99649E-05 0.473113 9.99649E-05 9.99649E-05
9.997E-05 9.997E-05 9.997E-05 0.167058 0.558641 0.274001
9.99736E-05 0.473037 9.99736E-05 9.99736E-05 0.345434 0.181229
0.0997369 9.99736E-05 9.99736E-05 0.746741 0.153222 9.99736E-05
0.115274 0.0879788 9.99912E-05 0.250058 0.359244 0.187345
9.99824E-05 9.99824E-05 0.443606 0.0643973 0.489931 0.00186552
9.997E-05 9.997E-05 9.997E-05 0.116518 0.528985 0.354197
0.423815 0.193882 9.998E-05 0.1032 9.998E-05 0.278904
0.0799026 9.99823E-05 0.632142 9.99823E-05 0.208069 0.0796866
0.187637 9.99824E-05 0.00582881 9.99824E-05 0.154889 0.651445
0.0619771 0.404854 9.99735E-05 0.532869 9.99735E-05 9.99735E-05
0.570617 9.99736E-05 9.99736E-05 9.99736E-05 0.0145499 0.414534
9.99824E-05 0.17297 9.99824E-05 0.206037 0.251814 0.368979
0.104469 9.99824E-05 0.470983 9.99824E-05 0.332095 0.0922525
9.99649E-05 9.99649E-05 0.250182 9.99649E-05 0.749418 9.99649E-05
9.99651E-05 9.99651E-05 0.152395 9.99651E-05 9.99651E-05 0.847205
0.0888538 0.028016 9.99912E-05 0.0372441 0.493635 0.352151
0.0747925 9.99912E-05 0.219269 0.271405 0.426427 0.00800626
0.0941203 0.201522 9.99826E-05 0.549135 0.155023 9.99826E-05
9.99649E-05 9.99649E-05 0.647273 0.352327 9.99649E-05 9.99649E-05
0.0488062 0.278304 9.99825E-05 9.99825E-05 0.285358 0.387332
9.99649E-05 9.99649E-05 9.99649E-05 0.22316 0.77644 9.99649E-05
9.99737E-05 9.99737E-05 0.76553 0.176748 0.0574224 9.99737E-05
9.99736E-05 0.0745039 0.149527 9.99736E-05 0.775669 9.99736E-05
0.454579 0.229116 9.99824E-05 0.215375 9.99824E-05 0.10073
9.997E-05 0.561872 9.997E-05 9.997E-05 0.299491 0.138336
9.99651E-05 9.99651E-05 0.328894 9.99651E-05 9.99651E-05 0.670706
0.153359 0.318079 9.99736E-05 9.99736E-05 9.99736E-05 0.528261
9.99824E-05 0.00396896 0.243262 9.99824E-05 0.277051 0.475518
0.454581 0.122705 0.117749 9.99824E-05 9.99824E-05 0.304764
0.270163 0.389359 9.998E-05 9.998E-05 0.297324 0.0429537
0.310573 9.99912E-05 0.212821 0.0820974 0.0520264 0.342381
9.99826E-05 9.99826E-05 0.278664 0.0901971 0.0509862 0.579953
9.99651E-05 9.99651E-05 9.99651E-05 0.538227 0.461374 9.99651E-05
0.397175 9.99912E-05 0.237797 0.0753084 0.276737 0.0128831
0.216902 0.603866 9.99735E-05 9.99735E-05 9.99735E-05 0.178933
9.99824E-05 9.99824E-05 0.0447922 0.0386721 0.453 0.463336
0.00898057 9.99824E-05 0.43265 0.483673 9.99824E-05 0.0744966
0.333026 0.361542 9.99825E-05 9.99825E-05 0.026469 0.278763
9.998E-05 9.998E-05 0.0701696 0.104011 0.591243 0.234377
9.99824E-05 0.330373 9.99824E-05 0.280069 0.0646878 0.324671
0.832408 9.99649E-05 0.167192 9.99649E-05 9.99649E-05 9.99649E-05
9.99825E-05 0.36326 9.99825E-05 0.158445 0.263469 0.214626
0.135027 9.99825E-05 0.140722 0.600146 9.99825E-05 0.123905
0.254312 0.202469 0.16631 9.998E-05 9.998E-05 0.376709
0.372665 9.99649E-05 9.99649E-05 9.99649E-05 9.99649E-05 0.626936
9.99649E-05 9.99649E-05 0.713678 9.99649E-05 0.285922 9.99649E-05
9.99735E-05 0.335258 0.143449 9.99735E-05 9.99735E-05 0.520993
0.106484 0.617258 0.000928371 9.99913E-05 0.18675 0.0884797
0.510892 9.99735E-05 0.15828 9.99735E-05 9.99735E-05 0.330528
0.128096 0.191771 0.0647016 9.999E-05 0.507643 0.107688
9.99738E-05 0.454229 0.335487 9.99738E-05 9.99738E-05 0.209984
0.831388 9.99647E-05 9.99647E-05 0.168212 9.99647E-05 9.99647E-05
0.703112 9.99738E-05 9.99738E-05 0.0572567 9.99738E-05 0.239331
0.43314 9.99735E-05 0.000443062 0.566117 9.99735E-05 9.99735E-05
9.9965E-05 0.163832 9.9965E-05 9.9965E-05 0.835768 9.9965E-05
0.367278 9.99826E-05 0.485737 0.035738 9.99826E-05 0.111047
0.382906 9.99824E-05 0.332062 0.0399884 0.244844 9.99824E-05
9.99646E-05 9.99646E-05 9.99646E-05 0.377893 9.99646E-05 0.621707
9.9965E-05 9.9965E-05 9.9965E-05 0.983974 9.9965E-05 0.0156256
0.275412 0.236069 9.99912E-05 0.0175562 0.11088 0.359982
9.99824E-05 0.0527588 0.700216 9.99824E-05 0.185432 0.0613932
9.99825E-05 0.550013 0.0250816 0.315805 0.1089 9.99825E-05
0.517309 0.321817 9.997E-05 9.997E-05 9.997E-05 0.160574
0.0370251 9.997E-05 0.279027 0.683648 9.997E-05 9.997E-05
9.99824E-05 0.418136 0.359036 0.0585932 0.164034 9.99824E-05
0.441163 0.00396587 0.0898082 9.99825E-05 0.464863 9.99825E-05
0.347793 9.99737E-05 0.394832 9.99737E-05 9.99737E-05 0.257075
0.199461 9.99824E-05 0.0731902 0.479192 0.247956 9.99824E-05
9.99737E-05 9.99737E-05 9.99737E-05 0.126857 0.729953 0.14289
9.9965E-05 9.9965E-05 9.9965E-05 0.993917 0.00568298 9.9965E-05
0.329994 9.99737E-05 9.99737E-05 9.99737E-05 0.551971 0.117735
9.99823E-05 0.14573 0.534504 9.99823E-05 0.300692 0.0188735
0.24645 9.99911E-05 0.150147 0.0206417 0.429855 0.152806
0.297519 0.0547632 0.474446 9.99826E-05 9.99826E-05 0.173072
0.324041 9.99824E-05 0.0698505 0.546388 9.99824E-05 0.0595201
0.393191 9.99648E-05 9.99648E-05 9.99648E-05 9.99648E-05 0.606409
0.0874963 9.99823E-05 0.180294 9.99823E-05 0.523157 0.208852
0.369358 0.500258 9.997E-05 9.997E-05 0.130084 9.997E-05
9.996E-05 9.996E-05 0.9995 9.996E-05 9.996E-05 9.996E-05
9.996E-05 9.996E-05 9.996E-05 0.9995 9.996E-05 9.996E-05
0.168434 0.117415 0.248896 9.998E-05 0.465055 9.998E-05
0.127844 9.99913E-05 0.275887 0.105793 0.148702 0.341673
9.99648E-05 0.887637 9.99648E-05 0.111963 9.99648E-05 9.99648E-05
0.55415 9.99647E-05 0.44545 9.99647E-05 9.99647E-05 9.99647E-05
0.581163 0.202894 9.99736E-05 0.215643 9.99736E-05 9.99736E-05
9.99736E-05 0.350631 9.99736E-05 9.99736E-05 0.572503 0.0765656
0.0100092 0.269925 0.345348 9.99824E-05 0.374517 9.99824E-05
0.660549 0.0154867 9.99736E-05 0.323665 9.99736E-05 9.99736E-05
9.99739E-05 0.317492 9.99739E-05 0.138265 9.99739E-05 0.543943
0.373091 9.99824E-05 0.300207 0.291107 9.99824E-05 0.0353958
0.461335 9.998E-05 9.998E-05 0.213192 0.186362 0.13891
9.99823E-05 0.623466 9.99823E-05 0.145807 0.176624 0.0539028
9.99647E-05 9.99647E-05 9.99647E-05 0.165851 0.833749 9.99647E-05
0.715659 9.99739E-05 9.99739E-05 0.0384902 9.99739E-05 0.24555
9.99824E-05 0.27923 9.99824E-05 0.379787 0.203397 0.137386
0.380452 9.99737E-05 0.0364947 0.582754 9.99737E-05 9.99737E-05
9.99737E-05 0.246596 9.99737E-05 0.461007 9.99737E-05 0.292097
0.418361 9.99736E-05 9.99736E-05 0.0573328 0.524006 9.99736E-05
0.0366448 0.770754 0.160709 9.99823E-05 0.0316924 9.99823E-05
0.604182 9.99736E-05 0.203114 0.192404 9.99736E-05 9.99736E-05
0.266246 9.99824E-05 0.504392 9.99824E-05 0.150589 0.078573
0.340259 0.171653 0.487788 9.99736E-05 9.99736E-05 9.99736E-05
9.99824E-05 0.498592 9.99824E-05 0.184016 0.182756 0.134436
0.122583 0.0117318 0.560196 9.99823E-05 9.99823E-05 0.305289
0.0486703 0.0470429 9.99912E-05 0.197752 0.28529 0.421144
9.99647E-05 9.99647E-05 0.709739 9.99647E-05 0.289861 9.99647E-05
0.327568 0.0167579 9.99742E-05 9.99742E-05 0.655374 9.99742E-05
0.265268 0.149127 9.99737E-05 9.99737E-05 0.585305 9.99737E-05
9.99739E-05 0.611006 9.99739E-05 0.335117 9.99739E-05 0.0535765
9.9974E-05 0.287542 9.9974E-05 9.9974E-05 0.378019 0.334139
9.99736E-05 0.132967 9.99736E-05 9.99736E-05 0.0838974 0.782836
0.466346 0.00391604 0.132736 0.013556 0.383347 9.99912E-05
0.514199 9.99825E-05 0.136252 9.99825E-05 0.282047 0.0673022
0.189714 0.809886 9.99651E-05 9.99651E-05 9.99651E-05 9.99651E-05
0.0027906 9.99737E-05 0.0797044 9.99737E-05 9.99737E-05 0.917205
0.0446267 9.99735E-05 9.99735E-05 0.456282 9.99735E-05 0.498791
0.354576 9.99824E-05 0.00394712 0.403435 9.99824E-05 0.237842
0.578377 9.99735E-05 0.298294 9.99735E-05 0.123029 9.99735E-05
0.331543 9.99736E-05 0.0568366 9.99736E-05 0.61132 9.99736E-05
0.141416 0.303274 9.998E-05 0.212156 9.998E-05 0.342954
9.99737E-05 0.00821388 0.512352 9.99737E-05 9.99737E-05 0.479134
0.555817 9.99736E-05 9.99736E-05 0.0723975 0.371486 9.99736E-05
0.120112 0.29953 9.99827E-05 9.99827E-05 0.173228 0.40693
0.837418 0.00719872 0.0440336 9.99825E-05 0.11115 9.99825E-05
0.793986 9.9965E-05 9.9965E-05 9.9965E-05 9.9965E-05 0.205614
0.436648 9.99824E-05 0.181232 9.99824E-05 0.2778 0.104121
0.390644 0.58777 9.99736E-05 0.021286 9.99736E-05 9.99736E-05
0.0336535 9.99736E-05 9.99736E-05 9.99736E-05 0.518677 0.44737
0.952984 9.99651E-05 9.99651E-05 9.99651E-05 0.0466162 9.99651E-05
0.0343987 9.99738E-05 0.640835 9.99738E-05 9.99738E-05 0.324467
0.131484 9.99824E-05 0.341233 0.155652 0.371431 9.99824E-05
0.0461872 0.0223755 0.132822 0.252382 0.15575 0.390482
9.99825E-05 0.390033 9.99825E-05 0.127224 0.389271 0.0932721
0.289864 0.531216 9.99736E-05 9.99736E-05 9.99736E-05 0.17862
9.99737E-05 0.334283 0.346677 9.99737E-05 0.31874 9.99737E-05
9.99912E-05 0.00733447 0.154777 0.106563 0.448551 0.282674
9.99826E-05 9.99826E-05 0.0996437 0.0290189 0.113682 0.757455
9.998E-05 0.29247 0.0387469 0.0811102 9.998E-05 0.587473
0.402784 9.998E-05 0.0279744 0.205104 9.998E-05 0.363937
9.99735E-05 0.210578 9.99735E-05 9.99735E-05 0.365927 0.423196
0.211178 9.99649E-05 9.99649E-05 9.99649E-05 0.788422 9.99649E-05
0.48388 9.99738E-05 9.99738E-05 0.512234 0.0035859 9.99738E-05
0.153582 9.99825E-05 0.0602425 0.468864 0.317112 9.99825E-05
9.99739E-05 9.99739E-05 0.767027 0.134216 0.0984577 9.99739E-05
0.245309 0.150389 9.998E-05 0.564128 0.0399736 9.998E-05
9.99824E-05 0.459486 0.342566 0.0397022 0.158046 9.99824E-05
9.99824E-05 0.0812762 0.177297 9.99824E-05 0.0606275 0.680599
0.123767 0.307753 9.99736E-05 9.99736E-05 0.56818 9.99736E-05
9.99649E-05 9.99649E-05 0.208174 9.99649E-05 0.791426 9.99649E-05
0.0371889 9.997E-05 0.702101 9.997E-05 9.997E-05 0.26041
0.425616 0.066584 0.179798 0.327802 9.99825E-05 9.99825E-05
0.0978879 0.226583 9.99824E-05 9.99824E-05 0.198564 0.476765
9.99736E-05 9.99736E-05 0.527504 0.186332 9.99736E-05 0.285864
0.187123 9.99736E-05 0.407902 9.99736E-05 0.404675 9.99736E-05
0.0821686 9.99735E-05 0.511872 0.40566 9.99735E-05 9.99735E-05
9.99649E-05 9.99649E-05 9.99649E-05 9.99649E-05 0.495222 0.504378
9.99648E-05 9.99648E-05 9.99648E-05 9.99648E-05 0.125795 0.873806
9.99736E-05 0.133468 0.468841 9.99736E-05 0.397391 9.99736E-05
9.996E-05 9.996E-05 9.996E-05 9.996E-05 0.9995 9.996E-05
0.420629 9.99651E-05 0.578971 9.99651E-05 9.99651E-05 9.99651E-05
0.358202 0.0494394 9.99736E-05 9.99736E-05 9.99736E-05 0.592059
9.99649E-05 9.99649E-05 0.890271 9.99649E-05 9.99649E-05 0.109329
9.99735E-05 0.19755 0.506263 0.295888 9.99735E-05 9.99735E-05
0.414577 0.166722 9.99738E-05 9.99738E-05 0.418401 9.99738E-05
0.20366 0.79594 9.99649E-05 9.99649E-05 9.99649E-05 9.99649E-05
0.682055 0.173157 9.997E-05 9.997E-05 0.144488 9.997E-05
9.99737E-05 0.422178 0.389882 9.99737E-05 9.99737E-05 0.18764
9.99737E-05 9.99737E-05 0.0862382 9.99737E-05 0.278002 0.635459
0.31361 9.99735E-05 9.99735E-05 9.99735E-05 0.303957 0.382133
0.461654 9.99648E-05 0.537947 9.99648E-05 9.99648E-05 9.99648E-05
0.150485 9.99736E-05 0.767652 9.99736E-05 0.0815631 9.99736E-05
9.99824E-05 0.221865 0.409597 0.0965935 9.99824E-05 0.271745
9.996E-05 0.9995 9.996E-05 9.996E-05 9.996E-05 9.996E-05
0.348412 9.99737E-05 0.487176 9.99737E-05 0.164112 9.99737E-05
0.0591428 0.136754 0.546595 0.257307 9.99824E-05 9.99824E-05
0.332948 0.516994 9.99735E-05 9.99735E-05 9.99735E-05 0.149758
9.99824E-05 0.297397 0.0243746 9.99824E-05 0.117954 0.560074
0.184245 9.998E-05 0.387815 0.218953 0.208786 9.998E-05
0.23047 0.104027 0.0475446 0.533891 0.0839668 9.99912E-05
9.99824E-05 9.99824E-05 0.28196 0.309674 0.399659 0.00850693
0.129362 9.99735E-05 0.43161 9.99735E-05 9.99735E-05 0.438728
0.182401 9.99737E-05 9.99737E-05 0.523588 9.99737E-05 0.293711
0.267785 9.99824E-05 0.229501 0.113382 9.99824E-05 0.389132
0.613567 0.0410245 9.99823E-05 0.00699522 9.99823E-05 0.338214
9.99825E-05 0.671016 0.0730181 0.0607327 9.99825E-05 0.195033
0.275119 9.99736E-05 9.99736E-05 9.99736E-05 0.214367 0.510215
0.299162 0.144269 9.99825E-05 0.0774008 9.99825E-05 0.478969
0.00471043 9.99737E-05 9.99737E-05 9.99737E-05 0.97474 0.0202497
9.996E-05 9.996E-05 9.996E-05 9.996E-05 0.814093 0.185507
0.196086 0.533852 0.262458 9.99824E-05 9.99824E-05 0.00740444
9.996E-05 9.996E-05 9.996E-05 9.996E-05 0.438436 0.561164
0.515129 9.99649E-05 9.99649E-05 9.99649E-05 0.484471 9.99649E-05
0.271588 0.00546562 9.99824E-05 9.99824E-05 0.514465 0.208281
0.509133 0.473432 9.99735E-05 0.0171351 9.99735E-05 9.99735E-05
9.9965E-05 0.940666 9.9965E-05 0.0589343 9.9965E-05 9.9965E-05
9.997E-05 9.997E-05 0.419002 0.357815 0.222884 9.997E-05
9.99737E-05 9.99737E-05 9.99737E-05 0.0222231 0.358159 0.619317
0.0879767 0.384506 9.99824E-05 9.99824E-05 0.327444 0.199873
0.773406 0.127423 0.0931032 0.00586846 9.99825E-05 9.99825E-05
0.121405 0.238783 0.420898 0.108041 9.99912E-05 0.110773
9.99824E-05 0.459667 0.376731 9.99824E-05 0.0535353 0.109867
0.284697 9.99651E-05 9.99651E-05 9.99651E-05 9.99651E-05 0.714903
0.33273 0.377288 0.207416 9.99824E-05 0.0823658 9.99824E-05
0.441438 0.439028 0.0355136 0.0838204 9.99825E-05 9.99825E-05
0.423676 0.575924 9.99647E-05 9.99647E-05 9.99647E-05 9.99647E-05
0.172351 9.99825E-05 0.457073 9.99825E-05 0.00214353 0.368232
0.265341 9.99738E-05 9.99738E-05 9.99738E-05 0.017984 0.716375
9.99651E-05 0.181346 9.99651E-05 9.99651E-05 0.818254 9.99651E-05
0.67366 9.99737E-05 0.134689 9.99737E-05 0.191351 9.99737E-05
0.155315 0.336988 9.99736E-05 0.507398 9.99736E-05 9.99736E-05
0.0915359 9.99735E-05 9.99735E-05 0.060017 9.99735E-05 0.848147
9.99646E-05 9.99646E-05 9.99646E-05 0.330085 9.99646E-05 0.669515
0.607788 0.163933 9.99741E-05 9.99741E-05 0.227979 9.99741E-05
0.0293925 0.223971 0.746337 9.997E-05 9.997E-05 9.997E-05
9.99648E-05 0.454117 0.545483 9.99648E-05 9.99648E-05 9.99648E-05
9.99825E-05 0.194998 0.0131095 9.99825E-05 0.106635 0.685058
0.138349 0.0942052 0.513637 9.99912E-05 0.00696834 0.24674
0.908325 9.99648E-05 0.0912752 9.99648E-05 9.99648E-05 9.99648E-05
9.99737E-05 9.99737E-05 0.35797 0.565709 0.076021 9.99737E-05
0.485659 0.029708 9.997E-05 9.997E-05 9.997E-05 0.484333
9.99738E-05 0.0485247 0.838541 0.112634 9.99738E-05 9.99738E-05
9.99735E-05 0.417889 9.99735E-05 9.99735E-05 0.299848 0.281963
0.0521963 0.18201 9.99912E-05 0.451219 0.13486 0.179615
9.99825E-05 0.169622 9.99825E-05 0.301069 0.325551 0.203559
0.320745 0.626054 0.0529014 9.99735E-05 9.99735E-05 9.99735E-05
0.635753 9.99736E-05 9.99736E-05 0.320343 9.99736E-05 0.0436042
0.536586 9.99736E-05 9.99736E-05 0.420224 0.0428892 9.99736E-05
0.311869 0.00551126 0.547789 9.99912E-05 0.110217 0.0245141
9.996E-05 0.9995 9.996E-05 9.996E-05 9.996E-05 9.996E-05
9.99736E-05 9.99736E-05 0.598892 0.190664 0.210144 9.99736E-05
9.996E-05 0.508238 9.996E-05 0.491363 9.996E-05 9.996E-05
0.0308462 9.99826E-05 0.129142 0.453839 9.99826E-05 0.385973
9.9965E-05 9.9965E-05 0.891173 0.108427 9.9965E-05 9.9965E-05
0.130165 0.527023 0.175425 9.99824E-05 0.167186 9.99824E-05
0.465707 0.315404 9.99736E-05 9.99736E-05 9.99736E-05 0.218589
0.0376858 0.961914 9.9965E-05 9.9965E-05 9.9965E-05 9.9965E-05
0.00494073 9.99823E-05 0.320494 9.99823E-05 0.491089 0.183276
0.000464007 0.248649 0.133973 9.998E-05 9.998E-05 0.616714
0.132428 9.99737E-05 0.105752 9.99737E-05 0.76152 9.99737E-05
9.99738E-05 0.0152217 0.247406 9.99738E-05 9.99738E-05 0.737072
9.99824E-05 9.99824E-05 0.12538 0.124094 0.241977 0.508349
9.99651E-05 0.78534 0.214261 9.99651E-05 9.99651E-05 9.99651E-05
0.226989 9.99736E-05 9.99736E-05 9.99736E-05 0.0389836 0.733727
9.9965E-05 9.9965E-05 0.298008 9.9965E-05 0.701592 9.9965E-05
0.195243 0.167539 0.327367 0.266738 9.99911E-05 0.0430128
9.99824E-05 0.0634192 0.0511002 9.99824E-05 0.293738 0.591543
0.195635 9.99912E-05 0.00623809 0.176905 0.458255 0.162867
9.99824E-05 9.99824E-05 0.273427 0.303272 0.0855426 0.337559
0.197704 0.110209 9.99825E-05 0.205505 0.486382 9.99825E-05
0.698923 9.9965E-05 9.9965E-05 9.9965E-05 9.9965E-05 0.300677
9.99824E-05 0.0854803 0.32656 9.99824E-05 0.148503 0.439257
0.039856 0.863729 9.99736E-05 9.99736E-05 9.99736E-05 0.0961148
9.99825E-05 9.99825E-05 0.396952 0.03365 0.443088 0.12611
