0.224306 0.0485222 9.99826E-05 0.726972 9.99826E-05
0.335221 0.0700626 9.99824E-05 0.594517 9.99824E-05
0.249589 9.99825E-05 0.366898 9.99825E-05 0.383313
9.999E-05 0.700834 0.0516756 0.227889 0.0195022
9.99825E-05 9.99825E-05 0.115289 0.179206 0.705305
9.99735E-05 0.2669 0.7328 9.99735E-05 9.99735E-05
9.99825E-05 9.99825E-05 0.0203962 0.271156 0.708247
9.99739E-05 0.199255 0.800445 9.99739E-05 9.99739E-05
9.99737E-05 9.99737E-05 9.99737E-05 0.282653 0.717047
0.111455 0.302575 0.372547 0.150386 0.0630376
9.99825E-05 0.140945 9.99825E-05 0.176768 0.682087
9.99737E-05 0.250067 9.99737E-05 0.749633 9.99737E-05
0.168568 0.339825 9.99912E-05 0.478049 0.0134588
0.458102 0.53762 9.99826E-05 0.00407841 9.99826E-05
0.553004 0.223867 9.99824E-05 9.99824E-05 0.222929
9.99739E-05 9.99739E-05 0.157638 9.99739E-05 0.842062
0.131454 9.99912E-05 0.384448 0.160461 0.323537
9.99739E-05 0.818846 9.99739E-05 0.180854 9.99739E-05
0.0465498 9.99913E-05 0.179961 0.598396 0.174993
0.452156 9.99826E-05 0.268163 0.279481 9.99826E-05
9.99737E-05 9.99737E-05 0.555137 9.99737E-05 0.444563
0.0956915 0.127847 0.14558 9.99913E-05 0.630782
0.0086945 0.493185 9.99825E-05 9.99825E-05 0.497921
9.99823E-05 0.518351 9.99823E-05 0.254245 0.227203
0.443314 9.99824E-05 0.297933 9.99824E-05 0.258553
9.99913E-05 0.250189 0.398747 0.152869 0.198095
0.0412998 9.99912E-05 0.594956 0.0789234 0.284721
9.99825E-05 0.434221 9.99825E-05 0.347712 0.217867
9.997E-05 9.997E-05 9.997E-05 0.9996 9.997E-05
0.304786 0.0511306 9.99825E-05 0.643883 9.99825E-05
9.997E-05 9.997E-05 9.997E-05 0.9996 9.997E-05
9.997E-05 9.997E-05 9.997E-05 9.997E-05 0.9996
9.99826E-05 0.449884 9.99826E-05 0.256797 0.293119
0.14891 9.99824E-05 0.521786 0.329104 9.99824E-05
0.155158 0.120187 0.497478 0.136105 0.0910717
0.0183163 0.437033 9.99912E-05 0.232705 0.311846
9.99826E-05 0.399554 0.177693 0.422553 9.99826E-05
0.248179 9.99737E-05 9.99737E-05 9.99737E-05 0.751521
9.99736E-05 9.99736E-05 0.128304 0.871396 9.99736E-05
0.971845 9.99738E-05 9.99738E-05 0.0278554 9.99738E-05
9.99824E-05 9.99824E-05 0.46969 0.459638 0.0704718
0.347442 0.0965038 9.99912E-05 0.123477 0.432478
0.112839 9.99913E-05 0.0133103 0.849052 0.0246993
0.0254932 0.410415 9.99913E-05 0.334412 0.22958
0.129652 9.99824E-05 0.553181 0.316967 9.99824E-05
0.477871 9.99824E-05 0.397501 0.124428 9.99824E-05
0.221167 0.428285 9.99823E-05 0.350349 9.99823E-05
9.99737E-05 0.269381 0.730319 9.99737E-05 9.99737E-05
0.362062 9.99736E-05 9.99736E-05 9.99736E-05 0.637638
0.18284 0.0757825 0.0777908 9.99911E-05 0.663487
0.455489 9.99912E-05 0.406641 0.0641051 0.0736648
9.99825E-05 0.468255 0.0799898 9.99825E-05 0.451555
0.0999682 9.99737E-05 9.99737E-05 0.899732 9.99737E-05
9.997E-05 9.997E-05 9.997E-05 0.9996 9.997E-05
0.0234752 0.187252 9.99912E-05 0.435868 0.353306
0.0344275 9.99742E-05 9.99742E-05 9.99742E-05 0.965273
0.169281 9.99826E-05 0.333452 0.497066 9.99826E-05
0.558067 9.99738E-05 9.99738E-05 9.99738E-05 0.441633
0.293853 9.99913E-05 0.122807 0.454867 0.128372
9.99735E-05 0.579074 9.99735E-05 9.99735E-05 0.420626
0.225458 0.0674622 0.209378 0.36927 0.128431
0.141556 9.99912E-05 0.0202501 0.550538 0.287556
9.99826E-05 9.99826E-05 0.924925 0.0671208 0.00775437
0.0427007 9.99737E-05 9.99737E-05 0.956999 9.99737E-05
9.99736E-05 0.347892 9.99736E-05 0.651808 9.99736E-05
9.99735E-05 9.99735E-05 0.540538 9.99735E-05 0.459162
9.99913E-05 0.0550029 0.175724 0.746887 0.0222862
0.0237917 9.99825E-05 0.387096 9.99825E-05 0.588913
9.99825E-05 0.031736 0.315607 0.652457 9.99825E-05
0.41592 0.543881 9.99825E-05 0.0399997 9.99825E-05
0.314636 9.99824E-05 9.99824E-05 0.488933 0.196231
9.99825E-05 0.341824 9.99825E-05 0.23479 0.423186
0.631001 9.99825E-05 0.302708 0.0660913 9.99825E-05
0.843232 9.99912E-05 0.00836479 0.0618082 0.0864953
0.265581 9.99824E-05 0.433745 9.99824E-05 0.300473
0.450003 9.99826E-05 0.235693 0.314104 9.99826E-05
0.104667 0.272175 9.99912E-05 0.532487 0.0905716
0.279726 0.115309 0.208687 0.0971049 0.299174
9.99735E-05 9.99735E-05 9.99735E-05 0.766488 0.233213
9.99824E-05 0.29794 9.99824E-05 0.409963 0.291897
0.199892 0.169398 0.390696 0.110359 0.129655
0.276524 0.446673 0.276603 9.99825E-05 9.99825E-05
0.475267 9.99912E-05 0.269881 0.12636 0.128392
0.839658 9.99735E-05 9.99735E-05 0.160042 9.99735E-05
9.99826E-05 0.14821 9.99826E-05 0.650604 0.200986
0.060828 9.99736E-05 9.99736E-05 9.99736E-05 0.938872
0.143286 0.122508 0.278372 0.455734 9.99912E-05
9.99824E-05 9.99824E-05 0.345375 0.459509 0.194916
9.99826E-05 0.151249 0.178099 0.670451 9.99826E-05
0.250641 9.99912E-05 0.0373973 0.645874 0.0659881
0.218918 9.99911E-05 0.441048 0.0743553 0.265579
0.686681 0.313019 9.99739E-05 9.99739E-05 9.99739E-05
0.438464 9.99825E-05 0.48986 0.071476 9.99825E-05
9.99824E-05 0.576049 0.340948 9.99824E-05 0.082803
0.0397403 0.161783 0.446104 0.152307 0.200065
0.284046 0.45818 0.106802 0.00770461 0.143267
0.235401 0.42281 9.99912E-05 0.34152 0.000169279
0.588635 0.277214 0.133951 9.99825E-05 9.99825E-05
9.99912E-05 0.293646 0.0439177 0.308853 0.353483
0.500079 9.99735E-05 9.99735E-05 9.99735E-05 0.499621
9.99738E-05 9.99738E-05 0.733537 0.266164 9.99738E-05
0.238131 9.99824E-05 0.118245 0.643424 9.99824E-05
0.32144 0.26955 0.265459 9.99912E-05 0.143452
0.17657 9.99737E-05 9.99737E-05 0.82313 9.99737E-05
9.99824E-05 0.438537 0.109683 9.99824E-05 0.45158
0.0237733 0.143978 0.335745 0.496403 9.99912E-05
0.196832 9.99912E-05 0.100477 0.582541 0.12005
0.371069 0.163416 9.99912E-05 0.16947 0.295945
0.386746 0.328916 9.99825E-05 0.284138 9.99825E-05
9.99825E-05 0.262867 9.99825E-05 0.605408 0.131525
9.99735E-05 9.99735E-05 0.0185191 9.99735E-05 0.981181
9.99736E-05 0.0731621 9.99736E-05 0.926538 9.99736E-05
9.99912E-05 0.00129172 0.0882224 0.27858 0.631806
9.99735E-05 0.127508 9.99735E-05 0.872192 9.99735E-05
9.99828E-05 9.99828E-05 0.254188 0.430613 0.314999
0.9996 9.997E-05 9.997E-05 9.997E-05 9.997E-05
9.99737E-05 0.190714 9.99737E-05 9.99737E-05 0.808986
0.261919 9.99827E-05 0.584622 0.153259 9.99827E-05
9.99825E-05 0.705844 9.99825E-05 0.199682 0.0942743
0.133629 0.347986 9.99825E-05 9.99825E-05 0.518185
0.0221608 9.99912E-05 0.490051 0.145181 0.342507
0.0902156 0.105207 9.99825E-05 0.804378 9.99825E-05
0.272827 9.99824E-05 0.0083293 0.718644 9.99824E-05
9.99823E-05 9.99823E-05 0.0685867 0.115405 0.815808
9.99738E-05 9.99738E-05 9.99738E-05 0.0784711 0.921229
9.99825E-05 0.366717 0.0798276 0.553256 9.99825E-05
9.99824E-05 0.106222 9.99824E-05 0.82005 0.0735281
0.598712 9.99825E-05 0.155924 9.99825E-05 0.245164
9.99825E-05 0.761583 9.99825E-05 0.230966 0.00725169
0.330722 0.241675 9.99823E-05 9.99823E-05 0.427403
9.99736E-05 0.782141 9.99736E-05 0.217559 9.99736E-05
9.99736E-05 9.99736E-05 9.99736E-05 0.952592 0.0471077
9.99735E-05 0.750043 9.99735E-05 9.99735E-05 0.249657
9.9974E-05 0.120442 9.9974E-05 9.9974E-05 0.879258
9.99823E-05 0.83247 0.0889169 9.99823E-05 0.0784131
9.99737E-05 9.99737E-05 0.774219 9.99737E-05 0.225481
0.503584 0.496116 9.99738E-05 9.99738E-05 9.99738E-05
0.354598 9.99825E-05 9.99825E-05 0.590818 0.0543844
0.145643 0.0941464 0.186858 0.153886 0.419467
9.99825E-05 0.292106 0.519793 9.99825E-05 0.187902
0.262569 9.99824E-05 0.663082 0.0741483 9.99824E-05
0.693877 9.99739E-05 9.99739E-05 0.305823 9.99739E-05
9.99736E-05 9.99736E-05 0.0728292 0.926871 9.99736E-05
9.99735E-05 0.525934 9.99735E-05 9.99735E-05 0.473766
9.99824E-05 0.215776 0.26153 0.522495 9.99824E-05
9.99737E-05 9.99737E-05 0.753792 0.245908 9.99737E-05
9.99736E-05 9.99736E-05 9.99736E-05 0.21334 0.786361
9.99735E-05 0.425052 9.99735E-05 0.574648 9.99735E-05
0.0602288 0.363627 9.99912E-05 0.494428 0.0816164
0.280945 9.99826E-05 0.621682 9.99826E-05 0.097173
9.99738E-05 9.99738E-05 0.941626 0.0580739 9.99738E-05
9.99735E-05 9.99735E-05 9.99735E-05 0.582405 0.417295
9.99825E-05 9.99825E-05 0.301938 0.32085 0.377013
9.99824E-05 0.223587 0.506098 9.99824E-05 0.270115
0.9996 9.997E-05 9.997E-05 9.997E-05 9.997E-05
9.99824E-05 0.30898 0.45819 9.99824E-05 0.23263
9.99738E-05 9.99738E-05 9.99738E-05 0.861846 0.137854
0.256282 9.99912E-05 0.140792 0.279074 0.323751
9.99823E-05 9.99823E-05 0.455554 0.42985 0.114395
0.529118 0.077958 9.99826E-05 0.392724 9.99826E-05
0.610696 9.99824E-05 0.236338 0.152766 9.99824E-05
9.99738E-05 0.719389 0.280311 9.99738E-05 9.99738E-05
9.99738E-05 9.99738E-05 9.99738E-05 0.536255 0.463445
0.0042794 9.99912E-05 0.0511951 0.404788 0.539637
9.99737E-05 0.3893 9.99737E-05 0.6104 9.99737E-05
0.224909 9.99736E-05 0.774791 9.99736E-05 9.99736E-05
0.606565 0.280936 9.99826E-05 9.99826E-05 0.112299
0.0787097 0.21181 0.0210974 0.50241 0.185973
9.99824E-05 0.455039 0.316181 0.22858 9.99824E-05
9.99736E-05 9.99736E-05 9.99736E-05 0.310583 0.689117
0.209414 9.99824E-05 9.99824E-05 0.788369 0.00201678
9.99737E-05 9.99737E-05 0.0227029 9.99737E-05 0.976997
9.99736E-05 9.99736E-05 9.99736E-05 0.672127 0.327574
9.99824E-05 0.0555636 0.178089 0.766147 9.99824E-05
0.345217 0.0485104 9.99823E-05 0.606073 9.99823E-05
0.0897592 0.0214098 9.99912E-05 0.283378 0.605353
0.24427 0.253519 0.319944 0.182166 9.99912E-05
9.99737E-05 0.0763377 9.99737E-05 0.923362 9.99737E-05
9.99736E-05 0.595864 9.99736E-05 9.99736E-05 0.403836
0.00407159 9.99823E-05 9.99823E-05 0.167018 0.828711
0.440966 0.257496 0.129956 9.99912E-05 0.171482
0.0285835 0.21668 0.0143142 0.397665 0.342757
0.0700978 0.236156 0.0999048 0.593741 9.99912E-05
9.99737E-05 0.276093 9.99737E-05 9.99737E-05 0.723607
0.00459287 9.99825E-05 0.830148 0.165059 9.99825E-05
0.310464 0.21293 0.135252 0.226581 0.114773
9.99913E-05 0.0288282 0.668119 0.254514 0.0484389
0.522946 0.00641147 9.99912E-05 0.430331 0.040212
0.667785 9.99739E-05 0.331915 9.99739E-05 9.99739E-05
9.99826E-05 0.116957 9.99826E-05 0.724476 0.158367
9.99913E-05 0.048853 0.00126753 0.220874 0.728906
9.99824E-05 0.204691 9.99824E-05 0.344 0.451109
0.101299 0.120288 0.343037 0.258002 0.177375
9.99825E-05 0.0140318 0.214572 9.99825E-05 0.771197
9.997E-05 9.997E-05 9.997E-05 9.997E-05 0.9996
9.99824E-05 0.491195 0.357231 0.151374 9.99824E-05
0.185728 9.99824E-05 9.99824E-05 0.303236 0.510836
9.99824E-05 0.0399282 9.99824E-05 0.262977 0.696895
9.99824E-05 0.00421286 0.105397 0.89019 9.99824E-05
0.532493 9.99824E-05 9.99824E-05 0.369776 0.0975313
9.99826E-05 9.99826E-05 0.360117 0.207944 0.431739
0.209322 0.583816 9.99825E-05 0.206663 9.99825E-05
9.99824E-05 0.111627 9.99824E-05 0.113715 0.774458
9.99912E-05 0.327991 0.206978 0.307784 0.157147
9.99823E-05 0.108457 9.99823E-05 0.368626 0.522717
0.134124 0.443722 9.99824E-05 9.99824E-05 0.421955
9.99826E-05 0.0708497 9.99826E-05 0.646672 0.282278
9.99825E-05 0.522136 0.473704 0.0039601 9.99825E-05
0.138957 0.184643 0.283843 0.392457 9.99912E-05
0.773896 0.224039 9.99825E-05 9.99825E-05 0.00186476
0.00343011 0.74985 9.99913E-05 0.228201 0.0184181
9.99824E-05 0.0105796 9.99824E-05 0.418851 0.570369
0.739093 0.165364 9.99912E-05 0.0935142 0.00192861
0.292495 9.99912E-05 0.0175652 0.305504 0.384336
9.99825E-05 0.122779 9.99825E-05 0.494645 0.382376
0.0778419 9.99738E-05 9.99738E-05 0.921858 9.99738E-05
0.873513 0.124425 9.99825E-05 0.00186204 9.99825E-05
9.99912E-05 0.11091 0.544026 0.289535 0.0554297
9.99734E-05 9.99734E-05 0.690501 9.99734E-05 0.309199
9.99736E-05 9.99736E-05 0.486089 9.99736E-05 0.513611
0.0963013 0.579854 9.99824E-05 0.323645 9.99824E-05
0.665667 9.99912E-05 0.182558 0.138725 0.0129506
0.583011 0.0560919 0.360697 9.99826E-05 9.99826E-05
9.99825E-05 0.466172 9.99825E-05 0.14024 0.393388
9.99826E-05 0.715136 9.99826E-05 0.155128 0.129536
9.99736E-05 9.99736E-05 0.400266 0.599434 9.99736E-05
0.0971032 0.00926065 0.524889 0.00093889 0.367808
9.99913E-05 0.11814 0.139404 0.625371 0.116985
9.99736E-05 0.1318 9.99736E-05 9.99736E-05 0.8679
0.15005 0.425981 9.99824E-05 0.423769 9.99824E-05
0.680744 9.99737E-05 9.99737E-05 0.318956 9.99737E-05
9.99736E-05 0.523571 0.476129 9.99736E-05 9.99736E-05
0.00537561 0.335728 9.99913E-05 0.538631 0.120166
0.239649 0.20418 9.99913E-05 0.272876 0.283195
0.0188968 0.658416 9.99825E-05 0.322487 9.99825E-05
9.99824E-05 0.401684 0.115211 9.99824E-05 0.482905
9.99736E-05 9.99736E-05 0.132765 0.866935 9.99736E-05
0.291775 0.283402 9.99912E-05 0.14413 0.280594
9.997E-05 9.997E-05 9.997E-05 0.9996 9.997E-05
9.99737E-05 9.99737E-05 0.392884 0.606816 9.99737E-05
0.0437538 0.083058 0.790022 9.99912E-05 0.0830663
9.99825E-05 9.99825E-05 0.116237 0.781444 0.102119
0.357155 9.99912E-05 0.0188255 0.340047 0.283872
0.489627 9.99735E-05 0.510073 9.99735E-05 9.99735E-05
9.99912E-05 0.0440788 0.412092 0.243093 0.300636
0.255281 0.682567 0.0402776 9.99912E-05 0.0217742
9.99824E-05 9.99824E-05 0.158339 0.476075 0.365387
9.99823E-05 9.99823E-05 0.270426 0.509928 0.219446
0.256587 9.99912E-05 0.223081 0.303756 0.216476
0.297703 0.111923 0.00720239 0.116738 0.466433
9.99913E-05 0.428034 0.0242907 0.443009 0.104566
9.997E-05 9.997E-05 9.997E-05 0.9996 9.997E-05
0.650946 9.99736E-05 9.99736E-05 9.99736E-05 0.348754
0.150837 9.99824E-05 9.99824E-05 0.396525 0.452438
0.311054 0.373771 9.99823E-05 0.314975 9.99823E-05
9.99737E-05 9.99737E-05 0.206343 0.793357 9.99737E-05
0.939885 0.0598146 9.99738E-05 9.99738E-05 9.99738E-05
0.087782 0.347061 0.062088 0.0941202 0.408949
9.99825E-05 0.323248 0.292729 0.383824 9.99825E-05
9.99737E-05 0.358675 9.99737E-05 0.641025 9.99737E-05
9.99737E-05 9.99737E-05 0.075308 0.924392 9.99737E-05
