0.353267 0.272508 9.99826E-05 0.374025 9.99826E-05
0.332164 9.99735E-05 9.99735E-05 9.99735E-05 0.667536
9.99825E-05 0.385733 0.547891 9.99825E-05 0.0661755
9.99824E-05 0.0605668 9.99824E-05 0.189421 0.749812
0.99142 9.99737E-05 9.99737E-05 0.00828033 9.99737E-05
9.99824E-05 0.415719 9.99824E-05 0.0857355 0.498346
9.99824E-05 0.335982 9.99824E-05 0.108498 0.55532
9.99737E-05 9.99737E-05 0.733327 9.99737E-05 0.266373
0.103862 0.411869 0.131891 9.99912E-05 0.352279
0.207114 0.114036 0.55199 9.99912E-05 0.126759
0.0804487 9.99825E-05 0.210597 9.99825E-05 0.708755
0.829288 9.99736E-05 9.99736E-05 9.99736E-05 0.170412
9.99823E-05 0.100268 0.414395 9.99823E-05 0.485137
9.99736E-05 9.99736E-05 9.99736E-05 0.596649 0.403051
0.0424144 0.735183 0.109874 9.99912E-05 0.112429
9.99825E-05 0.293515 0.0160959 9.99825E-05 0.690189
0.222553 9.99824E-05 0.282293 9.99824E-05 0.494954
9.99738E-05 9.99738E-05 0.153183 0.846517 9.99738E-05
9.99739E-05 0.109444 9.99739E-05 9.99739E-05 0.890256
0.0660844 0.670049 0.263666 9.99826E-05 9.99826E-05
0.288804 9.99911E-05 0.110813 0.548236 0.0520472
9.99824E-05 9.99824E-05 0.35416 0.00391347 0.641726
0.158803 9.99738E-05 0.840897 9.99738E-05 9.99738E-05
9.997E-05 0.9996 9.997E-05 9.997E-05 9.997E-05
0.364497 9.99824E-05 0.585041 0.0502622 9.99824E-05
9.99826E-05 0.163814 9.99826E-05 0.770604 0.0653816
0.162846 9.99823E-05 9.99823E-05 0.717015 0.119939
9.99737E-05 0.341193 9.99737E-05 9.99737E-05 0.658507
0.0730057 0.00592916 9.99912E-05 0.211913 0.709052
0.423791 0.380836 9.99912E-05 0.166341 0.0289325
0.035643 9.99825E-05 9.99825E-05 0.45031 0.513847
0.0407647 0.958935 9.99737E-05 9.99737E-05 9.99737E-05
0.406172 9.9974E-05 0.593528 9.9974E-05 9.9974E-05
9.99737E-05 0.624705 9.99737E-05 0.374995 9.99737E-05
9.99735E-05 9.99735E-05 0.877237 9.99735E-05 0.122463
9.99912E-05 0.00201716 0.454768 0.225856 0.317259
0.0278651 9.99912E-05 0.578292 0.291842 0.1019
9.99735E-05 9.99735E-05 0.267366 9.99735E-05 0.732334
0.156327 0.0570846 0.372951 0.413537 9.99912E-05
9.99824E-05 9.99824E-05 0.467043 0.0773729 0.455384
0.622098 9.99824E-05 0.15125 9.99824E-05 0.226452
9.99736E-05 0.442599 0.557101 9.99736E-05 9.99736E-05
9.99823E-05 9.99823E-05 0.488898 0.30698 0.203921
9.99824E-05 0.115394 0.557457 9.99824E-05 0.32695
9.99912E-05 0.138513 0.147162 0.0316561 0.682569
0.338601 0.190161 0.238256 0.232883 9.99912E-05
0.583218 9.99737E-05 9.99737E-05 9.99737E-05 0.416482
9.99736E-05 9.99736E-05 0.958683 9.99736E-05 0.0410173
9.99742E-05 9.99742E-05 0.554341 9.99742E-05 0.445359
9.99824E-05 0.622996 9.99824E-05 0.251187 0.125617
0.272325 0.605496 0.121979 9.99825E-05 9.99825E-05
0.358781 9.99823E-05 0.595766 0.0452532 9.99823E-05
0.0944945 0.905206 9.99736E-05 9.99736E-05 9.99736E-05
9.99823E-05 0.504112 9.99823E-05 0.0117503 0.483938
9.99736E-05 9.99736E-05 0.525091 0.474609 9.99736E-05
9.99739E-05 9.99739E-05 0.617193 9.99739E-05 0.382507
9.99736E-05 9.99736E-05 9.99736E-05 0.677635 0.322065
9.99824E-05 0.709292 0.0406625 0.249846 9.99824E-05
9.99824E-05 0.054179 0.839123 0.106498 9.99824E-05
9.99823E-05 0.266905 0.374254 0.358641 9.99823E-05
9.99736E-05 0.325289 9.99736E-05 0.674411 9.99736E-05
0.410051 0.165292 9.99825E-05 9.99825E-05 0.424457
9.99736E-05 0.366693 0.633007 9.99736E-05 9.99736E-05
9.99824E-05 9.99824E-05 0.10932 0.518916 0.371563
9.99824E-05 0.0156856 0.00722256 0.976892 9.99824E-05
9.99823E-05 9.99823E-05 0.70783 0.25334 0.03863
0.324235 0.288786 0.124637 9.99912E-05 0.262242
9.99736E-05 0.20984 9.99736E-05 9.99736E-05 0.78986
0.269028 9.99824E-05 0.457534 0.273238 9.99824E-05
0.184414 9.99912E-05 0.069519 0.271619 0.474348
0.178149 0.041858 0.212496 9.99912E-05 0.567397
0.252097 0.196552 0.472007 9.99912E-05 0.0792438
9.99913E-05 0.318331 0.120898 0.0596408 0.50103
9.99826E-05 0.632642 9.99826E-05 0.284426 0.082732
0.0778187 9.99824E-05 0.579042 0.342939 9.99824E-05
0.262105 0.621227 9.99823E-05 9.99823E-05 0.116468
0.100997 9.99823E-05 0.474115 9.99823E-05 0.424688
0.193323 0.805174 0.00130282 9.99824E-05 9.99824E-05
9.99738E-05 9.99738E-05 0.783587 9.99738E-05 0.216114
9.99912E-05 0.565899 0.115558 0.282372 0.0360714
9.99738E-05 0.424016 9.99738E-05 9.99738E-05 0.575684
0.687154 0.00918471 0.00888924 0.294673 9.99913E-05
9.99739E-05 0.0805508 0.919149 9.99739E-05 9.99739E-05
9.99737E-05 0.814353 9.99737E-05 9.99737E-05 0.185347
9.99825E-05 0.611302 9.99825E-05 0.101046 0.287452
0.566473 9.99912E-05 0.143553 0.0748827 0.214992
9.99823E-05 0.209478 0.514349 0.275974 9.99823E-05
9.99824E-05 9.99824E-05 0.240684 0.488451 0.270665
9.99828E-05 0.469721 0.435119 0.0949597 9.99828E-05
9.99912E-05 0.0879194 0.212662 0.382176 0.317142
9.99823E-05 0.529311 0.0814727 0.389017 9.99823E-05
9.99736E-05 0.618737 9.99736E-05 9.99736E-05 0.380963
0.104276 9.99912E-05 0.588626 0.020743 0.286255
0.0284791 0.159251 0.351413 9.99912E-05 0.460757
9.99824E-05 0.273158 0.286086 9.99824E-05 0.440556
9.99823E-05 0.396929 0.137664 0.465207 9.99823E-05
9.99825E-05 9.99825E-05 0.59451 0.0139728 0.391317
0.0344342 0.24937 9.99825E-05 9.99825E-05 0.715996
0.458761 0.540939 9.99737E-05 9.99737E-05 9.99737E-05
0.850088 9.99737E-05 9.99737E-05 9.99737E-05 0.149612
0.472766 9.99826E-05 0.128319 9.99826E-05 0.398715
9.99912E-05 0.28793 0.0336989 0.647763 0.0305075
9.99823E-05 0.066395 0.216215 9.99823E-05 0.71719
9.99912E-05 0.134827 0.0147128 0.519851 0.330509
9.99912E-05 0.0592673 0.415309 0.304491 0.220833
9.99738E-05 9.99738E-05 0.545 0.4547 9.99738E-05
0.0577944 0.0665111 0.226722 9.99912E-05 0.648872
9.99825E-05 0.0378509 0.180088 0.781861 9.99825E-05
9.99913E-05 0.063858 0.837227 0.0394579 0.0593567
9.99737E-05 0.554078 0.445622 9.99737E-05 9.99737E-05
9.99913E-05 0.280335 0.117838 0.276523 0.325204
0.2092 9.99913E-05 0.400891 0.309677 0.0801322
0.277157 9.99738E-05 9.99738E-05 9.99738E-05 0.722544
0.202082 0.212836 9.99823E-05 9.99823E-05 0.584882
9.99826E-05 0.61458 9.99826E-05 0.228262 0.156958
9.99738E-05 0.795317 9.99738E-05 0.204383 9.99738E-05
9.99825E-05 0.903733 0.0203382 0.0757289 9.99825E-05
9.99739E-05 9.99739E-05 9.99739E-05 0.906279 0.0934214
9.99736E-05 0.744981 0.254719 9.99736E-05 9.99736E-05
0.161541 0.502189 9.99913E-05 0.328856 0.00731384
0.397191 9.99824E-05 0.0832785 0.519331 9.99824E-05
0.33137 9.99825E-05 0.199222 9.99825E-05 0.469208
0.0640981 9.99912E-05 0.242091 0.161072 0.532638
0.0196607 0.0901721 9.99824E-05 0.889967 9.99824E-05
9.99825E-05 9.99825E-05 0.0339589 0.600425 0.365416
0.298356 0.099332 0.0733288 0.528884 9.99912E-05
0.118605 0.116256 0.354661 0.410378 9.99912E-05
0.362639 0.302312 0.257166 9.99912E-05 0.0777833
0.00536926 0.994331 9.99738E-05 9.99738E-05 9.99738E-05
0.193732 0.0883829 0.197253 9.99911E-05 0.520532
0.185313 9.99913E-05 0.299182 0.321124 0.19428
0.11861 0.405938 0.249055 9.99912E-05 0.226296
9.99736E-05 0.478517 0.521183 9.99736E-05 9.99736E-05
0.265445 0.345918 0.232085 9.99912E-05 0.156452
0.563917 0.355435 0.0574273 9.99913E-05 0.0231211
9.99825E-05 9.99825E-05 0.0017349 0.451158 0.546907
0.428623 9.99824E-05 9.99824E-05 0.299246 0.271931
0.388909 0.608113 9.99825E-05 9.99825E-05 0.00277816
9.99737E-05 9.99737E-05 9.99737E-05 0.191177 0.808523
9.99737E-05 0.936082 9.99737E-05 0.0636179 9.99737E-05
0.596623 9.99912E-05 0.362479 0.0268475 0.0139501
0.0825647 0.335567 0.488963 0.0928059 9.99913E-05
0.00145553 0.998245 9.99739E-05 9.99739E-05 9.99739E-05
9.99912E-05 0.235713 0.244078 0.0739351 0.446174
9.99824E-05 0.866293 0.113316 9.99824E-05 0.020191
0.263725 0.0295377 0.191444 9.99912E-05 0.515193
0.0916226 0.234864 0.673314 9.99824E-05 9.99824E-05
0.328571 9.99824E-05 0.334657 0.336572 9.99824E-05
0.235999 9.99824E-05 0.0528518 9.99824E-05 0.71095
9.99825E-05 9.99825E-05 0.445093 0.39223 0.162476
0.112714 0.269724 0.222068 9.99912E-05 0.395394
9.99735E-05 0.615946 0.383754 9.99735E-05 9.99735E-05
0.234856 9.99824E-05 0.452907 0.312037 9.99824E-05
9.99825E-05 0.885242 9.99825E-05 0.0882319 0.0263265
9.99912E-05 0.588669 0.0859786 0.221482 0.10377
0.446397 0.212089 9.99912E-05 0.239567 0.101846
0.063609 0.0454456 0.370724 9.99913E-05 0.520122
0.215629 0.724642 9.99825E-05 9.99825E-05 0.0595293
0.0870747 0.912625 9.99736E-05 9.99736E-05 9.99736E-05
9.99824E-05 0.603073 9.99824E-05 0.222716 0.174012
0.432356 9.99825E-05 0.522524 0.0449203 9.99825E-05
9.99824E-05 0.21092 0.646059 9.99824E-05 0.142821
0.168512 9.99912E-05 0.0279636 0.0263707 0.777054
0.0163153 0.438016 0.545469 9.99827E-05 9.99827E-05
9.99823E-05 0.364578 0.0742222 0.561 9.99823E-05
0.0108509 0.634402 0.0524736 9.99912E-05 0.302173
0.861833 0.0741978 9.99824E-05 9.99824E-05 0.0637694
9.99912E-05 0.0395816 0.498041 0.306053 0.156224
0.3072 0.119368 9.99824E-05 0.573232 9.99824E-05
0.043483 0.860629 9.99824E-05 0.0956884 9.99824E-05
9.99824E-05 0.299278 9.99824E-05 0.133438 0.567085
0.0957226 0.0961413 0.377629 0.159646 0.270861
0.730363 0.00955291 9.99826E-05 0.259885 9.99826E-05
0.598816 0.154546 9.99824E-05 0.246438 9.99824E-05
9.99823E-05 9.99823E-05 0.185996 0.472717 0.341087
0.020121 0.111303 0.509033 9.99912E-05 0.359444
0.0300703 9.99912E-05 0.324905 0.424346 0.220579
0.319398 0.0841929 0.366982 0.0114361 0.217991
9.99912E-05 0.125464 0.563934 0.221872 0.0886305
9.99737E-05 9.99737E-05 9.99737E-05 0.862047 0.137653
9.99742E-05 9.99742E-05 0.603153 0.396548 9.99742E-05
9.99735E-05 9.99735E-05 0.689919 9.99735E-05 0.309781
0.367081 0.00646573 0.465125 9.99912E-05 0.161229
0.809043 0.0131258 0.0681641 0.0835292 0.0261375
9.99823E-05 0.533536 0.223197 9.99823E-05 0.243067
0.206159 0.315133 0.228983 9.99912E-05 0.249625
9.99912E-05 0.425297 0.229328 0.13366 0.211614
9.99736E-05 0.737881 9.99736E-05 0.261819 9.99736E-05
0.640171 9.99824E-05 0.328099 0.0315296 9.99824E-05
0.539859 9.99824E-05 0.134245 0.325695 9.99824E-05
0.472295 0.263746 9.99825E-05 9.99825E-05 0.263759
9.997E-05 9.997E-05 0.9996 9.997E-05 9.997E-05
9.99823E-05 9.99823E-05 0.499875 0.380727 0.119199
9.99823E-05 0.319211 9.99823E-05 0.287861 0.392728
0.678607 9.99737E-05 0.321093 9.99737E-05 9.99737E-05
0.596576 9.99826E-05 0.0242941 9.99826E-05 0.37893
0.204832 9.99823E-05 9.99823E-05 0.15326 0.641708
9.997E-05 9.997E-05 9.997E-05 0.9996 9.997E-05
9.99735E-05 0.800233 9.99735E-05 0.199467 9.99735E-05
0.385205 0.501099 9.99913E-05 0.0964696 0.0171255
0.438962 9.99912E-05 0.177463 0.0931436 0.290332
0.593011 9.99825E-05 9.99825E-05 0.201166 0.205622
9.99912E-05 0.306912 0.298397 0.221215 0.173376
0.645174 9.99738E-05 0.354526 9.99738E-05 9.99738E-05
0.426121 0.162649 0.220556 0.123846 0.0668273
9.9974E-05 9.9974E-05 0.347641 9.9974E-05 0.65206
9.99824E-05 0.166292 0.349313 9.99824E-05 0.484195
0.440098 9.99824E-05 0.268658 9.99824E-05 0.291044
9.99737E-05 0.484289 9.99737E-05 9.99737E-05 0.515411
0.218947 9.99824E-05 0.375008 9.99824E-05 0.405845
9.99824E-05 0.313111 0.531786 9.99824E-05 0.154902
9.997E-05 9.997E-05 0.9996 9.997E-05 9.997E-05
0.197925 0.375851 0.0249361 0.401188 9.99912E-05
9.99736E-05 9.99736E-05 9.99736E-05 0.0634686 0.936231
0.0437803 0.285887 9.99824E-05 9.99824E-05 0.670133
9.99825E-05 0.0993932 9.99825E-05 0.352317 0.54809
0.148598 0.851102 9.99738E-05 9.99738E-05 9.99738E-05
9.99825E-05 9.99825E-05 0.0876981 0.165686 0.746416
9.99735E-05 9.99735E-05 0.621226 9.99735E-05 0.378475
9.99737E-05 9.99737E-05 0.938961 0.0607393 9.99737E-05
9.99738E-05 9.99738E-05 9.99738E-05 0.47982 0.51988
9.9974E-05 0.846162 9.9974E-05 9.9974E-05 0.153538
0.39734 0.217328 0.385132 9.99823E-05 9.99823E-05
9.99825E-05 0.770168 0.049733 9.99825E-05 0.179899
9.99824E-05 0.219824 0.557106 0.222871 9.99824E-05
0.154187 0.342347 9.99912E-05 0.0583027 0.445063
0.581204 9.99824E-05 0.410178 9.99824E-05 0.00841781
9.99737E-05 0.796255 9.99737E-05 9.99737E-05 0.203445
0.542087 9.99737E-05 0.457613 9.99737E-05 9.99737E-05
0.493487 0.0709016 0.431928 0.00358372 9.99912E-05
0.047718 0.290963 0.580949 0.0802708 9.99912E-05
0.0813817 9.99735E-05 9.99735E-05 0.918318 9.99735E-05
9.99827E-05 0.228812 9.99827E-05 0.68514 0.0858486
0.363808 9.99823E-05 0.311166 0.324827 9.99823E-05
0.58531 9.99739E-05 9.99739E-05 9.99739E-05 0.41439
0.349227 0.348369 0.302204 9.99823E-05 9.99823E-05
0.203928 0.238918 9.99912E-05 0.358179 0.198874
9.99824E-05 0.271678 0.208215 0.519907 9.99824E-05
0.396555 9.99736E-05 9.99736E-05 9.99736E-05 0.603145
9.99825E-05 9.99825E-05 0.569261 0.373139 0.0573998
0.287006 9.99737E-05 9.99737E-05 0.712695 9.99737E-05
0.880779 9.99825E-05 9.99825E-05 0.00932689 0.109694
0.776174 0.038141 9.99825E-05 0.185485 9.99825E-05
0.316429 9.99826E-05 0.499987 9.99826E-05 0.183384
9.99736E-05 0.780124 0.219576 9.99736E-05 9.99736E-05
0.166729 0.0901851 9.99913E-05 0.318084 0.424903
0.435181 0.157961 9.99824E-05 9.99824E-05 0.406658
0.42871 0.475447 9.99824E-05 9.99824E-05 0.0956426
0.0540963 0.15165 0.428454 0.365699 9.99913E-05
0.348174 0.327948 0.250747 0.0730316 9.99912E-05
9.99737E-05 0.998069 9.99737E-05 0.0016313 9.99737E-05
9.99736E-05 0.229202 9.99736E-05 9.99736E-05 0.770498
0.0781303 9.99824E-05 0.14746 9.99824E-05 0.774209
9.99912E-05 0.457149 0.122 0.0892035 0.331548
0.00608762 0.309839 0.683873 9.99824E-05 9.99824E-05
9.99737E-05 9.99737E-05 9.99737E-05 0.602252 0.397448
9.99737E-05 9.99737E-05 0.726415 9.99737E-05 0.273285
9.997E-05 0.9996 9.997E-05 9.997E-05 9.997E-05
0.135818 0.575026 0.0828094 0.0488731 0.157474
9.9974E-05 9.9974E-05 0.57744 0.42226 9.9974E-05
0.211731 0.0759824 0.156502 9.99912E-05 0.555685
