0.458789 9.99471E-05 9.99471E-05 9.99471E-05 9.99471E-05 9.99471E-05 0.0109708 0.511892 0.0177488 9.99471E-05
9.99382E-05 9.99382E-05 0.684082 9.99382E-05 9.99382E-05 9.99382E-05 9.99382E-05 0.201838 9.99382E-05 0.11338
9.99385E-05 9.99385E-05 0.19644 9.99385E-05 9.99385E-05 0.307664 9.99385E-05 0.495197 9.99385E-05 9.99385E-05
0.427063 9.99472E-05 9.99472E-05 0.216897 0.166449 9.99472E-05 0.188991 9.99472E-05 9.99472E-05 9.99472E-05
0.0569362 0.264602 9.99563E-05 9.99563E-05 0.20147 0.153995 9.99563E-05 9.99563E-05 9.99563E-05 0.322497
9.996E-05 0.111549 0.00803989 0.233504 0.0489638 9.996E-05 0.108927 0.488617 9.996E-05 9.996E-05
9.99476E-05 9.99476E-05 9.99476E-05 0.504482 0.0729651 0.27011 9.99476E-05 9.99476E-05 0.151844 9.99476E-05
0.571347 0.166285 9.99384E-05 9.99384E-05 9.99384E-05 9.99384E-05 0.261668 9.99384E-05 9.99384E-05 9.99384E-05
9.995E-05 9.995E-05 0.053732 0.145547 9.995E-05 9.995E-05 0.458448 0.302886 0.0388874 9.995E-05
9.99302E-05 9.99302E-05 9.99302E-05 9.99302E-05 0.469575 9.99302E-05 9.99302E-05 9.99302E-05 0.529625 9.99302E-05
0.601336 0.0711248 9.99648E-05 0.0690724 9.99648E-05 0.111165 0.0914466 9.99648E-05 9.99648E-05 0.0554557
9.99386E-05 0.465478 9.99386E-05 0.141438 9.99386E-05 9.99386E-05 0.392384 9.99386E-05 9.99386E-05 9.99386E-05
0.496297 0.198405 9.9947E-05 9.9947E-05 0.294952 9.9947E-05 9.9947E-05 9.9947E-05 0.00974636 9.9947E-05
0.126741 9.99471E-05 9.99471E-05 0.228979 9.99471E-05 9.99471E-05 9.99471E-05 0.400836 9.99471E-05 0.242844
9.99471E-05 0.206073 9.99471E-05 9.99471E-05 9.99471E-05 9.99471E-05 0.730274 0.0117298 0.0513232 9.99471E-05
0.18733 0.250896 9.9956E-05 9.9956E-05 0.449357 0.0707514 9.9956E-05 9.9956E-05 9.9956E-05 0.0411651
9.99294E-05 9.99294E-05 9.99294E-05 9.99294E-05 9.99294E-05 0.974395 9.99294E-05 9.99294E-05 9.99294E-05 0.024806
0.370213 9.99469E-05 0.0484196 9.99469E-05 9.99469E-05 9.99469E-05 9.99469E-05 9.99469E-05 0.149347 0.431421
0.311431 0.467218 9.99472E-05 9.99472E-05 9.99472E-05 9.99472E-05 9.99472E-05 0.129239 0.0915129 9.99472E-05
9.99472E-05 0.231484 9.99472E-05 0.135431 0.362393 9.99472E-05 9.99472E-05 9.99472E-05 0.270092 9.99472E-05
0.815734 9.99383E-05 9.99383E-05 0.105031 9.99383E-05 9.99383E-05 9.99383E-05 0.0785358 9.99383E-05 9.99383E-05
0.351744 0.0101407 9.99561E-05 9.99561E-05 9.99561E-05 9.99561E-05 0.16958 0.101306 0.36673 9.99561E-05
0.292394 9.9956E-05 0.172199 0.345385 0.0449412 0.144581 9.9956E-05 9.9956E-05 9.9956E-05 9.9956E-05
9.99298E-05 0.541642 9.99298E-05 9.99298E-05 9.99298E-05 9.99298E-05 9.99298E-05 0.457559 9.99298E-05 9.99298E-05
9.99472E-05 9.99472E-05 9.99472E-05 9.99472E-05 0.160857 0.721482 0.0518721 9.99472E-05 9.99472E-05 0.0651893
9.99476E-05 0.498114 9.99476E-05 9.99476E-05 0.208609 9.99476E-05 9.99476E-05 9.99476E-05 0.09985 0.192828
9.99564E-05 0.00298367 9.99564E-05 9.99564E-05 0.113647 9.99564E-05 9.99564E-05 0.549238 0.319341 0.0142906
9.99648E-05 0.0414319 0.232587 0.120087 0.459071 0.0479396 9.99648E-05 9.99648E-05 0.0984843 9.99648E-05
0.222798 0.0294114 9.99386E-05 9.99386E-05 9.99386E-05 9.99386E-05 9.99386E-05 0.747091 9.99386E-05 9.99386E-05
0.187052 9.99648E-05 0.138255 0.029236 0.170071 9.99648E-05 9.99648E-05 0.206009 0.268977 9.99648E-05
0.0513216 9.99386E-05 9.99386E-05 9.99386E-05 9.99386E-05 0.0571151 9.99386E-05 0.890864 9.99386E-05 9.99386E-05
0.063623 9.99561E-05 9.99561E-05 9.99561E-05 0.00823364 9.99561E-05 0.374831 0.444789 9.99561E-05 0.108024
9.99389E-05 9.99389E-05 0.137956 9.99389E-05 9.99389E-05 9.99389E-05 9.99389E-05 0.354358 0.506987 9.99389E-05
9.99648E-05 0.298291 0.265933 9.99648E-05 0.129301 0.105613 9.99648E-05 0.0275588 9.99648E-05 0.172904
9.997E-05 0.0694717 0.0917017 9.997E-05 0.159081 0.129036 0.308588 0.222018 0.019804 9.997E-05
0.138913 0.497096 9.9947E-05 9.9947E-05 9.9947E-05 9.9947E-05 0.0118644 9.9947E-05 0.351527 9.9947E-05
9.99383E-05 9.99383E-05 0.324816 9.99383E-05 9.99383E-05 9.99383E-05 0.56397 9.99383E-05 9.99383E-05 0.110514
0.479386 9.99737E-05 0.114361 9.99737E-05 0.0559449 9.99737E-05 0.123558 0.0968544 0.0148881 0.114708
9.99475E-05 0.415472 0.392457 0.0494262 9.99475E-05 9.99475E-05 9.99475E-05 0.142045 9.99475E-05 9.99475E-05
0.562578 0.192661 9.99471E-05 0.228589 9.99471E-05 9.99471E-05 9.99471E-05 9.99471E-05 0.0155714 9.99471E-05
9.99387E-05 9.99387E-05 9.99387E-05 0.501808 9.99387E-05 9.99387E-05 9.99387E-05 0.400032 9.99387E-05 0.0974604
9.99379E-05 9.99379E-05 9.99379E-05 9.99379E-05 9.99379E-05 9.99379E-05 0.191307 0.238008 0.569986 9.99379E-05
0.0880424 9.99561E-05 9.99561E-05 0.199899 9.99561E-05 9.99561E-05 0.0380254 0.133994 0.539539 9.99561E-05
0.293419 0.321823 9.99563E-05 9.99563E-05 0.0334642 9.99563E-05 9.99563E-05 0.212214 0.138579 9.99563E-05
9.99381E-05 9.99381E-05 0.126421 9.99381E-05 9.99381E-05 9.99381E-05 9.99381E-05 0.503919 0.368961 9.99381E-05
0.214597 9.99473E-05 0.117148 9.99473E-05 0.32496 9.99473E-05 9.99473E-05 0.342695 9.99473E-05 9.99473E-05
0.250148 0.103372 9.996E-05 9.996E-05 0.0912463 9.996E-05 9.996E-05 0.177565 0.287932 0.0893374
0.290006 9.99651E-05 0.0768862 9.99651E-05 0.149428 0.120554 9.99651E-05 0.239216 0.123509 9.99651E-05
9.99474E-05 9.99474E-05 9.99474E-05 0.200063 9.99474E-05 0.0552306 0.258022 0.486085 9.99474E-05 9.99474E-05
9.99471E-05 9.99471E-05 0.244474 0.286421 0.445608 9.99471E-05 0.0228974 9.99471E-05 9.99471E-05 9.99471E-05
0.814685 9.99384E-05 9.99384E-05 9.99384E-05 9.99384E-05 9.99384E-05 9.99384E-05 0.110717 0.0738991 9.99384E-05
0.663109 9.99384E-05 9.99384E-05 9.99384E-05 9.99384E-05 9.99384E-05 9.99384E-05 0.153514 9.99384E-05 0.182677
9.9956E-05 0.0516144 9.9956E-05 9.9956E-05 0.00333373 9.9956E-05 9.9956E-05 0.296871 0.157434 0.490247
9.99299E-05 0.934429 9.99299E-05 9.99299E-05 0.0647718 9.99299E-05 9.99299E-05 9.99299E-05 9.99299E-05 9.99299E-05
9.99561E-05 0.177424 9.99561E-05 0.0960558 9.99561E-05 0.194751 0.284962 9.99561E-05 0.246308 9.99561E-05
0.1833 9.99477E-05 9.99477E-05 0.255362 9.99477E-05 9.99477E-05 0.0890901 0.471649 9.99477E-05 9.99477E-05
9.99297E-05 9.99297E-05 9.99297E-05 9.99297E-05 9.99297E-05 0.424031 9.99297E-05 9.99297E-05 9.99297E-05 0.57517
0.16553 0.0374444 0.0420482 0.251568 0.0513459 0.417909 0.0233531 0.0106015 9.99824E-05 9.99824E-05
9.99383E-05 9.99383E-05 9.99383E-05 9.99383E-05 9.99383E-05 0.205487 0.190665 9.99383E-05 9.99383E-05 0.603149
0.170269 9.99646E-05 0.0487383 0.246594 0.32527 9.99646E-05 9.99646E-05 0.164489 0.0442397 9.99646E-05
9.99296E-05 9.99296E-05 9.99296E-05 0.408869 9.99296E-05 0.590332 9.99296E-05 9.99296E-05 9.99296E-05 9.99296E-05
9.99472E-05 9.99472E-05 9.99472E-05 9.99472E-05 9.99472E-05 0.115536 9.99472E-05 0.0655945 0.505045 0.313225
9.99469E-05 0.0380602 9.99469E-05 9.99469E-05 0.217772 0.276018 9.99469E-05 0.46755 9.99469E-05 9.99469E-05
9.99475E-05 9.99475E-05 0.142411 9.99475E-05 9.99475E-05 0.0863626 9.99475E-05 0.0934762 9.99475E-05 0.677151
0.0706074 0.0549255 9.99474E-05 9.99474E-05 0.388784 9.99474E-05 9.99474E-05 9.99474E-05 9.99474E-05 0.485084
0.178454 9.99383E-05 9.99383E-05 9.99383E-05 9.99383E-05 9.99383E-05 9.99383E-05 9.99383E-05 0.545577 0.275269
0.083976 9.99647E-05 9.99647E-05 0.280327 9.99647E-05 9.99647E-05 0.0814636 0.0449675 0.255929 0.252937
9.99472E-05 0.393142 9.99472E-05 0.313681 9.99472E-05 9.99472E-05 9.99472E-05 9.99472E-05 0.248853 0.0437248
9.99558E-05 0.784553 9.99558E-05 9.99558E-05 0.086345 0.0288897 9.99558E-05 9.99558E-05 0.088489 0.0112238
0.633517 9.99295E-05 9.99295E-05 9.99295E-05 0.365684 9.99295E-05 9.99295E-05 9.99295E-05 9.99295E-05 9.99295E-05
9.99563E-05 0.0269285 9.99563E-05 9.99563E-05 0.141663 9.99563E-05 0.0639392 0.423814 0.343156 9.99563E-05
9.99299E-05 0.249005 9.99299E-05 9.99299E-05 9.99299E-05 9.99299E-05 9.99299E-05 9.99299E-05 9.99299E-05 0.750195
9.99471E-05 0.726518 0.0878645 9.99471E-05 9.99471E-05 0.0157274 9.99471E-05 9.99471E-05 9.99471E-05 0.169291
9.99298E-05 0.0562789 9.99298E-05 9.99298E-05 9.99298E-05 9.99298E-05 0.942922 9.99298E-05 9.99298E-05 9.99298E-05
9.99472E-05 9.99472E-05 9.99472E-05 9.99472E-05 9.99472E-05 9.99472E-05 0.192293 0.000553654 0.60457 0.201983
0.143228 9.99561E-05 9.99561E-05 0.116294 9.99561E-05 0.0943369 9.99561E-05 0.396441 9.99561E-05 0.2492
0.754023 0.00801331 0.133912 9.99472E-05 0.103452 9.99472E-05 9.99472E-05 9.99472E-05 9.99472E-05 9.99472E-05
0.359747 0.245293 0.338263 9.99473E-05 9.99473E-05 9.99473E-05 9.99473E-05 9.99473E-05 0.0560967 9.99473E-05
0.175033 9.99471E-05 0.0515452 9.99471E-05 9.99471E-05 0.544298 9.99471E-05 0.228524 9.99471E-05 9.99471E-05
9.99648E-05 0.17599 0.104314 0.074965 0.223161 9.99648E-05 0.0534049 0.367765 9.99648E-05 9.99648E-05
9.994E-05 0.110517 9.994E-05 9.994E-05 9.994E-05 9.994E-05 9.994E-05 0.0588263 0.568279 0.261778
9.994E-05 0.385313 9.994E-05 9.994E-05 9.994E-05 0.173197 0.268065 9.994E-05 9.994E-05 0.172826
9.99559E-05 9.99559E-05 9.99559E-05 0.193358 0.116671 9.99559E-05 9.99559E-05 0.297858 0.152091 0.239522
0.446808 0.247399 0.0590521 9.99645E-05 9.99645E-05 9.99645E-05 0.0114135 0.212806 0.0221218 9.99645E-05
0.112557 0.039877 9.99564E-05 9.99564E-05 9.99564E-05 9.99564E-05 0.134762 0.355254 9.99564E-05 0.35705
9.993E-05 9.993E-05 9.993E-05 9.993E-05 9.993E-05 0.815174 9.993E-05 0.184026 9.993E-05 9.993E-05
0.18237 9.99648E-05 9.99648E-05 0.092445 0.0789249 9.99648E-05 0.279614 0.242365 0.123881 9.99648E-05
0.394146 9.99647E-05 0.106007 0.0183861 0.0474087 9.99647E-05 0.111466 9.99647E-05 9.99647E-05 0.322186
0.101159 9.99389E-05 9.99389E-05 0.642127 9.99389E-05 9.99389E-05 9.99389E-05 0.256015 9.99389E-05 9.99389E-05
9.994E-05 0.303403 9.994E-05 0.164266 9.994E-05 9.994E-05 9.994E-05 0.332693 9.994E-05 0.199038
0.259622 9.99563E-05 9.99563E-05 0.163701 9.99563E-05 0.00313955 9.99563E-05 0.308592 9.99563E-05 0.264445
0.149924 9.99649E-05 9.99649E-05 0.0827445 0.0276872 0.0125224 0.187639 9.99649E-05 9.99649E-05 0.539083
0.333939 9.99648E-05 9.99648E-05 0.0322029 0.224268 9.99648E-05 9.99648E-05 0.0716132 0.248419 0.0891578
9.99383E-05 9.99383E-05 9.99383E-05 9.99383E-05 9.99383E-05 9.99383E-05 0.163727 0.553579 0.281995 9.99383E-05
9.99471E-05 9.99471E-05 9.99471E-05 9.99471E-05 9.99471E-05 9.99471E-05 0.286549 0.547914 0.16068 0.00425643
0.0180483 0.0380286 9.99473E-05 9.99473E-05 9.99473E-05 0.218377 9.99473E-05 9.99473E-05 0.724947 9.99473E-05
0.770821 9.99474E-05 0.0189478 9.99474E-05 0.0158351 9.99474E-05 0.193797 9.99474E-05 9.99474E-05 9.99474E-05
0.139527 0.245476 9.99563E-05 9.99563E-05 9.99563E-05 0.270385 0.115406 0.228706 9.99563E-05 9.99563E-05
0.0876684 9.99474E-05 9.99474E-05 9.99474E-05 0.42464 0.242451 9.99474E-05 9.99474E-05 9.99474E-05 0.244641
0.499652 9.99386E-05 0.363466 9.99386E-05 9.99386E-05 0.136183 9.99386E-05 9.99386E-05 9.99386E-05 9.99386E-05
9.9956E-05 9.9956E-05 9.9956E-05 0.102543 0.179302 9.9956E-05 0.0459963 0.575934 0.0957253 9.9956E-05
9.99383E-05 0.35193 9.99383E-05 9.99383E-05 0.0283983 9.99383E-05 9.99383E-05 0.618973 9.99383E-05 9.99383E-05
0.0224879 0.0335943 9.996E-05 0.363878 9.996E-05 0.212409 0.156943 9.996E-05 0.210288 9.996E-05
0.12321 0.10159 9.99558E-05 9.99558E-05 0.0890629 9.99558E-05 9.99558E-05 0.523993 9.99558E-05 0.161645
9.9947E-05 9.9947E-05 0.0535518 9.9947E-05 9.9947E-05 9.9947E-05 9.9947E-05 0.338703 0.546517 0.0606284
9.99476E-05 0.537553 9.99476E-05 9.99476E-05 0.150843 0.00587754 9.99476E-05 9.99476E-05 9.99476E-05 0.305127
9.99302E-05 9.99302E-05 9.99302E-05 9.99302E-05 9.99302E-05 9.99302E-05 9.99302E-05 9.99302E-05 0.776896 0.222305
9.99472E-05 9.99472E-05 9.99472E-05 0.106599 0.142793 9.99472E-05 9.99472E-05 0.188505 0.561504 9.99472E-05
0.403379 9.99474E-05 9.99474E-05 9.99474E-05 0.0308972 0.204384 0.360741 9.99474E-05 9.99474E-05 9.99474E-05
9.99385E-05 0.001632 0.110104 9.99385E-05 9.99385E-05 0.887564 9.99385E-05 9.99385E-05 9.99385E-05 9.99385E-05
0.52696 0.146415 9.99473E-05 9.99473E-05 0.00286935 9.99473E-05 9.99473E-05 9.99473E-05 0.323156 9.99473E-05
0.549213 0.0165752 0.154239 9.99648E-05 0.0214838 9.99648E-05 9.99648E-05 0.242144 0.0159455 9.99648E-05
0.120642 0.322864 9.994E-05 0.203017 9.994E-05 9.994E-05 9.994E-05 9.994E-05 9.994E-05 0.352877
0.295751 0.189971 9.995E-05 9.995E-05 0.0874514 9.995E-05 9.995E-05 0.396741 9.995E-05 0.0295851
0.389358 9.99652E-05 9.99652E-05 0.032161 9.99652E-05 0.374813 9.99652E-05 0.0239174 0.0893818 0.0899688
0.133014 0.386232 9.99562E-05 9.99562E-05 9.99562E-05 0.0620427 0.280193 9.99562E-05 0.138018 9.99562E-05
9.99382E-05 9.99382E-05 9.99382E-05 9.99382E-05 0.374741 9.99382E-05 9.99382E-05 0.349592 9.99382E-05 0.274967
0.261812 9.99386E-05 9.99386E-05 0.48902 9.99386E-05 9.99386E-05 0.248468 9.99386E-05 9.99386E-05 9.99386E-05
9.9938E-05 0.370018 9.9938E-05 9.9938E-05 9.9938E-05 9.9938E-05 9.9938E-05 0.454881 9.9938E-05 0.174401
9.9939E-05 0.41375 9.9939E-05 9.9939E-05 9.9939E-05 9.9939E-05 0.473302 9.9939E-05 0.112248 9.9939E-05
0.529374 9.994E-05 9.994E-05 9.994E-05 0.11683 9.994E-05 0.0619182 9.994E-05 9.994E-05 0.291279
0.121804 9.99388E-05 9.99388E-05 9.99388E-05 9.99388E-05 9.99388E-05 0.819481 9.99388E-05 9.99388E-05 0.0580157
0.0782311 0.70459 9.9956E-05 0.0691105 0.0240803 9.9956E-05 9.9956E-05 9.9956E-05 9.9956E-05 0.123488
0.0623704 0.0157419 9.99647E-05 0.212294 0.0653364 9.99647E-05 0.16651 9.99647E-05 0.477347 9.99647E-05
9.99473E-05 0.220475 9.99473E-05 0.675999 9.99473E-05 9.99473E-05 9.99473E-05 9.99473E-05 0.0811791 0.0217476
9.9947E-05 0.154497 9.9947E-05 9.9947E-05 9.9947E-05 0.286245 9.9947E-05 9.9947E-05 0.0618934 0.496765
0.274733 0.0575648 9.99388E-05 9.99388E-05 9.99388E-05 9.99388E-05 9.99388E-05 9.99388E-05 0.667003 9.99388E-05
0.146097 0.267913 9.995E-05 0.196362 0.302217 9.995E-05 9.995E-05 0.0869119 9.995E-05 9.995E-05
0.157741 9.995E-05 0.203215 0.128968 9.995E-05 0.255738 9.995E-05 9.995E-05 0.253839 9.995E-05
9.99468E-05 0.0242519 9.99468E-05 0.633945 0.119197 9.99468E-05 9.99468E-05 0.222006 9.99468E-05 9.99468E-05
0.0695001 9.99387E-05 9.99387E-05 9.99387E-05 9.99387E-05 0.485627 9.99387E-05 0.444173 9.99387E-05 9.99387E-05
0.529399 9.99301E-05 9.99301E-05 9.99301E-05 9.99301E-05 9.99301E-05 9.99301E-05 9.99301E-05 0.469802 9.99301E-05
9.99473E-05 9.99473E-05 9.99473E-05 0.655469 0.054686 0.0356601 9.99473E-05 9.99473E-05 0.253585 9.99473E-05
9.99471E-05 9.99471E-05 9.99471E-05 9.99471E-05 0.383079 0.290897 0.17688 9.99471E-05 9.99471E-05 0.148544
0.13131 0.0185032 0.502599 0.134531 9.99646E-05 0.079928 9.99646E-05 9.99646E-05 0.132729 9.99646E-05
0.0732322 0.239408 9.99386E-05 9.99386E-05 9.99386E-05 9.99386E-05 9.99386E-05 0.68666 9.99386E-05 9.99386E-05
9.99474E-05 9.99474E-05 9.99474E-05 0.655135 9.99474E-05 0.0398443 9.99474E-05 0.139082 0.16534 9.99474E-05
0.45502 9.99384E-05 9.99384E-05 9.99384E-05 9.99384E-05 9.99384E-05 9.99384E-05 0.140012 9.99384E-05 0.404269
9.99562E-05 0.0837343 9.99562E-05 0.0807198 9.99562E-05 0.056326 9.99562E-05 9.99562E-05 0.686921 0.0917991
0.11029 9.99562E-05 9.99562E-05 0.116313 9.99562E-05 9.99562E-05 9.99562E-05 0.417326 0.236017 0.119554
9.99384E-05 9.99384E-05 9.99384E-05 0.815345 0.0432274 9.99384E-05 9.99384E-05 9.99384E-05 9.99384E-05 0.140728
9.99299E-05 0.761699 9.99299E-05 9.99299E-05 9.99299E-05 9.99299E-05 9.99299E-05 9.99299E-05 0.237502 9.99299E-05
0.952544 9.99388E-05 9.99388E-05 9.99388E-05 0.0257213 0.0210351 9.99388E-05 9.99388E-05 9.99388E-05 9.99388E-05
9.99475E-05 9.99475E-05 9.99475E-05 0.188387 9.99475E-05 0.31685 0.0028716 0.491292 9.99475E-05 9.99475E-05
9.99471E-05 9.99471E-05 9.99471E-05 0.0323766 9.99471E-05 9.99471E-05 9.99471E-05 0.550082 0.0131548 0.403787
0.0400258 9.99471E-05 9.99471E-05 9.99471E-05 0.433553 9.99471E-05 9.99471E-05 0.161974 0.363848 9.99471E-05
9.9947E-05 0.286223 9.9947E-05 9.9947E-05 9.9947E-05 0.159712 9.9947E-05 9.9947E-05 0.171406 0.38206
0.308742 9.99386E-05 9.99386E-05 9.99386E-05 9.99386E-05 9.99386E-05 9.99386E-05 0.288505 9.99386E-05 0.402053
0.150109 0.339964 9.994E-05 9.994E-05 0.0483724 9.994E-05 9.994E-05 0.460956 9.994E-05 9.994E-05
0.00959651 0.434671 9.9956E-05 0.202161 9.9956E-05 9.9956E-05 0.342744 0.0103281 9.9956E-05 9.9956E-05
9.99298E-05 9.99298E-05 0.670746 9.99298E-05 9.99298E-05 9.99298E-05 9.99298E-05 9.99298E-05 9.99298E-05 0.328454
9.995E-05 0.317127 0.0817567 0.196309 9.995E-05 0.143791 9.995E-05 9.995E-05 0.260516 9.995E-05
9.99293E-05 0.87453 9.99293E-05 9.99293E-05 9.99293E-05 9.99293E-05 0.124671 9.99293E-05 9.99293E-05 9.99293E-05
9.99472E-05 9.99472E-05 0.129383 9.99472E-05 9.99472E-05 0.170351 9.99472E-05 9.99472E-05 0.218268 0.481398
0.523104 0.0311787 9.99558E-05 9.99558E-05 9.99558E-05 0.0737908 9.99558E-05 0.0517841 0.319643 9.99558E-05
9.99384E-05 9.99384E-05 9.99384E-05 0.552921 9.99384E-05 0.329176 9.99384E-05 9.99384E-05 9.99384E-05 0.117203
0.114803 0.112815 0.134298 0.0797828 9.996E-05 9.996E-05 9.996E-05 0.341645 9.996E-05 0.216257
0.16258 0.124995 0.0716729 0.638728 9.99561E-05 9.99561E-05 9.99561E-05 0.00152451 9.99561E-05 9.99561E-05
9.99383E-05 0.476264 9.99383E-05 9.99383E-05 0.504042 9.99383E-05 9.99383E-05 0.0189948 9.99383E-05 9.99383E-05
0.256243 0.094262 9.99734E-05 0.155048 0.00182767 9.99734E-05 0.0961931 9.99734E-05 0.152927 0.2432
0.052202 0.401434 0.172879 9.99559E-05 0.205637 9.99559E-05 9.99559E-05 9.99559E-05 0.167348 9.99559E-05
0.0592337 0.410292 0.100729 0.0062193 9.99558E-05 9.99558E-05 9.99558E-05 0.423026 9.99558E-05 9.99558E-05
0.530985 9.99471E-05 9.99471E-05 9.99471E-05 0.29497 9.99471E-05 9.99471E-05 0.0993533 9.99471E-05 0.0740921
0.0633111 9.99558E-05 9.99558E-05 9.99558E-05 9.99558E-05 0.205635 0.00590016 0.672446 9.99558E-05 0.0522083
9.99471E-05 9.99471E-05 0.212992 9.99471E-05 9.99471E-05 0.723405 9.99471E-05 9.99471E-05 0.0157549 0.0472481
0.353652 9.99476E-05 9.99476E-05 0.152549 9.99476E-05 9.99476E-05 9.99476E-05 9.99476E-05 0.166303 0.326896
9.99471E-05 0.31426 9.99471E-05 0.298224 0.289246 9.99471E-05 9.99471E-05 0.0976701 9.99471E-05 9.99471E-05
0.167743 9.99558E-05 9.99558E-05 9.99558E-05 9.99558E-05 0.0486835 0.514955 0.148524 0.119595 9.99558E-05
0.472789 9.99384E-05 9.99384E-05 9.99384E-05 9.99384E-05 9.99384E-05 9.99384E-05 0.245874 0.280637 9.99384E-05
0.470925 9.99648E-05 0.134854 9.99648E-05 0.205479 9.99648E-05 0.0519525 9.99648E-05 0.0686367 0.067753
0.0266405 0.0514455 9.99558E-05 0.0457642 0.858623 9.99558E-05 0.0170269 9.99558E-05 9.99558E-05 9.99558E-05
0.343202 9.99645E-05 0.0720343 0.062295 9.99645E-05 9.99645E-05 0.0316324 9.99645E-05 0.466001 0.0244361
9.99385E-05 0.234795 9.99385E-05 9.99385E-05 0.490466 9.99385E-05 9.99385E-05 0.274039 9.99385E-05 9.99385E-05
0.521024 9.99385E-05 9.99385E-05 9.99385E-05 9.99385E-05 9.99385E-05 9.99385E-05 0.397667 9.99385E-05 0.0806095
9.9939E-05 9.9939E-05 9.9939E-05 0.337093 9.9939E-05 0.166066 9.9939E-05 0.496141 9.9939E-05 9.9939E-05
0.40596 0.286452 9.99561E-05 9.99561E-05 9.99561E-05 9.99561E-05 9.99561E-05 0.0564256 0.120045 0.130618
0.378982 9.99558E-05 9.99558E-05 0.077507 0.0721663 9.99558E-05 0.345275 0.125569 9.99558E-05 9.99558E-05
9.99297E-05 9.99297E-05 9.99297E-05 0.667323 9.99297E-05 9.99297E-05 0.331877 9.99297E-05 9.99297E-05 9.99297E-05
9.99472E-05 0.618845 0.117401 0.141029 9.99472E-05 9.99472E-05 9.99472E-05 9.99472E-05 9.99472E-05 0.122125
0.269935 9.99736E-05 9.99736E-05 9.99736E-05 0.0102934 0.0264225 0.364458 0.00788059 0.162342 0.158369
9.99384E-05 9.99384E-05 9.99384E-05 9.99384E-05 0.102117 9.99384E-05 0.181293 9.99384E-05 0.71589 9.99384E-05
0.874737 9.99386E-05 9.99386E-05 0.0943145 9.99386E-05 9.99386E-05 0.0302489 9.99386E-05 9.99386E-05 9.99386E-05
0.00793855 0.189315 9.996E-05 9.996E-05 0.210031 0.101141 9.996E-05 0.129119 0.362055 9.996E-05
0.364245 0.420155 0.0693344 9.9956E-05 9.9956E-05 9.9956E-05 9.9956E-05 9.9956E-05 0.0940694 0.0516955
0.533015 9.99561E-05 9.99561E-05 9.99561E-05 0.01603 0.0801262 0.25957 9.99561E-05 9.99561E-05 0.110759
0.232168 9.99558E-05 0.0107288 0.0437651 0.197335 9.99558E-05 9.99558E-05 9.99558E-05 9.99558E-05 0.515503
0.123755 0.0611727 9.99735E-05 0.141922 9.99735E-05 9.99735E-05 0.214747 0.0652718 0.0688438 0.323987
9.9947E-05 0.562522 0.0670211 9.9947E-05 9.9947E-05 0.109584 9.9947E-05 9.9947E-05 9.9947E-05 0.260274
9.99383E-05 0.654722 9.99383E-05 0.0763181 9.99383E-05 0.26826 9.99383E-05 9.99383E-05 9.99383E-05 9.99383E-05
9.995E-05 9.995E-05 9.995E-05 0.156061 0.193174 9.995E-05 9.995E-05 0.0595712 0.140235 0.450459
0.0509993 9.99384E-05 9.99384E-05 0.571674 9.99384E-05 9.99384E-05 9.99384E-05 0.376627 9.99384E-05 9.99384E-05
0.00122219 0.165151 9.99561E-05 9.99561E-05 9.99561E-05 9.99561E-05 0.0171459 0.496167 0.319815 9.99561E-05
0.125571 9.99564E-05 9.99564E-05 9.99564E-05 9.99564E-05 0.243406 0.566307 0.013072 0.0511445 9.99564E-05
9.99381E-05 9.99381E-05 9.99381E-05 0.347814 9.99381E-05 9.99381E-05 9.99381E-05 9.99381E-05 0.378084 0.273403
0.263856 9.99387E-05 9.99387E-05 0.086735 9.99387E-05 9.99387E-05 9.99387E-05 9.99387E-05 0.64871 9.99387E-05
9.99385E-05 9.99385E-05 9.99385E-05 9.99385E-05 9.99385E-05 0.104349 9.99385E-05 9.99385E-05 0.696893 0.198058
0.798011 9.99295E-05 9.99295E-05 9.99295E-05 0.20119 9.99295E-05 9.99295E-05 9.99295E-05 9.99295E-05 9.99295E-05
0.226052 0.0467013 0.0132685 0.06628 9.99824E-05 9.99824E-05 0.028456 0.203457 0.0133283 0.402257
0.19156 0.0229121 9.99474E-05 9.99474E-05 9.99474E-05 9.99474E-05 9.99474E-05 0.334285 0.450643 9.99474E-05
0.0889659 0.603112 9.99559E-05 9.99559E-05 0.196219 9.99559E-05 9.99559E-05 0.00318012 0.108023 9.99559E-05
9.99471E-05 0.0142736 9.99471E-05 9.99471E-05 9.99471E-05 0.238981 9.99471E-05 0.518497 0.227648 9.99471E-05
9.99471E-05 0.384581 0.116005 9.99471E-05 9.99471E-05 9.99471E-05 9.99471E-05 9.99471E-05 0.00856979 0.490245
0.167641 9.99387E-05 9.99387E-05 9.99387E-05 9.99387E-05 0.1761 9.99387E-05 0.65556 9.99387E-05 9.99387E-05
9.99473E-05 0.215684 9.99473E-05 0.707238 9.99473E-05 9.99473E-05 0.0694819 9.99473E-05 0.00699694 9.99473E-05
9.9947E-05 0.0867607 9.9947E-05 0.11397 9.9947E-05 9.9947E-05 0.0853101 9.9947E-05 9.9947E-05 0.71336
0.354878 0.411893 9.99558E-05 9.99558E-05 0.138032 0.00602162 9.99558E-05 9.99558E-05 0.0886759 9.99558E-05
0.195655 9.9938E-05 9.9938E-05 9.9938E-05 9.9938E-05 9.9938E-05 9.9938E-05 0.573829 9.9938E-05 0.229816
0.379911 0.321112 9.99387E-05 9.99387E-05 0.298277 9.99387E-05 9.99387E-05 9.99387E-05 9.99387E-05 9.99387E-05
0.177402 9.99389E-05 0.126734 9.99389E-05 9.99389E-05 9.99389E-05 9.99389E-05 0.695164 9.99389E-05 9.99389E-05
0.0993664 0.0588655 9.99558E-05 9.99558E-05 9.99558E-05 9.99558E-05 9.99558E-05 0.0719759 0.169729 0.599563
0.971558 9.99297E-05 9.99297E-05 9.99297E-05 9.99297E-05 0.0276424 9.99297E-05 9.99297E-05 9.99297E-05 9.99297E-05
0.345831 9.9947E-05 9.9947E-05 9.9947E-05 9.9947E-05 9.9947E-05 0.0208673 0.268268 0.364434 9.9947E-05
9.9947E-05 9.9947E-05 9.9947E-05 0.561592 0.143383 9.9947E-05 0.00752299 9.9947E-05 0.286903 9.9947E-05
0.0716014 0.116998 9.99559E-05 9.99559E-05 9.99559E-05 9.99559E-05 0.0135097 9.99559E-05 0.273541 0.52385
0.169104 9.99559E-05 9.99559E-05 0.190017 0.229491 9.99559E-05 9.99559E-05 0.215535 9.99559E-05 0.195353
9.99475E-05 9.99475E-05 9.99475E-05 9.99475E-05 9.99475E-05 0.16255 0.192822 0.568956 0.0750733 9.99475E-05
0.0821538 0.264898 9.99562E-05 0.191426 0.244242 9.99562E-05 0.216781 9.99562E-05 9.99562E-05 9.99562E-05
0.315663 0.251251 9.99471E-05 9.99471E-05 9.99471E-05 9.99471E-05 9.99471E-05 9.99471E-05 0.249949 0.182538
9.99294E-05 9.99294E-05 9.99294E-05 9.99294E-05 9.99294E-05 9.99294E-05 9.99294E-05 9.99294E-05 0.727299 0.271902
0.00815025 9.9947E-05 9.9947E-05 9.9947E-05 0.212344 9.9947E-05 9.9947E-05 9.9947E-05 0.65887 0.120037
9.995E-05 0.0884568 0.0591203 9.995E-05 0.339972 9.995E-05 9.995E-05 0.265841 9.995E-05 0.24611
9.99213E-05 9.99213E-05 9.99213E-05 9.99213E-05 0.999101 9.99213E-05 9.99213E-05 9.99213E-05 9.99213E-05 9.99213E-05
0.250724 9.99561E-05 9.99561E-05 0.410549 9.99561E-05 0.223128 0.0284726 9.99561E-05 0.0866265 9.99561E-05
9.9938E-05 9.9938E-05 9.9938E-05 9.9938E-05 9.9938E-05 9.9938E-05 0.0618841 0.486474 0.450943 9.9938E-05
9.99391E-05 0.804165 9.99391E-05 9.99391E-05 0.185665 9.99391E-05 9.99391E-05 9.99391E-05 9.99391E-05 0.00946965
0.0887173 0.190813 9.99646E-05 9.99646E-05 9.99646E-05 0.118624 0.0213868 0.424701 0.155359 9.99646E-05
9.99472E-05 0.256359 9.99472E-05 0.134347 9.99472E-05 9.99472E-05 9.99472E-05 0.0610291 0.547665 9.99472E-05
9.99303E-05 9.99303E-05 9.99303E-05 0.949315 9.99303E-05 9.99303E-05 9.99303E-05 9.99303E-05 9.99303E-05 0.0498851
9.99469E-05 9.99469E-05 9.99469E-05 9.99469E-05 0.376451 9.99469E-05 9.99469E-05 0.11536 0.156836 0.350754
9.99381E-05 0.875568 0.0599266 9.99381E-05 9.99381E-05 9.99381E-05 0.0638056 9.99381E-05 9.99381E-05 9.99381E-05
0.246449 0.0345381 9.99561E-05 0.0200222 9.99561E-05 9.99561E-05 9.99561E-05 0.279231 9.99561E-05 0.41926
9.9956E-05 0.387319 0.237509 0.276128 0.089761 9.9956E-05 9.9956E-05 9.9956E-05 9.9956E-05 0.0087833
9.9956E-05 9.9956E-05 9.9956E-05 9.9956E-05 0.12453 9.9956E-05 0.0909448 0.114105 0.00696428 0.662956
0.114432 0.578959 9.99651E-05 9.99651E-05 9.99651E-05 0.124705 9.99651E-05 0.0458734 0.115447 0.0201828
0.0282422 0.0447306 0.322895 0.133763 9.995E-05 9.995E-05 9.995E-05 0.46987 9.995E-05 9.995E-05
9.99208E-05 0.999101 9.99208E-05 9.99208E-05 9.99208E-05 9.99208E-05 9.99208E-05 9.99208E-05 9.99208E-05 9.99208E-05
0.250518 0.271751 9.99473E-05 9.99473E-05 9.99473E-05 0.0553655 0.421765 9.99473E-05 9.99473E-05 9.99473E-05
9.99477E-05 0.0449092 0.0253867 9.99477E-05 9.99477E-05 9.99477E-05 9.99477E-05 0.171014 9.99477E-05 0.75809
9.99387E-05 0.475019 9.99387E-05 9.99387E-05 0.380335 0.143946 9.99387E-05 9.99387E-05 9.99387E-05 9.99387E-05
9.9956E-05 0.266909 9.9956E-05 0.517499 9.9956E-05 9.9956E-05 9.9956E-05 0.0500179 0.127419 0.0376552
9.99474E-05 0.117797 0.10514 9.99474E-05 0.757627 9.99474E-05 9.99474E-05 0.0188361 9.99474E-05 9.99474E-05
9.99471E-05 9.99471E-05 9.99471E-05 0.0583874 0.309257 9.99471E-05 9.99471E-05 0.416359 9.99471E-05 0.215397
0.063561 0.177893 9.9956E-05 9.9956E-05 9.9956E-05 0.0427805 0.474684 9.9956E-05 0.240582 9.9956E-05
0.185253 0.0722505 9.997E-05 9.997E-05 9.997E-05 0.14462 0.432533 0.041073 0.09757 0.0264006
9.99385E-05 9.99385E-05 0.181531 0.0010643 9.99385E-05 9.99385E-05 0.816705 9.99385E-05 9.99385E-05 9.99385E-05
0.440959 9.99474E-05 9.99474E-05 0.0596876 9.99474E-05 9.99474E-05 0.345282 9.99474E-05 0.153473 9.99474E-05
9.99558E-05 9.99558E-05 9.99558E-05 0.120325 9.99558E-05 9.99558E-05 0.180597 0.127417 0.430409 0.140753
9.99384E-05 9.99384E-05 9.99384E-05 9.99384E-05 0.257161 9.99384E-05 9.99384E-05 0.29945 9.99384E-05 0.442689
0.369775 0.163534 9.99472E-05 9.99472E-05 9.99472E-05 0.232813 9.99472E-05 0.233278 9.99472E-05 9.99472E-05
9.99473E-05 0.587102 0.00932204 9.99473E-05 9.99473E-05 9.99473E-05 0.372167 9.99473E-05 0.0308093 9.99473E-05
0.324352 0.57944 9.99385E-05 9.99385E-05 9.99385E-05 9.99385E-05 9.99385E-05 9.99385E-05 0.0955081 9.99385E-05
0.104533 0.34976 0.0402025 9.995E-05 9.995E-05 0.128447 9.995E-05 0.376557 9.995E-05 9.995E-05
0.487333 0.0371765 9.99559E-05 0.0699981 9.99559E-05 0.122345 9.99559E-05 0.282649 9.99559E-05 9.99559E-05
0.0658755 0.24326 0.112188 0.390145 9.99563E-05 9.99563E-05 9.99563E-05 0.188032 9.99563E-05 9.99563E-05
9.99473E-05 9.99473E-05 9.99473E-05 9.99473E-05 9.99473E-05 0.360052 0.00385844 0.26927 0.36622 9.99473E-05
9.99473E-05 0.0156714 9.99473E-05 9.99473E-05 9.99473E-05 9.99473E-05 0.252775 0.0962464 0.634708 9.99473E-05
9.99472E-05 0.336422 9.99472E-05 0.113458 0.0936599 9.99472E-05 9.99472E-05 9.99472E-05 0.455861 9.99472E-05
0.522052 9.99562E-05 0.00444672 9.99562E-05 0.0595198 0.371591 9.99562E-05 9.99562E-05 0.0418909 9.99562E-05
0.990859 9.99297E-05 9.99297E-05 0.00834193 9.99297E-05 9.99297E-05 9.99297E-05 9.99297E-05 9.99297E-05 9.99297E-05
0.279029 9.99382E-05 9.99382E-05 9.99382E-05 9.99382E-05 9.99382E-05 0.596333 9.99382E-05 0.123938 9.99382E-05
9.99473E-05 0.147409 9.99473E-05 9.99473E-05 9.99473E-05 0.0826518 9.99473E-05 0.722178 9.99473E-05 0.0471614
