0.109086 9.99472E-05 0.70539 9.99472E-05 9.99472E-05 9.99472E-05 9.99472E-05 0.134305 0.0506186 9.99472E-05
0.0331148 9.99648E-05 9.99648E-05 0.038286 0.249776 0.327435 9.99648E-05 0.163909 9.99648E-05 0.18708
9.99206E-05 9.99206E-05 9.99206E-05 9.99206E-05 9.99206E-05 9.99206E-05 0.999101 9.99206E-05 9.99206E-05 9.99206E-05
9.99298E-05 9.99298E-05 9.99298E-05 0.160278 9.99298E-05 0.838923 9.99298E-05 9.99298E-05 9.99298E-05 9.99298E-05
9.99559E-05 9.99559E-05 0.18921 9.99559E-05 0.277825 9.99559E-05 9.99559E-05 0.172561 0.232753 0.127151
0.00871031 9.99558E-05 0.231823 9.99558E-05 9.99558E-05 0.145375 9.99558E-05 9.99558E-05 0.223654 0.389937
9.99474E-05 0.436945 0.226775 9.99474E-05 9.99474E-05 9.99474E-05 9.99474E-05 9.99474E-05 0.176478 0.159202
0.282544 9.9956E-05 0.0458304 9.9956E-05 9.9956E-05 0.144783 9.9956E-05 0.236823 9.9956E-05 0.289519
0.115387 9.99559E-05 9.99559E-05 9.99559E-05 0.274449 0.0195825 9.99559E-05 0.325583 9.99559E-05 0.264498
9.99474E-05 9.99474E-05 9.99474E-05 0.335895 0.503196 9.99474E-05 9.99474E-05 0.0008217 0.159488 9.99474E-05
9.99298E-05 9.99298E-05 0.0683577 9.99298E-05 9.99298E-05 0.930843 9.99298E-05 9.99298E-05 9.99298E-05 9.99298E-05
9.99382E-05 9.99382E-05 9.99382E-05 0.109357 0.611804 9.99382E-05 9.99382E-05 0.278139 9.99382E-05 9.99382E-05
0.19301 0.640024 9.99475E-05 9.99475E-05 9.99475E-05 9.99475E-05 0.0691468 9.99475E-05 9.99475E-05 0.0972191
0.169158 9.99647E-05 0.0777027 0.266862 9.99647E-05 0.00839918 9.99647E-05 0.0577401 9.99647E-05 0.419739
0.0515764 9.99473E-05 9.99473E-05 0.25485 0.0260612 9.99473E-05 9.99473E-05 9.99473E-05 0.666913 9.99473E-05
9.99473E-05 0.019422 0.665318 9.99473E-05 9.99473E-05 9.99473E-05 0.208744 0.105916 9.99473E-05 9.99473E-05
0.402789 9.9938E-05 9.9938E-05 9.9938E-05 9.9938E-05 9.9938E-05 9.9938E-05 9.9938E-05 0.179114 0.417397
9.99474E-05 9.99474E-05 9.99474E-05 0.497244 9.99474E-05 9.99474E-05 9.99474E-05 0.411038 0.0533429 0.0377757
0.0479728 9.99561E-05 9.99561E-05 9.99561E-05 0.263625 0.422101 9.99561E-05 9.99561E-05 0.164104 0.101697
9.9947E-05 0.279072 0.0362809 9.9947E-05 9.9947E-05 9.9947E-05 9.9947E-05 0.464067 0.219981 9.9947E-05
0.0937548 9.99566E-05 0.428492 0.166105 9.99566E-05 0.200187 9.99566E-05 9.99566E-05 0.110962 9.99566E-05
9.99557E-05 9.99557E-05 0.0021458 0.761402 9.99557E-05 0.129744 9.99557E-05 0.0857615 9.99557E-05 0.0204465
9.9956E-05 0.166459 9.9956E-05 9.9956E-05 9.9956E-05 0.139468 9.9956E-05 0.436732 0.118049 0.138793
9.99474E-05 0.475838 9.99474E-05 0.239531 9.99474E-05 0.212333 9.99474E-05 0.0716989 9.99474E-05 9.99474E-05
9.99387E-05 9.99387E-05 0.417034 9.99387E-05 0.155741 9.99387E-05 9.99387E-05 9.99387E-05 0.426525 9.99387E-05
0.709103 9.99474E-05 9.99474E-05 9.99474E-05 0.0440937 0.0102809 9.99474E-05 0.235923 9.99474E-05 9.99474E-05
9.9956E-05 0.137352 0.0931769 9.9956E-05 9.9956E-05 0.085293 9.9956E-05 0.447223 0.236455 9.9956E-05
9.99561E-05 9.99561E-05 0.505951 9.99561E-05 0.2271 9.99561E-05 9.99561E-05 0.0466017 0.200515 0.019333
9.99387E-05 9.99387E-05 0.475479 0.182069 0.341753 9.99387E-05 9.99387E-05 9.99387E-05 9.99387E-05 9.99387E-05
0.558209 0.159382 9.99385E-05 9.99385E-05 9.99385E-05 0.28171 9.99385E-05 9.99385E-05 9.99385E-05 9.99385E-05
9.99386E-05 0.260327 0.714501 0.0244724 9.99386E-05 9.99386E-05 9.99386E-05 9.99386E-05 9.99386E-05 9.99386E-05
9.99561E-05 0.39015 0.225336 9.99561E-05 0.0402154 0.226604 9.99561E-05 9.99561E-05 0.117195 9.99561E-05
9.99474E-05 0.465087 0.076451 9.99474E-05 9.99474E-05 0.119255 9.99474E-05 9.99474E-05 0.338608 9.99474E-05
9.99385E-05 9.99385E-05 0.455029 9.99385E-05 9.99385E-05 0.336358 0.207913 9.99385E-05 9.99385E-05 9.99385E-05
9.99211E-05 9.99211E-05 9.99211E-05 9.99211E-05 9.99211E-05 0.999101 9.99211E-05 9.99211E-05 9.99211E-05 9.99211E-05
9.99385E-05 9.99385E-05 9.99385E-05 9.99385E-05 0.0430812 9.99385E-05 9.99385E-05 0.0195473 9.99385E-05 0.936672
9.99471E-05 0.202741 9.99471E-05 9.99471E-05 0.21858 9.99471E-05 9.99471E-05 0.459296 9.99471E-05 0.118782
9.9947E-05 0.330724 0.107084 9.9947E-05 0.466729 0.0948631 9.9947E-05 9.9947E-05 9.9947E-05 9.9947E-05
9.99384E-05 9.99384E-05 9.99384E-05 0.364782 0.548636 9.99384E-05 9.99384E-05 0.0858821 9.99384E-05 9.99384E-05
9.99558E-05 0.273504 9.99558E-05 0.0502522 9.99558E-05 0.328417 0.281121 9.99558E-05 9.99558E-05 0.0662067
9.99471E-05 0.1684 9.99471E-05 0.285444 9.99471E-05 0.0366663 9.99471E-05 9.99471E-05 9.99471E-05 0.50889
0.0193265 9.99386E-05 0.96498 9.99386E-05 9.99386E-05 9.99386E-05 9.99386E-05 0.0149937 9.99386E-05 9.99386E-05
0.0937543 9.99559E-05 0.406819 0.146113 0.0448745 0.307939 9.99559E-05 9.99559E-05 9.99559E-05 9.99559E-05
9.99476E-05 9.99476E-05 0.00220695 9.99476E-05 0.255972 9.99476E-05 9.99476E-05 0.661112 0.0801089 9.99476E-05
0.15368 0.0564263 9.99561E-05 9.99561E-05 9.99561E-05 9.99561E-05 0.116619 0.0898878 0.582887 9.99561E-05
9.9956E-05 9.9956E-05 0.189921 9.9956E-05 0.071138 9.9956E-05 0.0133078 0.0309065 0.694226 9.9956E-05
9.9956E-05 9.9956E-05 0.49342 0.0185874 0.129387 9.9956E-05 9.9956E-05 0.00119815 0.356908 9.9956E-05
0.00124859 0.114529 0.232337 9.99562E-05 9.99562E-05 0.501031 0.150354 9.99562E-05 9.99562E-05 9.99562E-05
0.0881897 0.333693 9.99474E-05 9.99474E-05 0.191073 9.99474E-05 9.99474E-05 9.99474E-05 0.386445 9.99474E-05
9.99385E-05 0.456432 0.225961 9.99385E-05 9.99385E-05 9.99385E-05 9.99385E-05 0.316907 9.99385E-05 9.99385E-05
0.294864 9.99296E-05 9.99296E-05 9.99296E-05 9.99296E-05 9.99296E-05 9.99296E-05 9.99296E-05 0.704336 9.99296E-05
0.00526788 0.190873 9.99472E-05 9.99472E-05 0.251031 0.552229 9.99472E-05 9.99472E-05 9.99472E-05 9.99472E-05
9.99475E-05 9.99475E-05 9.99475E-05 0.373841 9.99475E-05 0.0563759 9.99475E-05 0.174375 0.394808 9.99475E-05
0.330674 9.99646E-05 0.187358 0.289934 0.161369 0.00565429 9.99646E-05 0.0246117 9.99646E-05 9.99646E-05
9.99559E-05 9.99559E-05 9.99559E-05 0.481939 0.0899086 0.133297 9.99559E-05 0.0826622 9.99559E-05 0.211693
0.0506298 0.100695 9.9956E-05 0.206627 0.262355 9.9956E-05 9.9956E-05 9.9956E-05 9.9956E-05 0.379193
0.0163271 9.99387E-05 9.99387E-05 9.99387E-05 9.99387E-05 0.862377 9.99387E-05 9.99387E-05 9.99387E-05 0.120596
9.9956E-05 0.455215 0.303485 9.9956E-05 0.0502784 9.9956E-05 9.9956E-05 0.0364342 0.154088 9.9956E-05
9.99559E-05 0.496178 0.245452 0.233413 9.99559E-05 9.99559E-05 9.99559E-05 0.00165922 0.0227984 9.99559E-05
9.9947E-05 0.0538312 9.9947E-05 9.9947E-05 9.9947E-05 0.47158 9.9947E-05 9.9947E-05 0.315586 0.158403
9.99469E-05 0.440502 9.99469E-05 0.170266 0.0272314 9.99469E-05 9.99469E-05 9.99469E-05 0.361401 9.99469E-05
9.99382E-05 9.99382E-05 0.316706 9.99382E-05 0.19523 0.487364 9.99382E-05 9.99382E-05 9.99382E-05 9.99382E-05
9.99388E-05 9.99388E-05 9.99388E-05 0.032398 9.99388E-05 0.849393 9.99388E-05 9.99388E-05 0.117509 9.99388E-05
0.641296 9.99473E-05 9.99473E-05 0.119062 0.0307709 9.99473E-05 9.99473E-05 0.208271 9.99473E-05 9.99473E-05
9.99561E-05 0.185387 9.99561E-05 9.99561E-05 0.167744 9.99561E-05 9.99561E-05 0.194669 0.137201 0.3145
9.99385E-05 9.99385E-05 9.99385E-05 9.99385E-05 9.99385E-05 0.819741 9.99385E-05 0.00683336 0.172726 9.99385E-05
9.99471E-05 0.331223 0.0765362 9.99471E-05 0.254117 0.337524 9.99471E-05 9.99471E-05 9.99471E-05 9.99471E-05
0.237602 0.18745 9.99647E-05 9.99647E-05 0.28035 0.0359936 9.99647E-05 9.99647E-05 0.0903764 0.167828
9.99564E-05 9.99564E-05 9.99564E-05 0.368751 9.99564E-05 0.278468 0.166348 9.99564E-05 0.130983 0.0549507
9.9947E-05 9.9947E-05 0.0960423 0.651586 0.0226983 9.9947E-05 9.9947E-05 9.9947E-05 0.229074 9.9947E-05
0.0392482 9.99559E-05 0.087045 0.108029 9.99559E-05 0.0393449 9.99559E-05 0.725833 9.99559E-05 9.99559E-05
9.99475E-05 9.99475E-05 0.65183 0.22436 9.99475E-05 0.0126153 9.99475E-05 9.99475E-05 9.99475E-05 0.110595
0.149385 0.0250075 0.200869 9.99649E-05 0.160479 9.99649E-05 0.274244 0.189616 9.99649E-05 9.99649E-05
9.9921E-05 9.9921E-05 9.9921E-05 9.9921E-05 0.999101 9.9921E-05 9.9921E-05 9.9921E-05 9.9921E-05 9.9921E-05
9.99476E-05 0.0268746 9.99476E-05 9.99476E-05 9.99476E-05 0.142752 0.0721845 9.99476E-05 0.757589 9.99476E-05
0.00113719 0.0328988 0.450383 0.106337 0.293216 9.99736E-05 9.99736E-05 0.0341774 0.0815508 9.99736E-05
0.526707 9.99475E-05 9.99475E-05 9.99475E-05 9.99475E-05 0.185121 9.99475E-05 0.257854 9.99475E-05 0.0297186
9.99296E-05 0.803422 9.99296E-05 9.99296E-05 9.99296E-05 9.99296E-05 9.99296E-05 9.99296E-05 9.99296E-05 0.195779
9.99471E-05 0.184876 9.99471E-05 9.99471E-05 9.99471E-05 0.217028 9.99471E-05 0.00662151 0.590874 9.99471E-05
9.99735E-05 0.0433816 0.0817753 9.99735E-05 0.0263236 0.0119892 0.14748 9.99735E-05 0.346714 0.342036
9.99296E-05 9.99296E-05 9.99296E-05 9.99296E-05 9.99296E-05 9.99296E-05 0.160981 0.83822 9.99296E-05 9.99296E-05
9.99301E-05 9.99301E-05 9.99301E-05 9.99301E-05 0.165538 9.99301E-05 9.99301E-05 9.99301E-05 9.99301E-05 0.833663
9.99382E-05 0.732666 0.226041 9.99382E-05 9.99382E-05 0.0405943 9.99382E-05 9.99382E-05 9.99382E-05 9.99382E-05
9.9956E-05 0.241292 0.129932 0.212104 9.9956E-05 0.0812015 9.9956E-05 9.9956E-05 9.9956E-05 0.334971
9.99297E-05 0.947242 9.99297E-05 9.99297E-05 9.99297E-05 9.99297E-05 9.99297E-05 0.0519586 9.99297E-05 9.99297E-05
9.9947E-05 9.9947E-05 0.0971301 9.9947E-05 0.425542 0.228502 9.9947E-05 9.9947E-05 9.9947E-05 0.248227
9.99559E-05 0.417885 0.245971 9.99559E-05 9.99559E-05 9.99559E-05 9.99559E-05 0.149817 0.0511503 0.134676
9.99647E-05 0.0451965 0.449482 0.222275 0.0875422 9.99647E-05 0.0022032 9.99647E-05 0.192901 9.99647E-05
9.99563E-05 9.99563E-05 9.99563E-05 0.261336 0.456186 0.0807936 0.11645 0.0847348 9.99563E-05 9.99563E-05
9.99478E-05 9.99478E-05 9.99478E-05 9.99478E-05 0.21607 9.99478E-05 0.0487764 9.99478E-05 0.468918 0.265636
9.99564E-05 0.420824 9.99564E-05 0.106184 9.99564E-05 0.0631806 9.99564E-05 0.347501 9.99564E-05 0.0618113
0.0659497 9.99382E-05 9.99382E-05 9.99382E-05 0.647321 9.99382E-05 9.99382E-05 9.99382E-05 0.28603 9.99382E-05
0.40239 0.199055 9.99561E-05 9.99561E-05 0.146637 9.99561E-05 0.169415 9.99561E-05 0.0820029 9.99561E-05
9.99303E-05 9.99303E-05 9.99303E-05 0.274488 0.724712 9.99303E-05 9.99303E-05 9.99303E-05 9.99303E-05 9.99303E-05
0.117352 0.170555 0.230033 9.99649E-05 9.99649E-05 0.135794 9.99649E-05 0.0640541 9.99649E-05 0.281813
9.994E-05 9.994E-05 0.281762 0.0855113 9.994E-05 0.249906 0.382221 9.994E-05 9.994E-05 9.994E-05
0.290634 0.122845 9.9947E-05 9.9947E-05 9.9947E-05 0.291909 9.9947E-05 0.294013 9.9947E-05 9.9947E-05
0.30498 9.99385E-05 0.219035 9.99385E-05 9.99385E-05 0.475285 9.99385E-05 9.99385E-05 9.99385E-05 9.99385E-05
0.173727 9.99646E-05 0.0754057 9.99646E-05 0.173255 0.197899 9.99646E-05 0.207788 0.171525 9.99646E-05
0.512248 9.99648E-05 0.0611212 0.204758 0.161561 9.99648E-05 9.99648E-05 9.99648E-05 0.0486337 0.0112783
9.9947E-05 0.27009 0.230181 9.9947E-05 0.30283 9.9947E-05 9.9947E-05 0.196299 9.9947E-05 9.9947E-05
0.041044 9.9956E-05 9.9956E-05 0.693028 9.9956E-05 0.149366 9.9956E-05 0.00710397 0.108958 9.9956E-05
0.249425 9.99646E-05 0.597818 0.089733 9.99646E-05 0.0263606 9.99646E-05 9.99646E-05 0.0201457 0.0161179
0.0840487 9.99557E-05 0.00951662 0.0473696 0.715906 9.99557E-05 9.99557E-05 9.99557E-05 0.142659 9.99557E-05
9.99565E-05 9.99565E-05 0.150811 0.00281307 0.568999 0.146875 9.99565E-05 9.99565E-05 9.99565E-05 0.130002
9.99735E-05 0.074834 0.186719 0.0186969 0.0685981 0.46041 9.99735E-05 9.99735E-05 0.0804942 0.109948
9.99475E-05 0.262333 0.130913 0.47547 9.99475E-05 9.99475E-05 9.99475E-05 0.130684 9.99475E-05 9.99475E-05
0.07744 9.99736E-05 0.0203845 0.531278 9.99736E-05 0.0170461 0.123884 0.13043 9.99736E-05 0.099238
0.0279531 9.99651E-05 9.99651E-05 0.264266 0.352713 0.0358755 0.0195496 9.99651E-05 0.299243 9.99651E-05
0.170194 9.99564E-05 0.366809 0.0226849 0.264437 9.99564E-05 9.99564E-05 9.99564E-05 9.99564E-05 0.175375
9.9956E-05 9.9956E-05 0.0297703 9.9956E-05 0.385897 0.311311 9.9956E-05 0.23611 0.0364124 9.9956E-05
0.0629135 9.99562E-05 0.212436 0.437476 9.99562E-05 9.99562E-05 0.141413 9.99562E-05 9.99562E-05 0.145262
9.99384E-05 0.475789 0.0751708 0.448341 9.99384E-05 9.99384E-05 9.99384E-05 9.99384E-05 9.99384E-05 9.99384E-05
0.195661 9.99469E-05 0.170584 0.193037 9.99469E-05 9.99469E-05 9.99469E-05 0.440118 9.99469E-05 9.99469E-05
9.9939E-05 9.9939E-05 9.9939E-05 9.9939E-05 0.495918 0.193416 9.9939E-05 9.9939E-05 9.9939E-05 0.309966
9.99208E-05 9.99208E-05 9.99208E-05 9.99208E-05 0.999101 9.99208E-05 9.99208E-05 9.99208E-05 9.99208E-05 9.99208E-05
0.318658 0.0986206 9.99473E-05 0.111449 9.99473E-05 9.99473E-05 9.99473E-05 9.99473E-05 0.470673 9.99473E-05
0.16106 9.9939E-05 9.9939E-05 9.9939E-05 0.598222 0.240018 9.9939E-05 9.9939E-05 9.9939E-05 9.9939E-05
0.0130063 0.347707 9.9956E-05 9.9956E-05 9.9956E-05 9.9956E-05 0.391811 0.0447416 0.202235 9.9956E-05
9.99384E-05 0.0626003 9.99384E-05 9.99384E-05 9.99384E-05 0.39313 9.99384E-05 9.99384E-05 9.99384E-05 0.54357
0.432508 9.99474E-05 9.99474E-05 9.99474E-05 9.99474E-05 9.99474E-05 0.298759 0.00697704 9.99474E-05 0.261156
9.99558E-05 0.0872136 0.710438 9.99558E-05 0.0614356 0.0851758 9.99558E-05 9.99558E-05 0.0552372 9.99558E-05
9.99386E-05 9.99386E-05 9.99386E-05 0.458631 0.41269 9.99386E-05 9.99386E-05 0.12798 9.99386E-05 9.99386E-05
9.99385E-05 9.99385E-05 0.805376 9.99385E-05 0.08199 9.99385E-05 9.99385E-05 9.99385E-05 9.99385E-05 0.111934
9.99387E-05 9.99387E-05 9.99387E-05 9.99387E-05 9.99387E-05 0.697888 0.0957576 9.99387E-05 9.99387E-05 0.205655
0.0580467 0.114715 9.99474E-05 9.99474E-05 0.767607 0.0590314 9.99474E-05 9.99474E-05 9.99474E-05 9.99474E-05
0.101905 0.147446 0.339871 9.99562E-05 9.99562E-05 0.125289 9.99562E-05 9.99562E-05 9.99562E-05 0.284989
0.0792833 0.902072 0.017945 9.99385E-05 9.99385E-05 9.99385E-05 9.99385E-05 9.99385E-05 9.99385E-05 9.99385E-05
9.99649E-05 0.135758 9.99649E-05 9.99649E-05 0.392011 0.13961 0.169399 0.109266 9.99649E-05 0.0535561
0.510178 0.405435 9.99473E-05 9.99473E-05 9.99473E-05 9.99473E-05 9.99473E-05 0.0397262 0.0440603 9.99473E-05
9.99473E-05 9.99473E-05 0.0777131 0.364054 0.28086 9.99473E-05 9.99473E-05 0.276773 9.99473E-05 9.99473E-05
9.99561E-05 9.99561E-05 0.118615 9.99561E-05 9.99561E-05 0.224067 0.15613 9.99561E-05 0.238364 0.262324
9.99386E-05 9.99386E-05 9.99386E-05 9.99386E-05 9.99386E-05 0.228388 9.99386E-05 0.0464563 9.99386E-05 0.724456
0.00407913 9.99561E-05 0.00951261 0.332239 9.99561E-05 0.467526 9.99561E-05 9.99561E-05 9.99561E-05 0.186143
9.99381E-05 9.99381E-05 0.141175 9.99381E-05 9.99381E-05 0.802317 9.99381E-05 9.99381E-05 9.99381E-05 0.0558084
0.111427 9.99646E-05 9.99646E-05 0.224972 0.153846 0.251303 0.0920206 0.166032 9.99646E-05 9.99646E-05
9.99379E-05 9.99379E-05 0.415404 9.99379E-05 9.99379E-05 0.271207 9.99379E-05 9.99379E-05 0.31269 9.99379E-05
9.99562E-05 0.607011 0.0188346 9.99562E-05 9.99562E-05 0.328318 0.0267848 0.0185516 9.99562E-05 9.99562E-05
0.244872 9.99298E-05 9.99298E-05 9.99298E-05 9.99298E-05 9.99298E-05 9.99298E-05 9.99298E-05 9.99298E-05 0.754328
9.99474E-05 9.99474E-05 9.99474E-05 0.120499 9.99474E-05 9.99474E-05 0.394327 9.99474E-05 0.294988 0.189586
9.99386E-05 0.544082 0.247752 9.99386E-05 0.207467 9.99386E-05 9.99386E-05 9.99386E-05 9.99386E-05 9.99386E-05
0.0459533 9.99392E-05 9.99392E-05 9.99392E-05 0.919332 9.99392E-05 9.99392E-05 9.99392E-05 9.99392E-05 0.0340152
9.9956E-05 0.0211497 0.140566 0.180929 9.9956E-05 0.0977645 9.9956E-05 0.559091 9.9956E-05 9.9956E-05
9.99469E-05 9.99469E-05 0.38959 9.99469E-05 9.99469E-05 0.341686 9.99469E-05 0.159296 9.99469E-05 0.108829
9.99474E-05 9.99474E-05 9.99474E-05 0.234194 9.99474E-05 0.500981 9.99474E-05 0.0895447 9.99474E-05 0.174681
9.99562E-05 9.99562E-05 0.0591329 0.0683182 9.99562E-05 0.250315 0.426615 0.195119 9.99562E-05 9.99562E-05
0.546119 9.99387E-05 9.99387E-05 0.182923 0.270258 9.99387E-05 9.99387E-05 9.99387E-05 9.99387E-05 9.99387E-05
0.00606783 0.275532 0.196764 9.9956E-05 9.9956E-05 0.28788 9.9956E-05 9.9956E-05 0.233257 9.9956E-05
9.99387E-05 9.99387E-05 9.99387E-05 9.99387E-05 9.99387E-05 9.99387E-05 9.99387E-05 0.0109956 0.718453 0.269852
9.99474E-05 0.131271 0.144564 9.99474E-05 9.99474E-05 0.617038 0.106527 9.99474E-05 9.99474E-05 9.99474E-05
9.99566E-05 0.560457 0.134304 9.99566E-05 0.0537718 9.99566E-05 0.207739 0.0432276 9.99566E-05 9.99566E-05
9.99383E-05 9.99383E-05 9.99383E-05 0.53604 9.99383E-05 0.370003 9.99383E-05 0.0932578 9.99383E-05 9.99383E-05
9.9956E-05 0.352386 9.9956E-05 0.111492 9.9956E-05 0.210368 0.0167504 9.9956E-05 0.308505 9.9956E-05
9.99385E-05 9.99385E-05 0.416487 0.390903 9.99385E-05 0.191911 9.99385E-05 9.99385E-05 9.99385E-05 9.99385E-05
0.0413776 9.99471E-05 0.129065 0.635624 9.99471E-05 9.99471E-05 9.99471E-05 0.193334 9.99471E-05 9.99471E-05
9.99382E-05 0.161867 9.99382E-05 9.99382E-05 0.635657 0.201777 9.99382E-05 9.99382E-05 9.99382E-05 9.99382E-05
9.99564E-05 9.99564E-05 9.99564E-05 9.99564E-05 0.115973 0.367125 0.268577 0.0368207 0.211004 9.99564E-05
9.99387E-05 9.99387E-05 9.99387E-05 9.99387E-05 0.0418878 9.99387E-05 9.99387E-05 0.932105 9.99387E-05 0.0253073
0.265581 9.99387E-05 0.444243 9.99387E-05 9.99387E-05 9.99387E-05 0.289477 9.99387E-05 9.99387E-05 9.99387E-05
9.99471E-05 0.129332 0.335727 9.99471E-05 9.99471E-05 9.99471E-05 0.193947 0.340395 9.99471E-05 9.99471E-05
9.99471E-05 9.99471E-05 0.330695 9.99471E-05 9.99471E-05 9.99471E-05 0.0470402 0.0858447 9.99471E-05 0.535821
0.0629567 9.99473E-05 0.850493 0.0846726 9.99473E-05 9.99473E-05 9.99473E-05 9.99473E-05 9.99473E-05 0.00127759
0.0770632 9.99559E-05 0.288245 9.99559E-05 0.263033 9.99559E-05 9.99559E-05 9.99559E-05 0.168168 0.20299
9.99472E-05 0.244309 9.99472E-05 0.482105 9.99472E-05 9.99472E-05 0.0614896 9.99472E-05 9.99472E-05 0.211496
9.99474E-05 9.99474E-05 0.0538265 9.99474E-05 9.99474E-05 0.159669 9.99474E-05 0.600285 0.18562 9.99474E-05
9.99472E-05 9.99472E-05 0.444616 9.99472E-05 9.99472E-05 0.405527 9.99472E-05 0.0318724 0.117385 9.99472E-05
0.00169972 9.99561E-05 9.99561E-05 9.99561E-05 0.620444 0.10429 0.118333 0.154734 9.99561E-05 9.99561E-05
9.9947E-05 0.125079 9.9947E-05 9.9947E-05 0.300386 0.348119 9.9947E-05 9.9947E-05 0.225816 9.9947E-05
0.57748 9.99383E-05 0.370026 0.0517942 9.99383E-05 9.99383E-05 9.99383E-05 9.99383E-05 9.99383E-05 9.99383E-05
9.99472E-05 0.381487 9.99472E-05 9.99472E-05 0.186633 0.152536 9.99472E-05 9.99472E-05 9.99472E-05 0.278744
9.99394E-05 0.142455 0.585027 9.99394E-05 9.99394E-05 0.271818 9.99394E-05 9.99394E-05 9.99394E-05 9.99394E-05
9.99559E-05 0.621844 9.99559E-05 0.0811809 9.99559E-05 0.102454 9.99559E-05 0.00453361 0.189487 9.99559E-05
9.99645E-05 9.99645E-05 0.306025 0.232507 0.167059 0.151038 9.99645E-05 0.0713017 9.99645E-05 0.0716702
9.99474E-05 0.264897 9.99474E-05 0.154873 9.99474E-05 9.99474E-05 9.99474E-05 0.247026 9.99474E-05 0.332604
9.99559E-05 0.295313 0.252807 9.99559E-05 0.0157618 9.99559E-05 0.321495 9.99559E-05 9.99559E-05 0.114124
9.99558E-05 0.315815 9.99558E-05 9.99558E-05 0.323165 0.0485306 0.0865011 0.225489 9.99558E-05 9.99558E-05
9.99305E-05 9.99305E-05 0.570691 9.99305E-05 9.99305E-05 0.42851 9.99305E-05 9.99305E-05 9.99305E-05 9.99305E-05
9.99471E-05 0.0755364 0.528485 9.99471E-05 9.99471E-05 9.99471E-05 9.99471E-05 0.235222 9.99471E-05 0.160157
0.205251 0.0786067 9.99647E-05 0.372459 9.99647E-05 0.152645 9.99647E-05 0.0529628 0.137675 9.99647E-05
9.99389E-05 0.360136 9.99389E-05 0.534666 9.99389E-05 9.99389E-05 9.99389E-05 9.99389E-05 9.99389E-05 0.104499
9.99648E-05 9.99648E-05 0.180397 0.00305055 9.99648E-05 0.153146 0.0153719 0.0167217 0.630913 9.99648E-05
0.0299307 0.124832 9.99472E-05 9.99472E-05 9.99472E-05 9.99472E-05 9.99472E-05 0.412862 0.431775 9.99472E-05
9.99475E-05 0.263412 0.565846 0.160013 0.010129 9.99475E-05 9.99475E-05 9.99475E-05 9.99475E-05 9.99475E-05
9.99383E-05 9.99383E-05 9.99383E-05 0.701579 9.99383E-05 0.232568 9.99383E-05 9.99383E-05 0.0651538 9.99383E-05
0.0563165 9.99562E-05 9.99562E-05 0.219751 0.259113 9.99562E-05 9.99562E-05 0.0506482 0.413672 9.99562E-05
9.99384E-05 0.552116 0.0870735 9.99384E-05 9.99384E-05 9.99384E-05 0.360111 9.99384E-05 9.99384E-05 9.99384E-05
9.9947E-05 9.9947E-05 0.621402 9.9947E-05 0.240211 0.119402 9.9947E-05 0.0183847 9.9947E-05 9.9947E-05
9.99383E-05 0.326204 9.99383E-05 9.99383E-05 9.99383E-05 9.99383E-05 9.99383E-05 0.106883 9.99383E-05 0.566213
9.99647E-05 9.99647E-05 0.0377003 0.591588 9.99647E-05 0.0846414 0.0486637 9.99647E-05 0.0090042 0.228003
9.993E-05 9.993E-05 0.576998 9.993E-05 9.993E-05 9.993E-05 9.993E-05 0.422202 9.993E-05 9.993E-05
0.0247438 0.398828 9.9956E-05 0.126382 0.132732 9.9956E-05 9.9956E-05 9.9956E-05 0.316815 9.9956E-05
9.99473E-05 0.0454208 9.99473E-05 9.99473E-05 0.47274 9.99473E-05 0.0471891 0.43405 9.99473E-05 9.99473E-05
0.866948 9.99297E-05 9.99297E-05 9.99297E-05 9.99297E-05 9.99297E-05 9.99297E-05 0.132252 9.99297E-05 9.99297E-05
0.257583 9.99473E-05 0.262948 9.99473E-05 9.99473E-05 0.155855 9.99473E-05 0.323014 9.99473E-05 9.99473E-05
9.99474E-05 0.141838 9.99474E-05 9.99474E-05 0.176435 9.99474E-05 9.99474E-05 9.99474E-05 0.591535 0.0895928
9.99646E-05 0.208724 0.0475052 0.383984 0.225132 0.0592052 9.99646E-05 0.0750487 9.99646E-05 9.99646E-05
0.203481 0.00887844 0.0101147 0.303646 9.99647E-05 0.448688 0.0247926 9.99647E-05 9.99647E-05 9.99647E-05
9.99294E-05 9.99294E-05 9.99294E-05 9.99294E-05 0.633117 0.366083 9.99294E-05 9.99294E-05 9.99294E-05 9.99294E-05
9.99559E-05 0.199546 0.0506355 9.99559E-05 0.146829 9.99559E-05 9.99559E-05 0.31709 9.99559E-05 0.285399
9.99471E-05 9.99471E-05 0.137025 0.0781672 0.532736 9.99471E-05 9.99471E-05 0.251472 9.99471E-05 9.99471E-05
9.99386E-05 9.99386E-05 0.750789 0.193433 9.99386E-05 0.0550789 9.99386E-05 9.99386E-05 9.99386E-05 9.99386E-05
0.115696 9.99558E-05 9.99558E-05 9.99558E-05 0.233401 9.99558E-05 0.1436 0.190963 9.99558E-05 0.31584
9.99472E-05 0.213968 9.99472E-05 9.99472E-05 0.394318 9.99472E-05 9.99472E-05 9.99472E-05 0.126444 0.26467
9.99474E-05 0.0869757 9.99474E-05 0.417551 9.99474E-05 9.99474E-05 9.99474E-05 0.25451 0.240364 9.99474E-05
9.99384E-05 9.99384E-05 0.483639 0.289065 9.99384E-05 9.99384E-05 9.99384E-05 9.99384E-05 9.99384E-05 0.226596
9.99561E-05 0.191886 0.092306 9.99561E-05 0.417072 9.99561E-05 9.99561E-05 9.99561E-05 0.0674589 0.230778
9.99473E-05 9.99473E-05 0.0848129 9.99473E-05 0.335176 9.99473E-05 9.99473E-05 0.188596 0.390815 9.99473E-05
0.370053 0.0587584 9.9947E-05 9.9947E-05 0.145394 0.425194 9.9947E-05 9.9947E-05 9.9947E-05 9.9947E-05
9.99469E-05 0.0969338 0.28009 9.99469E-05 0.197032 9.99469E-05 9.99469E-05 0.425344 9.99469E-05 9.99469E-05
0.0795428 9.99476E-05 9.99476E-05 9.99476E-05 0.121964 0.384076 0.413818 9.99476E-05 9.99476E-05 9.99476E-05
9.99561E-05 0.0239848 9.99561E-05 9.99561E-05 0.317154 0.500841 9.99561E-05 0.15417 9.99561E-05 0.00335072
0.356437 0.471185 9.99471E-05 9.99471E-05 9.99471E-05 9.99471E-05 9.99471E-05 0.124461 9.99471E-05 0.0473178
0.221143 9.99472E-05 0.0411602 9.99472E-05 9.99472E-05 0.0339671 9.99472E-05 0.70313 9.99472E-05 9.99472E-05
9.99558E-05 9.99558E-05 0.0856696 0.351315 9.99558E-05 9.99558E-05 0.423242 0.132032 0.00724161 9.99558E-05
0.104168 0.298217 9.99561E-05 9.99561E-05 9.99561E-05 0.348383 9.99561E-05 0.0476989 0.201034 9.99561E-05
0.126067 9.99388E-05 0.570981 0.302252 9.99388E-05 9.99388E-05 9.99388E-05 9.99388E-05 9.99388E-05 9.99388E-05
0.128972 0.143688 9.99472E-05 9.99472E-05 9.99472E-05 9.99472E-05 9.99472E-05 0.54433 9.99472E-05 0.18241
9.9956E-05 0.0264271 0.0241056 0.166902 9.9956E-05 0.00631317 9.9956E-05 9.9956E-05 0.775753 9.9956E-05
9.99471E-05 0.0530761 0.0751072 0.0837508 9.99471E-05 0.787466 9.99471E-05 9.99471E-05 9.99471E-05 9.99471E-05
9.99469E-05 9.99469E-05 9.99469E-05 9.99469E-05 9.99469E-05 0.660819 0.161363 0.00472788 0.172491 9.99469E-05
0.0565053 0.244857 9.99475E-05 0.50069 0.197348 9.99475E-05 9.99475E-05 9.99475E-05 9.99475E-05 9.99475E-05
9.99474E-05 9.99474E-05 9.99474E-05 0.235636 9.99474E-05 9.99474E-05 9.99474E-05 0.513251 0.162352 0.0881616
0.0249677 9.99736E-05 0.111904 9.99736E-05 0.165639 0.14948 9.99736E-05 0.0267471 0.36003 0.160931
9.99385E-05 9.99385E-05 0.525359 9.99385E-05 9.99385E-05 9.99385E-05 9.99385E-05 0.129542 0.344399 9.99385E-05
9.99472E-05 9.99472E-05 9.99472E-05 0.0261965 9.99472E-05 0.284268 0.0496147 9.99472E-05 0.639321 9.99472E-05
0.0656176 9.99563E-05 9.99563E-05 9.99563E-05 0.658752 9.99563E-05 0.00474091 0.15677 0.11362 9.99563E-05
0.163284 0.18849 9.99559E-05 0.049557 0.12385 0.47432 9.99559E-05 9.99559E-05 9.99559E-05 9.99559E-05
9.99301E-05 0.156734 9.99301E-05 0.842467 9.99301E-05 9.99301E-05 9.99301E-05 9.99301E-05 9.99301E-05 9.99301E-05
9.99385E-05 9.99385E-05 9.99385E-05 9.99385E-05 9.99385E-05 9.99385E-05 9.99385E-05 0.373055 0.337172 0.289073
0.162516 9.99386E-05 9.99386E-05 0.415269 9.99386E-05 0.421515 9.99386E-05 9.99386E-05 9.99386E-05 9.99386E-05
9.9956E-05 9.9956E-05 0.493671 0.00430887 0.116628 9.9956E-05 0.236479 0.148414 9.9956E-05 9.9956E-05
9.99468E-05 0.110475 0.202726 9.99468E-05 0.651893 9.99468E-05 9.99468E-05 9.99468E-05 0.0343057 9.99468E-05
9.99296E-05 9.99296E-05 9.99296E-05 0.998425 9.99296E-05 9.99296E-05 9.99296E-05 0.000776055 9.99296E-05 9.99296E-05
9.99384E-05 9.99384E-05 0.373244 9.99384E-05 0.525988 9.99384E-05 9.99384E-05 0.100069 9.99384E-05 9.99384E-05
0.774245 9.99299E-05 9.99299E-05 9.99299E-05 9.99299E-05 0.224955 9.99299E-05 9.99299E-05 9.99299E-05 9.99299E-05
9.9947E-05 9.9947E-05 9.9947E-05 0.380859 9.9947E-05 0.120918 9.9947E-05 0.400138 0.0974862 9.9947E-05
9.9947E-05 0.145437 9.9947E-05 9.9947E-05 0.247552 0.445006 9.9947E-05 9.9947E-05 0.161405 9.9947E-05
0.472192 0.21791 9.99382E-05 9.99382E-05 9.99382E-05 9.99382E-05 9.99382E-05 9.99382E-05 0.309199 9.99382E-05
0.0310444 0.143246 0.009782 0.219711 0.0589446 0.536872 9.99645E-05 9.99645E-05 9.99645E-05 9.99645E-05
9.9947E-05 9.9947E-05 0.100783 9.9947E-05 9.9947E-05 0.409419 9.9947E-05 9.9947E-05 0.248653 0.240546
9.99384E-05 9.99384E-05 9.99384E-05 0.0991585 9.99384E-05 9.99384E-05 9.99384E-05 9.99384E-05 0.819829 0.0803128
0.436388 9.99472E-05 9.99472E-05 0.0709394 0.328316 9.99472E-05 9.99472E-05 9.99472E-05 9.99472E-05 0.163757
9.99304E-05 9.99304E-05 0.599603 9.99304E-05 9.99304E-05 9.99304E-05 9.99304E-05 9.99304E-05 0.399597 9.99304E-05
9.99385E-05 9.99385E-05 9.99385E-05 9.99385E-05 9.99385E-05 0.149787 0.461263 9.99385E-05 0.38825 9.99385E-05
9.99393E-05 0.90222 9.99393E-05 0.044105 9.99393E-05 9.99393E-05 9.99393E-05 9.99393E-05 9.99393E-05 0.0529755
9.99472E-05 9.99472E-05 0.181592 0.0576061 9.99472E-05 9.99472E-05 9.99472E-05 0.252606 0.507596 9.99472E-05
9.99301E-05 9.99301E-05 9.99301E-05 9.99301E-05 9.99301E-05 0.17965 9.99301E-05 0.819551 9.99301E-05 9.99301E-05
0.16366 9.99561E-05 0.344575 9.99561E-05 9.99561E-05 0.32009 9.99561E-05 0.0416835 9.99561E-05 0.129492
0.0429857 9.99385E-05 9.99385E-05 9.99385E-05 9.99385E-05 9.99385E-05 9.99385E-05 9.99385E-05 0.16699 0.789325
9.99559E-05 0.248295 0.264282 0.332208 0.0869677 9.99559E-05 9.99559E-05 0.0677477 9.99559E-05 9.99559E-05
0.377855 9.99391E-05 9.99391E-05 9.99391E-05 9.99391E-05 0.61032 9.99391E-05 9.99391E-05 9.99391E-05 0.0111251
0.144334 0.112281 0.309738 0.209852 9.99736E-05 0.071192 0.143796 0.00850725 9.99736E-05 9.99736E-05
9.99385E-05 9.99385E-05 9.99385E-05 9.99385E-05 0.391626 0.515304 0.0923709 9.99385E-05 9.99385E-05 9.99385E-05
9.99474E-05 9.99474E-05 0.298408 0.0410827 9.99474E-05 0.60368 9.99474E-05 9.99474E-05 0.0562296 9.99474E-05
9.99478E-05 9.99478E-05 0.137427 0.627395 9.99478E-05 0.19571 9.99478E-05 9.99478E-05 9.99478E-05 0.0388685
0.122221 0.50486 0.00420839 9.9965E-05 9.9965E-05 0.0831472 9.9965E-05 9.9965E-05 0.00669226 0.27847
9.99384E-05 0.261995 9.99384E-05 0.554616 0.182689 9.99384E-05 9.99384E-05 9.99384E-05 9.99384E-05 9.99384E-05
0.115675 0.255635 0.301617 9.99557E-05 9.99557E-05 0.311948 9.99557E-05 9.99557E-05 0.014625 9.99557E-05
9.99389E-05 9.99389E-05 0.882567 0.114505 9.99389E-05 0.00222891 9.99389E-05 9.99389E-05 9.99389E-05 9.99389E-05
9.99387E-05 9.99387E-05 9.99387E-05 0.517921 9.99387E-05 9.99387E-05 9.99387E-05 9.99387E-05 0.306827 0.174552
9.9956E-05 9.9956E-05 0.014428 0.191334 9.9956E-05 0.406051 9.9956E-05 0.272381 0.115306 9.9956E-05
