0.11679 0.236952 9.99551E-05 9.99551E-05 0.0113374 0.63442 9.99551E-05 9.99551E-05 9.99551E-05
9.99371E-05 9.99371E-05 9.99371E-05 9.99371E-05 9.99371E-05 0.94436 9.99371E-05 9.99371E-05 0.0549401
9.9946E-05 0.460977 9.9946E-05 9.9946E-05 9.9946E-05 0.471665 0.0667588 9.9946E-05 9.9946E-05
9.99372E-05 9.99372E-05 9.99372E-05 9.99372E-05 9.99372E-05 9.99372E-05 9.99372E-05 0.0756113 0.923689
0.0227744 0.130404 0.751641 0.0869074 9.9964E-05 9.9964E-05 9.9964E-05 9.9964E-05 0.0078731
9.9946E-05 0.0560465 9.9946E-05 9.9946E-05 9.9946E-05 0.0393621 9.9946E-05 0.903992 9.9946E-05
9.9946E-05 9.9946E-05 9.9946E-05 0.825847 9.9946E-05 9.9946E-05 0.0724297 9.9946E-05 0.101124
0.0305197 9.99641E-05 9.99641E-05 0.0640301 0.022191 0.836603 9.99641E-05 9.99641E-05 0.0462562
0.00759775 9.99461E-05 9.99461E-05 9.99461E-05 9.99461E-05 9.99461E-05 0.618614 0.373189 9.99461E-05
9.99371E-05 9.99371E-05 0.408446 0.590855 9.99371E-05 9.99371E-05 9.99371E-05 9.99371E-05 9.99371E-05
9.993E-05 9.993E-05 9.993E-05 0.999201 9.993E-05 9.993E-05 9.993E-05 9.993E-05 9.993E-05
0.0371738 9.9955E-05 9.9955E-05 9.9955E-05 9.9955E-05 0.830406 9.9955E-05 0.116489 0.0154315
0.110148 0.158838 0.505615 0.113514 9.9964E-05 9.9964E-05 0.111484 9.9964E-05 9.9964E-05
0.0847698 0.4717 9.99551E-05 0.309742 9.99551E-05 9.99551E-05 9.99551E-05 9.99551E-05 0.133289
9.99371E-05 9.99371E-05 0.951046 9.99371E-05 9.99371E-05 9.99371E-05 9.99371E-05 0.048254 9.99371E-05
9.993E-05 9.993E-05 9.993E-05 9.993E-05 9.993E-05 9.993E-05 0.999201 9.993E-05 9.993E-05
0.191149 9.9946E-05 9.9946E-05 9.9946E-05 9.9946E-05 0.499237 9.9946E-05 9.9946E-05 0.309014
0.0633292 9.9964E-05 9.9964E-05 0.336447 9.9964E-05 0.00103363 0.563621 0.0351697 9.9964E-05
9.993E-05 9.993E-05 9.993E-05 9.993E-05 9.993E-05 9.993E-05 9.993E-05 0.999201 9.993E-05
9.993E-05 9.993E-05 9.993E-05 9.993E-05 0.999201 9.993E-05 9.993E-05 9.993E-05 9.993E-05
0.0672517 9.99461E-05 9.99461E-05 9.99461E-05 0.918217 9.99461E-05 9.99461E-05 0.0139318 9.99461E-05
0.608879 9.99371E-05 9.99371E-05 9.99371E-05 9.99371E-05 9.99371E-05 0.390422 9.99371E-05 9.99371E-05
9.9946E-05 9.9946E-05 0.246681 9.9946E-05 0.0260025 9.9946E-05 0.726717 9.9946E-05 9.9946E-05
9.9955E-05 9.9955E-05 9.9955E-05 0.120635 0.21508 9.9955E-05 9.9955E-05 0.0183755 0.64541
0.00542692 0.880579 9.99551E-05 9.99551E-05 0.0433668 9.99551E-05 9.99551E-05 0.0701275 9.99551E-05
9.99461E-05 9.99461E-05 0.841788 9.99461E-05 0.0505101 9.99461E-05 0.107102 9.99461E-05 9.99461E-05
9.99371E-05 0.0470485 9.99371E-05 9.99371E-05 9.99371E-05 9.99371E-05 9.99371E-05 9.99371E-05 0.952252
0.866873 0.0303023 0.102225 9.9946E-05 9.9946E-05 9.9946E-05 9.9946E-05 9.9946E-05 9.9946E-05
9.993E-05 9.993E-05 9.993E-05 9.993E-05 9.993E-05 0.999201 9.993E-05 9.993E-05 9.993E-05
0.999201 9.993E-05 9.993E-05 9.993E-05 9.993E-05 9.993E-05 9.993E-05 9.993E-05 9.993E-05
9.99371E-05 0.702208 9.99371E-05 0.297092 9.99371E-05 9.99371E-05 9.99371E-05 9.99371E-05 9.99371E-05
9.993E-05 0.999201 9.993E-05 9.993E-05 9.993E-05 9.993E-05 9.993E-05 9.993E-05 9.993E-05
9.9955E-05 0.0341268 0.0600551 0.896393 9.9955E-05 9.9955E-05 9.9955E-05 9.9955E-05 0.00892573
9.99551E-05 0.0315443 9.99551E-05 9.99551E-05 9.99551E-05 9.99551E-05 0.186386 0.736788 0.0447817
0.0907164 9.99371E-05 9.99371E-05 9.99371E-05 9.99371E-05 9.99371E-05 9.99371E-05 9.99371E-05 0.908584
9.99551E-05 9.99551E-05 9.99551E-05 9.99551E-05 0.137507 0.00976713 0.810033 0.0421922 9.99551E-05
0.266763 9.99461E-05 9.99461E-05 9.99461E-05 9.99461E-05 9.99461E-05 0.317881 0.414757 9.99461E-05
0.237451 9.9955E-05 9.9955E-05 0.0153226 9.9955E-05 9.9955E-05 0.170911 0.575816 9.9955E-05
9.99461E-05 9.99461E-05 9.99461E-05 0.759075 9.99461E-05 0.151417 9.99461E-05 0.088908 9.99461E-05
0.294991 9.99551E-05 0.0293742 9.99551E-05 9.99551E-05 9.99551E-05 9.99551E-05 0.594817 0.0803177
0.115154 9.9955E-05 9.9955E-05 9.9955E-05 9.9955E-05 0.116123 9.9955E-05 0.742903 0.0253213
0.356109 9.9937E-05 9.9937E-05 9.9937E-05 9.9937E-05 0.643191 9.9937E-05 9.9937E-05 9.9937E-05
9.993E-05 9.993E-05 9.993E-05 9.993E-05 0.999201 9.993E-05 9.993E-05 9.993E-05 9.993E-05
9.9946E-05 0.964978 9.9946E-05 9.9946E-05 9.9946E-05 0.0275217 9.9946E-05 0.00690047 9.9946E-05
9.993E-05 9.993E-05 0.999201 9.993E-05 9.993E-05 9.993E-05 9.993E-05 9.993E-05 9.993E-05
9.99461E-05 9.99461E-05 9.99461E-05 9.99461E-05 9.99461E-05 0.765467 0.0455931 9.99461E-05 0.18834
9.99461E-05 9.99461E-05 9.99461E-05 9.99461E-05 0.0171934 9.99461E-05 0.859534 0.122673 9.99461E-05
0.0457912 9.99462E-05 9.99462E-05 9.99462E-05 9.99462E-05 9.99462E-05 0.150463 0.803146 9.99462E-05
0.0318789 9.99641E-05 0.78682 9.99641E-05 0.126074 0.050253 9.99641E-05 9.99641E-05 0.00457465
9.9946E-05 9.9946E-05 9.9946E-05 0.107537 0.545272 9.9946E-05 9.9946E-05 0.346591 9.9946E-05
