0.2851 0.692312 9.99461E-05 9.99461E-05 9.99461E-05 9.99461E-05 0.0219877 9.99461E-05 9.99461E-05
9.99459E-05 0.846844 9.99459E-05 9.99459E-05 9.99459E-05 0.00505103 9.99459E-05 0.147505 9.99459E-05
0.605179 0.187048 9.99461E-05 9.99461E-05 9.99461E-05 9.99461E-05 9.99461E-05 9.99461E-05 0.207173
9.99371E-05 9.99371E-05 9.99371E-05 9.99371E-05 9.99371E-05 0.0400006 9.99371E-05 0.9593 9.99371E-05
0.135375 9.9946E-05 0.780219 0.0838067 9.9946E-05 9.9946E-05 9.9946E-05 9.9946E-05 9.9946E-05
0.0470393 0.144136 9.9946E-05 9.9946E-05 9.9946E-05 0.808225 9.9946E-05 9.9946E-05 9.9946E-05
9.99459E-05 9.99459E-05 9.99459E-05 0.792953 0.0391464 9.99459E-05 9.99459E-05 0.167301 9.99459E-05
0.0283519 0.25978 9.99551E-05 0.00278888 9.99551E-05 9.99551E-05 9.99551E-05 9.99551E-05 0.708579
9.99371E-05 9.99371E-05 9.99371E-05 9.99371E-05 0.5147 0.4846 9.99371E-05 9.99371E-05 9.99371E-05
9.99371E-05 9.99371E-05 0.368976 0.630324 9.99371E-05 9.99371E-05 9.99371E-05 9.99371E-05 9.99371E-05
9.993E-05 9.993E-05 9.993E-05 0.999201 9.993E-05 9.993E-05 9.993E-05 9.993E-05 9.993E-05
9.99371E-05 0.148238 9.99371E-05 9.99371E-05 9.99371E-05 9.99371E-05 9.99371E-05 9.99371E-05 0.851063
0.0754109 9.99641E-05 0.301774 0.246741 0.237505 9.99641E-05 0.138169 9.99641E-05 9.99641E-05
0.386326 9.99551E-05 9.99551E-05 0.289002 9.99551E-05 9.99551E-05 0.212745 0.111427 9.99551E-05
9.99371E-05 9.99371E-05 0.998554 9.99371E-05 9.99371E-05 0.000746411 9.99371E-05 9.99371E-05 9.99371E-05
0.0764217 9.99461E-05 9.99461E-05 9.99461E-05 0.88115 9.99461E-05 0.0418282 9.99461E-05 9.99461E-05
9.99371E-05 9.99371E-05 9.99371E-05 9.99371E-05 9.99371E-05 9.99371E-05 9.99371E-05 0.0956623 0.903638
9.9955E-05 9.9955E-05 0.0995346 0.350157 0.295775 0.254033 9.9955E-05 9.9955E-05 9.9955E-05
9.99371E-05 0.0495048 9.99371E-05 9.99371E-05 9.99371E-05 0.949796 9.99371E-05 9.99371E-05 9.99371E-05
9.99462E-05 9.99462E-05 0.100164 9.99462E-05 0.849669 9.99462E-05 9.99462E-05 0.0495674 9.99462E-05
9.9973E-05 0.0342858 0.0878388 9.9973E-05 0.692987 0.0434504 0.0915765 0.0495611 9.9973E-05
9.99641E-05 9.99641E-05 9.99641E-05 0.00390704 0.500826 0.200023 0.0465891 9.99641E-05 0.248255
9.99461E-05 9.99461E-05 0.303116 9.99461E-05 0.655842 9.99461E-05 9.99461E-05 9.99461E-05 0.0404426
9.99371E-05 9.99371E-05 9.99371E-05 9.99371E-05 0.171405 9.99371E-05 9.99371E-05 0.827895 9.99371E-05
0.988425 9.99461E-05 9.99461E-05 9.99461E-05 9.99461E-05 0.0061715 9.99461E-05 0.00480428 9.99461E-05
9.99461E-05 0.00673766 0.885973 9.99461E-05 0.106689 9.99461E-05 9.99461E-05 9.99461E-05 9.99461E-05
9.993E-05 9.993E-05 9.993E-05 9.993E-05 9.993E-05 9.993E-05 9.993E-05 0.999201 9.993E-05
9.993E-05 9.993E-05 9.993E-05 9.993E-05 9.993E-05 9.993E-05 0.999201 9.993E-05 9.993E-05
9.993E-05 0.999201 9.993E-05 9.993E-05 9.993E-05 9.993E-05 9.993E-05 9.993E-05 9.993E-05
9.995E-05 9.995E-05 9.995E-05 9.995E-05 9.995E-05 0.524012 0.0530972 0.0521005 0.37029
0.364082 9.99461E-05 9.99461E-05 0.617829 9.99461E-05 9.99461E-05 9.99461E-05 9.99461E-05 0.017489
0.999201 9.993E-05 9.993E-05 9.993E-05 9.993E-05 9.993E-05 9.993E-05 9.993E-05 9.993E-05
9.9946E-05 9.9946E-05 0.214992 0.774371 9.9946E-05 9.9946E-05 9.9946E-05 0.0100375 9.9946E-05
0.0919246 9.99371E-05 9.99371E-05 9.99371E-05 9.99371E-05 0.907376 9.99371E-05 9.99371E-05 9.99371E-05
9.9946E-05 9.9946E-05 9.9946E-05 9.9946E-05 9.9946E-05 9.9946E-05 0.0271771 0.586586 0.385637
9.99371E-05 9.99371E-05 9.99371E-05 9.99371E-05 0.987639 0.0116616 9.99371E-05 9.99371E-05 9.99371E-05
9.9964E-05 0.0525076 9.9964E-05 9.9964E-05 0.199049 0.688333 0.0595601 0.000149749 9.9964E-05
0.0145326 0.00507357 9.9973E-05 0.0411186 0.00325236 0.924795 0.0109283 9.9973E-05 9.9973E-05
9.99551E-05 0.0492583 9.99551E-05 0.769669 9.99551E-05 0.0767568 9.99551E-05 9.99551E-05 0.103816
9.99461E-05 9.99461E-05 0.0434025 9.99461E-05 9.99461E-05 0.682328 9.99461E-05 0.27367 9.99461E-05
9.99459E-05 9.99459E-05 9.99459E-05 9.99459E-05 9.99459E-05 0.456172 0.126225 9.99459E-05 0.417003
9.99371E-05 9.99371E-05 9.99371E-05 9.99371E-05 9.99371E-05 9.99371E-05 0.020874 9.99371E-05 0.978426
9.99372E-05 9.99372E-05 0.362585 9.99372E-05 0.636715 9.99372E-05 9.99372E-05 9.99372E-05 9.99372E-05
0.997169 9.99371E-05 9.99371E-05 9.99371E-05 0.00213157 9.99371E-05 9.99371E-05 9.99371E-05 9.99371E-05
9.99372E-05 9.99372E-05 0.923471 9.99372E-05 9.99372E-05 9.99372E-05 0.0758299 9.99372E-05 9.99372E-05
9.99372E-05 9.99372E-05 9.99372E-05 9.99372E-05 0.0418926 9.99372E-05 9.99372E-05 9.99372E-05 0.957408
9.99551E-05 0.0411553 9.99551E-05 9.99551E-05 0.805958 0.140403 0.0119838 9.99551E-05 9.99551E-05
9.99463E-05 9.99463E-05 0.0266228 9.99463E-05 0.0530039 0.919774 9.99463E-05 9.99463E-05 9.99463E-05
9.99552E-05 0.0933737 0.784327 9.99552E-05 0.0213709 9.99552E-05 9.99552E-05 0.100429 9.99552E-05
9.99551E-05 9.99551E-05 9.99551E-05 0.0256984 0.717278 0.207181 9.99551E-05 0.0493424 9.99551E-05
