9.99382E-05 9.99382E-05 9.99382E-05 0.280674 9.99382E-05 9.99382E-05 9.99382E-05 0.395146 9.99382E-05 0.323481
0.0160901 9.99473E-05 9.99473E-05 0.797156 9.99473E-05 9.99473E-05 0.144417 9.99473E-05 9.99473E-05 0.0417377
9.99473E-05 0.240609 9.99473E-05 9.99473E-05 9.99473E-05 0.710152 0.040662 9.99473E-05 0.00797747 9.99473E-05
0.0647321 0.473692 0.190804 9.99474E-05 9.99474E-05 9.99474E-05 9.99474E-05 9.99474E-05 0.270172 9.99474E-05
0.242309 9.99475E-05 9.99475E-05 0.317485 9.99475E-05 0.386703 9.99475E-05 9.99475E-05 9.99475E-05 0.0529032
0.135325 0.0937311 9.99472E-05 0.660204 9.99472E-05 9.99472E-05 0.11014 9.99472E-05 9.99472E-05 9.99472E-05
9.99303E-05 9.99303E-05 9.99303E-05 9.99303E-05 9.99303E-05 0.540706 0.458495 9.99303E-05 9.99303E-05 9.99303E-05
0.0402621 9.99384E-05 0.825471 9.99384E-05 9.99384E-05 9.99384E-05 0.133567 9.99384E-05 9.99384E-05 9.99384E-05
0.486667 0.0890125 0.173302 9.99471E-05 9.99471E-05 9.99471E-05 9.99471E-05 9.99471E-05 9.99471E-05 0.250419
9.99296E-05 9.99296E-05 9.99296E-05 9.99296E-05 9.99296E-05 9.99296E-05 0.842225 9.99296E-05 9.99296E-05 0.156975
0.0300327 9.99735E-05 0.10796 0.25196 0.251089 0.017786 9.99735E-05 0.108072 9.99735E-05 0.232802
0.122266 0.246909 9.99647E-05 9.99647E-05 9.99647E-05 0.134077 0.38658 0.0197681 0.0900005 9.99647E-05
0.110216 0.443493 0.0263574 9.9956E-05 9.9956E-05 9.9956E-05 0.0685138 9.9956E-05 9.9956E-05 0.35092
9.99384E-05 9.99384E-05 9.99384E-05 0.597921 9.99384E-05 0.2297 9.99384E-05 0.171679 9.99384E-05 9.99384E-05
9.99648E-05 9.99648E-05 0.0224931 0.193011 9.99648E-05 0.140967 0.0184787 9.99648E-05 0.45748 0.16717
0.520892 9.9939E-05 9.9939E-05 9.9939E-05 9.9939E-05 0.252461 9.9939E-05 9.9939E-05 0.225948 9.9939E-05
9.99382E-05 9.99382E-05 9.99382E-05 0.137892 0.243222 9.99382E-05 9.99382E-05 9.99382E-05 0.618186 9.99382E-05
9.99299E-05 0.453577 9.99299E-05 9.99299E-05 9.99299E-05 9.99299E-05 0.545623 9.99299E-05 9.99299E-05 9.99299E-05
0.0419333 9.99561E-05 9.99561E-05 0.32502 0.273144 9.99561E-05 0.200429 0.158974 9.99561E-05 9.99561E-05
9.99208E-05 9.99208E-05 9.99208E-05 9.99208E-05 9.99208E-05 9.99208E-05 9.99208E-05 9.99208E-05 9.99208E-05 0.999101
0.189006 9.9956E-05 9.9956E-05 0.347853 9.9956E-05 0.245838 9.9956E-05 0.0631961 9.9956E-05 0.153607
0.41826 9.99478E-05 9.99478E-05 9.99478E-05 9.99478E-05 9.99478E-05 9.99478E-05 0.435251 0.141096 0.00479381
9.99563E-05 9.99563E-05 9.99563E-05 9.99563E-05 0.288146 0.158542 0.0887425 0.3479 9.99563E-05 0.11617
0.0326294 9.99561E-05 9.99561E-05 9.99561E-05 9.99561E-05 0.0838639 0.500915 0.0611844 9.99561E-05 0.320907
9.99476E-05 9.99476E-05 9.99476E-05 9.99476E-05 0.286756 0.0775092 9.99476E-05 0.436906 9.99476E-05 0.198229
0.0507808 0.194057 9.99561E-05 0.508481 0.0589706 9.99561E-05 9.99561E-05 9.99561E-05 9.99561E-05 0.187211
0.872635 9.99302E-05 0.126565 9.99302E-05 9.99302E-05 9.99302E-05 9.99302E-05 9.99302E-05 9.99302E-05 9.99302E-05
9.99475E-05 9.99475E-05 9.99475E-05 0.0663797 9.99475E-05 9.99475E-05 0.212571 9.99475E-05 0.0534333 0.667016
9.99472E-05 9.99472E-05 9.99472E-05 0.277748 9.99472E-05 0.548095 9.99472E-05 0.125702 9.99472E-05 0.0478543
9.99383E-05 0.530417 9.99383E-05 0.309981 9.99383E-05 0.158902 9.99383E-05 9.99383E-05 9.99383E-05 9.99383E-05
0.00491749 9.99472E-05 9.99472E-05 0.463516 9.99472E-05 0.264483 9.99472E-05 0.266484 9.99472E-05 9.99472E-05
0.138765 0.143497 0.3826 0.151788 0.0562079 9.99648E-05 9.99648E-05 9.99648E-05 9.99648E-05 0.126743
9.99472E-05 0.285634 0.529607 9.99472E-05 9.99472E-05 9.99472E-05 9.99472E-05 9.99472E-05 0.0021761 0.181983
0.340247 9.99472E-05 9.99472E-05 9.99472E-05 0.134304 0.482701 0.0421483 9.99472E-05 9.99472E-05 9.99472E-05
0.435849 0.0117927 9.99479E-05 9.99479E-05 9.99479E-05 9.99479E-05 0.247074 9.99479E-05 9.99479E-05 0.304685
0.0818564 9.99564E-05 9.99564E-05 0.448649 0.00447573 0.343729 0.12079 9.99564E-05 9.99564E-05 9.99564E-05
0.428356 9.99474E-05 9.99474E-05 0.21895 9.99474E-05 9.99474E-05 9.99474E-05 9.99474E-05 0.00578582 0.346309
0.5187 9.99383E-05 9.99383E-05 0.070868 9.99383E-05 0.409733 9.99383E-05 9.99383E-05 9.99383E-05 9.99383E-05
9.99386E-05 0.00849967 9.99386E-05 0.633038 9.99386E-05 9.99386E-05 9.99386E-05 9.99386E-05 9.99386E-05 0.357762
9.99473E-05 0.36749 0.310467 9.99473E-05 0.0845648 9.99473E-05 9.99473E-05 0.236878 9.99473E-05 9.99473E-05
0.280461 9.99294E-05 9.99294E-05 9.99294E-05 9.99294E-05 9.99294E-05 9.99294E-05 9.99294E-05 9.99294E-05 0.71874
0.0101278 0.339448 9.99646E-05 0.20731 9.99646E-05 0.15606 9.99646E-05 0.0689838 0.21767 9.99646E-05
0.250486 0.129772 9.99648E-05 0.0538946 9.99648E-05 0.148394 9.99648E-05 0.039359 9.99648E-05 0.377694
0.607832 9.99384E-05 9.99384E-05 9.99384E-05 0.34701 9.99384E-05 9.99384E-05 9.99384E-05 9.99384E-05 0.044458
0.0746635 0.00258083 0.16684 9.99559E-05 9.99559E-05 0.37404 0.381376 9.99559E-05 9.99559E-05 9.99559E-05
9.99204E-05 9.99204E-05 9.99204E-05 9.99204E-05 9.99204E-05 9.99204E-05 9.99204E-05 9.99204E-05 9.99204E-05 0.999101
9.99296E-05 9.99296E-05 9.99296E-05 0.266831 9.99296E-05 0.732369 9.99296E-05 9.99296E-05 9.99296E-05 9.99296E-05
0.254462 9.9956E-05 9.9956E-05 0.0195327 9.9956E-05 0.350513 0.34295 9.9956E-05 9.9956E-05 0.0320425
9.99383E-05 9.99383E-05 9.99383E-05 9.99383E-05 9.99383E-05 0.748654 0.178767 9.99383E-05 0.0718793 9.99383E-05
0.474858 9.99476E-05 9.99476E-05 0.00812134 0.220666 9.99476E-05 0.295755 9.99476E-05 9.99476E-05 9.99476E-05
0.0986619 9.99736E-05 9.99736E-05 0.0158204 0.160207 0.0615108 0.0358323 9.99736E-05 0.190589 0.437078
0.0404142 0.435144 9.9956E-05 9.9956E-05 9.9956E-05 9.9956E-05 0.0313367 9.9956E-05 0.299991 0.192614
9.99298E-05 9.99298E-05 9.99298E-05 9.99298E-05 9.99298E-05 0.280117 9.99298E-05 9.99298E-05 9.99298E-05 0.719084
0.0532951 9.99646E-05 9.99646E-05 0.190518 0.119928 0.356879 9.99646E-05 0.0762783 9.99646E-05 0.202701
0.1835 0.196453 9.99646E-05 0.16622 9.99646E-05 0.334811 0.0291035 9.99646E-05 9.99646E-05 0.0895112
9.99385E-05 9.99385E-05 9.99385E-05 9.99385E-05 0.142496 0.659018 9.99385E-05 0.197787 9.99385E-05 9.99385E-05
9.99652E-05 0.0801075 9.99652E-05 0.527479 9.99652E-05 0.323812 9.99652E-05 0.0128858 0.0148565 0.0404594
0.108618 9.99385E-05 0.48927 0.401413 9.99385E-05 9.99385E-05 9.99385E-05 9.99385E-05 9.99385E-05 9.99385E-05
0.0646865 9.99469E-05 9.99469E-05 0.19721 9.99469E-05 0.279298 9.99469E-05 9.99469E-05 9.99469E-05 0.458206
0.318592 9.9956E-05 0.0923371 9.9956E-05 0.216751 0.162674 0.209146 9.9956E-05 9.9956E-05 9.9956E-05
9.99389E-05 0.421265 9.99389E-05 9.99389E-05 0.49312 9.99389E-05 9.99389E-05 0.0849148 9.99389E-05 9.99389E-05
0.0398107 9.9947E-05 9.9947E-05 0.373518 9.9947E-05 9.9947E-05 9.9947E-05 9.9947E-05 0.0298219 0.55625
0.561998 9.99473E-05 9.99473E-05 0.0764884 0.144519 0.216395 9.99473E-05 9.99473E-05 9.99473E-05 9.99473E-05
9.9956E-05 9.9956E-05 9.9956E-05 0.247265 0.54884 0.0235717 0.115323 0.0645014 9.9956E-05 9.9956E-05
9.99476E-05 0.459335 9.99476E-05 9.99476E-05 0.0849354 9.99476E-05 0.0775907 9.99476E-05 9.99476E-05 0.377539
0.688609 9.99469E-05 0.0493909 9.99469E-05 0.0280034 9.99469E-05 9.99469E-05 9.99469E-05 9.99469E-05 0.233397
0.801454 9.99299E-05 9.99299E-05 9.99299E-05 0.197746 9.99299E-05 9.99299E-05 9.99299E-05 9.99299E-05 9.99299E-05
9.99472E-05 9.99472E-05 0.0236259 9.99472E-05 0.208936 9.99472E-05 9.99472E-05 0.552615 0.214223 9.99472E-05
9.99382E-05 9.99382E-05 9.99382E-05 9.99382E-05 0.577448 9.99382E-05 9.99382E-05 9.99382E-05 0.387847 0.0340058
9.99214E-05 9.99214E-05 9.99214E-05 9.99214E-05 9.99214E-05 9.99214E-05 9.99214E-05 9.99214E-05 0.999101 9.99214E-05
0.261446 0.603433 9.99387E-05 9.99387E-05 9.99387E-05 0.134421 9.99387E-05 9.99387E-05 9.99387E-05 9.99387E-05
0.653069 0.184402 9.99471E-05 9.99471E-05 9.99471E-05 9.99471E-05 9.99471E-05 9.99471E-05 0.0135448 0.148384
0.32014 0.268916 9.99473E-05 9.99473E-05 9.99473E-05 9.99473E-05 9.99473E-05 9.99473E-05 0.16479 0.245554
9.99472E-05 0.249803 0.0695678 0.650281 9.99472E-05 9.99472E-05 0.0297492 9.99472E-05 9.99472E-05 9.99472E-05
9.99382E-05 9.99382E-05 9.99382E-05 9.99382E-05 0.236972 9.99382E-05 9.99382E-05 9.99382E-05 0.103067 0.659261
9.99559E-05 9.99559E-05 0.291253 0.134803 0.230426 9.99559E-05 0.0917728 9.99559E-05 9.99559E-05 0.251246
9.99474E-05 9.99474E-05 9.99474E-05 0.172069 9.99474E-05 0.401894 0.189183 9.99474E-05 9.99474E-05 0.236254
9.99468E-05 9.99468E-05 9.99468E-05 0.201603 9.99468E-05 0.287964 9.99468E-05 0.276408 9.99468E-05 0.233426
0.238035 0.685277 9.99469E-05 9.99469E-05 9.99469E-05 9.99469E-05 9.99469E-05 0.0268416 9.99469E-05 0.0492471
0.281716 9.99474E-05 9.99474E-05 0.0922529 9.99474E-05 0.606737 0.0186943 9.99474E-05 9.99474E-05 9.99474E-05
0.36179 9.99471E-05 0.0710625 0.480022 9.99471E-05 0.0865259 9.99471E-05 9.99471E-05 9.99471E-05 9.99471E-05
9.99474E-05 0.546255 0.00061629 9.99474E-05 9.99474E-05 9.99474E-05 0.280505 9.99474E-05 0.172024 9.99474E-05
0.136009 9.9956E-05 9.9956E-05 0.323259 0.194776 9.9956E-05 0.0502963 0.29516 9.9956E-05 9.9956E-05
9.99384E-05 9.99384E-05 9.99384E-05 9.99384E-05 0.0465025 9.99384E-05 0.8245 9.99384E-05 9.99384E-05 0.128298
9.99383E-05 9.99383E-05 9.99383E-05 9.99383E-05 0.0253757 0.40411 9.99383E-05 9.99383E-05 9.99383E-05 0.569815
9.99473E-05 9.99473E-05 9.99473E-05 0.688831 0.239756 9.99473E-05 0.00385302 9.99473E-05 9.99473E-05 0.0669603
9.99559E-05 9.99559E-05 0.244919 9.99559E-05 9.99559E-05 0.00360007 0.0797521 9.99559E-05 0.313629 0.357601
0.117952 9.99474E-05 9.99474E-05 9.99474E-05 0.0435705 9.99474E-05 9.99474E-05 0.561084 9.99474E-05 0.276794
0.024131 9.99302E-05 9.99302E-05 9.99302E-05 9.99302E-05 9.99302E-05 9.99302E-05 0.97507 9.99302E-05 9.99302E-05
9.99474E-05 0.0282416 0.0147286 9.99474E-05 0.313335 0.643095 9.99474E-05 9.99474E-05 9.99474E-05 9.99474E-05
9.99476E-05 0.188215 9.99476E-05 9.99476E-05 9.99476E-05 0.0809175 0.354943 9.99476E-05 9.99476E-05 0.375324
9.99296E-05 9.99296E-05 9.99296E-05 9.99296E-05 9.99296E-05 0.979868 0.0193329 9.99296E-05 9.99296E-05 9.99296E-05
0.460724 9.99468E-05 9.99468E-05 0.328893 0.042809 9.99468E-05 0.166975 9.99468E-05 9.99468E-05 9.99468E-05
0.499868 9.99472E-05 9.99472E-05 0.436966 9.99472E-05 0.0581469 9.99472E-05 9.99472E-05 9.99472E-05 0.00442013
9.99562E-05 9.99562E-05 0.137195 0.385125 9.99562E-05 0.327984 9.99562E-05 0.061941 0.0872562 9.99562E-05
0.0325868 0.566738 0.136439 0.0279025 9.99646E-05 9.99646E-05 0.0465198 9.99646E-05 9.99646E-05 0.189414
9.99384E-05 9.99384E-05 9.99384E-05 0.216262 9.99384E-05 9.99384E-05 0.217801 9.99384E-05 0.565237 9.99384E-05
9.99646E-05 9.99646E-05 0.282736 0.32073 0.000724835 9.99646E-05 0.210403 0.0523893 9.99646E-05 0.132617
0.493307 9.99299E-05 9.99299E-05 9.99299E-05 9.99299E-05 9.99299E-05 0.505894 9.99299E-05 9.99299E-05 9.99299E-05
0.358049 9.9956E-05 9.9956E-05 9.9956E-05 9.9956E-05 0.207526 0.0697371 9.9956E-05 0.130736 0.233451
9.99737E-05 0.0313337 0.00203418 9.99737E-05 0.139008 0.045527 0.349383 9.99737E-05 0.0387356 0.393678
9.99382E-05 9.99382E-05 0.349049 0.452686 9.99382E-05 9.99382E-05 9.99382E-05 9.99382E-05 0.197565 9.99382E-05
9.9947E-05 0.580545 9.9947E-05 0.297822 0.0938892 0.0271436 9.9947E-05 9.9947E-05 9.9947E-05 9.9947E-05
9.99384E-05 9.99384E-05 9.99384E-05 9.99384E-05 0.134344 0.482449 9.99384E-05 0.382507 9.99384E-05 9.99384E-05
0.236512 9.99735E-05 9.99735E-05 0.138852 0.0379389 0.232659 0.183722 0.160951 9.99735E-05 0.00906457
0.110428 9.99472E-05 0.246413 9.99472E-05 9.99472E-05 0.602244 9.99472E-05 0.040316 9.99472E-05 9.99472E-05
0.526865 9.99477E-05 9.99477E-05 0.0498591 9.99477E-05 9.99477E-05 0.0058977 9.99477E-05 9.99477E-05 0.416779
9.99385E-05 9.99385E-05 0.230232 9.99385E-05 9.99385E-05 0.553871 9.99385E-05 0.215198 9.99385E-05 9.99385E-05
9.99471E-05 9.99471E-05 0.0409658 9.99471E-05 9.99471E-05 0.216338 0.295065 9.99471E-05 9.99471E-05 0.447031
9.99387E-05 9.99387E-05 9.99387E-05 0.0486035 9.99387E-05 0.800592 9.99387E-05 0.150105 9.99387E-05 9.99387E-05
9.99476E-05 0.392882 9.99476E-05 0.524423 0.0125343 0.0695617 9.99476E-05 9.99476E-05 9.99476E-05 9.99476E-05
0.174312 0.496245 0.0787515 9.99472E-05 9.99472E-05 9.99472E-05 9.99472E-05 9.99472E-05 9.99472E-05 0.250091
0.0548779 9.99385E-05 9.99385E-05 9.99385E-05 0.578315 9.99385E-05 9.99385E-05 9.99385E-05 9.99385E-05 0.366108
9.99471E-05 0.220505 9.99471E-05 9.99471E-05 0.108742 0.632096 9.99471E-05 9.99471E-05 9.99471E-05 0.0380573
9.99737E-05 0.0567505 0.030291 0.0958835 0.0634945 0.0858364 9.99737E-05 0.534213 9.99737E-05 0.133231
9.99382E-05 0.44398 0.0918546 0.463466 9.99382E-05 9.99382E-05 9.99382E-05 9.99382E-05 9.99382E-05 9.99382E-05
9.99473E-05 9.99473E-05 9.99473E-05 0.537908 0.0078382 0.330315 0.123339 9.99473E-05 9.99473E-05 9.99473E-05
9.99389E-05 0.377733 9.99389E-05 9.99389E-05 9.99389E-05 9.99389E-05 9.99389E-05 0.0544807 0.567087 9.99389E-05
9.99214E-05 0.999101 9.99214E-05 9.99214E-05 9.99214E-05 9.99214E-05 9.99214E-05 9.99214E-05 9.99214E-05 9.99214E-05
0.200648 0.00312143 9.99559E-05 9.99559E-05 0.176828 9.99559E-05 0.185783 9.99559E-05 9.99559E-05 0.43312
0.189182 9.99381E-05 9.99381E-05 9.99381E-05 9.99381E-05 0.36097 9.99381E-05 9.99381E-05 9.99381E-05 0.449149
0.088301 0.0380083 9.99561E-05 9.99561E-05 9.99561E-05 0.265396 9.99561E-05 9.99561E-05 0.254134 0.35366
9.99558E-05 0.0423749 9.99558E-05 0.221908 9.99558E-05 9.99558E-05 0.190836 0.393664 9.99558E-05 0.150717
9.99475E-05 0.086332 0.623227 9.99475E-05 0.194819 0.095022 9.99475E-05 9.99475E-05 9.99475E-05 9.99475E-05
0.137465 9.99469E-05 9.99469E-05 0.317306 9.99469E-05 0.465117 9.99469E-05 0.0795123 9.99469E-05 9.99469E-05
0.0853653 9.99473E-05 0.05298 9.99473E-05 9.99473E-05 0.0238469 0.837208 9.99473E-05 9.99473E-05 9.99473E-05
9.99473E-05 9.99473E-05 0.131894 9.99473E-05 9.99473E-05 0.171532 9.99473E-05 9.99473E-05 0.331471 0.364504
9.99475E-05 9.99475E-05 0.169814 0.597725 9.99475E-05 9.99475E-05 0.0144492 9.99475E-05 9.99475E-05 0.217411
9.99472E-05 0.271463 9.99472E-05 9.99472E-05 9.99472E-05 0.150345 0.562339 9.99472E-05 9.99472E-05 0.0152537
9.99561E-05 0.0704111 9.99561E-05 0.23742 9.99561E-05 0.511575 0.0383517 9.99561E-05 9.99561E-05 0.141742
9.99561E-05 0.115353 9.99561E-05 0.237092 9.99561E-05 0.42174 0.184224 9.99561E-05 9.99561E-05 0.0410902
9.99736E-05 0.107664 9.99736E-05 0.24024 0.226228 0.163277 0.0617346 0.00648843 9.99736E-05 0.194068
0.0292341 9.99473E-05 0.135739 9.99473E-05 0.022883 9.99473E-05 0.811544 9.99473E-05 9.99473E-05 9.99473E-05
0.0568387 0.325841 9.99472E-05 9.99472E-05 9.99472E-05 0.473448 9.99472E-05 9.99472E-05 9.99472E-05 0.143273
0.0625641 9.99388E-05 9.99388E-05 9.99388E-05 9.99388E-05 0.604807 9.99388E-05 9.99388E-05 9.99388E-05 0.331929
9.99559E-05 9.99559E-05 9.99559E-05 0.0351711 9.99559E-05 0.480608 9.99559E-05 0.182756 0.0121607 0.288804
0.592582 9.99296E-05 9.99296E-05 9.99296E-05 9.99296E-05 9.99296E-05 9.99296E-05 0.406618 9.99296E-05 9.99296E-05
9.99386E-05 0.458145 0.246815 9.99386E-05 9.99386E-05 9.99386E-05 0.29434 9.99386E-05 9.99386E-05 9.99386E-05
9.99472E-05 9.99472E-05 9.99472E-05 9.99472E-05 9.99472E-05 0.296677 9.99472E-05 0.013853 0.568949 0.119921
9.99474E-05 9.99474E-05 0.0378683 0.20688 9.99474E-05 0.562255 0.192397 9.99474E-05 9.99474E-05 9.99474E-05
9.99386E-05 9.99386E-05 0.473331 0.000165152 9.99386E-05 9.99386E-05 9.99386E-05 9.99386E-05 9.99386E-05 0.525804
9.9956E-05 0.273535 0.194055 0.034362 9.9956E-05 0.0911309 9.9956E-05 9.9956E-05 9.9956E-05 0.406418
9.99383E-05 0.418975 9.99383E-05 9.99383E-05 0.417102 9.99383E-05 9.99383E-05 9.99383E-05 9.99383E-05 0.163223
0.0409051 9.99391E-05 9.99391E-05 9.99391E-05 0.0354406 9.99391E-05 9.99391E-05 9.99391E-05 9.99391E-05 0.922955
9.99383E-05 9.99383E-05 0.0831644 9.99383E-05 9.99383E-05 0.614458 9.99383E-05 9.99383E-05 9.99383E-05 0.301678
0.642848 9.99559E-05 0.0762327 9.99559E-05 0.123106 9.99559E-05 0.0601073 9.99559E-05 0.0972068 9.99559E-05
9.99476E-05 9.99476E-05 9.99476E-05 9.99476E-05 9.99476E-05 0.426303 9.99476E-05 0.264845 0.0145269 0.293726
0.152493 0.57054 9.99386E-05 0.276267 9.99386E-05 9.99386E-05 9.99386E-05 9.99386E-05 9.99386E-05 9.99386E-05
0.221362 0.475882 0.278385 9.99471E-05 9.99471E-05 9.99471E-05 0.0237716 9.99471E-05 9.99471E-05 9.99471E-05
0.340507 9.99471E-05 0.222566 9.99471E-05 9.99471E-05 0.187209 9.99471E-05 9.99471E-05 9.99471E-05 0.249118
0.0711448 0.540423 0.18016 0.0315214 9.99735E-05 9.99735E-05 0.122033 0.0092816 9.99735E-05 0.0451355
0.060097 0.0565395 9.99477E-05 0.507466 0.375297 9.99477E-05 9.99477E-05 9.99477E-05 9.99477E-05 9.99477E-05
0.24895 9.99559E-05 9.99559E-05 0.0258208 0.502047 0.0798516 0.14283 9.99559E-05 9.99559E-05 9.99559E-05
0.131852 0.247042 9.99559E-05 0.0106556 9.99559E-05 9.99559E-05 0.392585 9.99559E-05 9.99559E-05 0.217366
0.157887 9.99646E-05 0.0539217 0.107308 9.99646E-05 0.404507 9.99646E-05 9.99646E-05 0.049406 0.226571
0.442447 9.99474E-05 9.99474E-05 0.101019 9.99474E-05 9.99474E-05 9.99474E-05 0.153448 9.99474E-05 0.302486
9.99559E-05 0.0977354 9.99559E-05 0.107849 0.0987761 9.99559E-05 0.274821 9.99559E-05 9.99559E-05 0.420319
0.0875595 0.277931 9.9956E-05 0.106743 9.9956E-05 0.476886 9.9956E-05 9.9956E-05 9.9956E-05 0.0503803
0.0637208 0.515931 9.99384E-05 9.99384E-05 9.99384E-05 0.419649 9.99384E-05 9.99384E-05 9.99384E-05 9.99384E-05
0.0271331 9.99561E-05 9.99561E-05 9.99561E-05 0.126918 9.99561E-05 0.503128 0.314596 0.0277248 9.99561E-05
9.99388E-05 9.99388E-05 9.99388E-05 9.99388E-05 0.621472 9.99388E-05 0.193385 9.99388E-05 0.184443 9.99388E-05
9.99474E-05 0.304666 9.99474E-05 0.253937 0.0419001 9.99474E-05 9.99474E-05 9.99474E-05 9.99474E-05 0.398897
0.030927 0.156286 0.0183811 9.99648E-05 9.99648E-05 9.99648E-05 0.125456 9.99648E-05 0.365153 0.303397
9.99382E-05 9.99382E-05 0.230114 9.99382E-05 9.99382E-05 9.99382E-05 0.581167 0.18802 9.99382E-05 9.99382E-05
0.159495 0.230583 9.99468E-05 9.99468E-05 0.487164 9.99468E-05 0.122159 9.99468E-05 9.99468E-05 9.99468E-05
9.99473E-05 0.478336 9.99473E-05 9.99473E-05 0.169918 0.289887 9.99473E-05 9.99473E-05 9.99473E-05 0.0612595
9.99472E-05 0.0111392 0.288026 9.99472E-05 9.99472E-05 0.0523174 9.99472E-05 9.99472E-05 9.99472E-05 0.647918
9.99211E-05 9.99211E-05 9.99211E-05 9.99211E-05 9.99211E-05 0.999101 9.99211E-05 9.99211E-05 9.99211E-05 9.99211E-05
9.99475E-05 9.99475E-05 0.0511405 0.156147 0.0488698 0.743243 9.99475E-05 9.99475E-05 9.99475E-05 9.99475E-05
0.271529 9.99383E-05 9.99383E-05 9.99383E-05 9.99383E-05 0.334262 0.39351 9.99383E-05 9.99383E-05 9.99383E-05
9.99383E-05 9.99383E-05 9.99383E-05 0.424145 9.99383E-05 0.182211 9.99383E-05 9.99383E-05 9.99383E-05 0.392944
9.99472E-05 0.352772 9.99472E-05 0.576689 9.99472E-05 9.99472E-05 0.058651 9.99472E-05 0.0112882 9.99472E-05
0.0353804 0.441699 9.99558E-05 9.99558E-05 9.99558E-05 0.373425 0.0197044 9.99558E-05 9.99558E-05 0.129292
9.99296E-05 9.99296E-05 9.99296E-05 9.99296E-05 9.99296E-05 0.316435 0.682766 9.99296E-05 9.99296E-05 9.99296E-05
9.99651E-05 9.99651E-05 0.0118147 0.100702 0.055994 9.99651E-05 0.00989904 0.0671511 9.99651E-05 0.754039
0.0115415 0.014799 0.0688982 9.99735E-05 9.99735E-05 0.227077 0.283886 0.264913 9.99735E-05 0.128585
0.419995 9.99561E-05 9.99561E-05 9.99561E-05 9.99561E-05 0.227136 9.99561E-05 0.241686 0.0747511 0.0359324
9.99382E-05 9.99382E-05 9.99382E-05 9.99382E-05 9.99382E-05 9.99382E-05 0.121088 0.79136 9.99382E-05 0.0868518
9.99383E-05 9.99383E-05 9.99383E-05 0.295597 9.99383E-05 9.99383E-05 0.166803 9.99383E-05 9.99383E-05 0.5369
0.215259 9.99563E-05 9.99563E-05 9.99563E-05 9.99563E-05 0.573237 0.0943313 0.029666 9.99563E-05 0.0870069
0.473837 9.99561E-05 9.99561E-05 0.227986 9.99561E-05 0.0849242 9.99561E-05 0.199974 0.0127785 9.99561E-05
9.99298E-05 9.99298E-05 0.3478 9.99298E-05 9.99298E-05 9.99298E-05 9.99298E-05 9.99298E-05 9.99298E-05 0.651401
0.177109 9.9947E-05 0.0280741 9.9947E-05 0.325849 0.468368 9.9947E-05 9.9947E-05 9.9947E-05 9.9947E-05
9.99383E-05 0.0011955 9.99383E-05 9.99383E-05 9.99383E-05 0.988338 9.99383E-05 9.99383E-05 9.99383E-05 0.00976687
9.9947E-05 0.010616 9.9947E-05 0.229908 9.9947E-05 0.48564 9.9947E-05 9.9947E-05 9.9947E-05 0.273236
0.215039 9.99472E-05 9.99472E-05 0.267855 0.489174 9.99472E-05 9.99472E-05 9.99472E-05 9.99472E-05 0.027332
9.9947E-05 9.9947E-05 9.9947E-05 0.242981 9.9947E-05 0.346733 9.9947E-05 0.0171833 9.9947E-05 0.392503
9.99559E-05 0.380236 9.99559E-05 0.00864573 0.147201 0.277918 0.185499 9.99559E-05 9.99559E-05 9.99559E-05
0.138426 0.0190089 9.9956E-05 9.9956E-05 9.9956E-05 0.208771 0.295833 9.9956E-05 0.337462 9.9956E-05
0.0303051 9.9947E-05 9.9947E-05 9.9947E-05 9.9947E-05 9.9947E-05 0.204755 0.693199 9.9947E-05 0.0711413
0.0588212 0.363065 9.99476E-05 9.99476E-05 9.99476E-05 9.99476E-05 9.99476E-05 0.284876 9.99476E-05 0.292638
9.99389E-05 9.99389E-05 9.99389E-05 0.302661 0.113318 9.99389E-05 9.99389E-05 9.99389E-05 9.99389E-05 0.583322
0.219373 0.401779 9.99564E-05 0.0138559 9.99564E-05 9.99564E-05 0.0290175 9.99564E-05 9.99564E-05 0.335475
9.99385E-05 9.99385E-05 9.99385E-05 0.188802 0.0224939 9.99385E-05 0.788005 9.99385E-05 9.99385E-05 9.99385E-05
9.99385E-05 0.333189 0.0110167 9.99385E-05 9.99385E-05 0.655094 9.99385E-05 9.99385E-05 9.99385E-05 9.99385E-05
0.278955 9.99558E-05 9.99558E-05 0.132725 0.383185 9.99558E-05 9.99558E-05 0.0567934 0.147841 9.99558E-05
9.99471E-05 0.814897 9.99471E-05 0.00726709 0.0183366 9.99471E-05 9.99471E-05 0.1589 9.99471E-05 9.99471E-05
9.99299E-05 9.99299E-05 9.99299E-05 9.99299E-05 0.932807 0.0663933 9.99299E-05 9.99299E-05 9.99299E-05 9.99299E-05
9.99475E-05 0.335681 9.99475E-05 9.99475E-05 9.99475E-05 0.108893 0.140193 9.99475E-05 9.99475E-05 0.414633
9.99297E-05 9.99297E-05 9.99297E-05 0.180124 0.819076 9.99297E-05 9.99297E-05 9.99297E-05 9.99297E-05 9.99297E-05
9.99472E-05 0.375147 9.99472E-05 0.263362 9.99472E-05 9.99472E-05 9.99472E-05 9.99472E-05 0.00418752 0.356704
0.226314 9.99648E-05 0.0246102 9.99648E-05 0.0256478 0.0984424 9.99648E-05 0.358121 9.99648E-05 0.266465
0.069901 0.0800551 0.19539 0.226042 9.99737E-05 9.99737E-05 0.143693 0.0164307 0.268188 9.99737E-05
9.99558E-05 0.0867376 0.0320257 0.267226 9.99558E-05 0.594701 9.99558E-05 9.99558E-05 9.99558E-05 0.0188099
0.300471 0.212236 9.99469E-05 0.174994 9.99469E-05 9.99469E-05 9.99469E-05 9.99469E-05 9.99469E-05 0.311699
9.99393E-05 0.504155 9.99393E-05 9.99393E-05 0.365917 0.129228 9.99393E-05 9.99393E-05 9.99393E-05 9.99393E-05
0.173451 9.99562E-05 0.0314742 0.101674 9.99562E-05 0.0325073 9.99562E-05 9.99562E-05 9.99562E-05 0.660394
0.0403481 9.99472E-05 9.99472E-05 0.367677 0.296245 0.29513 9.99472E-05 9.99472E-05 9.99472E-05 9.99472E-05
0.332149 0.295216 9.9947E-05 9.9947E-05 0.352136 9.9947E-05 9.9947E-05 0.0198992 9.9947E-05 9.9947E-05
9.99471E-05 0.00826292 9.99471E-05 9.99471E-05 0.463973 0.429476 9.99471E-05 0.0976886 9.99471E-05 9.99471E-05
9.99559E-05 9.99559E-05 0.162928 9.99559E-05 0.140893 0.276856 0.212815 9.99559E-05 0.206009 9.99559E-05
0.123276 9.9939E-05 9.9939E-05 9.9939E-05 9.9939E-05 9.9939E-05 0.61346 9.9939E-05 9.9939E-05 0.262564
0.364217 0.406996 9.99472E-05 0.0689041 9.99472E-05 9.99472E-05 9.99472E-05 9.99472E-05 9.99472E-05 0.159283
9.99472E-05 0.280526 9.99472E-05 0.260166 9.99472E-05 0.323675 9.99472E-05 9.99472E-05 0.135034 9.99472E-05
0.039319 0.0276199 0.0460204 9.99558E-05 0.83437 9.99558E-05 9.99558E-05 9.99558E-05 9.99558E-05 0.0521714
9.99564E-05 0.254132 9.99564E-05 0.211889 9.99564E-05 0.118306 9.99564E-05 0.148232 9.99564E-05 0.266941
9.99386E-05 0.628685 9.99386E-05 9.99386E-05 0.0199827 9.99386E-05 9.99386E-05 9.99386E-05 9.99386E-05 0.350633
0.576079 0.0965329 9.99472E-05 9.99472E-05 9.99472E-05 0.315078 9.99472E-05 9.99472E-05 0.0117103 9.99472E-05
0.814552 9.99382E-05 9.99382E-05 9.99382E-05 9.99382E-05 9.99382E-05 0.105116 9.99382E-05 0.0796323 9.99382E-05
0.795481 9.99298E-05 9.99298E-05 9.99298E-05 9.99298E-05 9.99298E-05 9.99298E-05 9.99298E-05 9.99298E-05 0.203719
9.99383E-05 9.99383E-05 9.99383E-05 9.99383E-05 0.581462 9.99383E-05 0.384334 9.99383E-05 9.99383E-05 0.0335048
9.99296E-05 9.99296E-05 9.99296E-05 9.99296E-05 9.99296E-05 0.248264 9.99296E-05 9.99296E-05 9.99296E-05 0.750936
9.9947E-05 0.302617 9.9947E-05 9.9947E-05 0.478072 9.9947E-05 9.9947E-05 9.9947E-05 0.0685519 0.150159
9.99479E-05 9.99479E-05 9.99479E-05 0.324088 9.99479E-05 0.00134187 9.99479E-05 0.0622134 9.99479E-05 0.611757
9.99558E-05 9.99558E-05 0.24494 9.99558E-05 9.99558E-05 9.99558E-05 0.210079 0.200922 0.152435 0.191124
0.109562 0.316563 9.99647E-05 0.124462 9.99647E-05 9.99647E-05 0.164389 0.213795 9.99647E-05 0.0708296
0.175695 9.9956E-05 9.9956E-05 9.9956E-05 0.261873 0.363104 9.9956E-05 9.9956E-05 0.00946361 0.189365
9.993E-05 9.993E-05 0.59319 9.993E-05 9.993E-05 9.993E-05 9.993E-05 9.993E-05 9.993E-05 0.40601
0.519695 0.095843 9.99473E-05 9.99473E-05 0.0299343 9.99473E-05 9.99473E-05 0.353928 9.99473E-05 9.99473E-05
0.063302 0.0920946 9.99562E-05 9.99562E-05 0.0222051 9.99562E-05 9.99562E-05 9.99562E-05 0.211812 0.610087
9.99209E-05 9.99209E-05 9.99209E-05 9.99209E-05 9.99209E-05 9.99209E-05 0.999101 9.99209E-05 9.99209E-05 9.99209E-05
0.319389 9.99648E-05 9.99648E-05 0.148696 0.144042 0.0272953 0.266797 9.99648E-05 9.99648E-05 0.0933809
0.0785527 9.99649E-05 9.99649E-05 0.0605907 0.118725 0.00103492 9.99649E-05 0.083698 9.99649E-05 0.656999
0.392383 0.0993524 0.00746194 0.198791 9.995E-05 0.301511 9.995E-05 9.995E-05 9.995E-05 9.995E-05
0.206308 0.0925496 0.426485 9.99557E-05 0.2282 0.0459572 9.99557E-05 9.99557E-05 9.99557E-05 9.99557E-05
9.9947E-05 0.377855 9.9947E-05 9.9947E-05 0.129305 0.0658823 9.9947E-05 9.9947E-05 9.9947E-05 0.426358
9.99382E-05 9.99382E-05 9.99382E-05 0.13062 9.99382E-05 9.99382E-05 0.176856 0.691824 9.99382E-05 9.99382E-05
0.311371 0.171545 9.99471E-05 9.99471E-05 9.99471E-05 9.99471E-05 0.142265 9.99471E-05 0.374219 9.99471E-05
9.9939E-05 9.9939E-05 0.23033 9.9939E-05 0.518428 0.250543 9.9939E-05 9.9939E-05 9.9939E-05 9.9939E-05
0.0504698 9.99472E-05 0.0820925 9.99472E-05 9.99472E-05 0.657671 0.209167 9.99472E-05 9.99472E-05 9.99472E-05
0.40192 9.99384E-05 9.99384E-05 9.99384E-05 9.99384E-05 0.378371 0.219009 9.99384E-05 9.99384E-05 9.99384E-05
0.133284 9.99472E-05 9.99472E-05 0.0591834 9.99472E-05 0.301503 9.99472E-05 9.99472E-05 9.99472E-05 0.50543
9.99471E-05 0.315953 9.99471E-05 0.199335 0.161323 0.322789 9.99471E-05 9.99471E-05 9.99471E-05 9.99471E-05
0.179236 9.99385E-05 9.99385E-05 0.744533 9.99385E-05 9.99385E-05 9.99385E-05 0.0755319 9.99385E-05 9.99385E-05
0.485653 9.99298E-05 9.99298E-05 9.99298E-05 9.99298E-05 9.99298E-05 9.99298E-05 9.99298E-05 0.513548 9.99298E-05
0.0555735 9.99381E-05 9.99381E-05 0.0924761 9.99381E-05 9.99381E-05 0.851251 9.99381E-05 9.99381E-05 9.99381E-05
9.99559E-05 0.343117 9.99559E-05 0.130066 0.10545 9.99559E-05 9.99559E-05 0.164206 0.256662 9.99559E-05
9.99474E-05 0.220422 0.102684 0.272463 9.99474E-05 9.99474E-05 9.99474E-05 9.99474E-05 9.99474E-05 0.403832
9.9939E-05 9.9939E-05 9.9939E-05 9.9939E-05 0.607596 0.0488509 9.9939E-05 9.9939E-05 0.342854 9.9939E-05
9.99388E-05 9.99388E-05 9.99388E-05 0.0607593 9.99388E-05 0.842008 9.99388E-05 9.99388E-05 0.0965328 9.99388E-05
9.99559E-05 0.10973 9.99559E-05 9.99559E-05 0.24967 9.99559E-05 9.99559E-05 0.280386 0.354229 0.00548561
9.99472E-05 0.12054 9.99472E-05 0.252941 0.595654 0.0302651 9.99472E-05 9.99472E-05 9.99472E-05 9.99472E-05
0.260746 9.99383E-05 9.99383E-05 9.99383E-05 9.99383E-05 0.14966 9.99383E-05 9.99383E-05 9.99383E-05 0.588894
9.99385E-05 0.467014 9.99385E-05 0.00053675 0.53175 9.99385E-05 9.99385E-05 9.99385E-05 9.99385E-05 9.99385E-05
9.99473E-05 9.99473E-05 9.99473E-05 9.99473E-05 9.99473E-05 9.99473E-05 0.186448 0.139745 0.427345 0.245861
9.9965E-05 9.9965E-05 0.127471 0.0264867 9.9965E-05 0.0437633 0.525401 0.0674076 0.20907 9.9965E-05
9.9938E-05 9.9938E-05 9.9938E-05 9.9938E-05 0.00239456 0.137092 9.9938E-05 9.9938E-05 9.9938E-05 0.859814
9.9956E-05 0.196866 9.9956E-05 0.159542 0.016622 0.286852 9.9956E-05 9.9956E-05 0.339618 9.9956E-05
9.99471E-05 0.00832106 0.582934 9.99471E-05 9.99471E-05 9.99471E-05 0.224042 9.99471E-05 9.99471E-05 0.184103
0.149036 0.432464 9.99649E-05 0.106572 0.219646 9.99649E-05 0.080544 9.99649E-05 0.011338 9.99649E-05
0.0850804 9.99559E-05 9.99559E-05 9.99559E-05 9.99559E-05 0.0900533 0.0026006 0.178816 9.99559E-05 0.64295
