0.620165 9.995E-05 9.995E-05 0.133817 9.995E-05 9.995E-05 0.117242 0.0127765 0.115501 9.995E-05
0.841534 9.9937E-05 9.9937E-05 0.109006 0.04876 9.9937E-05 9.9937E-05 9.9937E-05 9.9937E-05 9.9937E-05
0.237537 9.99371E-05 9.99371E-05 9.99371E-05 9.99371E-05 9.99371E-05 9.99371E-05 9.99371E-05 0.70907 0.0526934
9.99282E-05 9.99282E-05 9.99282E-05 0.941614 0.0575863 9.99282E-05 9.99282E-05 9.99282E-05 9.99282E-05 9.99282E-05
9.99371E-05 0.887822 9.99371E-05 0.0057106 9.99371E-05 9.99371E-05 9.99371E-05 9.99371E-05 0.105768 9.99371E-05
0.109649 9.9937E-05 9.9937E-05 9.9937E-05 0.797056 9.9937E-05 9.9937E-05 9.9937E-05 0.0925953 9.9937E-05
9.9937E-05 9.9937E-05 0.101064 0.0203048 9.9937E-05 9.9937E-05 0.877931 9.9937E-05 9.9937E-05 9.9937E-05
0.354819 9.99371E-05 9.99371E-05 9.99371E-05 9.99371E-05 9.99371E-05 9.99371E-05 9.99371E-05 0.147397 0.497084
9.99281E-05 9.99281E-05 0.576873 9.99281E-05 0.422328 9.99281E-05 9.99281E-05 9.99281E-05 9.99281E-05 9.99281E-05
9.9928E-05 0.886792 9.9928E-05 9.9928E-05 9.9928E-05 0.112409 9.9928E-05 9.9928E-05 9.9928E-05 9.9928E-05
9.99201E-05 9.99201E-05 9.99201E-05 9.99201E-05 9.99201E-05 0.999101 9.99201E-05 9.99201E-05 9.99201E-05 9.99201E-05
0.0604713 9.99461E-05 9.99461E-05 9.99461E-05 9.99461E-05 9.99461E-05 0.00100263 0.0241782 9.99461E-05 0.913748
9.99461E-05 0.68062 0.116628 9.99461E-05 0.105641 9.99461E-05 9.99461E-05 9.99461E-05 0.0965113 9.99461E-05
9.99371E-05 0.00875863 9.99371E-05 0.154244 9.99371E-05 9.99371E-05 0.836298 9.99371E-05 9.99371E-05 9.99371E-05
9.99551E-05 0.861642 0.0445581 9.99551E-05 9.99551E-05 0.00848612 9.99551E-05 0.0629403 0.021874 9.99551E-05
9.99281E-05 9.99281E-05 0.979385 9.99281E-05 9.99281E-05 9.99281E-05 9.99281E-05 9.99281E-05 0.019816 9.99281E-05
9.99371E-05 9.99371E-05 9.99371E-05 0.04274 9.99371E-05 9.99371E-05 9.99371E-05 9.99371E-05 0.00268516 0.953875
0.053176 9.99459E-05 0.468794 9.99459E-05 0.0651739 0.412257 9.99459E-05 9.99459E-05 9.99459E-05 9.99459E-05
0.0231848 9.99281E-05 9.99281E-05 9.99281E-05 0.976016 9.99281E-05 9.99281E-05 9.99281E-05 9.99281E-05 9.99281E-05
9.99282E-05 9.99282E-05 0.441357 9.99282E-05 9.99282E-05 9.99282E-05 9.99282E-05 0.557844 9.99282E-05 9.99282E-05
9.99282E-05 9.99282E-05 9.99282E-05 9.99282E-05 0.0547741 9.99282E-05 9.99282E-05 0.944426 9.99282E-05 9.99282E-05
9.99371E-05 9.99371E-05 0.574218 9.99371E-05 0.0677142 9.99371E-05 9.99371E-05 9.99371E-05 9.99371E-05 0.357369
0.023048 0.158047 0.569068 9.99551E-05 9.99551E-05 9.99551E-05 9.99551E-05 0.240757 0.00858013 9.99551E-05
9.99461E-05 9.99461E-05 0.0588715 0.817373 9.99461E-05 0.0383728 9.99461E-05 0.0847834 9.99461E-05 9.99461E-05
9.99201E-05 9.99201E-05 9.99201E-05 9.99201E-05 9.99201E-05 9.99201E-05 9.99201E-05 9.99201E-05 0.999101 9.99201E-05
0.0225794 0.731731 0.224845 9.9946E-05 9.9946E-05 9.9946E-05 9.9946E-05 0.0202454 9.9946E-05 9.9946E-05
9.99281E-05 9.99281E-05 9.99281E-05 0.991487 9.99281E-05 9.99281E-05 9.99281E-05 9.99281E-05 0.00771388 9.99281E-05
9.994E-05 0.366879 9.994E-05 0.127195 0.448475 9.994E-05 0.0568522 9.994E-05 9.994E-05 9.994E-05
0.999101 9.99201E-05 9.99201E-05 9.99201E-05 9.99201E-05 9.99201E-05 9.99201E-05 9.99201E-05 9.99201E-05 9.99201E-05
9.99463E-05 9.99463E-05 0.131775 0.0885895 0.409324 9.99463E-05 9.99463E-05 9.99463E-05 9.99463E-05 0.369712
9.99281E-05 9.99281E-05 9.99281E-05 9.99281E-05 9.99281E-05 9.99281E-05 0.972358 9.99281E-05 0.0268423 9.99281E-05
9.99281E-05 9.99281E-05 9.99281E-05 9.99281E-05 9.99281E-05 9.99281E-05 0.345714 9.99281E-05 0.653486 9.99281E-05
9.9937E-05 0.425337 9.9937E-05 9.9937E-05 9.9937E-05 0.0929631 0.481001 9.9937E-05 9.9937E-05 9.9937E-05
9.99281E-05 9.99281E-05 9.99281E-05 9.99281E-05 0.894658 9.99281E-05 9.99281E-05 9.99281E-05 0.104542 9.99281E-05
9.9928E-05 9.9928E-05 9.9928E-05 0.597088 9.9928E-05 9.9928E-05 9.9928E-05 9.9928E-05 9.9928E-05 0.402113
9.99201E-05 9.99201E-05 0.999101 9.99201E-05 9.99201E-05 9.99201E-05 9.99201E-05 9.99201E-05 9.99201E-05 9.99201E-05
0.0399867 9.99371E-05 0.179919 9.99371E-05 0.779395 9.99371E-05 9.99371E-05 9.99371E-05 9.99371E-05 9.99371E-05
0.0709626 9.9937E-05 9.9937E-05 9.9937E-05 0.853025 0.075313 9.9937E-05 9.9937E-05 9.9937E-05 9.9937E-05
9.99371E-05 9.99371E-05 9.99371E-05 9.99371E-05 0.0103927 0.926574 9.99371E-05 9.99371E-05 9.99371E-05 0.0623342
9.99461E-05 0.0260103 9.99461E-05 0.231434 0.714031 9.99461E-05 9.99461E-05 9.99461E-05 9.99461E-05 0.027925
9.9928E-05 9.9928E-05 9.9928E-05 9.9928E-05 0.580399 9.9928E-05 9.9928E-05 9.9928E-05 9.9928E-05 0.418802
9.99201E-05 9.99201E-05 9.99201E-05 9.99201E-05 9.99201E-05 9.99201E-05 9.99201E-05 9.99201E-05 9.99201E-05 0.999101
9.99201E-05 9.99201E-05 9.99201E-05 9.99201E-05 9.99201E-05 9.99201E-05 9.99201E-05 0.999101 9.99201E-05 9.99201E-05
9.99282E-05 9.99282E-05 9.99282E-05 9.99282E-05 9.99282E-05 0.00464712 9.99282E-05 9.99282E-05 0.994553 9.99282E-05
9.99282E-05 0.745897 9.99282E-05 9.99282E-05 9.99282E-05 9.99282E-05 9.99282E-05 0.253304 9.99282E-05 9.99282E-05
0.24945 9.99461E-05 0.0435556 0.0661181 9.99461E-05 9.99461E-05 9.99461E-05 9.99461E-05 9.99461E-05 0.640277
0.0524895 9.99461E-05 0.617893 9.99461E-05 0.16441 9.99461E-05 9.99461E-05 0.164608 9.99461E-05 9.99461E-05
9.99283E-05 9.99283E-05 0.193062 9.99283E-05 0.806139 9.99283E-05 9.99283E-05 9.99283E-05 9.99283E-05 9.99283E-05
9.99371E-05 9.99371E-05 9.99371E-05 9.99371E-05 9.99371E-05 0.105678 9.99371E-05 0.757625 0.135997 9.99371E-05
9.99461E-05 9.99461E-05 0.025339 9.99461E-05 0.285262 0.0383915 9.99461E-05 0.650408 9.99461E-05 9.99461E-05
