9.99281E-05 9.99281E-05 9.99281E-05 0.827225 9.99281E-05 9.99281E-05 9.99281E-05 9.99281E-05 9.99281E-05 0.171976
0.00936641 0.0868186 9.9946E-05 0.776262 0.126953 9.9946E-05 9.9946E-05 9.9946E-05 9.9946E-05 9.9946E-05
9.99461E-05 0.176318 0.0302146 0.211688 9.99461E-05 9.99461E-05 9.99461E-05 9.99461E-05 9.99461E-05 0.58118
0.0271682 9.99282E-05 9.99282E-05 9.99282E-05 0.972032 9.99282E-05 9.99282E-05 9.99282E-05 9.99282E-05 9.99282E-05
9.99371E-05 9.99371E-05 9.99371E-05 9.99371E-05 0.05656 9.99371E-05 0.92189 9.99371E-05 9.99371E-05 0.0208501
0.819826 9.9937E-05 9.9937E-05 0.137563 9.9937E-05 9.9937E-05 9.9937E-05 9.9937E-05 9.9937E-05 0.0419114
9.9955E-05 9.9955E-05 0.0514218 9.9955E-05 0.157264 9.9955E-05 9.9955E-05 0.0239807 0.710703 0.0561301
9.99461E-05 0.795407 9.99461E-05 0.106302 9.99461E-05 9.99461E-05 9.99461E-05 9.99461E-05 0.0418823 0.0558097
0.402808 9.99371E-05 0.535224 9.99371E-05 9.99371E-05 0.0612685 9.99371E-05 9.99371E-05 9.99371E-05 9.99371E-05
9.9928E-05 9.9928E-05 9.9928E-05 9.9928E-05 9.9928E-05 9.9928E-05 0.410074 9.9928E-05 0.589127 9.9928E-05
9.99201E-05 9.99201E-05 9.99201E-05 9.99201E-05 9.99201E-05 9.99201E-05 9.99201E-05 9.99201E-05 0.999101 9.99201E-05
0.0816477 0.85283 9.99371E-05 0.064823 9.99371E-05 9.99371E-05 9.99371E-05 9.99371E-05 9.99371E-05 9.99371E-05
0.0524911 0.00743036 9.99551E-05 9.99551E-05 9.99551E-05 9.99551E-05 9.99551E-05 0.811981 0.0996003 0.0279971
9.99461E-05 9.99461E-05 9.99461E-05 9.99461E-05 0.382527 9.99461E-05 0.0673843 9.99461E-05 0.425765 0.123724
9.99201E-05 9.99201E-05 9.99201E-05 9.99201E-05 9.99201E-05 9.99201E-05 0.999101 9.99201E-05 9.99201E-05 9.99201E-05
9.99282E-05 9.99282E-05 0.94987 9.99282E-05 9.99282E-05 9.99282E-05 9.99282E-05 9.99282E-05 9.99282E-05 0.049331
9.99282E-05 0.938008 9.99282E-05 9.99282E-05 0.0611929 9.99282E-05 9.99282E-05 9.99282E-05 9.99282E-05 9.99282E-05
0.170402 9.99549E-05 0.386491 9.99549E-05 9.99549E-05 0.0294754 0.0268007 9.99549E-05 0.386331 9.99549E-05
0.985961 9.99281E-05 9.99281E-05 0.0132393 9.99281E-05 9.99281E-05 9.99281E-05 9.99281E-05 9.99281E-05 9.99281E-05
9.99372E-05 9.99372E-05 0.882799 9.99372E-05 0.113887 9.99372E-05 0.00261369 9.99372E-05 9.99372E-05 9.99372E-05
9.99461E-05 0.00500189 0.598179 9.99461E-05 9.99461E-05 0.238695 9.99461E-05 0.157525 9.99461E-05 9.99461E-05
9.99371E-05 0.12608 0.307468 9.99371E-05 9.99371E-05 0.565753 9.99371E-05 9.99371E-05 9.99371E-05 9.99371E-05
9.99461E-05 9.99461E-05 0.854958 9.99461E-05 9.99461E-05 9.99461E-05 0.0747049 0.0528821 9.99461E-05 0.016855
9.99461E-05 9.99461E-05 0.145492 9.99461E-05 0.839416 9.99461E-05 0.00406908 9.99461E-05 0.010423 9.99461E-05
0.0153276 9.99371E-05 9.99371E-05 9.99371E-05 9.99371E-05 0.017455 9.99371E-05 9.99371E-05 9.99371E-05 0.966518
9.99281E-05 9.99281E-05 0.166962 9.99281E-05 9.99281E-05 9.99281E-05 0.832238 9.99281E-05 9.99281E-05 9.99281E-05
9.99281E-05 9.99281E-05 9.99281E-05 9.99281E-05 0.987853 9.99281E-05 9.99281E-05 9.99281E-05 9.99281E-05 0.011348
9.99281E-05 9.99281E-05 9.99281E-05 9.99281E-05 9.99281E-05 0.934747 9.99281E-05 9.99281E-05 9.99281E-05 0.0644537
9.99201E-05 9.99201E-05 9.99201E-05 0.999101 9.99201E-05 9.99201E-05 9.99201E-05 9.99201E-05 9.99201E-05 9.99201E-05
9.99282E-05 0.233282 9.99282E-05 9.99282E-05 9.99282E-05 0.765919 9.99282E-05 9.99282E-05 9.99282E-05 9.99282E-05
9.99281E-05 9.99281E-05 9.99281E-05 9.99281E-05 9.99281E-05 9.99281E-05 9.99281E-05 9.99281E-05 0.508381 0.49082
9.99282E-05 9.99282E-05 9.99282E-05 9.99282E-05 9.99282E-05 9.99282E-05 0.0190023 9.99282E-05 9.99282E-05 0.980198
9.9937E-05 9.9937E-05 9.9937E-05 9.9937E-05 9.9937E-05 9.9937E-05 9.9937E-05 0.175203 0.804707 0.0193905
0.771385 9.994E-05 9.994E-05 9.994E-05 9.994E-05 0.0836072 9.994E-05 0.0408941 9.994E-05 0.103514
9.99371E-05 0.574261 9.99371E-05 9.99371E-05 0.360998 0.0640407 9.99371E-05 9.99371E-05 9.99371E-05 9.99371E-05
9.99201E-05 9.99201E-05 0.999101 9.99201E-05 9.99201E-05 9.99201E-05 9.99201E-05 9.99201E-05 9.99201E-05 9.99201E-05
0.0645284 9.9928E-05 9.9928E-05 9.9928E-05 9.9928E-05 0.934672 9.9928E-05 9.9928E-05 9.9928E-05 9.9928E-05
0.918898 9.9946E-05 0.00368613 0.00701585 9.9946E-05 9.9946E-05 9.9946E-05 9.9946E-05 0.0698 9.9946E-05
0.0315328 0.119683 9.99372E-05 9.99372E-05 9.99372E-05 9.99372E-05 9.99372E-05 9.99372E-05 0.848085 9.99372E-05
0.851632 0.00896569 9.99462E-05 9.99462E-05 0.0866931 9.99462E-05 0.0521094 9.99462E-05 9.99462E-05 9.99462E-05
0.663782 0.335419 9.9928E-05 9.9928E-05 9.9928E-05 9.9928E-05 9.9928E-05 9.9928E-05 9.9928E-05 9.9928E-05
9.99281E-05 0.93839 9.99281E-05 9.99281E-05 9.99281E-05 0.0608106 9.99281E-05 9.99281E-05 9.99281E-05 9.99281E-05
9.99372E-05 9.99372E-05 0.619883 9.99372E-05 9.99372E-05 9.99372E-05 0.328308 0.0511089 9.99372E-05 9.99372E-05
9.99371E-05 9.99371E-05 0.00797859 9.99371E-05 0.0008499 9.99371E-05 9.99371E-05 9.99371E-05 9.99371E-05 0.990472
9.99201E-05 9.99201E-05 9.99201E-05 9.99201E-05 9.99201E-05 9.99201E-05 0.0513127 0.947888 9.99201E-05 9.99201E-05
9.99281E-05 0.850944 0.148257 9.99281E-05 9.99281E-05 9.99281E-05 9.99281E-05 9.99281E-05 9.99281E-05 9.99281E-05
9.99371E-05 9.99371E-05 0.660334 0.00213313 9.99371E-05 0.336833 9.99371E-05 9.99371E-05 9.99371E-05 9.99371E-05
0.727526 9.99372E-05 0.214761 9.99372E-05 9.99372E-05 9.99372E-05 9.99372E-05 0.0570134 9.99372E-05 9.99372E-05
9.99282E-05 9.99282E-05 9.99282E-05 0.003987 9.99282E-05 9.99282E-05 9.99282E-05 0.995214 9.99282E-05 9.99282E-05
0.263662 0.0256363 0.62924 9.99551E-05 9.99551E-05 9.99551E-05 0.0178674 9.99551E-05 0.0630948 9.99551E-05
