0.533712 9.99649E-05 9.99649E-05 9.99649E-05 9.99649E-05 0.162129 0.303759
0.0806636 0.106978 9.99736E-05 9.99736E-05 0.0927466 0.719312 9.99736E-05
9.9965E-05 0.0356473 0.282804 9.9965E-05 0.681149 9.9965E-05 9.9965E-05
0.0588686 9.99824E-05 0.557158 9.99824E-05 0.0431259 0.255333 0.0853146
9.9965E-05 9.9965E-05 0.767841 0.0431772 9.9965E-05 0.188582 9.9965E-05
9.998E-05 0.072562 0.205534 0.339927 0.321651 0.060126 9.998E-05
0.464371 0.142862 9.99648E-05 9.99648E-05 9.99648E-05 9.99648E-05 0.392367
0.225635 9.99561E-05 9.99561E-05 9.99561E-05 9.99561E-05 9.99561E-05 0.773866
0.240123 0.246807 0.168507 9.998E-05 0.131155 9.998E-05 0.213209
0.445312 0.186649 0.147996 9.99737E-05 9.99737E-05 0.219742 9.99737E-05
0.716396 0.0389514 9.99736E-05 0.172117 0.0722359 9.99736E-05 9.99736E-05
9.9956E-05 9.9956E-05 9.9956E-05 0.289591 9.9956E-05 9.9956E-05 0.709909
0.122912 9.99651E-05 0.714742 9.99651E-05 9.99651E-05 9.99651E-05 0.161946
0.55783 0.282856 0.0581034 9.99734E-05 0.100911 9.99734E-05 9.99734E-05
9.99562E-05 9.99562E-05 0.138415 9.99562E-05 9.99562E-05 9.99562E-05 0.861085
9.99737E-05 9.99737E-05 9.99737E-05 0.137866 0.0596699 0.673378 0.128786
9.99734E-05 9.99734E-05 9.99734E-05 0.359745 0.0478747 0.42693 0.16515
9.99559E-05 0.373726 9.99559E-05 9.99559E-05 9.99559E-05 9.99559E-05 0.625774
9.99561E-05 9.99561E-05 0.450253 9.99561E-05 0.549247 9.99561E-05 9.99561E-05
0.461002 9.99737E-05 0.0206368 9.99737E-05 0.307479 0.210582 9.99737E-05
0.328776 0.32389 9.99824E-05 9.99824E-05 0.0110556 0.271253 0.0648252
0.493973 0.505528 9.99562E-05 9.99562E-05 9.99562E-05 9.99562E-05 9.99562E-05
9.99826E-05 0.33856 0.152993 9.99826E-05 0.264469 0.0187352 0.225043
0.391186 9.99648E-05 0.5024 9.99648E-05 9.99648E-05 0.106014 9.99648E-05
9.99736E-05 0.133588 0.311942 0.436515 9.99736E-05 9.99736E-05 0.117656
0.763532 9.99648E-05 0.170628 9.99648E-05 9.99648E-05 9.99648E-05 0.0654402
9.99649E-05 9.99649E-05 9.99649E-05 9.99649E-05 0.308573 0.499217 0.19181
9.9956E-05 0.0505059 9.9956E-05 9.9956E-05 9.9956E-05 0.948994 9.9956E-05
0.660684 0.10007 9.99737E-05 0.142156 0.0967895 9.99737E-05 9.99737E-05
0.507901 0.376575 9.99649E-05 9.99649E-05 9.99649E-05 0.115124 9.99649E-05
0.985339 9.99561E-05 9.99561E-05 0.0141609 9.99561E-05 9.99561E-05 9.99561E-05
9.99739E-05 0.209862 9.99739E-05 0.551031 0.1403 9.99739E-05 0.0985075
0.0608176 9.99735E-05 0.229108 0.139093 0.570682 9.99735E-05 9.99735E-05
9.9965E-05 9.9965E-05 0.31343 9.9965E-05 0.513337 9.9965E-05 0.172833
9.99651E-05 9.99651E-05 0.024129 9.99651E-05 9.99651E-05 0.497196 0.478275
9.9965E-05 9.9965E-05 0.785734 0.0393686 9.9965E-05 9.9965E-05 0.174498
0.414323 9.99651E-05 9.99651E-05 0.22273 9.99651E-05 9.99651E-05 0.362547
0.660329 9.99739E-05 0.252204 9.99739E-05 0.0839876 0.00317889 9.99739E-05
0.0588086 9.99735E-05 9.99735E-05 9.99735E-05 0.0283486 0.436229 0.476314
0.239525 9.99737E-05 9.99737E-05 9.99737E-05 0.304983 0.325665 0.129527
0.452811 0.0964734 0.263265 9.99737E-05 0.187151 9.99737E-05 9.99737E-05
9.99649E-05 9.99649E-05 0.629882 0.0696278 9.99649E-05 0.300091 9.99649E-05
0.304997 9.99651E-05 9.99651E-05 0.22696 0.467642 9.99651E-05 9.99651E-05
0.69345 0.276871 9.99651E-05 9.99651E-05 9.99651E-05 9.99651E-05 0.0292788
0.830451 9.99737E-05 0.0521461 0.0712059 0.045897 9.99737E-05 9.99737E-05
0.373054 9.99737E-05 9.99737E-05 0.0175481 0.480656 9.99737E-05 0.128442
0.216457 9.99736E-05 9.99736E-05 9.99736E-05 0.344584 0.130244 0.308416
9.9965E-05 9.9965E-05 9.9965E-05 9.9965E-05 0.316321 0.0609341 0.622345
0.717047 9.996E-05 9.996E-05 0.0312355 9.996E-05 9.996E-05 0.251317
0.0893521 0.530569 0.0150683 0.0153715 9.99912E-05 0.259781 0.0897579
0.302541 0.422582 0.160139 0.114438 9.997E-05 9.997E-05 9.997E-05
0.284148 9.99649E-05 9.99649E-05 9.99649E-05 9.99649E-05 0.26127 0.454183
9.99825E-05 0.0977786 0.337903 0.0227882 0.378458 0.162872 9.99825E-05
0.448744 9.99649E-05 9.99649E-05 0.131276 0.41958 9.99649E-05 9.99649E-05
0.0347388 0.190999 9.99825E-05 0.454177 9.99825E-05 0.0968896 0.222995
0.0497279 9.9965E-05 9.9965E-05 9.9965E-05 0.726104 9.9965E-05 0.223768
9.99736E-05 0.583116 0.0520466 9.99736E-05 0.0283646 0.336172 9.99736E-05
0.27989 0.128267 9.99737E-05 9.99737E-05 9.99737E-05 0.484108 0.107435
9.99736E-05 9.99736E-05 9.99736E-05 0.442914 0.234432 0.322098 0.000256587
0.0152432 0.285167 0.0996085 9.99824E-05 9.99824E-05 0.293789 0.305992
9.99648E-05 9.99648E-05 9.99648E-05 0.376218 9.99648E-05 0.549759 0.0736229
0.446356 9.99737E-05 9.99737E-05 0.163639 9.99737E-05 0.126572 0.263133
9.99564E-05 9.99564E-05 9.99564E-05 9.99564E-05 0.261596 9.99564E-05 0.737905
9.99738E-05 9.99738E-05 0.487636 0.326401 9.99738E-05 0.055907 0.129756
0.346453 9.99824E-05 0.133314 9.99824E-05 0.388638 0.109949 0.021446
9.99561E-05 9.99561E-05 0.0350291 9.99561E-05 9.99561E-05 9.99561E-05 0.964471
0.315045 9.99824E-05 9.99824E-05 0.00674424 0.234224 0.0441207 0.399666
9.996E-05 9.996E-05 9.996E-05 0.128486 0.49839 9.996E-05 0.372724
9.99653E-05 9.99653E-05 0.748473 9.99653E-05 9.99653E-05 0.0476867 0.203441
9.99735E-05 0.23822 9.99735E-05 9.99735E-05 0.386385 0.0203239 0.354771
0.109731 9.99825E-05 9.99825E-05 0.0596478 0.17281 0.44714 0.210471
0.167623 9.99736E-05 0.145572 9.99736E-05 9.99736E-05 0.299181 0.387324
0.329531 0.319869 0.0380108 0.0689319 0.186366 0.0571917 9.99912E-05
9.9956E-05 9.9956E-05 9.9956E-05 0.148959 9.9956E-05 0.850542 9.9956E-05
0.838993 9.99735E-05 0.0983544 9.99735E-05 0.0116321 0.0507207 9.99735E-05
0.385564 0.233989 0.218771 9.99912E-05 0.000141427 0.0035939 0.15784
0.165071 9.99735E-05 9.99735E-05 9.99735E-05 0.351465 0.226954 0.25621
0.628237 0.0439525 0.225458 9.99736E-05 9.99736E-05 9.99736E-05 0.102053
0.249066 0.243016 9.99824E-05 9.99824E-05 0.187596 0.108906 0.211216
0.471294 0.0294032 9.99825E-05 9.99825E-05 0.0231009 0.19413 0.281871
0.953305 9.9956E-05 9.9956E-05 9.9956E-05 0.0461948 9.9956E-05 9.9956E-05
9.99737E-05 0.256855 9.99737E-05 0.0873714 0.0510958 0.604378 9.99737E-05
9.99559E-05 9.99559E-05 9.99559E-05 0.545946 9.99559E-05 0.453554 9.99559E-05
0.542395 9.996E-05 9.996E-05 0.36245 0.0947549 9.996E-05 9.996E-05
0.83496 9.99562E-05 9.99562E-05 9.99562E-05 9.99562E-05 9.99562E-05 0.16454
9.99736E-05 0.408118 0.183962 9.99736E-05 0.281712 0.125908 9.99736E-05
0.462517 9.99646E-05 0.179799 9.99646E-05 9.99646E-05 0.357284 9.99646E-05
0.442564 0.0332283 9.99823E-05 9.99823E-05 0.00875735 0.296394 0.218856
9.99564E-05 0.320986 9.99564E-05 9.99564E-05 0.678514 9.99564E-05 9.99564E-05
9.99648E-05 9.99648E-05 9.99648E-05 9.99648E-05 0.263537 0.43603 0.300034
9.9965E-05 0.644278 0.0340457 0.321276 9.9965E-05 9.9965E-05 9.9965E-05
0.255425 0.476776 9.99649E-05 9.99649E-05 9.99649E-05 0.267399 9.99649E-05
0.775243 9.99648E-05 0.179707 9.99648E-05 9.99648E-05 0.0446501 9.99648E-05
0.671681 0.284792 9.99648E-05 0.0431276 9.99648E-05 9.99648E-05 9.99648E-05
0.511617 9.99564E-05 9.99564E-05 9.99564E-05 9.99564E-05 0.487883 9.99564E-05
9.99735E-05 0.555809 0.0743723 9.99735E-05 9.99735E-05 0.216459 0.153059
0.327854 9.99649E-05 9.99649E-05 9.99649E-05 0.300616 9.99649E-05 0.371131
9.99736E-05 0.668189 9.99736E-05 0.0790031 0.0742696 0.178239 9.99736E-05
9.99738E-05 9.99738E-05 0.290739 0.233914 0.193045 0.282001 9.99738E-05
0.778538 9.9965E-05 9.9965E-05 9.9965E-05 9.9965E-05 0.211962 0.00909959
0.0485002 9.99737E-05 9.99737E-05 0.288412 0.48421 9.99737E-05 0.178578
0.210403 9.99823E-05 0.224502 9.99823E-05 0.337796 0.200844 0.0262548
9.99737E-05 9.99737E-05 0.262861 9.99737E-05 0.00415459 0.488199 0.244485
9.9965E-05 0.467367 9.9965E-05 9.9965E-05 0.0749596 0.457273 9.9965E-05
0.0550732 0.11994 9.99649E-05 9.99649E-05 9.99649E-05 0.824587 9.99649E-05
0.313889 0.185744 9.99649E-05 0.499967 9.99649E-05 9.99649E-05 9.99649E-05
0.356044 0.336457 9.99823E-05 0.155664 0.0752228 9.99823E-05 0.0764127
9.99647E-05 0.228097 9.99647E-05 9.99647E-05 9.99647E-05 0.26758 0.503923
0.215918 9.996E-05 9.996E-05 0.371952 9.996E-05 0.411729 9.996E-05
0.587338 9.99736E-05 9.99736E-05 0.107691 9.99736E-05 0.0144993 0.290172
0.0887579 0.298943 9.997E-05 9.997E-05 9.997E-05 0.292801 0.319198
0.271186 0.00842213 0.432844 9.99735E-05 9.99735E-05 9.99735E-05 0.287248
0.329086 0.422388 9.99647E-05 9.99647E-05 0.248126 9.99647E-05 9.99647E-05
0.254091 0.0710261 0.06777 9.99735E-05 0.606813 9.99735E-05 9.99735E-05
9.99568E-05 0.816972 9.99568E-05 9.99568E-05 9.99568E-05 0.182528 9.99568E-05
0.105599 9.99736E-05 9.99736E-05 0.275459 0.162793 0.45585 9.99736E-05
9.995E-05 9.995E-05 9.995E-05 9.995E-05 0.9994 9.995E-05 9.995E-05
0.308717 9.99653E-05 0.154631 9.99653E-05 9.99653E-05 9.99653E-05 0.536251
9.99561E-05 0.149186 0.850314 9.99561E-05 9.99561E-05 9.99561E-05 9.99561E-05
0.0834308 9.99735E-05 0.102794 9.99735E-05 9.99735E-05 0.690033 0.123442
9.99647E-05 0.393817 9.99647E-05 9.99647E-05 0.383544 0.22224 9.99647E-05
0.1024 9.99738E-05 9.99738E-05 0.120798 0.112421 9.99738E-05 0.66408
9.99653E-05 9.99653E-05 0.0202768 9.99653E-05 0.251847 0.727476 9.99653E-05
0.361802 9.99735E-05 9.99735E-05 9.99735E-05 0.203024 0.00582399 0.42905
0.114984 9.99825E-05 0.689679 0.00402357 0.164533 0.0265792 9.99825E-05
0.379877 0.378416 9.99823E-05 0.104972 0.134067 9.99823E-05 0.00246763
9.99648E-05 9.99648E-05 0.502629 9.99648E-05 0.21845 9.99648E-05 0.278521
0.350426 9.99646E-05 9.99646E-05 9.99646E-05 9.99646E-05 0.258588 0.390586
9.99648E-05 0.119252 9.99648E-05 9.99648E-05 0.303877 0.576471 9.99648E-05
9.99737E-05 0.297187 9.99737E-05 9.99737E-05 0.245628 0.366251 0.0906349
0.152466 0.0187744 0.234577 0.342852 0.251131 9.99824E-05 9.99824E-05
0.217977 0.0535436 0.000647183 9.99823E-05 0.332458 0.395175 9.99823E-05
0.3597 0.238228 0.0284435 9.99825E-05 9.99825E-05 0.111793 0.261635
0.631476 9.99737E-05 0.10996 0.247133 9.99737E-05 0.0111313 9.99737E-05
0.529415 9.99736E-05 0.220242 9.99736E-05 9.99736E-05 0.247347 0.00269488
0.219025 0.163572 0.0538483 9.99912E-05 0.169555 0.274097 0.119803
0.270584 0.152752 9.996E-05 9.996E-05 9.996E-05 9.996E-05 0.576264
9.99737E-05 0.00796917 0.112015 9.99737E-05 0.16293 0.716786 9.99737E-05
9.99561E-05 9.99561E-05 0.394869 9.99561E-05 0.604631 9.99561E-05 9.99561E-05
0.396521 9.99649E-05 0.172421 9.99649E-05 9.99649E-05 9.99649E-05 0.430658
0.265099 9.99736E-05 9.99736E-05 0.0308476 0.0436239 9.99736E-05 0.660129
0.250039 9.9965E-05 9.9965E-05 9.9965E-05 0.67249 0.0770711 9.9965E-05
0.553508 0.0727198 0.0229251 9.99738E-05 9.99738E-05 9.99738E-05 0.350548
9.9956E-05 0.967009 9.9956E-05 9.9956E-05 0.0324907 9.9956E-05 9.9956E-05
0.927446 9.99567E-05 9.99567E-05 9.99567E-05 9.99567E-05 9.99567E-05 0.0720546
0.554449 0.445051 9.99562E-05 9.99562E-05 9.99562E-05 9.99562E-05 9.99562E-05
0.500764 9.99735E-05 9.99735E-05 9.99735E-05 0.0822331 0.159471 0.257231
0.121533 9.998E-05 0.142587 0.332743 0.325715 0.0772218 9.998E-05
9.99824E-05 0.312228 9.99824E-05 0.152637 0.213291 0.133072 0.188573
0.21945 9.99649E-05 9.99649E-05 0.0547964 9.99649E-05 9.99649E-05 0.725354
0.0768 9.99823E-05 9.99823E-05 0.110385 0.113268 0.395463 0.303884
9.99824E-05 0.291111 9.99824E-05 0.0149975 0.44734 0.211263 0.0350875
0.677964 9.99559E-05 9.99559E-05 9.99559E-05 9.99559E-05 0.321536 9.99559E-05
0.616567 0.343799 0.0392341 9.99648E-05 9.99648E-05 9.99648E-05 9.99648E-05
9.99648E-05 0.277581 9.99648E-05 9.99648E-05 0.468178 9.99648E-05 0.253841
0.0222131 0.165201 0.308186 0.5041 9.99736E-05 9.99736E-05 9.99736E-05
9.99738E-05 9.99738E-05 0.188955 9.99738E-05 0.320652 0.125011 0.365082
0.585195 0.0337126 0.0617581 9.99738E-05 0.319034 9.99738E-05 9.99738E-05
9.99647E-05 0.0240376 9.99647E-05 9.99647E-05 0.148801 9.99647E-05 0.826761
0.24141 9.99737E-05 9.99737E-05 0.128618 9.99737E-05 0.260755 0.368916
0.569267 0.303724 0.126609 9.9965E-05 9.9965E-05 9.9965E-05 9.9965E-05
0.997142 9.99559E-05 9.99559E-05 9.99559E-05 9.99559E-05 9.99559E-05 0.00235848
0.0808822 9.99738E-05 9.99738E-05 0.0226626 0.846332 0.0498237 9.99738E-05
9.99738E-05 9.99738E-05 0.378422 0.0708639 9.99738E-05 0.217084 0.333329
0.274224 0.181554 0.203815 9.99912E-05 0.031797 0.219806 0.0887042
9.99735E-05 9.99735E-05 0.12114 9.99735E-05 0.0375708 0.249078 0.591912
9.9956E-05 9.9956E-05 9.9956E-05 9.9956E-05 9.9956E-05 0.0426132 0.956887
0.192627 9.99736E-05 9.99736E-05 0.511131 0.0205036 9.99736E-05 0.275439
9.99649E-05 9.99649E-05 0.466687 9.99649E-05 0.0807808 9.99649E-05 0.452132
0.689939 0.232157 9.99647E-05 9.99647E-05 0.0775046 9.99647E-05 9.99647E-05
0.548504 0.450996 9.99559E-05 9.99559E-05 9.99559E-05 9.99559E-05 9.99559E-05
0.742436 9.99652E-05 9.99652E-05 9.99652E-05 9.99652E-05 0.134342 0.122822
0.320608 9.99562E-05 9.99562E-05 9.99562E-05 0.678892 9.99562E-05 9.99562E-05
0.369906 0.0323624 0.00733418 9.99824E-05 0.296051 0.294146 9.99824E-05
0.276976 0.114558 0.164527 0.138436 0.305304 9.99825E-05 9.99825E-05
9.99648E-05 0.086751 0.552984 9.99648E-05 9.99648E-05 0.359865 9.99648E-05
0.0472267 0.163025 9.99823E-05 0.0789012 0.279923 9.99823E-05 0.430724
9.99652E-05 9.99652E-05 9.99652E-05 9.99652E-05 0.806333 0.161481 0.0317853
9.99562E-05 0.817356 9.99562E-05 9.99562E-05 9.99562E-05 9.99562E-05 0.182145
9.9965E-05 0.000177209 9.9965E-05 9.9965E-05 9.9965E-05 0.317412 0.682011
0.162326 9.99651E-05 9.99651E-05 9.99651E-05 0.730173 0.1071 9.99651E-05
0.245632 0.298772 0.354319 0.0351671 0.0606888 9.999E-05 0.00532106
0.722412 9.99566E-05 0.277089 9.99566E-05 9.99566E-05 9.99566E-05 9.99566E-05
0.65885 9.99649E-05 9.99649E-05 9.99649E-05 9.99649E-05 0.226728 0.114022
9.99735E-05 9.99735E-05 0.349679 0.00798601 0.526045 0.115991 9.99735E-05
9.99649E-05 0.525341 9.99649E-05 9.99649E-05 9.99649E-05 0.268928 0.205331
0.543653 9.99646E-05 9.99646E-05 9.99646E-05 0.416084 0.0398635 9.99646E-05
9.99648E-05 0.502621 9.99648E-05 9.99648E-05 0.171803 9.99648E-05 0.325176
9.99649E-05 9.99649E-05 9.99649E-05 9.99649E-05 0.225957 0.187882 0.585761
9.99737E-05 9.99737E-05 9.99737E-05 0.156775 0.00453411 0.49725 0.341141
0.511641 9.99649E-05 0.255328 9.99649E-05 9.99649E-05 0.232631 9.99649E-05
0.481487 9.99648E-05 9.99648E-05 9.99648E-05 0.252089 9.99648E-05 0.266024
0.536052 9.99563E-05 9.99563E-05 9.99563E-05 9.99563E-05 0.463448 9.99563E-05
9.99563E-05 9.99563E-05 9.99563E-05 9.99563E-05 0.909685 0.0898149 9.99563E-05
9.99648E-05 0.576611 9.99648E-05 0.201516 0.221473 9.99648E-05 9.99648E-05
9.99566E-05 0.124266 9.99566E-05 0.875234 9.99566E-05 9.99566E-05 9.99566E-05
9.99647E-05 9.99647E-05 0.274581 9.99647E-05 0.413763 9.99647E-05 0.311257
9.995E-05 0.9994 9.995E-05 9.995E-05 9.995E-05 9.995E-05 9.995E-05
0.297115 9.99735E-05 0.274133 9.99735E-05 0.134889 0.293564 9.99735E-05
9.99648E-05 0.637985 0.220175 9.99648E-05 9.99648E-05 9.99648E-05 0.14144
0.435519 0.33343 9.99648E-05 9.99648E-05 9.99648E-05 9.99648E-05 0.230651
0.323971 9.99652E-05 9.99652E-05 9.99652E-05 0.607771 9.99652E-05 0.067858
0.501282 0.146018 9.99737E-05 9.99737E-05 0.226278 9.99737E-05 0.126122
0.29947 0.0690647 0.525687 9.99737E-05 9.99737E-05 0.105478 9.99737E-05
0.0804406 9.99735E-05 9.99735E-05 0.378353 0.214513 9.99735E-05 0.326394
0.568639 0.191197 9.99739E-05 9.99739E-05 0.162682 9.99739E-05 0.077182
0.289509 9.99648E-05 0.300055 9.99648E-05 9.99648E-05 0.410037 9.99648E-05
0.578152 0.29134 9.99737E-05 9.99737E-05 0.0666773 0.0635302 9.99737E-05
9.99652E-05 0.822037 9.99652E-05 0.0479897 9.99652E-05 0.129573 9.99652E-05
0.572948 9.9956E-05 9.9956E-05 9.9956E-05 0.426553 9.9956E-05 9.9956E-05
0.198246 9.99736E-05 0.268394 0.387874 9.99736E-05 9.99736E-05 0.145186
0.506457 9.99647E-05 9.99647E-05 9.99647E-05 0.112019 0.381123 9.99647E-05
9.996E-05 9.996E-05 0.270415 9.996E-05 9.996E-05 0.427105 0.30208
9.99649E-05 0.369489 9.99649E-05 9.99649E-05 9.99649E-05 0.22839 0.401722
0.355205 0.00825453 0.246957 9.997E-05 0.389284 9.997E-05 9.997E-05
0.349536 9.99738E-05 0.100326 0.222075 9.99738E-05 0.327763 9.99738E-05
9.99561E-05 9.99561E-05 9.99561E-05 0.121662 0.877838 9.99561E-05 9.99561E-05
0.699877 0.0727424 0.0488787 9.99824E-05 0.0945284 9.99824E-05 0.0837732
0.540373 0.107749 9.9965E-05 9.9965E-05 9.9965E-05 9.9965E-05 0.351479
0.10761 9.99646E-05 0.152467 9.99646E-05 9.99646E-05 9.99646E-05 0.739523
0.173949 0.428523 9.997E-05 9.997E-05 0.371326 9.997E-05 0.025902
9.99648E-05 0.40002 9.99648E-05 9.99648E-05 9.99648E-05 0.409511 0.190069
9.996E-05 0.317159 9.996E-05 9.996E-05 0.349536 0.332905 9.996E-05
0.0302142 9.99824E-05 0.267578 9.99824E-05 0.198462 0.163773 0.339773
0.414138 9.99735E-05 9.99735E-05 9.99735E-05 0.314923 0.156408 0.11423
0.112536 0.474737 0.268064 9.99735E-05 9.99735E-05 9.99735E-05 0.144363
0.439491 0.00588136 0.224287 0.18852 9.99824E-05 0.141621 9.99824E-05
9.99565E-05 0.760528 9.99565E-05 0.238973 9.99565E-05 9.99565E-05 9.99565E-05
9.99561E-05 9.99561E-05 9.99561E-05 9.99561E-05 0.658488 9.99561E-05 0.341012
0.322728 9.997E-05 0.211519 9.997E-05 0.0642312 0.401221 9.997E-05
9.99737E-05 0.484078 0.0919651 9.99737E-05 9.99737E-05 0.162059 0.261597
0.175453 9.9965E-05 9.9965E-05 0.0243186 9.9965E-05 0.799829 9.9965E-05
9.996E-05 0.342713 0.523445 9.996E-05 9.996E-05 9.996E-05 0.133442
0.289805 9.99736E-05 0.179246 9.99736E-05 9.99736E-05 0.509173 0.0214765
0.0385404 9.99737E-05 0.176235 9.99737E-05 0.442888 9.99737E-05 0.342037
9.99559E-05 9.99559E-05 9.99559E-05 9.99559E-05 0.28895 9.99559E-05 0.71055
9.99561E-05 9.99561E-05 9.99561E-05 9.99561E-05 0.134916 0.864584 9.99561E-05
0.32098 0.0212712 9.99824E-05 0.136984 0.355409 9.99824E-05 0.165156
0.38163 0.213514 9.9974E-05 0.0261874 9.9974E-05 0.378369 9.9974E-05
9.99824E-05 0.0769265 9.99824E-05 0.323566 0.0134867 0.145834 0.439987
0.0607513 9.99649E-05 9.99649E-05 9.99649E-05 0.143298 0.795551 9.99649E-05
0.460721 9.99823E-05 0.129448 9.99823E-05 0.313171 0.0291931 0.0672664
0.291815 9.99647E-05 9.99647E-05 9.99647E-05 9.99647E-05 0.488824 0.218961
0.181753 9.99737E-05 9.99737E-05 9.99737E-05 0.026231 0.751059 0.040657
9.99651E-05 0.11591 9.99651E-05 9.99651E-05 9.99651E-05 0.633926 0.249764
0.414887 0.48473 0.0999829 9.99648E-05 9.99648E-05 9.99648E-05 9.99648E-05
0.575684 0.0537976 9.99738E-05 9.99738E-05 0.0136711 0.356548 9.99738E-05
0.288822 9.99735E-05 0.134507 0.161172 0.415199 9.99735E-05 9.99735E-05
0.58206 9.99735E-05 0.141869 9.99735E-05 9.99735E-05 0.133731 0.14204
0.725805 0.202403 0.000814204 9.99736E-05 0.0706773 9.99736E-05 9.99736E-05
0.468341 9.99649E-05 9.99649E-05 9.99649E-05 0.093246 9.99649E-05 0.438013
9.9965E-05 9.9965E-05 9.9965E-05 9.9965E-05 0.0290038 0.545775 0.424821
0.445512 9.99649E-05 0.509073 9.99649E-05 9.99649E-05 9.99649E-05 0.0450154
9.99736E-05 0.0767142 0.302099 9.99736E-05 0.0681653 9.99736E-05 0.552721
0.384985 0.0130705 0.0659574 9.99824E-05 0.208939 0.326848 9.99824E-05
0.670544 9.99561E-05 9.99561E-05 9.99561E-05 9.99561E-05 0.328956 9.99561E-05
0.560739 9.99651E-05 9.99651E-05 9.99651E-05 0.0927511 9.99651E-05 0.34611
0.251932 0.350009 9.99737E-05 9.99737E-05 0.0143227 0.383437 9.99737E-05
0.9994 9.995E-05 9.995E-05 9.995E-05 9.995E-05 9.995E-05 9.995E-05
9.99735E-05 9.99735E-05 0.121848 0.0315048 9.99735E-05 0.176226 0.670121
0.0292331 0.120938 9.99912E-05 0.147381 0.563837 0.0998356 0.0386751
