9.99566E-05 0.872908 9.99566E-05 0.126592 9.99566E-05 9.99566E-05 9.99566E-05
0.131838 9.99736E-05 9.99736E-05 9.99736E-05 0.36022 0.286737 0.220905
0.0592336 9.99737E-05 0.260082 9.99737E-05 0.27769 9.99737E-05 0.402694
0.114474 0.674379 0.075102 0.0401295 0.0713904 0.0244254 9.99913E-05
0.16448 0.386529 9.9974E-05 0.38202 9.9974E-05 0.0666714 9.9974E-05
9.99734E-05 9.99734E-05 9.99734E-05 0.382094 0.241685 0.210396 0.165526
0.605784 9.99562E-05 9.99562E-05 0.393717 9.99562E-05 9.99562E-05 9.99562E-05
0.174364 0.17721 9.99737E-05 0.282775 9.99737E-05 0.36535 9.99737E-05
0.393762 0.0257869 9.99736E-05 0.293172 0.286979 9.99736E-05 9.99736E-05
9.99737E-05 9.99737E-05 0.306909 0.616306 0.0515828 9.99737E-05 0.0249022
9.99738E-05 9.99738E-05 0.215086 0.179451 0.346054 9.99738E-05 0.259109
0.51267 0.261587 0.0827498 9.99824E-05 0.0420726 9.99824E-05 0.100721
9.99563E-05 9.99563E-05 9.99563E-05 0.135624 0.863877 9.99563E-05 9.99563E-05
0.316786 9.99824E-05 9.99824E-05 0.367014 0.157799 0.103747 0.0544548
0.176866 9.99649E-05 9.99649E-05 0.526715 0.296019 9.99649E-05 9.99649E-05
9.99649E-05 9.99649E-05 0.197067 0.48846 0.314073 9.99649E-05 9.99649E-05
0.507442 0.128056 9.99649E-05 9.99649E-05 0.364102 9.99649E-05 9.99649E-05
0.386572 0.361693 9.99737E-05 9.99737E-05 0.107256 9.99737E-05 0.144179
9.99736E-05 9.99736E-05 0.194297 0.0704805 9.99736E-05 0.407487 0.327436
0.285862 9.99737E-05 9.99737E-05 9.99737E-05 0.190953 0.114807 0.408079
0.179829 9.99561E-05 0.819671 9.99561E-05 9.99561E-05 9.99561E-05 9.99561E-05
9.99736E-05 0.010031 0.011638 0.587478 9.99736E-05 0.390553 9.99736E-05
0.755725 9.99651E-05 0.0193274 9.99651E-05 0.224547 9.99651E-05 9.99651E-05
0.44981 9.99649E-05 9.99649E-05 9.99649E-05 9.99649E-05 0.161603 0.388188
9.99647E-05 9.99647E-05 0.0342841 9.99647E-05 0.593587 9.99647E-05 0.371729
9.99736E-05 0.140969 9.99736E-05 0.534331 0.318347 9.99736E-05 0.00605281
0.235046 0.304299 0.00144413 9.99736E-05 9.99736E-05 9.99736E-05 0.45891
0.0750784 0.251941 0.0736258 9.99825E-05 9.99825E-05 0.357962 0.241193
9.99561E-05 9.99561E-05 9.99561E-05 0.182829 9.99561E-05 9.99561E-05 0.816671
0.420229 9.99737E-05 0.160255 0.377401 9.99737E-05 0.0418146 9.99737E-05
9.99647E-05 9.99647E-05 9.99647E-05 0.477983 0.0231314 9.99647E-05 0.498486
0.343846 0.0963228 9.99737E-05 9.99737E-05 0.528524 0.0310073 9.99737E-05
0.511882 9.99648E-05 9.99648E-05 9.99648E-05 9.99648E-05 0.4557 0.0320184
0.00433592 0.285316 9.99825E-05 0.480047 0.223525 0.00657619 9.99825E-05
0.467352 9.99736E-05 0.168945 9.99736E-05 9.99736E-05 0.187851 0.175552
0.478953 0.0116635 9.99651E-05 9.99651E-05 0.508984 9.99651E-05 9.99651E-05
0.338884 0.374484 9.99648E-05 9.99648E-05 9.99648E-05 9.99648E-05 0.286231
0.331569 9.99647E-05 9.99647E-05 0.583505 0.0845258 9.99647E-05 9.99647E-05
9.99737E-05 0.0621835 0.134077 0.00698164 9.99737E-05 9.99737E-05 0.796458
0.224046 0.437902 9.99734E-05 0.152882 0.18487 9.99734E-05 9.99734E-05
9.99647E-05 9.99647E-05 0.188511 9.99647E-05 9.99647E-05 0.205708 0.605381
0.235111 0.317933 9.99737E-05 0.302951 9.99737E-05 9.99737E-05 0.143705
9.99739E-05 0.0925477 9.99739E-05 9.99739E-05 0.200627 0.662892 0.0436332
9.99648E-05 0.0231507 9.99648E-05 9.99648E-05 9.99648E-05 0.483383 0.493067
9.99652E-05 0.437875 9.99652E-05 0.305429 9.99652E-05 0.256296 9.99652E-05
9.99648E-05 9.99648E-05 9.99648E-05 0.34596 0.202037 9.99648E-05 0.451603
9.99647E-05 9.99647E-05 9.99647E-05 0.413893 9.99647E-05 0.525509 0.0601977
0.0544481 9.99647E-05 9.99647E-05 9.99647E-05 0.78396 9.99647E-05 0.161192
0.32806 9.9965E-05 9.9965E-05 9.9965E-05 0.171981 0.499559 9.9965E-05
9.99648E-05 9.99648E-05 9.99648E-05 0.721374 0.212996 9.99648E-05 0.0652303
9.9965E-05 0.125152 9.9965E-05 9.9965E-05 0.838375 0.0360734 9.9965E-05
9.99649E-05 9.99649E-05 9.99649E-05 0.306309 0.267684 0.425607 9.99649E-05
9.9965E-05 9.9965E-05 0.273947 0.119754 0.605899 9.9965E-05 9.9965E-05
0.0415119 9.99646E-05 9.99646E-05 9.99646E-05 0.102503 9.99646E-05 0.855585
0.241946 9.99648E-05 9.99648E-05 0.556819 9.99648E-05 9.99648E-05 0.200835
0.360113 0.570863 9.99649E-05 9.99649E-05 9.99649E-05 0.0686239 9.99649E-05
9.99738E-05 0.243876 0.0857369 9.99738E-05 0.0668558 9.99738E-05 0.603231
0.058877 9.99824E-05 9.99824E-05 0.182035 0.448464 0.129787 0.180637
9.99735E-05 9.99735E-05 0.0146511 9.99735E-05 0.785212 0.0607544 0.139083
0.124016 0.102586 0.108073 9.99912E-05 0.0230146 0.637682 0.00452845
9.99647E-05 9.99647E-05 9.99647E-05 0.00582022 9.99647E-05 0.120829 0.872951
9.99562E-05 0.114547 9.99562E-05 0.884953 9.99562E-05 9.99562E-05 9.99562E-05
9.99735E-05 0.197461 9.99735E-05 0.186053 0.508278 9.99735E-05 0.107908
9.99736E-05 0.178759 0.183525 0.552999 9.99736E-05 9.99736E-05 0.0844173
9.99737E-05 0.0640662 9.99737E-05 9.99737E-05 0.317418 0.315777 0.302439
0.9964 9.99558E-05 0.00310038 9.99558E-05 9.99558E-05 9.99558E-05 9.99558E-05
0.500045 9.99736E-05 9.99736E-05 0.040796 9.99736E-05 0.350305 0.108554
0.164347 9.99648E-05 9.99648E-05 0.391763 9.99648E-05 9.99648E-05 0.44349
9.99824E-05 0.193273 0.11295 0.312099 9.99824E-05 0.364471 0.0170062
9.99647E-05 9.99647E-05 9.99647E-05 0.321637 9.99647E-05 0.171533 0.50643
0.931196 9.99562E-05 9.99562E-05 9.99562E-05 9.99562E-05 9.99562E-05 0.0683038
9.99648E-05 9.99648E-05 0.0619941 0.136241 9.99648E-05 9.99648E-05 0.801365
9.99649E-05 9.99649E-05 9.99649E-05 9.99649E-05 0.119564 0.65406 0.225977
9.99739E-05 9.99739E-05 9.99739E-05 0.0254515 0.00422377 0.230231 0.739794
0.604087 9.99648E-05 0.196209 9.99648E-05 9.99648E-05 0.199304 9.99648E-05
9.99561E-05 9.99561E-05 9.99561E-05 0.100642 9.99561E-05 9.99561E-05 0.898858
9.99737E-05 9.99737E-05 0.42399 0.0675895 9.99737E-05 0.211304 0.296816
9.99739E-05 0.0897869 9.99739E-05 0.610565 0.0967992 0.202549 9.99739E-05
0.194405 9.99738E-05 9.99738E-05 9.99738E-05 0.261241 0.271243 0.272812
9.99561E-05 9.99561E-05 9.99561E-05 0.624121 9.99561E-05 0.375379 9.99561E-05
0.440217 9.99648E-05 9.99648E-05 0.326554 0.232829 9.99648E-05 9.99648E-05
9.99738E-05 0.488916 0.126321 0.241554 9.99738E-05 9.99738E-05 0.142909
0.196886 9.99649E-05 9.99649E-05 0.336509 0.466205 9.99649E-05 9.99649E-05
9.99737E-05 0.208071 0.034453 0.242925 9.99737E-05 9.99737E-05 0.514251
0.593366 9.99646E-05 0.0581893 9.99646E-05 0.348045 9.99646E-05 9.99646E-05
9.99737E-05 9.99737E-05 0.0701256 0.0991339 0.766148 0.0642927 9.99737E-05
0.420117 9.99737E-05 0.214983 0.339628 9.99737E-05 9.99737E-05 0.0249722
9.99648E-05 0.662811 0.158728 9.99648E-05 9.99648E-05 9.99648E-05 0.178061
9.9965E-05 9.9965E-05 0.345253 9.9965E-05 0.324514 9.9965E-05 0.329832
0.595575 9.99648E-05 9.99648E-05 0.0342842 9.99648E-05 9.99648E-05 0.369741
9.99563E-05 9.99563E-05 0.980724 9.99563E-05 9.99563E-05 9.99563E-05 0.0187761
9.99825E-05 0.0848996 0.129507 0.591737 0.165625 0.0280324 9.99825E-05
0.0932483 9.9965E-05 0.322037 0.584315 9.9965E-05 9.9965E-05 9.9965E-05
9.995E-05 9.995E-05 9.995E-05 0.9994 9.995E-05 9.995E-05 9.995E-05
9.99651E-05 9.99651E-05 0.0145967 9.99651E-05 0.947336 0.0376671 9.99651E-05
9.99562E-05 0.14673 0.85277 9.99562E-05 9.99562E-05 9.99562E-05 9.99562E-05
9.99566E-05 9.99566E-05 9.99566E-05 9.99566E-05 0.171875 0.827625 9.99566E-05
0.720219 9.99651E-05 0.0268549 9.99651E-05 9.99651E-05 0.252526 9.99651E-05
9.99647E-05 0.750384 9.99647E-05 9.99647E-05 0.0835435 9.99647E-05 0.165672
0.0298968 0.127772 9.99738E-05 0.437868 9.99738E-05 9.99738E-05 0.404163
0.00563081 9.99736E-05 9.99736E-05 0.00506224 9.99736E-05 0.660645 0.328362
0.672944 9.99649E-05 0.131098 0.195558 9.99649E-05 9.99649E-05 9.99649E-05
0.751871 0.0469882 9.99737E-05 9.99737E-05 0.156138 9.99737E-05 0.0447036
0.824893 0.113045 0.0280643 9.99736E-05 0.0336978 9.99736E-05 9.99736E-05
0.435624 9.99824E-05 9.99824E-05 0.259475 0.0485324 0.0068462 0.249323
0.339347 0.0859663 0.0148326 9.99824E-05 0.304928 0.254726 9.99824E-05
0.0973586 9.99735E-05 9.99735E-05 0.0780355 0.258972 9.99735E-05 0.565334
0.0458784 9.99735E-05 9.99735E-05 9.99735E-05 0.168851 0.0618482 0.723122
0.368772 9.99737E-05 0.199083 0.389845 0.0419995 9.99737E-05 9.99737E-05
0.339494 0.180851 9.99736E-05 0.173437 0.305918 9.99736E-05 9.99736E-05
0.280398 9.997E-05 9.997E-05 0.407092 9.997E-05 0.199898 0.112312
9.99562E-05 9.99562E-05 0.306365 9.99562E-05 9.99562E-05 0.693136 9.99562E-05
0.587551 9.99648E-05 9.99648E-05 9.99648E-05 9.99648E-05 0.399976 0.0120729
9.995E-05 9.995E-05 9.995E-05 9.995E-05 0.9994 9.995E-05 9.995E-05
0.0252863 9.9965E-05 0.396239 9.9965E-05 9.9965E-05 9.9965E-05 0.578075
9.9965E-05 9.9965E-05 9.9965E-05 9.9965E-05 0.154716 0.0524697 0.792414
0.0669265 0.286345 9.99738E-05 9.99738E-05 9.99738E-05 0.0992144 0.547214
0.247039 9.9974E-05 0.28743 9.9974E-05 9.9974E-05 0.110294 0.354937
9.99724E-05 0.761544 9.99724E-05 0.176821 9.99724E-05 0.0612352 9.99724E-05
0.173346 9.99648E-05 9.99648E-05 0.216847 9.99648E-05 0.609407 9.99648E-05
0.363144 0.13438 0.233703 9.99735E-05 0.268474 9.99735E-05 9.99735E-05
0.877701 9.99649E-05 9.99649E-05 9.99649E-05 9.99649E-05 0.00813169 0.113768
9.99648E-05 9.99648E-05 9.99648E-05 0.218309 0.749039 9.99648E-05 0.0322521
0.0503294 0.0181442 9.99735E-05 0.133331 9.99735E-05 9.99735E-05 0.797896
9.99736E-05 9.99736E-05 9.99736E-05 0.314901 0.437868 0.0380385 0.208893
0.439262 9.99738E-05 0.0128747 0.013443 9.99738E-05 9.99738E-05 0.53412
0.29477 9.99652E-05 9.99652E-05 0.704544 9.99652E-05 9.99652E-05 0.000285396
0.174037 9.99647E-05 9.99647E-05 9.99647E-05 0.461005 9.99647E-05 0.364558
0.0300198 9.99824E-05 0.0648104 0.170686 9.99824E-05 0.587509 0.146775
9.99734E-05 9.99734E-05 0.130934 9.99734E-05 0.350863 0.476426 0.0414771
0.41977 9.99566E-05 9.99566E-05 9.99566E-05 0.57973 9.99566E-05 9.99566E-05
9.99649E-05 9.99649E-05 9.99649E-05 0.059768 9.99649E-05 0.526103 0.413729
0.0142445 0.615552 9.99648E-05 9.99648E-05 9.99648E-05 0.369803 9.99648E-05
0.0168987 0.519456 9.99738E-05 0.454027 9.99738E-05 0.00931901 9.99738E-05
0.20784 9.99648E-05 9.99648E-05 0.0994545 0.692306 9.99648E-05 9.99648E-05
0.290944 9.99734E-05 0.522114 0.055066 9.99734E-05 0.131576 9.99734E-05
9.9974E-05 9.9974E-05 0.103755 0.070484 0.436638 9.9974E-05 0.388824
9.99648E-05 0.690804 9.99648E-05 0.140118 9.99648E-05 9.99648E-05 0.168678
0.906046 9.99561E-05 9.99561E-05 9.99561E-05 9.99561E-05 9.99561E-05 0.0934544
0.502011 9.99648E-05 9.99648E-05 0.180691 9.99648E-05 0.316898 9.99648E-05
9.99562E-05 9.99562E-05 0.00299015 9.99562E-05 9.99562E-05 9.99562E-05 0.99651
0.477289 0.25029 9.99736E-05 0.146017 9.99736E-05 0.126104 9.99736E-05
9.99649E-05 0.104823 9.99649E-05 0.345884 9.99649E-05 9.99649E-05 0.548893
0.143195 9.99824E-05 0.051359 0.275526 9.99824E-05 0.51979 0.00992988
0.574265 9.99561E-05 9.99561E-05 9.99561E-05 9.99561E-05 0.425235 9.99561E-05
0.290684 0.405316 0.229307 9.99735E-05 9.99735E-05 0.0743938 9.99735E-05
0.663157 0.146608 0.0272046 9.99824E-05 0.0820505 0.0807803 9.99824E-05
0.491929 9.99647E-05 9.99647E-05 0.343014 9.99647E-05 0.164658 9.99647E-05
9.99647E-05 9.99647E-05 9.99647E-05 0.0723968 9.99647E-05 0.17395 0.753253
0.289764 9.99649E-05 0.153288 9.99649E-05 9.99649E-05 9.99649E-05 0.556548
0.7786 9.99649E-05 9.99649E-05 9.99649E-05 0.172031 9.99649E-05 0.0489697
0.128511 0.0476392 0.118139 0.279366 0.103659 0.322585 9.99912E-05
9.99651E-05 9.99651E-05 9.99651E-05 0.210544 0.77139 9.99651E-05 0.0176657
0.219407 0.370319 9.99737E-05 9.99737E-05 9.99737E-05 0.152076 0.257898
9.99562E-05 9.99562E-05 9.99562E-05 0.262765 9.99562E-05 9.99562E-05 0.736736
0.871448 9.99563E-05 9.99563E-05 0.128052 9.99563E-05 9.99563E-05 9.99563E-05
0.0287021 9.99737E-05 0.494955 0.00412993 9.99737E-05 0.471913 9.99737E-05
0.0713836 0.0533117 9.99824E-05 0.169603 9.99824E-05 0.63424 0.0712626
0.079774 0.142643 9.99823E-05 0.228318 0.106417 9.99823E-05 0.442648
0.260155 9.99912E-05 0.118335 0.228601 0.165395 0.0374125 0.190001
0.540517 9.99647E-05 0.124061 9.99647E-05 9.99647E-05 9.99647E-05 0.335022
0.188385 9.99824E-05 0.0744851 9.99824E-05 0.190406 0.0034353 0.543089
0.601674 0.0366551 9.99647E-05 9.99647E-05 9.99647E-05 9.99647E-05 0.361271
9.99559E-05 9.99559E-05 0.863798 0.135702 9.99559E-05 9.99559E-05 9.99559E-05
0.398863 9.99647E-05 9.99647E-05 0.0590087 0.541729 9.99647E-05 9.99647E-05
0.134989 0.404099 0.319223 9.99825E-05 0.0996983 0.0417909 9.99825E-05
0.186975 9.9956E-05 9.9956E-05 0.812525 9.9956E-05 9.9956E-05 9.9956E-05
0.542966 9.997E-05 9.997E-05 0.0288052 0.284419 0.14351 9.997E-05
0.141957 9.99562E-05 9.99562E-05 9.99562E-05 9.99562E-05 9.99562E-05 0.857544
0.0183527 0.0310461 9.99912E-05 0.384127 0.378243 0.0375514 0.15058
9.9965E-05 9.9965E-05 9.9965E-05 0.123321 0.160313 0.715966 9.9965E-05
9.99738E-05 0.106724 9.99738E-05 0.0610026 9.99738E-05 0.170855 0.661118
0.773473 9.99646E-05 9.99646E-05 0.194199 9.99646E-05 9.99646E-05 0.0319279
0.700605 9.99559E-05 9.99559E-05 9.99559E-05 9.99559E-05 9.99559E-05 0.298895
0.398468 9.99647E-05 9.99647E-05 0.14951 0.451621 9.99647E-05 9.99647E-05
9.99561E-05 9.99561E-05 9.99561E-05 9.99561E-05 0.512524 9.99561E-05 0.486976
0.614987 0.107644 0.150258 0.126811 9.99736E-05 9.99736E-05 9.99736E-05
9.99562E-05 9.99562E-05 9.99562E-05 9.99562E-05 9.99562E-05 0.0975029 0.901997
0.704487 9.99559E-05 9.99559E-05 9.99559E-05 0.295013 9.99559E-05 9.99559E-05
9.99737E-05 0.0169862 9.99737E-05 0.064352 0.0596423 9.99737E-05 0.85872
0.320657 9.99736E-05 0.208467 9.99736E-05 9.99736E-05 0.139402 0.331175
9.99566E-05 0.0610807 9.99566E-05 9.99566E-05 0.93842 9.99566E-05 9.99566E-05
9.99648E-05 0.00582878 9.99648E-05 9.99648E-05 9.99648E-05 0.451826 0.541945
0.623475 9.99558E-05 9.99558E-05 9.99558E-05 0.376025 9.99558E-05 9.99558E-05
0.572414 9.99558E-05 9.99558E-05 9.99558E-05 0.427086 9.99558E-05 9.99558E-05
0.451414 0.194692 0.119933 0.186442 0.0194259 9.99912E-05 0.0279932
0.497252 9.99735E-05 0.0751943 0.109756 0.317497 9.99735E-05 9.99735E-05
9.99736E-05 0.127497 9.99736E-05 0.073853 0.630989 9.99736E-05 0.167361
9.99735E-05 0.268901 0.0191136 0.307253 9.99735E-05 9.99735E-05 0.404433
0.321669 9.99736E-05 9.99736E-05 0.347771 0.327972 9.99736E-05 0.00228811
0.61801 9.99653E-05 9.99653E-05 9.99653E-05 0.0554094 0.32618 9.99653E-05
0.15391 9.99648E-05 0.687891 9.99648E-05 9.99648E-05 0.157799 9.99648E-05
0.3019 0.227459 9.99649E-05 9.99649E-05 9.99649E-05 9.99649E-05 0.470241
9.99739E-05 0.516038 9.99739E-05 0.101205 0.179827 0.20263 9.99739E-05
0.675742 9.99654E-05 9.99654E-05 0.172552 9.99654E-05 0.151306 9.99654E-05
0.030673 9.99559E-05 9.99559E-05 9.99559E-05 0.968827 9.99559E-05 9.99559E-05
0.658885 9.99648E-05 9.99648E-05 0.256724 0.0839914 9.99648E-05 9.99648E-05
9.99737E-05 9.99737E-05 9.99737E-05 0.151662 0.0965992 0.741325 0.0101136
0.538303 9.99735E-05 9.99735E-05 0.178304 0.104566 0.178528 9.99735E-05
0.482449 0.245979 9.99735E-05 0.0291202 9.99735E-05 0.242151 9.99735E-05
0.544378 9.99653E-05 9.99653E-05 9.99653E-05 0.320276 0.134946 9.99653E-05
0.487601 9.997E-05 9.997E-05 0.0878241 9.997E-05 0.0936545 0.330621
0.825273 9.99648E-05 9.99648E-05 0.0883232 9.99648E-05 9.99648E-05 0.0860041
0.0435261 9.99647E-05 9.99647E-05 9.99647E-05 9.99647E-05 0.352136 0.603938
0.791064 9.99649E-05 9.99649E-05 9.99649E-05 0.0695681 9.99649E-05 0.138968
9.99649E-05 9.99649E-05 9.99649E-05 9.99649E-05 0.611328 0.0876968 0.300575
0.24252 0.357573 0.112617 9.99737E-05 9.99737E-05 9.99737E-05 0.28699
0.109475 0.356028 9.99651E-05 9.99651E-05 0.534097 9.99651E-05 9.99651E-05
0.0750378 9.99737E-05 0.884576 9.99737E-05 0.0181872 0.021899 9.99737E-05
9.9965E-05 9.9965E-05 9.9965E-05 0.699789 0.293882 0.00592836 9.9965E-05
9.99564E-05 9.99564E-05 9.99564E-05 9.99564E-05 9.99564E-05 0.193131 0.806369
9.9956E-05 9.9956E-05 9.9956E-05 0.0955999 9.9956E-05 9.9956E-05 0.9039
0.567405 9.99655E-05 0.0763533 9.99655E-05 9.99655E-05 9.99655E-05 0.355842
9.99646E-05 9.99646E-05 0.246829 0.254014 9.99646E-05 9.99646E-05 0.498757
0.199226 9.99824E-05 0.0319017 0.47167 0.121254 9.99824E-05 0.175749
9.99651E-05 9.99651E-05 9.99651E-05 0.114826 0.785912 9.99651E-05 0.0988624
9.997E-05 0.227511 0.102969 9.997E-05 0.564561 9.997E-05 0.104658
0.0350347 0.154983 0.182365 0.226568 9.99825E-05 0.400849 9.99825E-05
0.661216 9.99648E-05 0.179007 0.159377 9.99648E-05 9.99648E-05 9.99648E-05
0.9994 9.995E-05 9.995E-05 9.995E-05 9.995E-05 9.995E-05 9.995E-05
0.190136 9.99737E-05 9.99737E-05 9.99737E-05 0.0895414 0.49134 0.228682
0.373907 9.99737E-05 0.0449479 9.99737E-05 9.99737E-05 0.0185465 0.562299
0.258805 9.99561E-05 9.99561E-05 0.740695 9.99561E-05 9.99561E-05 9.99561E-05
0.0875695 9.99824E-05 9.99824E-05 0.15817 0.34222 0.290733 0.121108
9.9956E-05 9.9956E-05 9.9956E-05 9.9956E-05 0.194022 9.9956E-05 0.805478
0.163828 0.719156 9.99824E-05 0.0296193 9.99824E-05 0.0705309 0.0166659
9.9956E-05 9.9956E-05 9.9956E-05 9.9956E-05 0.280884 9.9956E-05 0.718616
0.0746309 9.99737E-05 0.0142006 9.99737E-05 9.99737E-05 0.48145 0.429419
9.99736E-05 0.157365 0.120004 0.405228 9.99736E-05 9.99736E-05 0.317103
0.241712 0.115235 0.563692 0.079061 9.99736E-05 9.99736E-05 9.99736E-05
0.273576 0.0489828 9.99823E-05 0.0379028 9.99823E-05 0.0610651 0.578273
9.995E-05 9.995E-05 9.995E-05 9.995E-05 0.9994 9.995E-05 9.995E-05
0.200632 9.99824E-05 0.137773 0.0322365 9.99824E-05 0.475098 0.154061
9.99826E-05 9.99826E-05 0.400118 0.0306908 0.411563 0.0701435 0.0872844
9.99736E-05 9.99736E-05 0.116618 0.0200833 0.386407 9.99736E-05 0.476593
9.99824E-05 0.138377 0.219332 9.99824E-05 0.553497 0.060758 0.0278352
0.300334 0.124469 9.99738E-05 0.196742 9.99738E-05 9.99738E-05 0.378154
0.00575303 0.372767 0.126669 0.212057 9.99825E-05 9.99825E-05 0.282554
0.205456 0.193959 9.997E-05 0.16386 9.997E-05 0.436425 9.997E-05
0.858771 0.0569466 9.99648E-05 9.99648E-05 9.99648E-05 0.083883 9.99648E-05
0.565566 9.99564E-05 9.99564E-05 9.99564E-05 9.99564E-05 9.99564E-05 0.433935
9.99647E-05 0.21123 9.99647E-05 9.99647E-05 9.99647E-05 0.131445 0.656925
0.163832 0.134377 9.99736E-05 9.99736E-05 0.679201 0.0222896 9.99736E-05
9.99562E-05 0.503386 9.99562E-05 9.99562E-05 9.99562E-05 9.99562E-05 0.496115
9.99737E-05 0.373849 0.181532 9.99737E-05 0.396423 9.99737E-05 0.0478962
0.523701 9.9965E-05 9.9965E-05 0.437507 0.0383921 9.9965E-05 9.9965E-05
0.323859 9.99652E-05 9.99652E-05 9.99652E-05 0.16433 9.99652E-05 0.511411
9.99647E-05 0.0582238 9.99647E-05 9.99647E-05 0.45476 9.99647E-05 0.486616
9.99649E-05 9.99649E-05 9.99649E-05 9.99649E-05 0.289739 0.534311 0.17555
9.99646E-05 0.278451 0.408849 9.99646E-05 0.3123 9.99646E-05 9.99646E-05
0.754765 0.162497 9.99648E-05 9.99648E-05 9.99648E-05 0.0823376 9.99648E-05
0.427569 9.9965E-05 9.9965E-05 9.9965E-05 0.469152 0.102879 9.9965E-05
0.543751 9.99562E-05 9.99562E-05 9.99562E-05 0.455749 9.99562E-05 9.99562E-05
0.438884 9.99651E-05 0.30983 9.99651E-05 0.250887 9.99651E-05 9.99651E-05
9.99737E-05 0.37056 9.99737E-05 0.233764 0.093462 0.301914 9.99737E-05
0.810146 9.99562E-05 9.99562E-05 9.99562E-05 9.99562E-05 0.189354 9.99562E-05
9.99564E-05 9.99564E-05 9.99564E-05 9.99564E-05 0.705457 9.99564E-05 0.294043
0.00234556 9.99824E-05 0.234839 9.99824E-05 0.301977 0.217927 0.242711
0.322573 9.99824E-05 9.99824E-05 0.0987846 0.125439 0.0957118 0.357291
0.697555 9.99561E-05 9.99561E-05 0.301946 9.99561E-05 9.99561E-05 9.99561E-05
0.890373 9.99649E-05 9.99649E-05 9.99649E-05 9.99649E-05 0.0581658 0.0510612
