0.283791 9.99475E-05 9.99475E-05 0.262919 9.99475E-05 9.99475E-05 0.443062 9.99475E-05 0.00962761 9.99475E-05
0.189024 9.99559E-05 9.99559E-05 0.436765 9.99559E-05 0.0249858 9.99559E-05 9.99559E-05 0.0928928 0.255832
9.99385E-05 9.99385E-05 0.612822 9.99385E-05 0.293437 9.99385E-05 9.99385E-05 9.99385E-05 9.99385E-05 0.0930417
9.99559E-05 0.394759 9.99559E-05 9.99559E-05 0.156611 0.161761 0.0071788 9.99559E-05 0.27919 9.99559E-05
9.99299E-05 0.674408 9.99299E-05 9.99299E-05 9.99299E-05 9.99299E-05 9.99299E-05 0.324793 9.99299E-05 9.99299E-05
0.154553 9.99384E-05 9.99384E-05 9.99384E-05 0.77351 9.99384E-05 9.99384E-05 9.99384E-05 9.99384E-05 0.0712365
0.019649 9.99558E-05 0.565102 9.99558E-05 0.2527 9.99558E-05 9.99558E-05 0.0748692 0.0871803 9.99558E-05
9.99386E-05 0.367998 9.99386E-05 9.99386E-05 9.99386E-05 0.311316 9.99386E-05 9.99386E-05 9.99386E-05 0.319987
9.99647E-05 0.372438 0.258006 9.99647E-05 0.0675646 0.269172 9.99647E-05 0.0252379 9.99647E-05 0.00718096
9.99298E-05 0.824874 0.174326 9.99298E-05 9.99298E-05 9.99298E-05 9.99298E-05 9.99298E-05 9.99298E-05 9.99298E-05
0.273778 0.0789114 9.9947E-05 9.9947E-05 9.9947E-05 9.9947E-05 0.496446 9.9947E-05 9.9947E-05 0.150265
9.99471E-05 9.99471E-05 0.0904933 0.292034 0.349748 9.99471E-05 9.99471E-05 9.99471E-05 0.267125 9.99471E-05
9.99475E-05 0.262127 0.703487 9.99475E-05 0.032112 0.00167459 9.99475E-05 9.99475E-05 9.99475E-05 9.99475E-05
9.99384E-05 9.99384E-05 0.935371 9.99384E-05 0.0307564 0.0331735 9.99384E-05 9.99384E-05 9.99384E-05 9.99384E-05
9.99561E-05 0.265241 9.99561E-05 0.118599 9.99561E-05 9.99561E-05 0.240217 9.99561E-05 0.259282 0.11616
0.195545 0.143712 0.626836 9.99474E-05 9.99474E-05 9.99474E-05 9.99474E-05 0.0333068 9.99474E-05 9.99474E-05
9.9956E-05 0.144897 0.0312689 0.277716 9.9956E-05 0.0301682 0.51545 9.9956E-05 9.9956E-05 9.9956E-05
0.112445 9.9965E-05 0.0834535 9.9965E-05 0.129868 9.9965E-05 0.00352068 0.0188899 9.9965E-05 0.651423
9.99299E-05 9.99299E-05 0.980607 9.99299E-05 9.99299E-05 9.99299E-05 9.99299E-05 9.99299E-05 9.99299E-05 0.0185938
0.342088 0.100813 9.99563E-05 9.99563E-05 0.289267 0.150641 0.116693 9.99563E-05 9.99563E-05 9.99563E-05
9.99471E-05 0.0571712 9.99471E-05 9.99471E-05 0.839362 0.0188788 9.99471E-05 9.99471E-05 9.99471E-05 0.0839883
9.99385E-05 9.99385E-05 0.174477 9.99385E-05 9.99385E-05 9.99385E-05 9.99385E-05 0.00474079 0.820082 9.99385E-05
9.99389E-05 9.99389E-05 9.99389E-05 0.143534 0.428996 9.99389E-05 0.42677 9.99389E-05 9.99389E-05 9.99389E-05
0.0848766 9.99565E-05 0.467665 9.99565E-05 0.0288701 0.404645 9.99565E-05 9.99565E-05 9.99565E-05 0.0134433
9.99295E-05 9.99295E-05 0.683615 9.99295E-05 9.99295E-05 9.99295E-05 9.99295E-05 0.315585 9.99295E-05 9.99295E-05
9.99471E-05 0.0443347 9.99471E-05 0.453966 9.99471E-05 9.99471E-05 9.99471E-05 9.99471E-05 0.259454 0.241645
9.99389E-05 9.99389E-05 9.99389E-05 0.610777 9.99389E-05 0.296552 9.99389E-05 0.0919716 9.99389E-05 9.99389E-05
9.99297E-05 9.99297E-05 9.99297E-05 0.668661 0.330539 9.99297E-05 9.99297E-05 9.99297E-05 9.99297E-05 9.99297E-05
9.9921E-05 9.9921E-05 0.999101 9.9921E-05 9.9921E-05 9.9921E-05 9.9921E-05 9.9921E-05 9.9921E-05 9.9921E-05
0.116424 9.99475E-05 0.828332 9.99475E-05 9.99475E-05 9.99475E-05 0.0368304 0.017813 9.99475E-05 9.99475E-05
9.99383E-05 9.99383E-05 0.75584 9.99383E-05 0.0166137 9.99383E-05 9.99383E-05 9.99383E-05 9.99383E-05 0.226847
9.99557E-05 0.215521 0.118869 0.413588 9.99557E-05 9.99557E-05 0.114824 9.99557E-05 9.99557E-05 0.136698
9.99298E-05 9.99298E-05 9.99298E-05 9.99298E-05 9.99298E-05 0.748938 9.99298E-05 9.99298E-05 0.250263 9.99298E-05
9.99473E-05 0.0664228 0.626087 0.217093 0.0897969 9.99473E-05 9.99473E-05 9.99473E-05 9.99473E-05 9.99473E-05
0.0712778 9.99295E-05 9.99295E-05 9.99295E-05 0.927923 9.99295E-05 9.99295E-05 9.99295E-05 9.99295E-05 9.99295E-05
0.528732 0.0831952 9.99559E-05 9.99559E-05 0.0664954 9.99559E-05 9.99559E-05 9.99559E-05 0.254141 0.066937
9.9956E-05 9.9956E-05 0.880379 9.9956E-05 0.0328272 9.9956E-05 0.0257508 0.0435575 0.0169861 9.9956E-05
0.316246 9.99472E-05 9.99472E-05 9.99472E-05 0.065425 0.553358 9.99472E-05 9.99472E-05 9.99472E-05 0.0643719
9.99212E-05 9.99212E-05 9.99212E-05 0.999101 9.99212E-05 9.99212E-05 9.99212E-05 9.99212E-05 9.99212E-05 9.99212E-05
9.99648E-05 0.355279 0.247816 0.0522676 0.278843 9.99648E-05 9.99648E-05 9.99648E-05 0.0425391 0.0228562
9.99391E-05 0.104423 0.412176 9.99391E-05 9.99391E-05 9.99391E-05 9.99391E-05 9.99391E-05 9.99391E-05 0.482701
9.99478E-05 9.99478E-05 9.99478E-05 0.0735774 0.554013 9.99478E-05 9.99478E-05 0.127615 0.244195 9.99478E-05
9.99474E-05 9.99474E-05 0.00323107 0.504264 9.99474E-05 0.0174623 9.99474E-05 9.99474E-05 0.474443 9.99474E-05
9.994E-05 9.994E-05 9.994E-05 0.137379 9.994E-05 0.485048 9.994E-05 0.102528 0.274446 9.994E-05
9.99382E-05 9.99382E-05 0.489045 9.99382E-05 0.440963 9.99382E-05 0.0692915 9.99382E-05 9.99382E-05 9.99382E-05
9.99387E-05 9.99387E-05 0.280463 9.99387E-05 9.99387E-05 9.99387E-05 9.99387E-05 9.99387E-05 0.126773 0.592065
9.99386E-05 9.99386E-05 0.634451 9.99386E-05 9.99386E-05 0.00768186 9.99386E-05 9.99386E-05 0.357168 9.99386E-05
9.99387E-05 0.65831 0.100773 0.240217 9.99387E-05 9.99387E-05 9.99387E-05 9.99387E-05 9.99387E-05 9.99387E-05
9.99559E-05 9.99559E-05 0.151918 0.223984 0.297028 0.147844 9.99559E-05 9.99559E-05 9.99559E-05 0.178727
0.0709535 9.99646E-05 0.452129 0.0915407 9.99646E-05 9.99646E-05 9.99646E-05 0.220526 0.0459079 0.118544
9.99734E-05 0.0006259 0.712495 0.0592042 9.99734E-05 9.99734E-05 0.0327955 0.0801271 0.0180706 0.0963814
9.99384E-05 9.99384E-05 9.99384E-05 9.99384E-05 0.601954 9.99384E-05 0.00485854 9.99384E-05 9.99384E-05 0.392488
9.99561E-05 0.118104 9.99561E-05 9.99561E-05 0.429934 9.99561E-05 9.99561E-05 0.106342 0.159872 0.185248
9.994E-05 9.994E-05 0.44591 0.017101 9.994E-05 9.994E-05 0.362675 0.173715 9.994E-05 9.994E-05
9.99298E-05 9.99298E-05 9.99298E-05 9.99298E-05 9.99298E-05 9.99298E-05 9.99298E-05 0.433835 0.565366 9.99298E-05
9.99649E-05 0.652445 0.0773819 0.0669097 9.99649E-05 0.0563094 0.0758777 9.99649E-05 9.99649E-05 0.0706762
0.0392826 0.456586 9.9956E-05 0.0721906 0.198692 9.9956E-05 9.9956E-05 9.9956E-05 0.232749 9.9956E-05
9.99648E-05 9.99648E-05 0.332338 9.99648E-05 0.223922 0.0732884 0.213733 0.0314309 0.124887 9.99648E-05
9.99296E-05 9.99296E-05 9.99296E-05 9.99296E-05 0.535587 9.99296E-05 9.99296E-05 0.463614 9.99296E-05 9.99296E-05
0.0516651 0.49833 9.99561E-05 0.361479 9.99561E-05 9.99561E-05 9.99561E-05 9.99561E-05 0.056949 0.0310774
9.99298E-05 0.587556 9.99298E-05 9.99298E-05 9.99298E-05 0.411644 9.99298E-05 9.99298E-05 9.99298E-05 9.99298E-05
0.181819 9.99388E-05 9.99388E-05 0.365178 9.99388E-05 9.99388E-05 9.99388E-05 9.99388E-05 9.99388E-05 0.452303
0.534645 9.99386E-05 0.262741 9.99386E-05 9.99386E-05 9.99386E-05 9.99386E-05 0.201915 9.99386E-05 9.99386E-05
9.9947E-05 0.243654 0.248086 0.147057 9.9947E-05 9.9947E-05 9.9947E-05 0.360603 9.9947E-05 9.9947E-05
9.99386E-05 0.316818 9.99386E-05 0.436305 9.99386E-05 9.99386E-05 9.99386E-05 0.246177 9.99386E-05 9.99386E-05
9.99292E-05 0.759781 9.99292E-05 9.99292E-05 9.99292E-05 9.99292E-05 9.99292E-05 9.99292E-05 0.239419 9.99292E-05
0.22 0.275092 0.42703 9.995E-05 0.0481279 0.0292495 9.995E-05 9.995E-05 9.995E-05 9.995E-05
9.99561E-05 9.99561E-05 0.25749 0.107659 9.99561E-05 9.99561E-05 9.99561E-05 0.253442 0.0509011 0.330008
9.99473E-05 9.99473E-05 0.399968 0.205041 0.269119 9.99473E-05 0.125272 9.99473E-05 9.99473E-05 9.99473E-05
9.99381E-05 0.351633 9.99381E-05 0.190289 9.99381E-05 0.457378 9.99381E-05 9.99381E-05 9.99381E-05 9.99381E-05
9.99557E-05 0.143994 0.0643044 0.0842687 9.99557E-05 9.99557E-05 9.99557E-05 0.418919 9.99557E-05 0.288014
9.9956E-05 0.0905316 9.9956E-05 0.140832 9.9956E-05 9.9956E-05 0.0179625 0.368035 0.382139 9.9956E-05
9.99385E-05 9.99385E-05 0.131424 0.296971 9.99385E-05 9.99385E-05 9.99385E-05 9.99385E-05 0.570906 9.99385E-05
0.627623 9.99473E-05 0.119791 0.130248 0.121738 9.99473E-05 9.99473E-05 9.99473E-05 9.99473E-05 9.99473E-05
0.390238 0.489384 0.0459635 9.99471E-05 9.99471E-05 9.99471E-05 0.0738144 9.99471E-05 9.99471E-05 9.99471E-05
9.993E-05 0.363186 9.993E-05 0.636015 9.993E-05 9.993E-05 9.993E-05 9.993E-05 9.993E-05 9.993E-05
0.0230416 9.9947E-05 0.26626 9.9947E-05 0.539174 0.170924 9.9947E-05 9.9947E-05 9.9947E-05 9.9947E-05
9.99298E-05 9.99298E-05 9.99298E-05 9.99298E-05 9.99298E-05 0.601588 9.99298E-05 0.397612 9.99298E-05 9.99298E-05
9.99561E-05 0.611362 9.99561E-05 9.99561E-05 0.0237762 9.99561E-05 0.0902977 0.210197 9.99561E-05 0.0638674
0.364033 9.99383E-05 9.99383E-05 9.99383E-05 9.99383E-05 0.593593 0.0416743 9.99383E-05 9.99383E-05 9.99383E-05
9.99653E-05 0.0249983 0.23124 0.0862051 9.99653E-05 9.99653E-05 0.238968 0.0412256 9.99653E-05 0.376963
0.140745 9.99474E-05 0.207397 0.103464 9.99474E-05 0.547795 9.99474E-05 9.99474E-05 9.99474E-05 9.99474E-05
0.147646 9.99477E-05 0.617647 9.99477E-05 9.99477E-05 0.233477 9.99477E-05 0.000630521 9.99477E-05 9.99477E-05
9.99476E-05 0.39369 0.468759 9.99476E-05 0.112648 0.0243033 9.99476E-05 9.99476E-05 9.99476E-05 9.99476E-05
9.99562E-05 9.99562E-05 9.99562E-05 9.99562E-05 0.177429 0.477853 0.198965 0.13545 9.99562E-05 0.00980226
9.99382E-05 0.433284 9.99382E-05 0.243319 9.99382E-05 0.322698 9.99382E-05 9.99382E-05 9.99382E-05 9.99382E-05
0.228595 0.59405 9.99382E-05 9.99382E-05 9.99382E-05 9.99382E-05 9.99382E-05 0.176656 9.99382E-05 9.99382E-05
0.116385 9.99468E-05 0.313136 9.99468E-05 9.99468E-05 9.99468E-05 0.232392 9.99468E-05 0.337487 9.99468E-05
0.0648398 0.34184 0.566308 9.99475E-05 0.0264118 9.99475E-05 9.99475E-05 9.99475E-05 9.99475E-05 9.99475E-05
0.220575 0.133556 0.322984 0.063732 9.99649E-05 9.99649E-05 0.194816 9.99649E-05 9.99649E-05 0.0639365
9.99472E-05 9.99472E-05 0.249045 9.99472E-05 0.2044 9.99472E-05 0.499269 0.0466869 9.99472E-05 9.99472E-05
9.99212E-05 9.99212E-05 9.99212E-05 9.99212E-05 9.99212E-05 9.99212E-05 9.99212E-05 9.99212E-05 0.999101 9.99212E-05
0.292563 0.195253 9.9956E-05 9.9956E-05 0.174223 0.122649 9.9956E-05 9.9956E-05 9.9956E-05 0.214812
0.0534858 0.258372 0.368721 9.99476E-05 9.99476E-05 9.99476E-05 0.318822 9.99476E-05 9.99476E-05 9.99476E-05
0.184902 9.99386E-05 0.325218 9.99386E-05 9.99386E-05 9.99386E-05 9.99386E-05 0.48918 9.99386E-05 9.99386E-05
9.99471E-05 0.51885 0.213214 0.150637 9.99471E-05 9.99471E-05 9.99471E-05 9.99471E-05 0.1167 9.99471E-05
9.9956E-05 0.109003 0.16639 0.525743 0.18762 9.9956E-05 9.9956E-05 0.0107431 9.9956E-05 9.9956E-05
9.99383E-05 9.99383E-05 0.149079 9.99383E-05 0.471279 9.99383E-05 0.378942 9.99383E-05 9.99383E-05 9.99383E-05
0.661924 0.0124529 0.0764944 9.99562E-05 9.99562E-05 0.219735 9.99562E-05 9.99562E-05 0.0288937 9.99562E-05
0.163185 9.99474E-05 0.224514 9.99474E-05 0.414586 9.99474E-05 9.99474E-05 0.197115 9.99474E-05 9.99474E-05
9.99651E-05 9.99651E-05 0.0979232 0.21356 0.195745 9.99651E-05 9.99651E-05 0.26006 0.0195534 0.212758
0.599241 9.9947E-05 9.9947E-05 0.0189896 9.9947E-05 0.0703775 9.9947E-05 9.9947E-05 9.9947E-05 0.310792
0.112204 0.0884682 0.00479986 9.9965E-05 9.9965E-05 9.9965E-05 9.9965E-05 0.0995934 0.416627 0.277907
0.166222 9.99381E-05 0.704306 9.99381E-05 9.99381E-05 9.99381E-05 0.128772 9.99381E-05 9.99381E-05 9.99381E-05
0.534718 0.286824 0.0748674 9.99472E-05 0.10299 9.99472E-05 9.99472E-05 9.99472E-05 9.99472E-05 9.99472E-05
9.99559E-05 9.99559E-05 0.0215407 9.99559E-05 0.081145 0.0188327 9.99559E-05 0.760754 0.117228 9.99559E-05
9.99471E-05 0.0755924 9.99471E-05 0.591623 0.218543 9.99471E-05 9.99471E-05 9.99471E-05 0.113642 9.99471E-05
0.592934 9.99391E-05 0.392704 9.99391E-05 9.99391E-05 9.99391E-05 0.0136624 9.99391E-05 9.99391E-05 9.99391E-05
0.506464 9.9939E-05 0.0130169 0.47982 9.9939E-05 9.9939E-05 9.9939E-05 9.9939E-05 9.9939E-05 9.9939E-05
9.994E-05 0.306812 9.994E-05 0.429249 9.994E-05 0.133257 0.130083 9.994E-05 9.994E-05 9.994E-05
0.085255 0.0192922 0.281193 9.99647E-05 0.495406 0.0526321 9.99647E-05 9.99647E-05 0.0658222 9.99647E-05
0.024286 0.222044 9.99387E-05 0.75297 9.99387E-05 9.99387E-05 9.99387E-05 9.99387E-05 9.99387E-05 9.99387E-05
9.99557E-05 9.99557E-05 0.0146799 0.155681 9.99557E-05 0.230463 0.307542 9.99557E-05 0.291135 9.99557E-05
9.9947E-05 0.0785426 0.502942 0.293066 9.9947E-05 9.9947E-05 0.12485 9.9947E-05 9.9947E-05 9.9947E-05
9.99307E-05 0.652037 9.99307E-05 9.99307E-05 9.99307E-05 9.99307E-05 9.99307E-05 9.99307E-05 9.99307E-05 0.347164
0.205443 9.9956E-05 0.533526 9.9956E-05 0.13058 0.0793719 9.9956E-05 9.9956E-05 0.0505802 9.9956E-05
9.99387E-05 0.452932 0.348451 9.99387E-05 9.99387E-05 9.99387E-05 9.99387E-05 9.99387E-05 0.197917 9.99387E-05
9.99214E-05 9.99214E-05 9.99214E-05 9.99214E-05 9.99214E-05 9.99214E-05 0.999101 9.99214E-05 9.99214E-05 9.99214E-05
0.0570345 9.99381E-05 9.99381E-05 9.99381E-05 9.99381E-05 0.358963 9.99381E-05 0.583303 9.99381E-05 9.99381E-05
9.99298E-05 9.99298E-05 0.913092 9.99298E-05 0.0861083 9.99298E-05 9.99298E-05 9.99298E-05 9.99298E-05 9.99298E-05
9.99473E-05 9.99473E-05 0.0485588 9.99473E-05 0.0571679 9.99473E-05 9.99473E-05 0.605296 0.288377 9.99473E-05
9.99471E-05 0.438223 9.99471E-05 9.99471E-05 0.185308 9.99471E-05 9.99471E-05 0.0335738 0.342295 9.99471E-05
9.99474E-05 0.342343 9.99474E-05 0.122115 9.99474E-05 9.99474E-05 9.99474E-05 0.459464 9.99474E-05 0.0754772
9.99384E-05 0.89033 9.99384E-05 9.99384E-05 9.99384E-05 9.99384E-05 9.99384E-05 0.0496817 0.0592889 9.99384E-05
0.0540147 0.661702 9.99475E-05 0.11623 9.99475E-05 9.99475E-05 9.99475E-05 0.167454 9.99475E-05 9.99475E-05
0.212834 0.344628 0.441838 9.99385E-05 9.99385E-05 9.99385E-05 9.99385E-05 9.99385E-05 9.99385E-05 9.99385E-05
9.99384E-05 9.99384E-05 0.630577 0.228753 9.99384E-05 9.99384E-05 9.99384E-05 9.99384E-05 9.99384E-05 0.13997
9.99472E-05 0.606845 9.99472E-05 9.99472E-05 9.99472E-05 0.0370723 9.99472E-05 0.268678 0.0868048 9.99472E-05
9.99648E-05 0.293643 0.234231 0.0508443 0.148738 9.99648E-05 9.99648E-05 0.0310337 0.241111 9.99648E-05
9.9939E-05 9.9939E-05 9.9939E-05 9.9939E-05 0.742232 9.9939E-05 0.186944 0.0701248 9.9939E-05 9.9939E-05
0.106433 9.99385E-05 9.99385E-05 0.472231 9.99385E-05 9.99385E-05 9.99385E-05 0.420636 9.99385E-05 9.99385E-05
9.99472E-05 0.0294605 0.0627448 9.99472E-05 9.99472E-05 0.793777 0.113418 9.99472E-05 9.99472E-05 9.99472E-05
0.0505701 0.705321 9.99387E-05 9.99387E-05 9.99387E-05 0.243409 9.99387E-05 9.99387E-05 9.99387E-05 9.99387E-05
0.520131 9.99383E-05 0.224819 9.99383E-05 9.99383E-05 9.99383E-05 9.99383E-05 9.99383E-05 9.99383E-05 0.25435
9.99386E-05 9.99386E-05 9.99386E-05 0.650763 0.279121 9.99386E-05 0.0694159 9.99386E-05 9.99386E-05 9.99386E-05
9.99389E-05 0.576122 0.369921 0.0532573 9.99389E-05 9.99389E-05 9.99389E-05 9.99389E-05 9.99389E-05 9.99389E-05
0.173799 9.9956E-05 0.011338 9.9956E-05 9.9956E-05 9.9956E-05 0.282736 0.394722 0.136904 9.9956E-05
9.99387E-05 0.601068 9.99387E-05 9.99387E-05 9.99387E-05 9.99387E-05 9.99387E-05 9.99387E-05 0.0816596 0.316573
0.122581 9.99384E-05 9.99384E-05 9.99384E-05 9.99384E-05 9.99384E-05 0.293545 0.583174 9.99384E-05 9.99384E-05
0.0563828 0.237053 0.297987 9.99473E-05 9.99473E-05 0.407977 9.99473E-05 9.99473E-05 9.99473E-05 9.99473E-05
9.99381E-05 0.471168 0.310248 9.99381E-05 9.99381E-05 0.217885 9.99381E-05 9.99381E-05 9.99381E-05 9.99381E-05
9.99556E-05 0.497612 9.99556E-05 0.209705 9.99556E-05 0.198231 9.99556E-05 0.0255728 0.0683797 9.99556E-05
9.99648E-05 9.99648E-05 0.219675 0.12162 0.0880452 9.99648E-05 0.2317 0.163797 0.174763 9.99648E-05
0.346889 9.99474E-05 9.99474E-05 9.99474E-05 9.99474E-05 9.99474E-05 0.115254 0.323389 9.99474E-05 0.213867
9.9965E-05 0.00873387 0.162419 0.462174 9.9965E-05 0.0466498 0.235935 9.9965E-05 0.0836889 9.9965E-05
0.175565 0.185105 9.99477E-05 9.99477E-05 9.99477E-05 9.99477E-05 9.99477E-05 9.99477E-05 0.610265 0.0284656
0.387026 9.99558E-05 0.12101 0.0954888 9.99558E-05 9.99558E-05 9.99558E-05 9.99558E-05 0.184832 0.211144
9.99388E-05 9.99388E-05 9.99388E-05 9.99388E-05 0.117702 0.312133 0.569465 9.99388E-05 9.99388E-05 9.99388E-05
0.416312 0.0341058 0.14919 9.996E-05 0.117927 0.185134 9.996E-05 9.996E-05 0.0969307 9.996E-05
0.0855305 9.99472E-05 0.241108 9.99472E-05 9.99472E-05 9.99472E-05 0.0135681 9.99472E-05 0.659193 9.99472E-05
0.00927084 9.99558E-05 0.0634222 0.0444311 0.359062 9.99558E-05 0.523315 9.99558E-05 9.99558E-05 9.99558E-05
9.99383E-05 9.99383E-05 0.440993 0.323331 9.99383E-05 9.99383E-05 9.99383E-05 0.234977 9.99383E-05 9.99383E-05
0.0404179 0.749966 9.99476E-05 9.99476E-05 9.99476E-05 9.99476E-05 0.182939 0.0260777 9.99476E-05 9.99476E-05
9.99471E-05 9.99471E-05 9.99471E-05 0.134633 9.99471E-05 9.99471E-05 0.215496 0.0631357 9.99471E-05 0.586136
0.0155864 9.99564E-05 0.128064 9.99564E-05 0.350585 9.99564E-05 0.108596 9.99564E-05 9.99564E-05 0.396669
0.297264 9.99385E-05 0.384961 0.317076 9.99385E-05 9.99385E-05 9.99385E-05 9.99385E-05 9.99385E-05 9.99385E-05
9.99381E-05 0.590771 9.99381E-05 0.253219 9.99381E-05 0.15531 9.99381E-05 9.99381E-05 9.99381E-05 9.99381E-05
9.99564E-05 9.99564E-05 0.00925979 9.99564E-05 0.018029 0.324721 9.99564E-05 0.479018 9.99564E-05 0.168473
0.259456 9.99387E-05 9.99387E-05 0.476232 9.99387E-05 9.99387E-05 9.99387E-05 9.99387E-05 9.99387E-05 0.263612
9.99476E-05 0.478458 0.191361 9.99476E-05 9.99476E-05 9.99476E-05 9.99476E-05 0.118737 9.99476E-05 0.210845
9.99561E-05 9.99561E-05 0.226745 9.99561E-05 0.430122 0.0320857 0.162177 9.99561E-05 0.14837 9.99561E-05
0.526118 9.99473E-05 0.426311 0.00403835 9.99473E-05 9.99473E-05 9.99473E-05 9.99473E-05 0.0429331 9.99473E-05
9.99295E-05 0.303412 0.695788 9.99295E-05 9.99295E-05 9.99295E-05 9.99295E-05 9.99295E-05 9.99295E-05 9.99295E-05
9.99386E-05 9.99386E-05 0.0431116 9.99386E-05 0.730677 9.99386E-05 9.99386E-05 0.225512 9.99386E-05 9.99386E-05
9.99471E-05 0.0481003 0.614674 9.99471E-05 0.270464 9.99471E-05 0.066162 9.99471E-05 9.99471E-05 9.99471E-05
0.435794 0.0638066 0.00781532 0.363534 0.0510648 0.0762157 9.99735E-05 9.99735E-05 9.99735E-05 0.00146945
9.99382E-05 0.394223 9.99382E-05 9.99382E-05 9.99382E-05 9.99382E-05 0.46222 0.142858 9.99382E-05 9.99382E-05
0.861209 0.0145557 0.123535 9.99388E-05 9.99388E-05 9.99388E-05 9.99388E-05 9.99388E-05 9.99388E-05 9.99388E-05
9.99558E-05 9.99558E-05 9.99558E-05 0.0364919 0.0060133 0.174682 9.99558E-05 9.99558E-05 0.463857 0.318456
0.158272 9.99384E-05 0.784409 9.99384E-05 9.99384E-05 9.99384E-05 9.99384E-05 9.99384E-05 0.0566192 9.99384E-05
9.99472E-05 9.99472E-05 0.208921 0.0818112 0.0445265 9.99472E-05 9.99472E-05 9.99472E-05 0.664142 9.99472E-05
9.9921E-05 0.999101 9.9921E-05 9.9921E-05 9.9921E-05 9.9921E-05 9.9921E-05 9.9921E-05 9.9921E-05 9.9921E-05
9.99387E-05 9.99387E-05 0.750282 9.99387E-05 9.99387E-05 0.211042 9.99387E-05 9.99387E-05 0.0379761 9.99387E-05
9.9956E-05 9.9956E-05 0.414943 9.9956E-05 0.129145 0.226709 9.9956E-05 0.113054 9.9956E-05 0.115649
0.0556393 9.99648E-05 0.270896 0.0625001 9.99648E-05 0.00462409 9.99648E-05 0.440035 0.165905 9.99648E-05
9.99648E-05 0.363243 0.172446 9.99648E-05 0.287962 0.046169 0.0301333 0.0996465 9.99648E-05 9.99648E-05
0.0834316 9.99476E-05 9.99476E-05 9.99476E-05 0.536372 9.99476E-05 9.99476E-05 9.99476E-05 0.327161 0.0524358
0.132262 9.99472E-05 9.99472E-05 0.402795 0.248305 9.99472E-05 9.99472E-05 9.99472E-05 0.216038 9.99472E-05
0.399481 9.99388E-05 9.99388E-05 9.99388E-05 9.99388E-05 0.0530163 9.99388E-05 9.99388E-05 9.99388E-05 0.546803
9.99381E-05 0.505759 9.99381E-05 0.051205 9.99381E-05 9.99381E-05 0.442336 9.99381E-05 9.99381E-05 9.99381E-05
0.197127 0.248092 9.99473E-05 0.310845 9.99473E-05 9.99473E-05 9.99473E-05 9.99473E-05 9.99473E-05 0.243336
0.205842 0.126735 0.308425 9.99559E-05 0.0438614 9.99559E-05 9.99559E-05 9.99559E-05 0.314637 9.99559E-05
9.99383E-05 0.459872 9.99383E-05 9.99383E-05 9.99383E-05 9.99383E-05 9.99383E-05 0.369706 0.169722 9.99383E-05
0.211761 9.99383E-05 9.99383E-05 0.781021 9.99383E-05 0.0065189 9.99383E-05 9.99383E-05 9.99383E-05 9.99383E-05
9.99297E-05 0.841309 0.157892 9.99297E-05 9.99297E-05 9.99297E-05 9.99297E-05 9.99297E-05 9.99297E-05 9.99297E-05
9.99471E-05 0.559496 0.0992331 9.99471E-05 9.99471E-05 0.148672 9.99471E-05 9.99471E-05 0.191999 9.99471E-05
9.99473E-05 0.371393 0.347538 9.99473E-05 0.144273 9.99473E-05 9.99473E-05 0.136197 9.99473E-05 9.99473E-05
0.0276463 0.397823 9.99561E-05 0.201395 9.99561E-05 0.137552 9.99561E-05 9.99561E-05 0.235084 9.99561E-05
9.99384E-05 9.99384E-05 9.99384E-05 0.811008 9.99384E-05 9.99384E-05 0.00879209 9.99384E-05 0.1795 9.99384E-05
0.339671 9.99475E-05 9.99475E-05 0.232327 0.0668339 9.99475E-05 9.99475E-05 9.99475E-05 0.360568 9.99475E-05
9.99382E-05 9.99382E-05 9.99382E-05 0.52562 9.99382E-05 0.118584 9.99382E-05 0.355096 9.99382E-05 9.99382E-05
9.99474E-05 0.0369367 0.56157 9.99474E-05 9.99474E-05 0.295231 9.99474E-05 0.105663 9.99474E-05 9.99474E-05
0.20993 0.209531 0.225087 9.99469E-05 9.99469E-05 9.99469E-05 0.354853 9.99469E-05 9.99469E-05 9.99469E-05
0.359777 0.194454 9.99473E-05 9.99473E-05 9.99473E-05 0.117946 9.99473E-05 0.327223 9.99473E-05 9.99473E-05
9.99473E-05 0.524059 9.99473E-05 9.99473E-05 9.99473E-05 0.1238 0.306865 9.99473E-05 9.99473E-05 0.0446766
9.99386E-05 9.99386E-05 0.151887 0.0811571 9.99386E-05 9.99386E-05 0.766256 9.99386E-05 9.99386E-05 9.99386E-05
0.0621217 9.99472E-05 0.276834 0.28468 9.99472E-05 9.99472E-05 0.375765 9.99472E-05 9.99472E-05 9.99472E-05
9.9921E-05 9.9921E-05 0.999101 9.9921E-05 9.9921E-05 9.9921E-05 9.9921E-05 9.9921E-05 9.9921E-05 9.9921E-05
0.00765441 0.149855 9.99649E-05 0.284815 0.0382361 9.99649E-05 0.26305 9.99649E-05 9.99649E-05 0.25599
0.0791915 9.99649E-05 0.325415 0.286981 0.185665 0.0969021 9.99649E-05 9.99649E-05 0.0254457 9.99649E-05
9.99558E-05 0.00567462 0.538533 0.0352065 9.99558E-05 9.99558E-05 9.99558E-05 0.402026 9.99558E-05 0.0180598
0.538178 0.138596 0.042051 9.9956E-05 0.251878 0.0287971 9.9956E-05 9.9956E-05 9.9956E-05 9.9956E-05
0.178005 9.99387E-05 0.820924 0.000371392 9.99387E-05 9.99387E-05 9.99387E-05 9.99387E-05 9.99387E-05 9.99387E-05
9.99559E-05 0.296597 0.139708 9.99559E-05 9.99559E-05 0.231047 0.181428 9.99559E-05 9.99559E-05 0.15072
9.99476E-05 9.99476E-05 0.238243 0.415769 0.0704482 9.99476E-05 9.99476E-05 9.99476E-05 9.99476E-05 0.27494
0.214299 0.234011 9.99472E-05 0.407091 9.99472E-05 9.99472E-05 9.99472E-05 9.99472E-05 9.99472E-05 0.143999
9.99649E-05 0.249121 0.0302341 0.101813 0.332312 9.99649E-05 0.0978755 0.188244 9.99649E-05 9.99649E-05
9.99295E-05 9.99295E-05 9.99295E-05 9.99295E-05 0.021301 9.99295E-05 0.9779 9.99295E-05 9.99295E-05 9.99295E-05
9.99736E-05 0.295308 0.0065002 0.0215131 0.170191 0.0730066 0.28134 9.99736E-05 0.151841 9.99736E-05
0.123779 0.00993358 0.0344332 0.0693762 0.289621 9.99735E-05 0.432989 0.0395686 9.99735E-05 9.99735E-05
0.367427 0.199716 0.00310056 0.163465 9.99646E-05 0.0445272 9.99646E-05 9.99646E-05 9.99646E-05 0.221365
0.399085 0.600116 9.993E-05 9.993E-05 9.993E-05 9.993E-05 9.993E-05 9.993E-05 9.993E-05 9.993E-05
9.99648E-05 0.166352 0.111072 9.99648E-05 0.101395 0.103358 9.99648E-05 9.99648E-05 0.177503 0.33992
9.99293E-05 9.99293E-05 9.99293E-05 9.99293E-05 0.550249 0.448951 9.99293E-05 9.99293E-05 9.99293E-05 9.99293E-05
9.99382E-05 0.315995 9.99382E-05 9.99382E-05 0.0410266 9.99382E-05 9.99382E-05 9.99382E-05 9.99382E-05 0.642278
0.0666914 9.99391E-05 0.816386 9.99391E-05 9.99391E-05 9.99391E-05 0.116223 9.99391E-05 9.99391E-05 9.99391E-05
0.216968 9.99564E-05 0.0920577 0.243002 9.99564E-05 0.0339103 9.99564E-05 0.413562 9.99564E-05 9.99564E-05
9.99425E-05 0.1086 9.99425E-05 9.99425E-05 9.99425E-05 0.0702225 9.99425E-05 9.99425E-05 9.99425E-05 0.820478
9.99294E-05 0.86821 9.99294E-05 9.99294E-05 0.13099 9.99294E-05 9.99294E-05 9.99294E-05 9.99294E-05 9.99294E-05
9.99382E-05 0.851052 9.99382E-05 9.99382E-05 0.130051 9.99382E-05 9.99382E-05 9.99382E-05 9.99382E-05 0.0181977
0.152095 9.99384E-05 0.833722 9.99384E-05 9.99384E-05 9.99384E-05 0.0134832 9.99384E-05 9.99384E-05 9.99384E-05
9.99389E-05 0.454781 9.99389E-05 9.99389E-05 0.495853 9.99389E-05 0.0486658 9.99389E-05 9.99389E-05 9.99389E-05
0.0196994 0.388624 0.0091952 0.327135 0.254846 9.99562E-05 9.99562E-05 9.99562E-05 9.99562E-05 9.99562E-05
0.343558 9.99556E-05 0.123326 0.18591 0.14761 9.99556E-05 9.99556E-05 9.99556E-05 9.99556E-05 0.199097
0.138982 0.39116 9.9947E-05 0.213668 9.9947E-05 9.9947E-05 0.255591 9.9947E-05 9.9947E-05 9.9947E-05
9.99295E-05 9.99295E-05 9.99295E-05 0.704786 0.294415 9.99295E-05 9.99295E-05 9.99295E-05 9.99295E-05 9.99295E-05
9.99385E-05 9.99385E-05 9.99385E-05 9.99385E-05 0.0117196 9.99385E-05 9.99385E-05 9.99385E-05 0.0998614 0.887719
9.99382E-05 9.99382E-05 9.99382E-05 0.203155 0.400708 9.99382E-05 9.99382E-05 9.99382E-05 0.395438 9.99382E-05
9.99472E-05 0.580289 9.99472E-05 0.0179138 0.102122 9.99472E-05 9.99472E-05 9.99472E-05 9.99472E-05 0.299076
9.99647E-05 0.029045 0.098121 0.268298 9.99647E-05 9.99647E-05 9.99647E-05 0.295077 0.0554575 0.253602
9.9929E-05 9.9929E-05 0.765013 9.9929E-05 9.9929E-05 0.234187 9.9929E-05 9.9929E-05 9.9929E-05 9.9929E-05
9.99559E-05 9.99559E-05 0.104295 9.99559E-05 0.221546 0.0790167 9.99559E-05 9.99559E-05 0.302833 0.291811
9.99471E-05 0.413937 9.99471E-05 0.339351 9.99471E-05 0.116992 9.99471E-05 0.129121 9.99471E-05 9.99471E-05
9.99379E-05 0.141581 0.640211 0.217508 9.99379E-05 9.99379E-05 9.99379E-05 9.99379E-05 9.99379E-05 9.99379E-05
9.99385E-05 9.99385E-05 9.99385E-05 9.99385E-05 0.00128126 9.99385E-05 0.0323714 0.965648 9.99385E-05 9.99385E-05
9.99384E-05 0.597109 9.99384E-05 9.99384E-05 0.154536 9.99384E-05 9.99384E-05 0.247656 9.99384E-05 9.99384E-05
0.0238926 9.99559E-05 0.384281 9.99559E-05 0.0765228 9.99559E-05 9.99559E-05 9.99559E-05 0.125289 0.389515
0.0750059 0.394918 9.99558E-05 0.0233144 0.488455 0.0178076 9.99558E-05 9.99558E-05 9.99558E-05 9.99558E-05
9.99476E-05 0.0738282 9.99476E-05 0.123767 9.99476E-05 0.794264 9.99476E-05 0.00754128 9.99476E-05 9.99476E-05
0.304567 0.0101132 0.196726 9.99646E-05 9.99646E-05 9.99646E-05 0.24496 0.123405 9.99646E-05 0.11983
9.99561E-05 9.99561E-05 0.351515 0.0607192 9.99561E-05 0.130338 0.426862 9.99561E-05 9.99561E-05 0.0300658
0.253324 0.166964 0.0371033 9.99558E-05 0.00610314 0.536006 9.99558E-05 9.99558E-05 9.99558E-05 9.99558E-05
0.474932 9.99471E-05 9.99471E-05 9.99471E-05 9.99471E-05 9.99471E-05 0.176297 0.133684 0.214487 9.99471E-05
9.99389E-05 9.99389E-05 9.99389E-05 9.99389E-05 9.99389E-05 0.190702 9.99389E-05 9.99389E-05 0.774142 0.034457
0.139805 9.99387E-05 0.319527 9.99387E-05 9.99387E-05 9.99387E-05 0.539969 9.99387E-05 9.99387E-05 9.99387E-05
9.99561E-05 0.258694 9.99561E-05 0.186121 9.99561E-05 0.3052 9.99561E-05 0.193989 9.99561E-05 0.0554958
9.99386E-05 0.378471 9.99386E-05 0.557128 9.99386E-05 9.99386E-05 0.0637008 9.99386E-05 9.99386E-05 9.99386E-05
0.422744 0.490174 0.0863825 9.99385E-05 9.99385E-05 9.99385E-05 9.99385E-05 9.99385E-05 9.99385E-05 9.99385E-05
0.291164 9.99562E-05 0.0132914 9.99562E-05 0.219813 9.99562E-05 0.437374 9.99562E-05 9.99562E-05 0.0378575
0.0527001 9.99384E-05 9.99384E-05 0.871064 9.99384E-05 9.99384E-05 9.99384E-05 0.0755359 9.99384E-05 9.99384E-05
9.99295E-05 9.99295E-05 0.0522006 9.99295E-05 9.99295E-05 9.99295E-05 0.947 9.99295E-05 9.99295E-05 9.99295E-05
9.99564E-05 9.99564E-05 0.281396 0.198694 0.218128 9.99564E-05 0.0287502 9.99564E-05 9.99564E-05 0.272532
9.99387E-05 0.325547 0.247795 9.99387E-05 9.99387E-05 9.99387E-05 9.99387E-05 0.425958 9.99387E-05 9.99387E-05
0.525079 0.0767833 0.289288 0.10825 9.9947E-05 9.9947E-05 9.9947E-05 9.9947E-05 9.9947E-05 9.9947E-05
9.99386E-05 0.548817 9.99386E-05 9.99386E-05 9.99386E-05 9.99386E-05 9.99386E-05 0.210548 0.239935 9.99386E-05
9.99474E-05 0.218858 9.99474E-05 9.99474E-05 0.146489 0.227732 9.99474E-05 0.406321 9.99474E-05 9.99474E-05
0.130179 9.99472E-05 9.99472E-05 0.204155 9.99472E-05 0.146319 0.518748 9.99472E-05 9.99472E-05 9.99472E-05
9.99297E-05 9.99297E-05 9.99297E-05 0.211501 9.99297E-05 0.7877 9.99297E-05 9.99297E-05 9.99297E-05 9.99297E-05
9.9965E-05 9.9965E-05 0.507918 0.123947 0.0467583 9.9965E-05 0.250039 0.0523625 0.0185754 9.9965E-05
0.24026 9.99387E-05 0.725751 9.99387E-05 9.99387E-05 9.99387E-05 9.99387E-05 9.99387E-05 0.0332895 9.99387E-05
9.99302E-05 9.99302E-05 0.860155 9.99302E-05 9.99302E-05 9.99302E-05 0.139046 9.99302E-05 9.99302E-05 9.99302E-05
