0.122186 9.9991E-05 0.123607 0.754107
9.9982E-05 9.9982E-05 0.0425121 0.957288
0.453457 9.9982E-05 9.9982E-05 0.546343
0.156483 0.229429 9.9991E-05 0.613988
0.655566 9.9982E-05 0.344234 9.9982E-05
0.0600275 0.939773 9.9982E-05 9.9982E-05
0.860097 0.0967802 0.0430227 9.9991E-05
0.00184459 9.9991E-05 0.0156091 0.982446
9.9982E-05 0.698523 0.301277 9.9982E-05
0.803095 9.9982E-05 0.196705 9.9982E-05
0.9997 9.998E-05 9.998E-05 9.998E-05
9.999E-05 0.0492073 0.0328009 0.917892
0.463771 0.0814277 0.454701 9.9991E-05
0.778074 0.0310426 9.9991E-05 0.190784
0.426835 9.9982E-05 0.572965 9.9982E-05
0.0539417 0.136105 0.809854 9.9991E-05
0.0663782 0.0599843 9.9991E-05 0.873538
0.352884 0.295829 0.351187 9.9991E-05
9.9982E-05 0.968284 9.9982E-05 0.0315161
9.99821E-05 0.114717 0.885083 9.99821E-05
9.9991E-05 0.029328 0.875155 0.0954171
9.9991E-05 0.550847 0.365365 0.0836884
0.136705 0.00860173 0.854593 9.9991E-05
0.176255 0.0278507 0.186099 0.609795
0.808043 0.0402733 9.9991E-05 0.151583
0.281467 9.9982E-05 0.718333 9.9982E-05
0.239559 9.99821E-05 9.99821E-05 0.760241
0.24719 0.655537 0.097173 9.9991E-05
9.998E-05 9.998E-05 9.998E-05 0.9997
9.99821E-05 0.677698 9.99821E-05 0.322102
0.9997 9.998E-05 9.998E-05 9.998E-05
0.9997 9.998E-05 9.998E-05 9.998E-05
0.956759 9.9982E-05 0.0430415 9.9982E-05
0.0896212 0.905473 9.9991E-05 0.0048061
0.0673637 0.173089 9.9991E-05 0.759448
9.9982E-05 0.262225 0.737575 9.9982E-05
9.9982E-05 0.874394 0.125406 9.9982E-05
0.0298372 0.969963 9.9982E-05 9.9982E-05
0.745696 0.254104 9.99821E-05 9.99821E-05
9.9991E-05 0.777345 0.0692953 0.15326
9.9982E-05 0.785423 9.9982E-05 0.214377
9.9982E-05 0.123181 9.9982E-05 0.876619
9.998E-05 9.998E-05 0.9997 9.998E-05
0.825169 9.9982E-05 9.9982E-05 0.174631
0.33179 9.9982E-05 0.66801 9.9982E-05
9.998E-05 9.998E-05 9.998E-05 0.9997
9.9982E-05 0.365446 0.634354 9.9982E-05
9.99821E-05 0.94515 0.0546497 9.99821E-05
0.234676 9.9991E-05 0.683346 0.0818783
9.9982E-05 0.32508 0.67472 9.9982E-05
