0.240964 9.99461E-05 9.99461E-05 0.0313008 9.99461E-05 9.99461E-05 0.624184 0.102952 9.99461E-05 9.99461E-05
9.99371E-05 9.99371E-05 0.0589694 9.99371E-05 0.119518 9.99371E-05 0.820813 9.99371E-05 9.99371E-05 9.99371E-05
0.657227 9.99371E-05 0.0192151 9.99371E-05 9.99371E-05 9.99371E-05 0.322859 9.99371E-05 9.99371E-05 9.99371E-05
9.99282E-05 9.99282E-05 9.99282E-05 9.99282E-05 0.984609 9.99282E-05 9.99282E-05 0.0145915 9.99282E-05 9.99282E-05
0.075419 9.9937E-05 9.9937E-05 0.904361 9.9937E-05 9.9937E-05 9.9937E-05 9.9937E-05 9.9937E-05 0.0195205
0.135108 0.748494 9.99371E-05 9.99371E-05 9.99371E-05 9.99371E-05 9.99371E-05 0.115698 9.99371E-05 9.99371E-05
9.99371E-05 9.99371E-05 0.013567 9.99371E-05 9.99371E-05 9.99371E-05 9.99371E-05 0.0902728 9.99371E-05 0.895461
0.0494503 9.99462E-05 9.99462E-05 9.99462E-05 9.99462E-05 0.0134039 0.907896 9.99462E-05 0.0286503 9.99462E-05
9.99201E-05 9.99201E-05 9.99201E-05 9.99201E-05 9.99201E-05 9.99201E-05 9.99201E-05 0.999101 9.99201E-05 9.99201E-05
9.9937E-05 9.9937E-05 9.9937E-05 0.617463 9.9937E-05 9.9937E-05 9.9937E-05 9.9937E-05 0.325029 0.0568085
9.99201E-05 9.99201E-05 9.99201E-05 9.99201E-05 9.99201E-05 9.99201E-05 9.99201E-05 9.99201E-05 0.999101 9.99201E-05
9.9937E-05 0.17223 9.9937E-05 9.9937E-05 9.9937E-05 9.9937E-05 0.825634 9.9937E-05 9.9937E-05 0.00143653
0.0781135 9.99551E-05 9.99551E-05 0.445174 9.99551E-05 0.00977782 9.99551E-05 0.293848 9.99551E-05 0.172587
9.99371E-05 9.99371E-05 9.99371E-05 9.99371E-05 0.10104 0.0462763 9.99371E-05 9.99371E-05 9.99371E-05 0.851984
9.99282E-05 0.0363215 9.99282E-05 0.962879 9.99282E-05 9.99282E-05 9.99282E-05 9.99282E-05 9.99282E-05 9.99282E-05
0.103827 9.99461E-05 0.706239 9.99461E-05 9.99461E-05 9.99461E-05 9.99461E-05 0.181039 0.00829583 9.99461E-05
9.99371E-05 0.11914 9.99371E-05 9.99371E-05 0.180355 9.99371E-05 0.699805 9.99371E-05 9.99371E-05 9.99371E-05
0.00591537 0.0813966 0.247778 9.99549E-05 9.99549E-05 9.99549E-05 9.99549E-05 0.246658 0.417752 9.99549E-05
9.99201E-05 0.999101 9.99201E-05 9.99201E-05 9.99201E-05 9.99201E-05 9.99201E-05 9.99201E-05 9.99201E-05 9.99201E-05
9.99201E-05 9.99201E-05 0.999101 9.99201E-05 9.99201E-05 9.99201E-05 9.99201E-05 9.99201E-05 9.99201E-05 9.99201E-05
9.99281E-05 9.99281E-05 0.739607 9.99281E-05 9.99281E-05 0.259593 9.99281E-05 9.99281E-05 9.99281E-05 9.99281E-05
9.99371E-05 9.99371E-05 9.99371E-05 9.99371E-05 9.99371E-05 0.00751655 0.0576462 0.934138 9.99371E-05 9.99371E-05
0.0122022 9.99461E-05 0.868513 0.0606552 9.99461E-05 9.99461E-05 9.99461E-05 9.99461E-05 0.0580303 9.99461E-05
9.99281E-05 9.99281E-05 0.179571 9.99281E-05 0.819629 9.99281E-05 9.99281E-05 9.99281E-05 9.99281E-05 9.99281E-05
0.979704 9.99371E-05 9.99371E-05 9.99371E-05 9.99371E-05 0.00530517 9.99371E-05 0.0142915 9.99371E-05 9.99371E-05
9.99281E-05 9.99281E-05 0.263919 0.735282 9.99281E-05 9.99281E-05 9.99281E-05 9.99281E-05 9.99281E-05 9.99281E-05
9.99201E-05 9.99201E-05 9.99201E-05 9.99201E-05 0.999101 9.99201E-05 9.99201E-05 9.99201E-05 9.99201E-05 9.99201E-05
9.99201E-05 9.99201E-05 9.99201E-05 9.99201E-05 9.99201E-05 0.999101 9.99201E-05 9.99201E-05 9.99201E-05 9.99201E-05
9.99201E-05 9.99201E-05 9.99201E-05 9.99201E-05 9.99201E-05 9.99201E-05 0.999101 9.99201E-05 9.99201E-05 9.99201E-05
9.99462E-05 0.438752 9.99462E-05 9.99462E-05 0.115277 0.232411 0.212961 9.99462E-05 9.99462E-05 9.99462E-05
0.0876266 9.99281E-05 9.99281E-05 9.99281E-05 9.99281E-05 9.99281E-05 9.99281E-05 9.99281E-05 9.99281E-05 0.911574
0.968723 9.99282E-05 9.99282E-05 9.99282E-05 9.99282E-05 9.99282E-05 9.99282E-05 9.99282E-05 9.99282E-05 0.0304776
9.993E-05 9.993E-05 9.993E-05 0.373279 9.993E-05 9.993E-05 9.993E-05 9.993E-05 0.0622314 0.563791
0.074569 0.730092 9.99371E-05 9.99371E-05 9.99371E-05 9.99371E-05 9.99371E-05 0.194639 9.99371E-05 9.99371E-05
0.00927342 9.99461E-05 9.99461E-05 9.99461E-05 0.718388 0.0309189 0.24082 9.99461E-05 9.99461E-05 9.99461E-05
9.9946E-05 0.140883 0.82885 9.9946E-05 9.9946E-05 9.9946E-05 0.0143584 0.0153085 9.9946E-05 9.9946E-05
9.99281E-05 0.504476 9.99281E-05 9.99281E-05 9.99281E-05 9.99281E-05 9.99281E-05 0.494724 9.99281E-05 9.99281E-05
9.9946E-05 0.713829 9.9946E-05 9.9946E-05 9.9946E-05 0.122955 9.9946E-05 0.0982349 0.0643819 9.9946E-05
9.99281E-05 9.99281E-05 9.99281E-05 9.99281E-05 9.99281E-05 9.99281E-05 0.0659822 9.99281E-05 0.933218 9.99281E-05
9.99551E-05 0.769833 9.99551E-05 0.0464375 0.100325 0.0278874 9.99551E-05 0.0550179 9.99551E-05 9.99551E-05
9.9937E-05 0.773013 9.9937E-05 9.9937E-05 9.9937E-05 0.0573428 0.168944 9.9937E-05 9.9937E-05 9.9937E-05
9.99371E-05 0.145049 9.99371E-05 9.99371E-05 9.99371E-05 0.0363988 0.817853 9.99371E-05 9.99371E-05 9.99371E-05
9.99283E-05 9.99283E-05 0.918097 0.0811033 9.99283E-05 9.99283E-05 9.99283E-05 9.99283E-05 9.99283E-05 9.99283E-05
0.999101 9.99201E-05 9.99201E-05 9.99201E-05 9.99201E-05 9.99201E-05 9.99201E-05 9.99201E-05 9.99201E-05 9.99201E-05
9.99371E-05 9.99371E-05 0.132074 0.806338 9.99371E-05 0.0608891 9.99371E-05 9.99371E-05 9.99371E-05 9.99371E-05
9.99462E-05 9.99462E-05 0.0617016 9.99462E-05 0.0604184 9.99462E-05 0.859534 9.99462E-05 9.99462E-05 0.0177459
9.99281E-05 9.99281E-05 0.398655 9.99281E-05 9.99281E-05 9.99281E-05 9.99281E-05 0.600546 9.99281E-05 9.99281E-05
9.99372E-05 0.840544 0.139694 0.0190631 9.99372E-05 9.99372E-05 9.99372E-05 9.99372E-05 9.99372E-05 9.99372E-05
9.99551E-05 9.99551E-05 0.304225 0.566941 0.105964 9.99551E-05 0.0178341 0.00453681 9.99551E-05 9.99551E-05
9.9946E-05 0.299776 0.671055 9.9946E-05 9.9946E-05 9.9946E-05 9.9946E-05 9.9946E-05 0.0247418 0.00382756
