0.642926 0.0935139 9.99461E-05 9.99461E-05 9.99461E-05 9.99461E-05 0.176165 0.0867956 9.99461E-05 9.99461E-05
0.943843 9.9946E-05 0.0035656 0.00662178 9.9946E-05 9.9946E-05 9.9946E-05 0.0453704 9.9946E-05 9.9946E-05
0.375745 0.623455 9.99282E-05 9.99282E-05 9.99282E-05 9.99282E-05 9.99282E-05 9.99282E-05 9.99282E-05 9.99282E-05
9.99282E-05 9.99282E-05 0.997066 9.99282E-05 9.99282E-05 0.00213454 9.99282E-05 9.99282E-05 9.99282E-05 9.99282E-05
9.9937E-05 9.9937E-05 0.0837451 9.9937E-05 0.863813 9.9937E-05 0.0517426 9.9937E-05 9.9937E-05 9.9937E-05
0.0305424 0.0614702 9.9964E-05 9.9964E-05 9.9964E-05 0.0230867 9.9964E-05 0.0763258 0.0592937 0.748881
9.9964E-05 0.259633 0.0174541 0.0867874 9.9964E-05 0.214064 0.274414 9.9964E-05 0.147248 9.9964E-05
0.881905 0.0753896 0.0420054 9.99372E-05 9.99372E-05 9.99372E-05 9.99372E-05 9.99372E-05 9.99372E-05 9.99372E-05
9.99371E-05 9.99371E-05 9.99371E-05 9.99371E-05 9.99371E-05 0.408984 9.99371E-05 0.158601 9.99371E-05 0.431716
9.99201E-05 9.99201E-05 9.99201E-05 9.99201E-05 0.848903 9.99201E-05 9.99201E-05 9.99201E-05 0.150297 9.99201E-05
9.99201E-05 9.99201E-05 9.99201E-05 9.99201E-05 9.99201E-05 9.99201E-05 9.99201E-05 9.99201E-05 0.999101 9.99201E-05
0.786229 9.99371E-05 9.99371E-05 9.99371E-05 0.0206815 9.99371E-05 9.99371E-05 9.99371E-05 9.99371E-05 0.19239
0.0103693 0.147111 9.9964E-05 0.161874 0.333598 0.259882 0.0867663 9.9964E-05 9.9964E-05 9.9964E-05
9.99201E-05 9.99201E-05 9.99201E-05 9.99201E-05 9.99201E-05 9.99201E-05 0.999101 9.99201E-05 9.99201E-05 9.99201E-05
9.99282E-05 9.99282E-05 9.99282E-05 0.0646118 0.934589 9.99282E-05 9.99282E-05 9.99282E-05 9.99282E-05 9.99282E-05
9.99201E-05 9.99201E-05 9.99201E-05 9.99201E-05 9.99201E-05 0.999101 9.99201E-05 9.99201E-05 9.99201E-05 9.99201E-05
0.529811 9.99371E-05 0.343055 9.99371E-05 9.99371E-05 9.99371E-05 9.99371E-05 9.99371E-05 9.99371E-05 0.126434
9.9955E-05 0.00407136 9.9955E-05 9.9955E-05 0.0832349 0.580858 9.9955E-05 9.9955E-05 0.215859 0.115477
0.0237623 9.99281E-05 9.99281E-05 9.99281E-05 9.99281E-05 9.99281E-05 9.99281E-05 9.99281E-05 9.99281E-05 0.975438
9.99201E-05 9.99201E-05 9.99201E-05 9.99201E-05 9.99201E-05 9.99201E-05 9.99201E-05 0.999101 9.99201E-05 9.99201E-05
9.99551E-05 9.99551E-05 0.0497976 0.0361393 9.99551E-05 0.558059 0.0119462 0.343558 9.99551E-05 9.99551E-05
9.99371E-05 9.99371E-05 0.0705922 9.99371E-05 9.99371E-05 0.603594 9.99371E-05 9.99371E-05 9.99371E-05 0.325115
9.9928E-05 9.9928E-05 9.9928E-05 9.9928E-05 0.118488 0.880713 9.9928E-05 9.9928E-05 9.9928E-05 9.9928E-05
9.99461E-05 9.99461E-05 0.725836 0.0819574 9.99461E-05 9.99461E-05 9.99461E-05 0.157401 0.0342054 9.99461E-05
9.99371E-05 0.839915 0.117728 0.0416576 9.99371E-05 9.99371E-05 9.99371E-05 9.99371E-05 9.99371E-05 9.99371E-05
9.99371E-05 9.99371E-05 9.99371E-05 9.99371E-05 0.699807 0.138119 9.99371E-05 0.161374 9.99371E-05 9.99371E-05
9.99371E-05 0.0206161 0.966457 9.99371E-05 9.99371E-05 9.99371E-05 0.0122272 9.99371E-05 9.99371E-05 9.99371E-05
9.99461E-05 9.99461E-05 9.99461E-05 0.138037 9.99461E-05 0.0659619 0.370843 9.99461E-05 9.99461E-05 0.424559
0.978679 9.99373E-05 9.99373E-05 0.00922405 9.99373E-05 9.99373E-05 9.99373E-05 9.99373E-05 0.0113977 9.99373E-05
0.121978 9.99462E-05 0.215441 9.99462E-05 9.99462E-05 9.99462E-05 0.02112 9.99462E-05 9.99462E-05 0.640862
9.99372E-05 0.935394 9.99372E-05 9.99372E-05 9.99372E-05 9.99372E-05 0.00993044 9.99372E-05 0.0539762 9.99372E-05
9.99201E-05 0.999101 9.99201E-05 9.99201E-05 9.99201E-05 9.99201E-05 9.99201E-05 9.99201E-05 9.99201E-05 9.99201E-05
9.9946E-05 0.267053 9.9946E-05 9.9946E-05 0.349614 9.9946E-05 0.152131 9.9946E-05 0.230602 9.9946E-05
9.99461E-05 0.0663003 9.99461E-05 9.99461E-05 9.99461E-05 0.093338 0.00745744 9.99461E-05 9.99461E-05 0.832305
9.99281E-05 9.99281E-05 0.98298 9.99281E-05 9.99281E-05 9.99281E-05 9.99281E-05 9.99281E-05 9.99281E-05 0.0162209
0.0176909 0.0466514 9.99461E-05 9.99461E-05 9.99461E-05 0.076124 9.99461E-05 0.858934 9.99461E-05 9.99461E-05
9.99282E-05 9.99282E-05 9.99282E-05 9.99282E-05 9.99282E-05 9.99282E-05 9.99282E-05 0.222455 9.99282E-05 0.776746
9.9946E-05 0.0097632 9.9946E-05 9.9946E-05 9.9946E-05 0.122291 9.9946E-05 9.9946E-05 0.0526682 0.814678
0.0485543 9.99281E-05 9.99281E-05 9.99281E-05 9.99281E-05 9.99281E-05 9.99281E-05 9.99281E-05 0.950646 9.99281E-05
9.99462E-05 9.99462E-05 0.165329 9.99462E-05 0.0210709 9.99462E-05 9.99462E-05 9.99462E-05 0.0121761 0.800824
0.143601 0.00197886 9.99371E-05 9.99371E-05 9.99371E-05 9.99371E-05 9.99371E-05 9.99371E-05 9.99371E-05 0.853721
0.780979 9.99281E-05 9.99281E-05 9.99281E-05 9.99281E-05 9.99281E-05 9.99281E-05 9.99281E-05 9.99281E-05 0.218222
9.99282E-05 9.99282E-05 9.99282E-05 9.99282E-05 0.0870211 9.99282E-05 9.99282E-05 0.912179 9.99282E-05 9.99282E-05
9.99201E-05 0.999101 9.99201E-05 9.99201E-05 9.99201E-05 9.99201E-05 9.99201E-05 9.99201E-05 9.99201E-05 9.99201E-05
9.99461E-05 9.99461E-05 9.99461E-05 0.226251 0.601798 9.99461E-05 0.0663048 0.105047 9.99461E-05 9.99461E-05
0.854729 9.99371E-05 0.0380354 9.99371E-05 9.99371E-05 0.106536 9.99371E-05 9.99371E-05 9.99371E-05 9.99371E-05
9.9955E-05 9.9955E-05 9.9955E-05 0.034092 9.9955E-05 0.257242 0.000158692 0.505458 9.9955E-05 0.20255
9.99372E-05 9.99372E-05 9.99372E-05 9.99372E-05 9.99372E-05 0.20033 9.99372E-05 0.0596689 9.99372E-05 0.739302
9.99201E-05 9.99201E-05 9.99201E-05 0.999101 9.99201E-05 9.99201E-05 9.99201E-05 9.99201E-05 9.99201E-05 9.99201E-05
9.99461E-05 9.99461E-05 9.99461E-05 9.99461E-05 9.99461E-05 9.99461E-05 0.00636524 0.724515 0.0748033 0.193717
