9.99913E-05 0.226372 0.179853 0.593675
0.144815 0.0123586 9.99912E-05 0.842727
0.0910467 0.354481 9.99912E-05 0.554372
0.557899 0.188612 0.0215059 0.231983
9.99825E-05 9.99825E-05 0.0524071 0.947393
0.775567 0.224233 9.99824E-05 9.99824E-05
9.998E-05 0.9997 9.998E-05 9.998E-05
0.95805 9.99825E-05 0.0417505 9.99825E-05
9.999E-05 0.177081 0.482839 0.339979
9.998E-05 0.9997 9.998E-05 9.998E-05
0.586029 0.0712602 9.99912E-05 0.342611
0.609234 9.99825E-05 0.390566 9.99825E-05
0.0690189 0.368394 0.562487 9.99912E-05
0.688613 0.294858 9.99911E-05 0.0164294
0.855755 0.144045 9.99824E-05 9.99824E-05
0.0863436 9.99825E-05 9.99825E-05 0.913456
0.486868 9.99824E-05 9.99824E-05 0.512932
9.99825E-05 0.714046 9.99825E-05 0.285754
9.998E-05 9.998E-05 0.9997 9.998E-05
9.998E-05 0.9997 9.998E-05 9.998E-05
9.99912E-05 0.0531203 0.169791 0.776989
0.192811 9.99913E-05 0.43265 0.374439
0.878037 0.121764 9.99826E-05 9.99826E-05
0.284473 9.99912E-05 0.490369 0.225058
0.199061 0.278617 0.522222 9.99912E-05
0.0631315 0.490908 9.99913E-05 0.44586
0.862835 9.99823E-05 0.136965 9.99823E-05
0.676362 0.323438 9.99824E-05 9.99824E-05
9.998E-05 9.998E-05 9.998E-05 0.9997
0.524067 9.99828E-05 9.99828E-05 0.475733
9.998E-05 9.998E-05 9.998E-05 0.9997
9.99825E-05 0.347102 9.99825E-05 0.652698
9.99913E-05 0.365976 0.338131 0.295793
9.99912E-05 0.0146204 0.58499 0.40029
0.9997 9.998E-05 9.998E-05 9.998E-05
0.241705 0.0481857 0.710009 9.99912E-05
0.342551 0.333259 9.99912E-05 0.32409
0.509992 9.99824E-05 9.99824E-05 0.489808
0.281306 0.519546 0.109943 0.0892046
9.998E-05 9.998E-05 0.9997 9.998E-05
0.745095 0.197534 9.99912E-05 0.0572711
0.372325 0.381674 0.2459 9.99913E-05
9.99824E-05 0.735849 9.99824E-05 0.263951
0.601949 9.99912E-05 0.112588 0.285362
0.360221 0.561725 0.0779545 9.99912E-05
0.73681 0.26299 9.99825E-05 9.99825E-05
0.400783 0.245234 0.0752244 0.278758
0.609318 9.99826E-05 9.99826E-05 0.390482
0.880598 9.99912E-05 0.0330385 0.0862634
0.227404 9.99912E-05 0.274388 0.498108
0.803554 0.196246 9.99823E-05 9.99823E-05
0.840475 9.99824E-05 0.159325 9.99824E-05
0.436866 9.99912E-05 0.294494 0.26854
0.0286019 0.147665 9.99912E-05 0.823633
0.392288 9.99912E-05 0.234279 0.373333
0.284245 0.0406732 9.99913E-05 0.674982
0.673981 0.156417 0.169502 9.99912E-05
0.725684 9.99824E-05 9.99824E-05 0.274116
0.519748 0.00497405 0.167863 0.307415
0.9997 9.998E-05 9.998E-05 9.998E-05
9.99825E-05 0.893565 0.106235 9.99825E-05
9.998E-05 9.998E-05 9.998E-05 0.9997
0.310655 0.104009 0.0886595 0.496677
0.559626 0.440174 9.99825E-05 9.99825E-05
0.18121 0.280871 0.290254 0.247665
0.9997 9.998E-05 9.998E-05 9.998E-05
9.99824E-05 0.720688 9.99824E-05 0.279112
0.574707 9.99824E-05 9.99824E-05 0.425093
9.99826E-05 9.99826E-05 0.867405 0.132395
9.99913E-05 0.0248038 0.541471 0.433625
9.99824E-05 0.12674 9.99824E-05 0.87306
0.897159 9.99823E-05 9.99823E-05 0.102641
9.99828E-05 0.134 9.99828E-05 0.8658
9.99825E-05 9.99825E-05 0.699896 0.299904
0.340612 9.99912E-05 0.354733 0.304555
0.430221 0.0578527 9.99913E-05 0.511826
0.219192 0.00869934 9.99912E-05 0.772009
0.224004 9.99823E-05 9.99823E-05 0.775796
9.99912E-05 0.30355 0.503216 0.193134
9.99825E-05 0.15792 0.84188 9.99825E-05
0.0608821 9.99912E-05 0.0945634 0.844455
9.99825E-05 0.677975 9.99825E-05 0.321825
0.787648 0.00683915 9.99912E-05 0.205413
0.933578 0.0485287 0.0177933 9.99912E-05
0.370929 9.99824E-05 9.99824E-05 0.628871
9.998E-05 9.998E-05 9.998E-05 0.9997
0.454339 0.094394 0.153284 0.297983
9.998E-05 9.998E-05 0.9997 9.998E-05
0.442494 0.557306 9.99827E-05 9.99827E-05
0.137121 0.707863 0.154916 9.99912E-05
9.99913E-05 0.796637 0.0161718 0.187092
0.9997 9.998E-05 9.998E-05 9.998E-05
0.660591 9.99824E-05 9.99824E-05 0.339209
0.262699 9.99911E-05 0.030971 0.70623
0.9997 9.998E-05 9.998E-05 9.998E-05
0.495342 0.504458 9.99824E-05 9.99824E-05
0.977532 0.0004251 0.0219432 9.99912E-05
0.376541 9.99827E-05 9.99827E-05 0.623259
0.951014 9.99826E-05 0.0487859 9.99826E-05
0.939377 0.0604232 9.99825E-05 9.99825E-05
0.169706 0.666428 9.99912E-05 0.163766
0.605329 9.99825E-05 9.99825E-05 0.394471
9.99825E-05 9.99825E-05 0.124669 0.875132
9.99912E-05 0.318429 0.530355 0.151117
9.99824E-05 9.99824E-05 0.424837 0.574963
0.429388 9.99912E-05 0.370966 0.199546
0.46167 0.253606 9.99912E-05 0.284624
0.691973 9.99825E-05 9.99825E-05 0.307827
0.241139 9.99912E-05 0.0458138 0.712947
0.0508393 9.99912E-05 0.717278 0.231783
0.31733 0.441477 0.241093 9.99913E-05
9.998E-05 0.9997 9.998E-05 9.998E-05
0.362882 0.636918 9.99825E-05 9.99825E-05
0.236208 0.126998 0.0858883 0.550905
0.010478 0.014657 0.974765 9.99913E-05
9.99824E-05 9.99824E-05 0.729768 0.270032
9.99912E-05 0.358653 0.54169 0.099557
0.218492 0.781308 9.99826E-05 9.99826E-05
0.35192 9.99912E-05 0.17351 0.47447
9.998E-05 9.998E-05 9.998E-05 0.9997
0.432793 0.465275 0.101832 9.99912E-05
0.9997 9.998E-05 9.998E-05 9.998E-05
0.223498 0.0467117 0.210103 0.519688
0.591219 9.99912E-05 0.397499 0.0111816
0.864046 9.99823E-05 0.135754 9.99823E-05
9.99824E-05 9.99824E-05 0.150461 0.849339
0.397613 0.419468 9.99912E-05 0.182819
9.998E-05 9.998E-05 9.998E-05 0.9997
0.00369656 9.99825E-05 9.99825E-05 0.996103
9.99912E-05 0.71112 0.264363 0.0244175
0.534207 9.99912E-05 0.222662 0.243031
0.386638 0.260172 0.0692097 0.28398
0.9997 9.998E-05 9.998E-05 9.998E-05
0.747315 9.99824E-05 0.252485 9.99824E-05
0.24328 0.214004 9.99913E-05 0.542616
0.288773 0.0771859 0.633941 9.99912E-05
9.99912E-05 0.474554 0.0832075 0.442139
0.554599 9.99825E-05 0.445201 9.99825E-05
9.99824E-05 0.386617 9.99824E-05 0.613183
0.0919047 9.99826E-05 9.99826E-05 0.907895
0.840451 9.99825E-05 9.99825E-05 0.159349
9.99912E-05 0.534557 0.357449 0.107894
9.99824E-05 9.99824E-05 0.186309 0.813491
9.998E-05 9.998E-05 9.998E-05 0.9997
0.330271 9.99913E-05 0.25184 0.417789
0.160595 9.99912E-05 0.35192 0.487385
0.666589 9.99826E-05 0.333211 9.99826E-05
0.0569048 9.99913E-05 0.476136 0.466859
0.0998725 0.899928 9.99824E-05 9.99824E-05
0.223204 0.612279 9.99912E-05 0.164417
9.998E-05 9.998E-05 0.9997 9.998E-05
0.971238 9.99824E-05 0.0285616 9.99824E-05
9.99824E-05 0.197474 9.99824E-05 0.802326
0.577881 9.99825E-05 0.421919 9.99825E-05
0.406359 9.99913E-05 0.44933 0.144211
9.99824E-05 9.99824E-05 0.375212 0.624588
9.99825E-05 0.541789 0.458011 9.99825E-05
0.27012 9.99825E-05 0.72968 9.99825E-05
0.601772 0.042764 0.355364 9.99912E-05
0.753662 9.99912E-05 0.0331376 0.2131
0.832946 0.0856041 9.99912E-05 0.0813501
0.678599 9.99912E-05 0.268653 0.0526482
0.397393 0.469166 0.0803205 0.0531199
9.99826E-05 0.327016 9.99826E-05 0.672784
9.99824E-05 9.99824E-05 0.856696 0.143104
0.702226 9.99825E-05 0.297574 9.99825E-05
0.871122 0.128678 9.99824E-05 9.99824E-05
0.203801 0.219899 9.99912E-05 0.576201
0.267724 0.32404 9.99912E-05 0.408136
0.300393 0.183358 0.100261 0.415988
0.0946529 0.905147 9.99824E-05 9.99824E-05
0.506779 9.99824E-05 9.99824E-05 0.493021
0.368999 0.328313 9.99912E-05 0.302588
9.99825E-05 0.749736 9.99825E-05 0.250065
0.589354 0.410446 9.99824E-05 9.99824E-05
0.819934 9.99824E-05 9.99824E-05 0.179866
0.9997 9.998E-05 9.998E-05 9.998E-05
0.655154 0.344646 9.99824E-05 9.99824E-05
0.676057 0.323743 9.99825E-05 9.99825E-05
0.697208 0.302592 9.99825E-05 9.99825E-05
0.620072 0.202936 9.99912E-05 0.176893
9.99912E-05 0.759344 0.17236 0.0681966
0.889454 0.0053213 9.99913E-05 0.105125
9.99825E-05 9.99825E-05 0.569982 0.429818
0.330407 9.99912E-05 0.215356 0.454137
9.99826E-05 0.0496318 9.99826E-05 0.950168
9.99825E-05 0.218814 9.99825E-05 0.780986
0.30961 0.690191 9.99824E-05 9.99824E-05
0.748228 0.160243 9.99912E-05 0.0914288
9.99824E-05 0.141258 9.99824E-05 0.858542
0.367447 9.99912E-05 0.520423 0.11203
0.0626228 0.799915 0.137362 9.99912E-05
0.725572 9.99824E-05 9.99824E-05 0.274228
9.99824E-05 0.453108 0.546692 9.99824E-05
0.242249 9.99912E-05 0.566709 0.190941
0.183883 0.64852 9.99912E-05 0.167497
0.201774 9.99912E-05 0.315472 0.482654
0.311606 9.99912E-05 0.50341 0.184884
0.564348 9.99913E-05 0.298057 0.137495
0.9997 9.998E-05 9.998E-05 9.998E-05
0.200723 9.99827E-05 0.799077 9.99827E-05
0.836876 9.99823E-05 0.162924 9.99823E-05
0.663956 9.99912E-05 0.097573 0.238371
0.302687 0.213418 0.23238 0.251515
0.660869 0.131236 9.99912E-05 0.207794
0.620741 9.99912E-05 0.369097 0.0100628
0.00918987 0.561399 9.99912E-05 0.429311
0.523578 0.274134 0.180922 0.0213662
0.20062 0.605651 9.99913E-05 0.193629
0.943113 9.99825E-05 0.0566871 9.99825E-05
0.90942 9.99826E-05 9.99826E-05 0.0903796
0.548739 9.99913E-05 0.176514 0.274647
0.239541 9.99825E-05 9.99825E-05 0.760259
0.23002 9.99912E-05 0.527994 0.241886
0.643911 0.320638 0.0353509 9.99912E-05
9.99826E-05 9.99826E-05 0.913986 0.0858137
9.99913E-05 0.428672 0.463065 0.108162
0.180298 0.49791 9.99912E-05 0.321691
0.9997 9.998E-05 9.998E-05 9.998E-05
0.919351 9.99824E-05 9.99824E-05 0.0804485
0.859976 9.99825E-05 0.139824 9.99825E-05
0.23805 9.99823E-05 9.99823E-05 0.76175
0.302821 0.106792 0.590287 9.99912E-05
0.683548 0.316253 9.99824E-05 9.99824E-05
9.99825E-05 0.231374 0.768426 9.99825E-05
0.620416 9.99825E-05 0.379384 9.99825E-05
0.572523 9.99826E-05 9.99826E-05 0.427277
0.350469 0.649331 9.99825E-05 9.99825E-05
0.845256 9.99912E-05 0.0497412 0.104903
0.473391 9.99912E-05 0.377833 0.148675
0.217957 9.99912E-05 0.0534949 0.728448
9.99824E-05 0.433105 9.99824E-05 0.566695
0.615391 0.384409 9.99824E-05 9.99824E-05
0.136611 9.99912E-05 0.331292 0.531996
0.888761 0.00614714 0.061293 0.0437992
9.99824E-05 0.32818 9.99824E-05 0.67162
0.729402 9.99913E-05 0.117361 0.153138
0.729812 9.99912E-05 0.199785 0.0703028
0.9997 9.998E-05 9.998E-05 9.998E-05
9.99824E-05 9.99824E-05 0.867567 0.132233
0.840085 0.0124881 9.99913E-05 0.147327
0.149986 0.320036 0.0830284 0.44695
0.0056402 0.474532 0.519728 9.99912E-05
9.99824E-05 9.99824E-05 0.290812 0.708988
0.500334 0.211391 9.99912E-05 0.288175
0.9997 9.998E-05 9.998E-05 9.998E-05
9.99826E-05 0.537935 9.99826E-05 0.461865
9.99824E-05 0.611456 0.388344 9.99824E-05
9.99824E-05 9.99824E-05 0.00509205 0.994708
0.536348 9.99913E-05 0.119366 0.344186
0.175404 0.0649226 0.0440812 0.715592
0.216108 9.99912E-05 0.284039 0.499753
0.3282 9.99826E-05 9.99826E-05 0.6716
0.9997 9.998E-05 9.998E-05 9.998E-05
0.488527 9.99824E-05 9.99824E-05 0.511273
9.99826E-05 0.786754 9.99826E-05 0.213046
0.610021 9.99912E-05 0.23852 0.15136
0.1862 9.99824E-05 9.99824E-05 0.8136
0.138595 0.578065 9.99912E-05 0.283239
9.99826E-05 0.38857 9.99826E-05 0.61123
9.99826E-05 0.27391 9.99826E-05 0.72589
