9.99825E-05 9.99825E-05 0.572377 0.427423
0.420958 9.99912E-05 0.471514 0.107427
0.0439483 0.203411 9.99912E-05 0.752541
9.999E-05 0.228019 0.505562 0.266319
0.544132 9.99824E-05 9.99824E-05 0.455668
0.314868 9.99825E-05 0.684932 9.99825E-05
0.428327 9.99825E-05 0.571473 9.99825E-05
9.998E-05 9.998E-05 9.998E-05 0.9997
0.9997 9.998E-05 9.998E-05 9.998E-05
9.999E-05 0.148323 0.468116 0.38346
0.615458 0.384342 9.99825E-05 9.99825E-05
0.22123 0.383883 0.0797947 0.315092
0.964197 9.99824E-05 0.0356032 9.99824E-05
0.529416 9.99825E-05 0.470384 9.99825E-05
9.99824E-05 0.483811 0.515989 9.99824E-05
0.143508 0.0362883 0.820104 9.99912E-05
0.648379 0.0599072 0.038384 0.25333
9.99825E-05 9.99825E-05 0.902563 0.0972368
9.99824E-05 9.99824E-05 0.639879 0.359922
0.0970473 9.99912E-05 0.302257 0.600596
0.285262 9.99912E-05 0.14938 0.565258
0.10764 9.99912E-05 0.0530278 0.839232
9.99826E-05 9.99826E-05 0.844479 0.155321
0.486424 9.99826E-05 0.513376 9.99826E-05
9.99826E-05 9.99826E-05 0.590764 0.409036
0.667351 9.99824E-05 0.332449 9.99824E-05
0.474572 9.99912E-05 0.316626 0.208702
0.0789904 9.99826E-05 0.92081 9.99826E-05
0.9997 9.998E-05 9.998E-05 9.998E-05
9.99912E-05 0.420714 0.148973 0.430213
0.76184 9.99824E-05 9.99824E-05 0.23796
0.452943 9.99912E-05 0.105372 0.441585
0.82508 0.00769613 0.167124 9.99912E-05
9.99825E-05 0.197965 9.99825E-05 0.801835
9.998E-05 9.998E-05 0.9997 9.998E-05
9.998E-05 9.998E-05 0.9997 9.998E-05
9.99824E-05 0.584479 0.415321 9.99824E-05
0.275486 0.453648 0.251114 0.0197523
9.99912E-05 0.0690397 0.747906 0.182955
0.366117 0.633683 9.99826E-05 9.99826E-05
0.515836 0.0347371 0.449326 9.99912E-05
0.866175 9.99825E-05 9.99825E-05 0.133625
0.0508828 9.99826E-05 0.948917 9.99826E-05
9.99825E-05 9.99825E-05 0.109885 0.889915
0.358644 0.13103 0.211669 0.298657
0.9997 9.998E-05 9.998E-05 9.998E-05
9.998E-05 9.998E-05 9.998E-05 0.9997
9.99911E-05 0.145287 0.45257 0.402043
0.303093 0.280998 0.0553754 0.360533
9.99824E-05 0.209885 0.789915 9.99824E-05
0.638158 9.99825E-05 0.361642 9.99825E-05
0.400756 9.99912E-05 0.381393 0.217751
0.9997 9.998E-05 9.998E-05 9.998E-05
0.088811 9.99823E-05 9.99823E-05 0.910989
0.228977 9.99824E-05 9.99824E-05 0.770823
0.774214 9.99825E-05 9.99825E-05 0.225586
0.244806 9.99911E-05 0.399224 0.35587
0.00139416 9.99913E-05 0.547225 0.451281
0.658709 9.99825E-05 0.341091 9.99825E-05
9.99824E-05 9.99824E-05 0.781846 0.217954
0.0154697 0.0120591 0.706824 0.265647
9.99823E-05 9.99823E-05 0.0903648 0.909435
9.998E-05 0.9997 9.998E-05 9.998E-05
9.99912E-05 0.0995647 0.534202 0.366133
0.483589 9.99824E-05 9.99824E-05 0.516211
0.0375393 9.99823E-05 0.962261 9.99823E-05
0.494963 0.39241 0.112527 9.99912E-05
0.0434668 0.102309 0.705896 0.148329
9.99912E-05 0.202353 0.650977 0.14657
0.263795 0.347741 0.182254 0.206211
0.333285 0.0345411 0.279623 0.352551
0.17124 9.99913E-05 0.584138 0.244522
0.302805 0.631814 0.0652806 9.99913E-05
0.131973 0.867827 9.99825E-05 9.99825E-05
0.406567 0.346882 0.246451 9.99912E-05
0.334191 0.322181 0.343528 9.99912E-05
0.763323 0.218233 9.99913E-05 0.0183442
0.691267 0.0724158 0.236217 9.99912E-05
9.99824E-05 0.464736 0.535064 9.99824E-05
9.99826E-05 9.99826E-05 0.182862 0.816938
0.0157235 0.193332 0.790844 9.99913E-05
0.0369188 0.962881 9.99826E-05 9.99826E-05
9.998E-05 9.998E-05 9.998E-05 0.9997
0.166689 0.0860503 9.99912E-05 0.74716
9.99823E-05 9.99823E-05 0.22771 0.77209
0.611909 9.99825E-05 9.99825E-05 0.387891
0.0688401 0.374398 9.99912E-05 0.556662
0.80992 9.99912E-05 0.0716298 0.11835
9.998E-05 9.998E-05 9.998E-05 0.9997
0.432235 9.99912E-05 0.464275 0.10339
0.329531 0.00435081 0.666018 9.99912E-05
9.99913E-05 0.405771 0.526333 0.0677957
0.0699007 9.99913E-05 0.634743 0.295256
9.99912E-05 0.191163 0.265315 0.543422
0.536177 0.463623 9.99825E-05 9.99825E-05
0.440807 9.99912E-05 0.291395 0.267698
0.774665 0.0251686 0.200067 9.99912E-05
0.0468956 9.99824E-05 9.99824E-05 0.952904
0.9997 9.998E-05 9.998E-05 9.998E-05
0.202471 9.99913E-05 0.69376 0.103669
9.99826E-05 0.738012 9.99826E-05 0.261788
0.178274 9.99912E-05 0.188421 0.633204
0.5795 9.99912E-05 0.113743 0.306657
9.99912E-05 0.639196 0.0227101 0.337994
0.467196 9.99912E-05 0.179165 0.353539
9.99825E-05 0.0590945 9.99825E-05 0.940706
0.0481537 0.0136663 0.912884 0.0252958
0.694907 9.99824E-05 9.99824E-05 0.304893
0.772288 9.99824E-05 0.227512 9.99824E-05
0.525042 9.99825E-05 9.99825E-05 0.474758
0.613313 0.0399428 9.99912E-05 0.346644
0.0449483 0.136849 0.818102 9.99912E-05
0.128093 9.99823E-05 9.99823E-05 0.871707
0.192538 9.99824E-05 9.99824E-05 0.807262
0.462486 9.99913E-05 0.342338 0.195076
0.402446 0.280916 0.0291259 0.287512
9.99824E-05 0.249341 9.99824E-05 0.750459
9.998E-05 9.998E-05 9.998E-05 0.9997
9.99827E-05 9.99827E-05 0.984977 0.0148226
0.567287 9.99825E-05 0.432513 9.99825E-05
9.99826E-05 9.99826E-05 0.536653 0.463147
0.9997 9.998E-05 9.998E-05 9.998E-05
0.860396 9.99826E-05 0.139404 9.99826E-05
0.449172 0.284563 0.266165 9.99912E-05
0.641961 9.99825E-05 0.357839 9.99825E-05
0.42522 0.121106 0.0964804 0.357193
0.718636 0.202497 0.0231194 0.0557482
9.99912E-05 0.141556 0.756203 0.102141
0.444623 9.99826E-05 0.555177 9.99826E-05
9.99824E-05 9.99824E-05 0.903572 0.0962277
0.619886 9.99912E-05 0.126652 0.253362
0.322199 9.99825E-05 0.677601 9.99825E-05
9.99824E-05 9.99824E-05 0.554385 0.445415
9.99823E-05 9.99823E-05 0.59366 0.40614
0.387416 0.19695 0.415534 9.99913E-05
0.0350669 0.173087 0.791746 9.99912E-05
9.998E-05 9.998E-05 9.998E-05 0.9997
0.0427881 0.634934 9.99912E-05 0.322178
0.254807 0.0738881 0.114875 0.556429
0.707766 9.99912E-05 0.0744351 0.217699
0.613188 9.99825E-05 9.99825E-05 0.386612
9.99912E-05 0.266701 0.159774 0.573425
0.133631 0.274652 0.544019 0.047697
0.0978518 0.262291 0.318105 0.321752
0.00449014 0.209782 0.531698 0.25403
9.99824E-05 0.200744 9.99824E-05 0.799056
9.998E-05 9.998E-05 9.998E-05 0.9997
9.99825E-05 0.920682 9.99825E-05 0.0791182
0.523916 9.99913E-05 0.0544462 0.421538
0.527249 0.215768 0.0619826 0.195
0.00511894 9.99913E-05 0.584278 0.410503
0.0953065 0.155094 0.7495 9.99912E-05
0.0907128 0.517501 0.391686 9.99912E-05
0.500722 0.0483919 0.233753 0.217133
0.152261 0.221332 0.626308 9.99912E-05
0.347781 9.99913E-05 0.573176 0.0789433
9.99912E-05 0.297993 0.401511 0.300395
0.0516343 0.184853 0.763412 9.99912E-05
9.99825E-05 9.99825E-05 0.768438 0.231362
9.99826E-05 0.796428 9.99826E-05 0.203372
0.20634 9.99912E-05 0.729848 0.0637128
9.99912E-05 0.193438 0.575157 0.231304
0.268406 0.343414 9.99912E-05 0.38808
9.99825E-05 9.99825E-05 0.853177 0.146623
9.99824E-05 9.99824E-05 0.984722 0.0150776
9.99913E-05 0.199006 0.635272 0.165622
9.99824E-05 9.99824E-05 0.713757 0.286043
0.606835 9.99912E-05 0.0976228 0.295443
0.230451 9.99825E-05 0.76935 9.99825E-05
0.48123 9.99912E-05 0.252868 0.265802
0.507877 0.11779 0.374233 9.99912E-05
0.166106 9.99914E-05 0.605387 0.228407
9.99823E-05 9.99823E-05 0.593131 0.406669
0.0295698 0.353642 0.18808 0.428708
9.99824E-05 9.99824E-05 0.923828 0.0759723
0.865967 9.99912E-05 0.00559808 0.128335
0.440262 0.261999 0.297639 9.99912E-05
9.99824E-05 9.99824E-05 0.400631 0.599169
0.0977482 9.99825E-05 9.99825E-05 0.902052
0.9997 9.998E-05 9.998E-05 9.998E-05
9.99827E-05 9.99827E-05 0.798795 0.201006
0.745333 9.99912E-05 0.0399882 0.214579
0.170734 9.99829E-05 9.99829E-05 0.829066
0.368389 9.99824E-05 0.631411 9.99824E-05
0.346187 9.99825E-05 0.653613 9.99825E-05
0.0146339 0.276915 0.362259 0.346192
0.536943 0.462857 9.99825E-05 9.99825E-05
9.998E-05 9.998E-05 9.998E-05 0.9997
9.99825E-05 9.99825E-05 0.421005 0.578795
0.342727 0.192557 9.99913E-05 0.464616
0.433924 9.99913E-05 0.155389 0.410587
0.0204428 9.99825E-05 0.979357 9.99825E-05
9.998E-05 9.998E-05 9.998E-05 0.9997
0.288613 9.99825E-05 9.99825E-05 0.711187
0.54733 9.99912E-05 0.357801 0.0947695
0.527479 9.99912E-05 0.381999 0.0904224
0.350644 0.20591 0.147752 0.295694
0.337577 0.102488 0.0643551 0.495579
9.99912E-05 0.250981 0.447049 0.30187
9.99824E-05 9.99824E-05 0.930466 0.0693345
0.0761487 0.59295 0.330802 9.99912E-05
0.9997 9.998E-05 9.998E-05 9.998E-05
0.59981 0.0509734 0.128642 0.220575
9.99912E-05 0.0617735 0.871182 0.0669442
0.452772 9.99912E-05 0.11627 0.430859
0.791029 0.0380136 9.99912E-05 0.170858
0.346183 9.99913E-05 0.537354 0.116363
9.99912E-05 0.305859 0.398726 0.295314
0.667904 0.124995 0.207001 9.99911E-05
0.681862 9.99825E-05 0.317938 9.99825E-05
9.99824E-05 9.99824E-05 0.978218 0.0215818
0.207187 9.99913E-05 0.291452 0.501261
0.118771 9.99912E-05 0.228568 0.652561
0.361301 9.99825E-05 9.99825E-05 0.638499
9.99912E-05 0.224269 0.393058 0.382573
0.877186 9.99826E-05 9.99826E-05 0.122614
9.99825E-05 0.110029 9.99825E-05 0.889771
0.691985 9.99913E-05 0.177384 0.130531
9.99823E-05 0.0565949 0.943205 9.99823E-05
0.115568 9.99824E-05 0.884232 9.99824E-05
0.421547 9.99825E-05 0.578253 9.99825E-05
0.736465 9.99826E-05 0.263335 9.99826E-05
9.99825E-05 0.169303 9.99825E-05 0.830497
0.73332 9.99824E-05 9.99824E-05 0.26648
0.704236 0.101431 0.194233 9.99912E-05
9.99824E-05 9.99824E-05 0.42631 0.57349
0.163724 9.99913E-05 0.14285 0.693326
9.99825E-05 9.99825E-05 0.866297 0.133503
0.286116 0.536428 0.177356 9.99913E-05
9.99825E-05 9.99825E-05 0.746891 0.252909
0.461769 0.280778 0.0004431 0.257009
0.477161 9.99824E-05 0.522639 9.99824E-05
9.99825E-05 0.566631 0.433169 9.99825E-05
0.827452 0.172348 9.99825E-05 9.99825E-05
9.998E-05 9.998E-05 9.998E-05 0.9997
9.99824E-05 9.99824E-05 0.366758 0.633042
0.951114 9.99826E-05 9.99826E-05 0.0486865
0.137491 9.99825E-05 9.99825E-05 0.862309
0.257746 9.99912E-05 0.27869 0.463464
9.99824E-05 9.99824E-05 0.568054 0.431746
0.048325 0.1728 0.778775 9.99912E-05
9.99824E-05 9.99824E-05 0.759547 0.240253
0.108096 9.99912E-05 0.202079 0.689726
9.99827E-05 0.315235 9.99827E-05 0.684565
9.998E-05 9.998E-05 0.9997 9.998E-05
0.386008 9.99824E-05 9.99824E-05 0.613792
0.430232 0.569568 9.99824E-05 9.99824E-05
0.552432 9.99824E-05 9.99824E-05 0.447368
9.99825E-05 9.99825E-05 0.269737 0.730063
0.52446 0.239197 9.99912E-05 0.236243
0.634303 0.365497 9.99823E-05 9.99823E-05
0.375579 9.99912E-05 0.272924 0.351398
0.701753 9.99827E-05 0.298047 9.99827E-05
0.3845 0.0878108 9.99912E-05 0.527589
9.99824E-05 9.99824E-05 0.75578 0.24402
9.99825E-05 9.99825E-05 0.930522 0.0692778
9.99824E-05 9.99824E-05 0.356656 0.643144
0.380693 0.0409063 0.558759 0.0196417
0.408243 9.99912E-05 0.514159 0.0774979
9.99826E-05 0.664494 9.99826E-05 0.335306
9.99825E-05 0.559905 9.99825E-05 0.439895
