0.630586 0.101439 9.9982E-05 0.267776 9.9982E-05
0.940562 0.059138 9.9973E-05 9.9973E-05 9.9973E-05
0.291443 0.055415 9.9982E-05 0.652942 9.9982E-05
0.611035 9.9982E-05 0.233665 0.1551 9.9982E-05
0.0260819 9.9973E-05 9.9973E-05 9.9973E-05 0.973618
9.9982E-05 0.0276752 0.866757 0.105368 9.9982E-05
9.9991E-05 0.0374641 0.0877685 0.481353 0.393314
0.803715 0.0863213 9.9982E-05 0.109764 9.9982E-05
9.99731E-05 0.448013 0.551687 9.99731E-05 9.99731E-05
9.997E-05 9.997E-05 9.997E-05 9.997E-05 0.9996
9.99731E-05 9.99731E-05 9.99731E-05 0.28104 0.71866
0.971667 9.9973E-05 0.0280327 9.9973E-05 9.9973E-05
0.0309988 0.141976 0.103609 0.0370936 0.686323
0.109974 9.9982E-05 9.9982E-05 0.637746 0.25208
9.9982E-05 0.0720443 0.065006 9.9982E-05 0.86275
9.99731E-05 0.907714 9.99731E-05 0.0919857 9.99731E-05
0.930492 9.9982E-05 0.0392003 9.9982E-05 0.0301078
9.999E-05 0.328315 0.242709 0.126704 0.302171
0.0384124 9.9973E-05 0.961288 9.9973E-05 9.9973E-05
0.00244347 0.995028 9.99821E-05 9.99821E-05 0.00232883
0.0185674 0.731517 0.146736 9.9991E-05 0.10308
0.110695 0.350619 0.467542 9.9991E-05 0.0710445
9.9982E-05 0.833554 9.9982E-05 0.0308779 0.135368
0.50951 0.14654 0.0703353 0.1648 0.108815
9.9973E-05 9.9973E-05 0.0924328 0.907267 9.9973E-05
9.9973E-05 0.31386 9.9973E-05 9.9973E-05 0.68584
0.629859 9.9982E-05 0.00743463 0.362506 9.9982E-05
9.99821E-05 9.99821E-05 0.646159 0.0215728 0.332068
0.964596 0.0351038 9.99732E-05 9.99732E-05 9.99732E-05
0.330671 9.99821E-05 0.637562 9.99821E-05 0.0315671
9.997E-05 9.997E-05 9.997E-05 0.9996 9.997E-05
9.997E-05 9.997E-05 9.997E-05 0.9996 9.997E-05
9.9973E-05 9.9973E-05 9.9973E-05 0.200797 0.798903
9.9973E-05 9.9973E-05 0.901071 0.0986291 9.9973E-05
0.864009 9.9982E-05 0.0688873 0.0669039 9.9982E-05
9.9973E-05 0.92354 0.0761605 9.9973E-05 9.9973E-05
9.9973E-05 0.110633 0.889067 9.9973E-05 9.9973E-05
9.9982E-05 0.00971049 0.93006 0.0600297 9.9982E-05
0.167515 9.9991E-05 0.110951 0.317856 0.403578
0.20655 9.99821E-05 0.729534 9.99821E-05 0.0637158
0.291261 9.9973E-05 0.708439 9.9973E-05 9.9973E-05
0.91313 9.99731E-05 0.0865697 9.99731E-05 9.99731E-05
9.99731E-05 0.891046 9.99731E-05 9.99731E-05 0.108654
9.997E-05 9.997E-05 9.997E-05 0.9996 9.997E-05
9.99731E-05 0.315003 9.99731E-05 9.99731E-05 0.684698
0.93169 0.0680103 9.9973E-05 9.9973E-05 9.9973E-05
9.9973E-05 0.735833 0.263867 9.9973E-05 9.9973E-05
9.99731E-05 0.203743 0.795957 9.99731E-05 9.99731E-05
0.134519 0.38431 9.9982E-05 9.9982E-05 0.480971
0.0280047 0.639846 0.223472 9.9991E-05 0.108577
