9.9982E-05 9.9982E-05 0.171742 0.106943 0.721115
9.997E-05 9.997E-05 9.997E-05 0.0971723 0.902528
9.998E-05 9.998E-05 0.608175 0.00350095 0.388124
9.998E-05 0.373668 0.200385 9.998E-05 0.425747
0.897203 0.0416 0.0609971 9.998E-05 9.998E-05
9.999E-05 0.899502 0.0950046 0.00529026 0.000103332
0.287015 0.0695063 0.614274 0.0291047 9.999E-05
9.998E-05 9.998E-05 0.0560541 0.0047556 0.93899
9.997E-05 0.648527 9.997E-05 0.351173 9.997E-05
0.9996 9.997E-05 9.997E-05 9.997E-05 9.997E-05
0.762796 9.99731E-05 0.236904 9.99731E-05 9.99731E-05
9.9973E-05 0.118552 9.9973E-05 9.9973E-05 0.881148
0.439593 9.999E-05 0.20121 0.315699 0.0433977
0.0506103 0.0628538 0.856428 9.9991E-05 0.0300083
0.890157 9.9973E-05 9.9973E-05 0.109543 9.9973E-05
9.997E-05 9.997E-05 0.0577023 0.941998 9.997E-05
0.0029388 0.138833 9.9982E-05 9.9982E-05 0.858028
0.310374 0.217993 0.107229 0.364304 9.9991E-05
9.997E-05 0.9996 9.997E-05 9.997E-05 9.997E-05
9.997E-05 9.997E-05 9.997E-05 0.9996 9.997E-05
0.141137 0.0679465 9.999E-05 0.758244 0.0325725
9.998E-05 0.356408 9.998E-05 0.48403 0.159362
0.183518 9.9982E-05 0.0231532 0.793129 9.9982E-05
0.131389 0.27216 0.255026 0.0277066 0.313719
9.9973E-05 0.0949997 0.9047 9.9973E-05 9.9973E-05
0.595261 9.9973E-05 9.9973E-05 0.404439 9.9973E-05
9.998E-05 0.187686 0.420001 9.998E-05 0.392113
0.322933 0.616583 0.043796 0.0165884 9.999E-05
9.997E-05 9.997E-05 9.997E-05 0.0189826 0.980717
9.99731E-05 0.64617 9.99731E-05 9.99731E-05 0.35353
9.997E-05 9.997E-05 0.9996 9.997E-05 9.997E-05
9.997E-05 9.997E-05 0.9996 9.997E-05 9.997E-05
0.800201 9.9973E-05 0.199499 9.9973E-05 9.9973E-05
9.998E-05 0.875717 0.104673 0.0194098 9.998E-05
9.9982E-05 0.23705 0.111201 9.9982E-05 0.651549
9.9973E-05 0.00331276 9.9973E-05 0.996387 9.9973E-05
9.997E-05 0.833662 9.997E-05 0.166038 9.997E-05
0.00918395 0.927814 0.0628024 9.9982E-05 9.9982E-05
0.484314 0.125485 0.352028 9.9991E-05 0.0380733
0.0567355 0.897542 9.99821E-05 9.99821E-05 0.0455223
9.9973E-05 0.790641 9.9973E-05 9.9973E-05 0.209059
9.9973E-05 0.225264 9.9973E-05 9.9973E-05 0.774436
0.0424865 9.99731E-05 9.99731E-05 0.957214 9.99731E-05
9.997E-05 9.997E-05 0.9996 9.997E-05 9.997E-05
0.713714 9.997E-05 9.997E-05 0.285986 9.997E-05
9.99731E-05 9.99731E-05 0.0191624 9.99731E-05 0.980538
9.9973E-05 0.147265 9.9973E-05 0.852435 9.9973E-05
9.997E-05 0.786537 9.997E-05 0.213163 9.997E-05
0.623331 9.998E-05 9.998E-05 0.291208 0.0852612
0.0573875 0.288186 9.998E-05 0.654227 9.998E-05
