9.9973E-05 9.9973E-05 0.323171 0.0381553 9.9973E-05 0.0569088 0.581465
9.99641E-05 9.99641E-05 9.99641E-05 9.99641E-05 0.037863 0.0222001 0.939537
9.99731E-05 9.99731E-05 0.467756 9.99731E-05 0.00899367 0.028484 0.494466
0.148327 9.99551E-05 9.99551E-05 9.99551E-05 0.851174 9.99551E-05 9.99551E-05
9.9973E-05 0.22211 0.0880574 0.658601 0.0309317 9.9973E-05 9.9973E-05
0.90231 9.99551E-05 0.0971905 9.99551E-05 9.99551E-05 9.99551E-05 9.99551E-05
9.9973E-05 0.544394 0.267794 9.9973E-05 0.0966391 0.0908738 9.9973E-05
9.99641E-05 0.0570921 9.99641E-05 9.99641E-05 9.99641E-05 0.00350138 0.939007
0.528243 9.99551E-05 9.99551E-05 9.99551E-05 9.99551E-05 0.471258 9.99551E-05
9.995E-05 0.87016 9.995E-05 0.12934 9.995E-05 9.995E-05 9.995E-05
9.995E-05 0.9994 9.995E-05 9.995E-05 9.995E-05 9.995E-05 9.995E-05
0.0149959 9.99641E-05 9.99641E-05 9.99641E-05 0.104749 9.99641E-05 0.879855
0.116401 0.0149053 0.268597 0.596451 9.9982E-05 9.9982E-05 0.00344561
9.99641E-05 9.99641E-05 0.85927 0.0183595 0.121971 9.99641E-05 9.99641E-05
9.99551E-05 0.134938 9.99551E-05 0.864563 9.99551E-05 9.99551E-05 9.99551E-05
9.99551E-05 9.99551E-05 0.0713834 9.99551E-05 9.99551E-05 0.928117 9.99551E-05
0.0445278 9.9964E-05 9.9964E-05 9.9964E-05 0.488496 9.9964E-05 0.466576
0.164532 0.325752 9.9964E-05 9.9964E-05 9.9964E-05 0.509316 9.9964E-05
0.994323 9.99551E-05 9.99551E-05 9.99551E-05 9.99551E-05 9.99551E-05 0.00517752
9.99552E-05 9.99552E-05 9.99552E-05 0.174982 9.99552E-05 0.824518 9.99552E-05
9.99641E-05 9.99641E-05 9.99641E-05 0.0162437 0.0739348 0.909422 9.99641E-05
0.399515 0.0654723 9.99731E-05 9.99731E-05 9.99731E-05 0.444002 0.0907106
9.9964E-05 9.9964E-05 0.049461 0.269423 9.9964E-05 0.680717 9.9964E-05
9.9973E-05 0.096757 9.9973E-05 9.9973E-05 0.668894 0.219491 0.0145579
0.0660635 9.99731E-05 0.862953 9.99731E-05 0.0509675 0.0197161 9.99731E-05
9.9964E-05 9.9964E-05 9.9964E-05 0.954192 9.9964E-05 0.037392 0.00801665
9.995E-05 9.995E-05 9.995E-05 9.995E-05 0.9994 9.995E-05 9.995E-05
0.569428 9.99731E-05 0.0895845 0.298481 0.0422071 9.99731E-05 9.99731E-05
9.995E-05 9.995E-05 9.995E-05 9.995E-05 9.995E-05 9.995E-05 0.9994
0.611403 9.99641E-05 9.99641E-05 9.99641E-05 0.26075 9.99641E-05 0.127447
9.99551E-05 0.0780691 0.921431 9.99551E-05 9.99551E-05 9.99551E-05 9.99551E-05
9.995E-05 9.995E-05 0.9994 9.995E-05 9.995E-05 9.995E-05 9.995E-05
9.9955E-05 0.855089 0.144411 9.9955E-05 9.9955E-05 9.9955E-05 9.9955E-05
0.82401 9.99641E-05 0.0954795 9.99641E-05 9.99641E-05 0.0801102 9.99641E-05
9.9955E-05 9.9955E-05 9.9955E-05 9.9955E-05 0.928405 9.9955E-05 0.071095
9.9964E-05 9.9964E-05 0.0141917 9.9964E-05 9.9964E-05 0.949097 0.0363115
0.749815 9.99551E-05 9.99551E-05 9.99551E-05 9.99551E-05 0.249685 9.99551E-05
0.916759 0.0409066 0.0383142 0.00372019 9.9973E-05 9.9973E-05 9.9973E-05
9.99551E-05 0.795672 9.99551E-05 9.99551E-05 9.99551E-05 9.99551E-05 0.203828
0.829812 9.99641E-05 9.99641E-05 0.00722213 0.162566 9.99641E-05 9.99641E-05
0.779257 9.9964E-05 9.9964E-05 9.9964E-05 0.0613415 9.9964E-05 0.159002
0.16582 9.99551E-05 9.99551E-05 9.99551E-05 9.99551E-05 9.99551E-05 0.83368
9.99552E-05 9.99552E-05 9.99552E-05 0.363813 9.99552E-05 0.635687 9.99552E-05
9.995E-05 9.995E-05 0.9994 9.995E-05 9.995E-05 9.995E-05 9.995E-05
9.995E-05 9.995E-05 9.995E-05 0.9994 9.995E-05 9.995E-05 9.995E-05
9.99641E-05 9.99641E-05 9.99641E-05 9.99641E-05 0.0674115 0.0152459 0.916943
0.14097 9.99551E-05 9.99551E-05 9.99551E-05 9.99551E-05 0.85853 9.99551E-05
0.774761 9.99552E-05 9.99552E-05 9.99552E-05 9.99552E-05 0.224739 9.99552E-05
9.99641E-05 9.99641E-05 9.99641E-05 0.762074 0.117453 0.120072 9.99641E-05
0.195804 0.0464495 9.99641E-05 9.99641E-05 9.99641E-05 0.757347 9.99641E-05
