0.0267712 0.231571 9.99731E-05 0.0515239 0.689834 9.99731E-05 9.99731E-05
0.0180481 9.99641E-05 9.99641E-05 9.99641E-05 0.88283 0.0987224 9.99641E-05
0.0223097 0.629133 9.99641E-05 9.99641E-05 0.348158 9.99641E-05 9.99641E-05
9.99551E-05 9.99551E-05 0.110578 9.99551E-05 9.99551E-05 0.888922 9.99551E-05
9.9964E-05 0.18955 9.9964E-05 0.728695 9.9964E-05 9.9964E-05 0.0813547
0.022691 0.0953761 0.881533 9.9964E-05 9.9964E-05 9.9964E-05 9.9964E-05
0.0287707 0.186408 9.9973E-05 9.9973E-05 9.9973E-05 0.223493 0.561028
9.99551E-05 0.0732559 9.99551E-05 9.99551E-05 0.926244 9.99551E-05 9.99551E-05
0.580353 9.9955E-05 0.419147 9.9955E-05 9.9955E-05 9.9955E-05 9.9955E-05
9.9955E-05 9.9955E-05 9.9955E-05 0.158794 9.9955E-05 9.9955E-05 0.840706
9.995E-05 9.995E-05 9.995E-05 9.995E-05 9.995E-05 9.995E-05 0.9994
9.99551E-05 9.99551E-05 0.0539446 9.99551E-05 0.945556 9.99551E-05 9.99551E-05
0.154971 0.118953 0.0465148 0.434824 0.00591503 0.0288995 0.209922
9.99641E-05 0.466436 9.99641E-05 9.99641E-05 9.99641E-05 0.368659 0.164504
9.99551E-05 9.99551E-05 9.99551E-05 0.993128 9.99551E-05 9.99551E-05 0.00637181
0.925177 0.0743231 9.99551E-05 9.99551E-05 9.99551E-05 9.99551E-05 9.99551E-05
9.9982E-05 0.0424499 0.0838055 9.9982E-05 0.733721 0.136836 0.00298813
0.3685 9.9964E-05 0.156152 9.9964E-05 9.9964E-05 9.9964E-05 0.474948
9.995E-05 9.995E-05 0.9994 9.995E-05 9.995E-05 9.995E-05 9.995E-05
0.903534 9.99641E-05 9.99641E-05 0.0356014 9.99641E-05 0.0604643 9.99641E-05
0.748883 9.99821E-05 0.0691084 0.0546649 9.99821E-05 0.0752314 0.0519125
0.503275 9.99731E-05 0.303792 9.99731E-05 0.182332 9.99731E-05 0.0103014
0.76036 0.0368658 9.9964E-05 0.202374 9.9964E-05 9.9964E-05 9.9964E-05
0.119305 9.99551E-05 9.99551E-05 9.99551E-05 9.99551E-05 0.880196 9.99551E-05
9.99551E-05 0.916038 0.0834622 9.99551E-05 9.99551E-05 9.99551E-05 9.99551E-05
0.239051 0.0608937 9.9964E-05 0.699655 9.9964E-05 9.9964E-05 9.9964E-05
9.995E-05 9.995E-05 9.995E-05 9.995E-05 9.995E-05 0.9994 9.995E-05
9.99731E-05 9.99731E-05 0.525953 0.268019 9.99731E-05 0.13715 0.0685776
9.99553E-05 9.99553E-05 9.99553E-05 0.0163732 0.983127 9.99553E-05 9.99553E-05
9.99641E-05 9.99641E-05 0.650933 9.99641E-05 0.305145 9.99641E-05 0.0435225
9.99551E-05 0.947977 9.99551E-05 9.99551E-05 9.99551E-05 9.99551E-05 0.0515229
9.995E-05 0.9994 9.995E-05 9.995E-05 9.995E-05 9.995E-05 9.995E-05
9.9964E-05 0.124467 9.9964E-05 0.0510882 9.9964E-05 9.9964E-05 0.824045
9.99551E-05 0.10509 0.89441 9.99551E-05 9.99551E-05 9.99551E-05 9.99551E-05
9.9964E-05 9.9964E-05 0.0609022 9.9964E-05 0.234646 0.704052 9.9964E-05
0.960375 9.9964E-05 0.00203008 9.9964E-05 0.0371948 9.9964E-05 9.9964E-05
0.235054 9.99551E-05 0.764446 9.99551E-05 9.99551E-05 9.99551E-05 9.99551E-05
0.0635423 0.0357514 0.883562 9.9973E-05 9.9973E-05 9.9973E-05 0.0168441
9.99641E-05 9.99641E-05 0.0598163 9.99641E-05 0.069146 9.99641E-05 0.870638
9.99641E-05 9.99641E-05 0.792217 0.0329692 9.99641E-05 0.174414 9.99641E-05
9.9955E-05 9.9955E-05 0.814688 9.9955E-05 0.184813 9.9955E-05 9.9955E-05
9.995E-05 9.995E-05 0.115406 9.995E-05 0.884094 9.995E-05 9.995E-05
0.565349 9.99551E-05 9.99551E-05 0.434152 9.99551E-05 9.99551E-05 9.99551E-05
9.99551E-05 0.979063 9.99551E-05 9.99551E-05 0.0204377 9.99551E-05 9.99551E-05
9.995E-05 9.995E-05 9.995E-05 0.9994 9.995E-05 9.995E-05 9.995E-05
0.0696466 9.99641E-05 9.99641E-05 9.99641E-05 0.893005 0.0369484 9.99641E-05
0.753723 9.9964E-05 0.226991 0.0188855 9.9964E-05 9.9964E-05 9.9964E-05
0.309659 9.99552E-05 0.689842 9.99552E-05 9.99552E-05 9.99552E-05 9.99552E-05
0.063931 9.99731E-05 9.99731E-05 0.826588 0.0959927 0.0131883 9.99731E-05
0.678976 9.99641E-05 0.258046 9.99641E-05 9.99641E-05 9.99641E-05 0.0625782
