9.99827E-05 0.894162 9.99827E-05 0.0258782 0.0277863 0.051974
9.99824E-05 0.203098 0.253272 0.00513837 9.99824E-05 0.538292
9.99652E-05 9.99652E-05 9.99652E-05 0.126902 0.872698 9.99652E-05
9.99736E-05 9.99736E-05 0.112776 9.99736E-05 0.197934 0.68899
0.664002 9.99825E-05 9.99825E-05 0.190793 0.133825 0.0111809
0.307765 0.326679 0.0425747 0.322781 9.99824E-05 9.99824E-05
0.970253 9.99651E-05 9.99651E-05 9.99651E-05 9.99651E-05 0.0293472
0.20648 9.99912E-05 0.256492 0.319402 0.0768241 0.140702
9.99648E-05 0.331072 9.99648E-05 9.99648E-05 0.668529 9.99648E-05
0.0849354 0.741171 0.168192 0.00550145 9.99825E-05 9.99825E-05
0.450803 0.221617 0.32728 9.99736E-05 9.99736E-05 9.99736E-05
0.436748 0.0789999 0.483953 9.99735E-05 9.99735E-05 9.99735E-05
0.552594 9.99824E-05 0.297218 0.0607039 9.99824E-05 0.0892841
0.185855 0.217603 9.99736E-05 9.99736E-05 9.99736E-05 0.596242
0.359807 9.99737E-05 0.541449 9.99737E-05 0.0984443 9.99737E-05
0.0653244 0.0169068 9.99824E-05 0.533783 9.99824E-05 0.383786
9.99649E-05 0.358468 9.99649E-05 9.99649E-05 0.641132 9.99649E-05
0.180872 9.99738E-05 9.99738E-05 9.99738E-05 0.239367 0.579461
9.99648E-05 0.363647 9.99648E-05 9.99648E-05 9.99648E-05 0.635954
9.99824E-05 0.0928 9.99824E-05 0.630253 0.209157 0.06759
0.121615 0.66081 9.99738E-05 9.99738E-05 0.217275 9.99738E-05
0.111102 9.99737E-05 0.833371 0.0552268 9.99737E-05 9.99737E-05
9.99738E-05 9.99738E-05 0.279704 9.99738E-05 0.0665746 0.653421
0.642324 0.357276 9.99648E-05 9.99648E-05 9.99648E-05 9.99648E-05
9.99651E-05 0.642123 9.99651E-05 9.99651E-05 9.99651E-05 0.357477
0.179128 9.99737E-05 0.456051 9.99737E-05 9.99737E-05 0.364521
9.99824E-05 0.723428 9.99824E-05 0.0419074 0.191531 0.0429336
9.99737E-05 0.319212 0.0809849 9.99737E-05 9.99737E-05 0.599503
9.9965E-05 9.9965E-05 9.9965E-05 9.9965E-05 0.894524 0.105076
0.710699 9.9965E-05 0.288901 9.9965E-05 9.9965E-05 9.9965E-05
0.0117184 9.99735E-05 9.99735E-05 9.99735E-05 0.905129 0.0828532
9.999E-05 0.341774 0.0274045 0.270307 0.24025 0.120164
0.199395 0.399475 0.40083 9.99737E-05 9.99737E-05 9.99737E-05
0.487038 9.99824E-05 0.0858699 9.99824E-05 0.114544 0.312348
0.164847 9.99736E-05 0.301219 9.99736E-05 9.99736E-05 0.533634
9.99647E-05 9.99647E-05 9.99647E-05 9.99647E-05 0.538012 0.461588
0.221209 0.408465 9.99825E-05 9.99825E-05 0.257978 0.112148
9.99738E-05 9.99738E-05 0.228791 0.141987 0.628922 9.99738E-05
9.99648E-05 0.942761 0.0568393 9.99648E-05 9.99648E-05 9.99648E-05
0.0201126 0.246728 0.00472045 0.347256 0.381083 9.99912E-05
9.99647E-05 9.99647E-05 0.468071 0.531529 9.99647E-05 9.99647E-05
0.563273 9.99826E-05 9.99826E-05 0.313685 0.0852783 0.0375633
9.99822E-05 0.314722 0.365747 9.99822E-05 0.296795 0.0225356
0.329752 0.200176 0.242218 9.99824E-05 9.99824E-05 0.227654
9.99737E-05 0.385453 9.99737E-05 9.99737E-05 0.539228 0.0750185
0.431646 0.131202 9.99737E-05 9.99737E-05 9.99737E-05 0.436853
0.0168736 0.155334 9.99912E-05 0.0315415 0.225657 0.570494
9.99738E-05 9.99738E-05 9.99738E-05 0.372815 0.320758 0.306127
0.265202 0.178221 0.0790048 0.0628332 0.0268041 0.387935
0.170551 0.0721522 9.99824E-05 0.437449 9.99824E-05 0.319648
0.28167 0.129794 9.99911E-05 0.0406108 0.449627 0.0981987
0.128977 0.0225656 9.99912E-05 0.100713 0.355931 0.391713
0.752127 9.99649E-05 9.99649E-05 9.99649E-05 9.99649E-05 0.247474
9.99648E-05 9.99648E-05 9.99648E-05 9.99648E-05 0.829805 0.169795
9.99738E-05 0.923024 0.0404313 9.99738E-05 9.99738E-05 0.0362449
9.99738E-05 0.0299157 9.99738E-05 0.886659 9.99738E-05 0.0831252
0.9995 9.996E-05 9.996E-05 9.996E-05 9.996E-05 9.996E-05
9.99737E-05 9.99737E-05 0.0387618 9.99737E-05 0.310892 0.650046
0.228647 0.530081 0.196303 0.04477 9.99824E-05 9.99824E-05
0.244224 0.0328539 0.312665 0.410057 9.99823E-05 9.99823E-05
0.926159 9.99646E-05 9.99646E-05 0.0734413 9.99646E-05 9.99646E-05
0.0223195 0.514273 9.99735E-05 9.99735E-05 0.463107 9.99735E-05
9.99735E-05 0.417461 0.214738 9.99735E-05 9.99735E-05 0.367501
9.99736E-05 9.99736E-05 9.99736E-05 0.188584 0.349422 0.461694
9.99735E-05 0.149861 0.750213 0.0996259 9.99735E-05 9.99735E-05
9.99735E-05 0.260503 0.563905 9.99735E-05 9.99735E-05 0.175291
0.475639 9.99735E-05 9.99735E-05 0.401832 9.99735E-05 0.122229
9.99736E-05 0.140226 0.405363 0.454111 9.99736E-05 9.99736E-05
0.516536 0.346101 0.0227167 9.99824E-05 9.99824E-05 0.114447
9.99735E-05 9.99735E-05 0.211996 9.99735E-05 0.0672203 0.720484
9.99737E-05 9.99737E-05 0.534037 0.232613 0.233051 9.99737E-05
0.0421197 0.719764 9.99823E-05 9.99823E-05 0.0110291 0.226887
0.362546 9.99824E-05 0.569098 0.0142874 9.99824E-05 0.0538678
9.99738E-05 0.154958 9.99738E-05 0.675661 0.169081 9.99738E-05
0.323262 9.99736E-05 0.629442 9.99736E-05 0.0469967 9.99736E-05
0.0707677 0.543652 9.99912E-05 0.00374077 0.179714 0.202025
9.99825E-05 0.579848 0.0858861 0.31985 9.99825E-05 0.0142152
9.99737E-05 0.81721 0.0878296 9.99737E-05 0.0946605 9.99737E-05
0.0499662 9.99736E-05 9.99736E-05 9.99736E-05 0.135308 0.814426
0.327785 9.99824E-05 0.136305 0.0108317 0.524878 9.99824E-05
9.99824E-05 0.23855 0.0912056 0.20922 0.460825 9.99824E-05
0.847579 9.99651E-05 9.99651E-05 0.152021 9.99651E-05 9.99651E-05
0.0266064 0.583986 9.99823E-05 9.99823E-05 0.00159415 0.387614
0.128751 0.564339 9.99826E-05 0.0497971 0.256912 9.99826E-05
9.99736E-05 0.365566 9.99736E-05 9.99736E-05 0.0591728 0.574961
0.0911443 9.99736E-05 9.99736E-05 0.23348 0.675076 9.99736E-05
0.09651 0.30609 9.99824E-05 9.99824E-05 0.0597575 0.537443
0.275656 9.99737E-05 9.99737E-05 9.99737E-05 0.273942 0.450102
9.99652E-05 0.731519 9.99652E-05 0.268081 9.99652E-05 9.99652E-05
9.99825E-05 0.290006 9.99825E-05 0.324247 0.0686758 0.316871
0.516491 0.417125 0.0660846 9.99736E-05 9.99736E-05 9.99736E-05
9.9965E-05 9.9965E-05 0.265244 9.9965E-05 9.9965E-05 0.734357
0.112888 9.99824E-05 9.99824E-05 0.210151 0.236269 0.440493
0.540791 0.311955 9.99736E-05 0.146955 9.99736E-05 9.99736E-05
9.99734E-05 0.353779 0.0689338 0.576987 9.99734E-05 9.99734E-05
9.99737E-05 0.498609 0.17058 9.99737E-05 0.330511 9.99737E-05
9.99651E-05 0.65788 9.99651E-05 9.99651E-05 0.34172 9.99651E-05
9.99737E-05 0.475073 9.99737E-05 0.127937 0.39669 9.99737E-05
0.553429 0.0172999 9.99823E-05 9.99823E-05 0.156348 0.272723
0.323395 9.99736E-05 9.99736E-05 9.99736E-05 0.472707 0.203598
0.204653 0.344186 9.99823E-05 9.99823E-05 0.429002 0.0219586
9.99824E-05 0.15988 0.375272 9.99824E-05 0.171905 0.292743
0.0133767 9.99736E-05 0.675384 9.99736E-05 0.31094 9.99736E-05
0.567659 0.0249296 9.99912E-05 0.125353 0.222904 0.0590531
9.99736E-05 0.22962 0.252578 9.99736E-05 9.99736E-05 0.517502
9.99823E-05 0.612063 0.0924373 0.0301939 0.265106 9.99823E-05
0.557336 9.99913E-05 0.102306 0.201323 0.101348 0.0375872
0.700346 9.9965E-05 9.9965E-05 9.9965E-05 0.299254 9.9965E-05
9.99736E-05 0.525964 0.00489808 9.99736E-05 9.99736E-05 0.468838
0.805951 9.99737E-05 0.0904463 9.99737E-05 9.99737E-05 0.103303
0.393379 0.0412633 9.99824E-05 9.99824E-05 0.370587 0.194572
0.317813 9.99649E-05 9.99649E-05 9.99649E-05 0.681788 9.99649E-05
9.99825E-05 0.198537 0.276944 9.99825E-05 0.284 0.240318
9.99648E-05 9.99648E-05 9.99648E-05 9.99648E-05 0.786868 0.212732
9.9965E-05 9.9965E-05 9.9965E-05 0.594785 9.9965E-05 0.404815
9.99738E-05 0.196587 9.99738E-05 0.690097 0.113016 9.99738E-05
9.99648E-05 0.477111 9.99648E-05 9.99648E-05 9.99648E-05 0.522489
9.996E-05 9.996E-05 9.996E-05 0.9995 9.996E-05 9.996E-05
9.99649E-05 9.99649E-05 9.99649E-05 9.99649E-05 0.825217 0.174383
9.99651E-05 0.985288 0.014312 9.99651E-05 9.99651E-05 9.99651E-05
9.99735E-05 9.99735E-05 0.437707 0.460502 0.101491 9.99735E-05
0.0239444 9.99648E-05 9.99648E-05 9.99648E-05 9.99648E-05 0.975656
0.0631181 9.99825E-05 0.046379 9.99825E-05 0.213061 0.677242
0.0291554 0.339019 9.99912E-05 0.318032 0.0516959 0.261998
0.219193 9.99737E-05 9.99737E-05 0.315983 9.99737E-05 0.464524
9.99736E-05 0.359734 0.369305 9.99736E-05 9.99736E-05 0.270661
9.99824E-05 9.99824E-05 0.0661741 0.407985 0.503188 0.0224531
9.99736E-05 0.147174 9.99736E-05 0.482217 9.99736E-05 0.370309
0.0462523 0.110881 9.99912E-05 0.207099 0.167827 0.467841
0.372066 9.99735E-05 0.560437 9.99735E-05 9.99735E-05 0.0671973
0.699055 9.99649E-05 9.99649E-05 0.300545 9.99649E-05 9.99649E-05
9.99651E-05 9.99651E-05 9.99651E-05 9.99651E-05 0.484234 0.515366
0.688136 9.99648E-05 9.99648E-05 9.99648E-05 9.99648E-05 0.311464
0.0120197 0.065797 0.344193 0.0805384 0.120129 0.377322
0.111053 9.999E-05 0.0986897 0.243222 0.37069 0.176246
9.996E-05 0.00748423 0.992116 9.996E-05 9.996E-05 9.996E-05
9.99737E-05 0.317119 0.018399 9.99737E-05 9.99737E-05 0.664182
0.0121961 0.987404 9.99649E-05 9.99649E-05 9.99649E-05 9.99649E-05
0.799613 9.99649E-05 0.199987 9.99649E-05 9.99649E-05 9.99649E-05
9.99651E-05 9.99651E-05 0.754645 9.99651E-05 0.244955 9.99651E-05
0.24486 9.9974E-05 0.273828 9.9974E-05 9.9974E-05 0.481012
9.99825E-05 0.378097 0.00752379 9.99825E-05 0.158811 0.455368
9.99824E-05 0.100499 0.0410214 0.780198 9.99824E-05 0.0780822
9.99736E-05 0.192724 9.99736E-05 0.20702 0.599957 9.99736E-05
0.0385726 0.0765177 0.395158 0.246598 0.243053 9.99912E-05
9.99737E-05 9.99737E-05 0.0965338 0.214054 9.99737E-05 0.689113
0.350331 0.0130763 9.99736E-05 9.99736E-05 9.99736E-05 0.636292
9.99737E-05 0.717958 0.101279 9.99737E-05 0.180464 9.99737E-05
9.99738E-05 0.729249 9.99738E-05 0.203868 0.0665832 9.99738E-05
0.0632325 0.479613 9.99739E-05 9.99739E-05 9.99739E-05 0.456854
0.225656 0.0326564 9.99823E-05 0.0481609 0.693327 9.99823E-05
0.220268 0.0971685 0.178978 9.99912E-05 0.356185 0.1473
0.408383 0.48003 9.99824E-05 0.0768134 0.034574 9.99824E-05
9.996E-05 9.996E-05 9.996E-05 0.9995 9.996E-05 9.996E-05
9.99736E-05 9.99736E-05 0.281576 9.99736E-05 0.561946 0.156178
9.99828E-05 0.470333 0.0441191 0.192008 9.99828E-05 0.29334
9.99651E-05 0.82372 9.99651E-05 9.99651E-05 0.17588 9.99651E-05
0.526771 0.392994 9.99735E-05 9.99735E-05 0.0799358 9.99735E-05
0.696139 9.99742E-05 0.00740574 9.99742E-05 9.99742E-05 0.296155
0.00537654 9.99739E-05 9.99739E-05 9.99739E-05 0.850672 0.143652
9.99736E-05 9.99736E-05 0.0184964 0.670713 9.99736E-05 0.310491
9.99649E-05 9.99649E-05 9.99649E-05 0.972819 9.99649E-05 0.026781
0.556046 0.382969 9.99736E-05 9.99736E-05 0.0606845 9.99736E-05
9.99738E-05 9.99738E-05 0.343383 9.99738E-05 0.428842 0.227475
0.111997 0.349882 9.99824E-05 9.99824E-05 0.34812 0.189802
9.99824E-05 0.25372 9.99824E-05 0.126517 0.364498 0.255066
9.996E-05 0.660153 9.996E-05 0.339447 9.996E-05 9.996E-05
9.99912E-05 0.324773 0.129617 0.459841 0.0546991 0.0309701
0.0168621 0.458966 0.523872 9.99741E-05 9.99741E-05 9.99741E-05
0.0322374 9.99651E-05 9.99651E-05 0.967363 9.99651E-05 9.99651E-05
9.99649E-05 9.99649E-05 9.99649E-05 0.563634 0.435966 9.99649E-05
9.99912E-05 0.231618 0.567019 0.0841006 0.0100692 0.107093
9.99647E-05 9.99647E-05 0.144586 9.99647E-05 9.99647E-05 0.855014
9.99649E-05 9.99649E-05 0.235495 0.764105 9.99649E-05 9.99649E-05
0.17704 9.99824E-05 0.104545 0.499722 0.218493 9.99824E-05
0.361755 0.267946 9.99825E-05 0.144059 0.22604 9.99825E-05
0.502931 9.99735E-05 9.99735E-05 9.99735E-05 0.493232 0.00353698
9.99823E-05 0.76446 0.0423015 0.0612047 9.99823E-05 0.131833
9.99649E-05 0.446687 9.99649E-05 9.99649E-05 9.99649E-05 0.552913
0.249061 9.99912E-05 0.0449189 0.25991 0.317651 0.128359
9.99735E-05 0.753171 9.99735E-05 0.0278306 0.218698 9.99735E-05
9.99738E-05 0.64946 9.99738E-05 0.00917522 9.99738E-05 0.341065
0.261409 0.569784 9.99825E-05 9.99825E-05 0.100034 0.0685726
9.99647E-05 0.929204 9.99647E-05 9.99647E-05 9.99647E-05 0.0703957
0.0988006 9.99824E-05 0.381104 9.99824E-05 0.201053 0.318843
0.734991 0.0486686 9.99824E-05 0.00728209 0.208858 9.99824E-05
0.588325 9.9974E-05 0.226161 9.9974E-05 9.9974E-05 0.185214
0.268917 0.38438 0.340062 9.99824E-05 0.00644199 9.99824E-05
9.99737E-05 9.99737E-05 0.453123 0.394876 0.151701 9.99737E-05
0.15195 9.99823E-05 0.0286941 9.99823E-05 0.353552 0.465604
0.220706 0.441906 0.265078 0.0215548 0.0506548 9.99912E-05
9.99648E-05 9.99648E-05 0.551768 0.447832 9.99648E-05 9.99648E-05
9.99913E-05 0.0605237 0.34195 0.190824 0.278629 0.127973
9.996E-05 9.996E-05 0.9995 9.996E-05 9.996E-05 9.996E-05
9.99736E-05 0.0601294 0.369707 9.99736E-05 0.569864 9.99736E-05
9.99739E-05 0.183143 0.138831 9.99739E-05 0.677727 9.99739E-05
9.99737E-05 0.484178 0.0208662 9.99737E-05 9.99737E-05 0.494656
9.99651E-05 0.438297 9.99651E-05 9.99651E-05 9.99651E-05 0.561303
9.99735E-05 0.16356 9.99735E-05 9.99735E-05 0.223811 0.612329
0.876507 9.99736E-05 0.120371 9.99736E-05 9.99736E-05 0.00282209
0.218189 9.99737E-05 0.758689 0.022822 9.99737E-05 9.99737E-05
0.56863 0.430971 9.99648E-05 9.99648E-05 9.99648E-05 9.99648E-05
9.9965E-05 9.9965E-05 9.9965E-05 0.675794 9.9965E-05 0.323806
9.99652E-05 9.99652E-05 0.6386 0.361 9.99652E-05 9.99652E-05
9.99736E-05 9.99736E-05 0.305144 0.364405 0.330151 9.99736E-05
0.624947 9.99737E-05 9.99737E-05 0.100663 0.27409 9.99737E-05
0.135698 9.99735E-05 9.99735E-05 9.99735E-05 0.0801043 0.783898
9.99648E-05 0.596434 9.99648E-05 9.99648E-05 0.403166 9.99648E-05
9.99824E-05 0.179497 0.511065 0.218296 9.99824E-05 0.0909414
0.0931752 9.99739E-05 0.253193 9.99739E-05 9.99739E-05 0.653332
0.240569 0.260672 9.99737E-05 9.99737E-05 9.99737E-05 0.498458
0.0655337 0.182591 0.00388243 0.747793 9.99824E-05 9.99824E-05
0.27744 9.99824E-05 0.163882 9.99824E-05 0.313431 0.245047
9.99649E-05 9.99649E-05 0.314014 9.99649E-05 0.685586 9.99649E-05
0.473919 9.99826E-05 9.99826E-05 0.182225 0.115552 0.228104
9.996E-05 9.996E-05 9.996E-05 9.996E-05 0.9995 9.996E-05
9.99737E-05 9.99737E-05 9.99737E-05 0.0992676 0.644274 0.256158
0.499557 0.484649 0.015494 9.99736E-05 9.99736E-05 9.99736E-05
0.42542 0.26702 0.307259 9.99736E-05 9.99736E-05 9.99736E-05
0.200391 0.158703 0.482751 9.99824E-05 9.99824E-05 0.157955
0.349822 9.99824E-05 0.593628 0.0308128 0.0255367 9.99824E-05
0.0460789 9.99736E-05 9.99736E-05 9.99736E-05 0.709146 0.244475
0.067638 9.99737E-05 0.783406 0.148656 9.99737E-05 9.99737E-05
9.99651E-05 0.13202 9.99651E-05 9.99651E-05 0.86758 9.99651E-05
0.346041 9.99824E-05 0.41588 0.0773135 0.160566 9.99824E-05
9.99734E-05 0.468253 9.99734E-05 9.99734E-05 0.236059 0.295388
9.99739E-05 9.99739E-05 0.303349 9.99739E-05 0.572415 0.123936
9.99647E-05 9.99647E-05 0.644339 9.99647E-05 9.99647E-05 0.355261
0.552413 0.112691 9.99825E-05 0.000878109 0.333818 9.99825E-05
0.0522271 9.99735E-05 0.442083 9.99735E-05 9.99735E-05 0.50539
9.99738E-05 0.35139 9.99738E-05 9.99738E-05 0.581927 0.0663832
0.0859611 9.99824E-05 0.0921231 0.219673 9.99824E-05 0.602042
0.0358228 9.99738E-05 0.163774 9.99738E-05 0.800104 9.99738E-05
0.257262 9.99734E-05 0.146768 0.595669 9.99734E-05 9.99734E-05
0.742353 9.997E-05 0.192251 9.997E-05 0.065096 9.997E-05
9.99823E-05 0.056426 0.605537 9.99823E-05 0.248704 0.0891337
0.032802 0.550183 9.99823E-05 0.0715904 0.345225 9.99823E-05
0.104407 0.716537 0.0324544 9.99824E-05 9.99824E-05 0.146401
9.99736E-05 9.99736E-05 0.46701 9.99736E-05 0.275117 0.257573
0.00925369 0.942674 9.99736E-05 0.0477728 9.99736E-05 9.99736E-05
9.99649E-05 9.99649E-05 0.552285 9.99649E-05 0.447315 9.99649E-05
0.39353 9.99734E-05 9.99734E-05 0.199099 0.407072 9.99734E-05
0.842164 9.9965E-05 9.9965E-05 9.9965E-05 9.9965E-05 0.157436
0.107308 0.00222692 9.99912E-05 0.678664 0.0842704 0.12743
0.0314014 0.307371 9.99912E-05 0.0752559 0.358942 0.22693
0.492301 9.99649E-05 9.99649E-05 9.99649E-05 9.99649E-05 0.507299
9.99648E-05 9.99648E-05 0.846316 9.99648E-05 9.99648E-05 0.153284
0.227163 9.99912E-05 0.0900376 0.162595 0.10444 0.415665
9.9965E-05 9.9965E-05 0.74634 9.9965E-05 0.253261 9.9965E-05
0.301237 0.515422 0.183041 9.99735E-05 9.99735E-05 9.99735E-05
9.99735E-05 0.345554 9.99735E-05 0.431253 9.99735E-05 0.222893
9.99649E-05 9.99649E-05 0.131326 0.868274 9.99649E-05 9.99649E-05
9.9965E-05 9.9965E-05 9.9965E-05 0.0398537 9.9965E-05 0.959746
9.99739E-05 9.99739E-05 0.0400845 9.99739E-05 0.466509 0.493106
9.99823E-05 9.99823E-05 0.135516 0.175764 0.655928 0.0325916
0.0943435 0.73138 0.113865 0.0602118 9.99824E-05 9.99824E-05
0.301324 0.419783 9.9974E-05 9.9974E-05 0.278593 9.9974E-05
0.0827362 9.99736E-05 9.99736E-05 0.329224 0.58774 9.99736E-05
0.253074 9.99824E-05 0.454882 0.267623 9.99824E-05 0.0242208
0.15372 9.99824E-05 0.0241244 0.11889 9.99824E-05 0.703065
9.99647E-05 9.99647E-05 9.99647E-05 9.99647E-05 0.0793033 0.920297
