9.99736E-05 0.343023 9.99736E-05 9.99736E-05 0.0184325 0.638245
9.99649E-05 9.99649E-05 9.99649E-05 0.376007 0.623593 9.99649E-05
9.99737E-05 0.218338 0.322063 0.459299 9.99737E-05 9.99737E-05
0.0232628 0.000644453 0.28087 0.695022 9.99824E-05 9.99824E-05
0.434434 0.335352 9.99737E-05 9.99737E-05 0.229914 9.99737E-05
9.99734E-05 9.99734E-05 0.0644504 9.99734E-05 0.565841 0.369409
0.299953 9.99737E-05 9.99737E-05 9.99737E-05 0.0191229 0.680624
0.174774 0.174549 0.0411335 0.00103029 0.356006 0.252507
0.245391 0.330146 0.0772496 0.347014 9.99824E-05 9.99824E-05
9.99738E-05 0.0146846 9.99738E-05 0.725145 9.99738E-05 0.259871
0.482057 0.207856 0.146653 9.99824E-05 0.163234 9.99824E-05
0.372322 0.066453 0.0635571 9.99912E-05 0.297712 0.199855
0.0698247 9.99737E-05 9.99737E-05 0.344882 9.99737E-05 0.584993
9.999E-05 0.243662 0.179891 0.0782439 0.301429 0.196674
9.99736E-05 9.99736E-05 9.99736E-05 0.27905 0.0507792 0.669871
0.844217 0.155383 9.99649E-05 9.99649E-05 9.99649E-05 9.99649E-05
9.99737E-05 0.415151 9.99737E-05 9.99737E-05 0.503208 0.0813413
9.99651E-05 0.717046 9.99651E-05 9.99651E-05 9.99651E-05 0.282554
0.424713 0.132357 0.10612 9.99823E-05 9.99823E-05 0.33661
9.99737E-05 9.99737E-05 9.99737E-05 0.113421 0.666604 0.219676
0.448761 9.99736E-05 9.99736E-05 0.197069 0.35387 9.99736E-05
0.323944 9.99738E-05 9.99738E-05 0.256425 9.99738E-05 0.419332
0.100166 0.666398 0.0297487 0.0717187 0.131868 9.99913E-05
9.99823E-05 0.0813947 0.501998 0.401738 0.0146687 9.99823E-05
0.231043 9.99826E-05 0.335296 0.422835 9.99826E-05 0.010626
9.99824E-05 0.137643 0.111136 0.208268 0.542753 9.99824E-05
0.384826 9.99734E-05 9.99734E-05 9.99734E-05 0.36669 0.248185
0.182317 0.265576 0.0310936 0.40267 9.99912E-05 0.118243
9.99649E-05 9.99649E-05 0.989116 9.99649E-05 0.0104837 9.99649E-05
0.0624811 9.99824E-05 0.414181 0.499871 0.0232667 9.99824E-05
9.99647E-05 0.22655 0.77305 9.99647E-05 9.99647E-05 9.99647E-05
0.206584 0.160961 0.588533 9.99823E-05 9.99823E-05 0.0437217
9.99736E-05 9.99736E-05 0.206413 0.33404 0.459247 9.99736E-05
9.99824E-05 9.99824E-05 0.42416 0.022858 0.34583 0.206952
0.278878 0.12636 9.99736E-05 9.99736E-05 0.594462 9.99736E-05
9.9965E-05 9.9965E-05 9.9965E-05 0.917721 0.0818789 9.9965E-05
9.996E-05 9.996E-05 9.996E-05 0.9995 9.996E-05 9.996E-05
0.205025 0.287009 0.244192 0.08109 9.99912E-05 0.182583
0.283101 0.182803 9.99823E-05 0.196386 0.33751 9.99823E-05
9.99824E-05 9.99824E-05 0.215526 0.267361 0.0081119 0.508801
9.99737E-05 0.703016 9.99737E-05 0.130012 9.99737E-05 0.166672
0.326739 0.120208 0.204802 0.016038 0.332114 9.99913E-05
0.000210255 9.99651E-05 9.99651E-05 0.99939 9.99651E-05 9.99651E-05
9.996E-05 0.9995 9.996E-05 9.996E-05 9.996E-05 9.996E-05
0.0523171 0.496064 0.0366595 9.99825E-05 0.414759 9.99825E-05
0.261817 9.99735E-05 0.116053 9.99735E-05 0.62183 9.99735E-05
0.511468 9.9965E-05 0.488132 9.9965E-05 9.9965E-05 9.9965E-05
0.0166598 0.318584 9.99824E-05 0.661211 9.99824E-05 0.00334583
0.0254342 0.422328 9.99912E-05 0.127422 0.365896 0.0588191
9.99647E-05 9.99647E-05 9.99647E-05 0.789103 9.99647E-05 0.210497
9.99736E-05 9.99736E-05 0.535934 9.99736E-05 0.336468 0.127298
9.99824E-05 0.382777 0.27857 0.152758 9.99824E-05 0.185694
9.99912E-05 0.0477575 0.237726 0.450983 0.249104 0.0143294
9.99735E-05 0.862197 0.0584765 9.99735E-05 9.99735E-05 0.0790265
0.155261 0.20302 0.0307458 9.99912E-05 0.216503 0.39437
9.99652E-05 0.0597653 9.99652E-05 9.99652E-05 9.99652E-05 0.939835
0.212096 0.00107166 0.549452 0.0611596 9.99912E-05 0.176122
9.99824E-05 0.0410514 0.00391968 0.799314 0.155515 9.99824E-05
0.18487 0.140792 0.399081 9.99824E-05 0.275057 9.99824E-05
0.121108 9.99824E-05 9.99824E-05 0.549205 0.106291 0.223196
9.99736E-05 0.059787 0.646029 9.99736E-05 0.293884 9.99736E-05
0.0631771 0.00578309 9.99825E-05 0.704274 0.226566 9.99825E-05
9.99912E-05 0.387399 0.0925495 0.350265 0.0365067 0.13318
9.99739E-05 0.515264 9.99739E-05 0.236497 9.99739E-05 0.247939
9.99648E-05 0.737199 9.99648E-05 0.262401 9.99648E-05 9.99648E-05
9.99736E-05 9.99736E-05 9.99736E-05 0.00397773 0.789244 0.206478
0.187137 9.99824E-05 0.0745201 0.513467 9.99824E-05 0.224676
9.99823E-05 0.295379 9.99823E-05 0.0466071 0.354223 0.303591
9.99651E-05 0.222859 9.99651E-05 9.99651E-05 0.776741 9.99651E-05
9.99736E-05 0.141362 9.99736E-05 0.835141 9.99736E-05 0.023197
0.175885 9.99824E-05 0.241706 0.125594 0.456615 9.99824E-05
0.131614 0.523075 9.99825E-05 0.0817612 0.26335 9.99825E-05
0.16944 9.99825E-05 0.112629 0.246054 0.471677 9.99825E-05
9.99651E-05 0.770104 9.99651E-05 9.99651E-05 9.99651E-05 0.229496
9.99735E-05 9.99735E-05 0.254496 9.99735E-05 0.166523 0.578681
0.0397527 9.99736E-05 0.223089 9.99736E-05 9.99736E-05 0.736858
9.99646E-05 9.99646E-05 9.99646E-05 9.99646E-05 0.252448 0.747153
9.99736E-05 9.99736E-05 0.167055 9.99736E-05 0.372731 0.459914
9.99824E-05 0.0932337 0.0172648 9.99824E-05 0.177322 0.711979
0.101979 0.33759 9.99824E-05 0.387708 0.172522 9.99824E-05
0.229323 0.175305 9.99738E-05 9.99738E-05 9.99738E-05 0.595072
0.71704 0.219111 9.99739E-05 9.99739E-05 9.99739E-05 0.0635491
0.064063 9.99824E-05 0.0957982 0.602956 9.99824E-05 0.236983
0.123937 0.443676 9.99824E-05 9.99824E-05 0.313302 0.118885
9.99735E-05 9.99735E-05 9.99735E-05 0.560136 0.196761 0.242803
9.99649E-05 0.388281 9.99649E-05 9.99649E-05 9.99649E-05 0.611319
9.9974E-05 0.330158 0.0222446 9.9974E-05 9.9974E-05 0.647298
9.99736E-05 0.181263 0.289675 9.99736E-05 9.99736E-05 0.528761
0.177514 0.157685 9.99741E-05 9.99741E-05 9.99741E-05 0.664501
0.287948 0.104241 0.370287 0.0349004 0.202524 9.99912E-05
0.141419 0.757391 9.99738E-05 0.10089 9.99738E-05 9.99738E-05
0.760398 0.036256 9.99825E-05 0.13618 9.99825E-05 0.0669658
9.99737E-05 0.639833 9.99737E-05 9.99737E-05 0.25408 0.105786
0.357523 0.0997035 9.99738E-05 0.542474 9.99738E-05 9.99738E-05
0.280072 0.00509817 9.99823E-05 0.586465 9.99823E-05 0.128164
9.99738E-05 9.99738E-05 0.395806 0.569383 0.0345108 9.99738E-05
0.397417 9.99651E-05 9.99651E-05 9.99651E-05 0.602183 9.99651E-05
9.99741E-05 9.99741E-05 0.478262 0.339989 9.99741E-05 0.181449
0.0921066 0.23864 0.0508706 9.99824E-05 9.99824E-05 0.618183
9.99825E-05 0.274649 0.289817 0.0982545 9.99825E-05 0.33708
9.99736E-05 0.550511 9.99736E-05 0.135627 9.99736E-05 0.313562
0.270753 0.136471 9.9974E-05 0.592476 9.9974E-05 9.9974E-05
9.99649E-05 9.99649E-05 9.99649E-05 9.99649E-05 0.433251 0.566349
9.99737E-05 0.138307 9.99737E-05 0.631372 0.230022 9.99737E-05
9.996E-05 9.996E-05 0.9995 9.996E-05 9.996E-05 9.996E-05
9.99737E-05 0.596576 9.99737E-05 0.127867 0.275257 9.99737E-05
0.0868081 0.401509 0.511383 9.99737E-05 9.99737E-05 9.99737E-05
9.99737E-05 9.99737E-05 9.99737E-05 0.0808265 0.33872 0.580153
0.133334 9.99649E-05 0.866266 9.99649E-05 9.99649E-05 9.99649E-05
9.99825E-05 9.99825E-05 0.0286061 0.0514357 0.353557 0.566201
9.99738E-05 9.99738E-05 9.99738E-05 0.161922 0.23451 0.603268
0.0868804 9.99739E-05 0.252453 9.99739E-05 0.660366 9.99739E-05
9.99737E-05 9.99737E-05 0.585655 0.0220313 0.392014 9.99737E-05
0.261152 0.0701971 0.475215 0.193236 9.99824E-05 9.99824E-05
9.99739E-05 0.48356 9.99739E-05 0.444647 9.99739E-05 0.0714929
0.32307 9.99649E-05 9.99649E-05 9.99649E-05 9.99649E-05 0.67653
0.00650717 0.141877 0.431275 0.106721 0.241808 0.0718117
9.99654E-05 9.99654E-05 0.296938 9.99654E-05 0.702662 9.99654E-05
9.99737E-05 9.99737E-05 9.99737E-05 0.419076 0.401677 0.178947
9.99825E-05 9.99825E-05 0.415903 0.0987945 0.480083 0.00502003
0.170088 0.393006 9.99823E-05 0.144399 0.292307 9.99823E-05
0.171177 9.99825E-05 0.169098 9.99825E-05 0.597751 0.0617733
9.99912E-05 0.00129444 0.0116737 0.689561 0.123992 0.17338
9.99649E-05 9.99649E-05 0.0629863 9.99649E-05 0.936614 9.99649E-05
9.99739E-05 0.028607 9.99739E-05 0.588414 9.99739E-05 0.382679
9.99737E-05 0.328109 9.99737E-05 0.587585 0.0840062 9.99737E-05
0.00810974 9.99913E-05 0.576558 0.0780374 0.0432943 0.293901
0.0117155 0.977771 9.99737E-05 9.99737E-05 0.010214 9.99737E-05
0.175865 0.21046 0.392565 9.99824E-05 9.99824E-05 0.22091
9.99823E-05 9.99823E-05 0.223701 0.570757 0.0689495 0.136392
9.99737E-05 0.0199184 9.99737E-05 9.99737E-05 0.244713 0.735069
0.211689 9.99736E-05 9.99736E-05 0.330405 0.457607 9.99736E-05
0.23544 9.99737E-05 9.99737E-05 0.430342 9.99737E-05 0.333918
0.256691 9.99736E-05 9.99736E-05 9.99736E-05 0.410386 0.332623
9.99735E-05 0.891058 0.0556877 9.99735E-05 0.052954 9.99735E-05
0.0891521 9.99824E-05 9.99824E-05 0.803208 0.0790429 0.0283971
9.9965E-05 9.9965E-05 0.363571 9.9965E-05 0.636029 9.9965E-05
9.99738E-05 0.767353 9.99738E-05 0.182821 9.99738E-05 0.0495258
9.99736E-05 9.99736E-05 9.99736E-05 0.28512 0.106098 0.608482
9.99736E-05 0.104068 0.479559 0.416073 9.99736E-05 9.99736E-05
0.0953656 9.99823E-05 0.0195401 0.670021 9.99823E-05 0.214873
0.166543 0.543537 9.99823E-05 9.99823E-05 0.196912 0.0928088
0.251107 0.425339 9.99825E-05 9.99825E-05 0.0745581 0.248796
0.366203 9.99824E-05 9.99824E-05 0.237583 0.118327 0.277686
0.371895 9.99823E-05 9.99823E-05 0.253083 0.106459 0.268363
0.167942 9.99824E-05 0.647931 9.99824E-05 0.102134 0.0817938
9.99738E-05 0.801714 9.99738E-05 0.0235587 9.99738E-05 0.174428
9.99736E-05 9.99736E-05 0.258501 0.221419 9.99736E-05 0.51978
0.810328 9.99649E-05 9.99649E-05 0.189272 9.99649E-05 9.99649E-05
9.99647E-05 0.19844 9.99647E-05 9.99647E-05 9.99647E-05 0.80116
0.444756 0.120196 9.99827E-05 0.125166 9.99827E-05 0.309682
9.99825E-05 9.99825E-05 0.138264 0.607587 0.142587 0.111363
9.99738E-05 9.99738E-05 0.186531 0.379419 9.99738E-05 0.433749
9.99649E-05 9.99649E-05 0.41531 0.58429 9.99649E-05 9.99649E-05
9.99737E-05 0.435245 9.99737E-05 0.250761 9.99737E-05 0.313694
9.99825E-05 0.066263 0.423246 9.99825E-05 0.412799 0.0974927
0.745012 9.99652E-05 9.99652E-05 0.254588 9.99652E-05 9.99652E-05
0.75673 0.0644006 9.99736E-05 9.99736E-05 0.17857 9.99736E-05
9.9965E-05 9.9965E-05 9.9965E-05 0.65725 0.34235 9.9965E-05
9.99735E-05 9.99735E-05 9.99735E-05 0.0106311 0.405595 0.583474
0.0383525 9.99823E-05 0.102142 9.99823E-05 0.837477 0.0218287
0.262024 9.99824E-05 9.99824E-05 0.567428 0.0878073 0.0825403
0.548192 0.228829 0.222679 9.99735E-05 9.99735E-05 9.99735E-05
0.0664851 0.318823 0.591449 0.023043 9.99824E-05 9.99824E-05
9.99736E-05 9.99736E-05 0.354135 0.07491 9.99736E-05 0.570655
9.99737E-05 9.99737E-05 0.452671 0.0525576 0.494472 9.99737E-05
0.0662693 0.684584 9.99824E-05 0.000237504 9.99824E-05 0.248709
0.0443945 0.644928 0.108929 0.201549 9.99825E-05 9.99825E-05
0.137142 0.306873 9.99737E-05 9.99737E-05 0.555685 9.99737E-05
9.99912E-05 0.0717318 0.172742 0.174483 0.557075 0.0238681
0.155253 0.0256001 0.140961 9.99824E-05 9.99824E-05 0.677986
9.99738E-05 9.99738E-05 0.0619684 0.168525 0.769207 9.99738E-05
9.99652E-05 9.99652E-05 9.99652E-05 9.99652E-05 0.359047 0.640553
9.99651E-05 9.99651E-05 9.99651E-05 0.309458 0.690142 9.99651E-05
0.187897 9.99736E-05 9.99736E-05 9.99736E-05 0.404904 0.406899
9.99738E-05 9.99738E-05 9.99738E-05 0.595796 0.318699 0.0852052
9.99648E-05 0.45555 9.99648E-05 9.99648E-05 9.99648E-05 0.54405
0.0134424 9.99739E-05 0.0778391 9.99739E-05 0.908419 9.99739E-05
9.99824E-05 9.99824E-05 0.0989949 0.627969 0.0543756 0.218461
9.99735E-05 0.130287 0.411535 9.99735E-05 0.457877 9.99735E-05
0.0430269 0.0380369 0.153376 9.99912E-05 0.00463378 0.760826
0.40021 9.99824E-05 9.99824E-05 0.180918 0.00744471 0.411227
9.99823E-05 9.99823E-05 0.174069 0.116567 0.0758709 0.633293
9.99735E-05 0.339635 9.99735E-05 0.572774 0.087291 9.99735E-05
9.99737E-05 9.99737E-05 0.204965 9.99737E-05 0.515482 0.279253
9.99737E-05 0.822792 9.99737E-05 0.101623 0.0752856 9.99737E-05
0.0228044 0.381563 0.566265 9.99825E-05 9.99825E-05 0.0291675
0.620081 9.99735E-05 9.99735E-05 0.159309 9.99735E-05 0.220309
9.99912E-05 0.0785676 0.133447 0.10822 0.112954 0.566711
0.035878 0.261064 9.99823E-05 0.402195 0.300663 9.99823E-05
9.99736E-05 9.99736E-05 0.522238 0.055218 9.99736E-05 0.422244
9.99738E-05 9.99738E-05 0.0476697 9.99738E-05 0.393434 0.558596
0.242847 0.367837 0.00569224 0.24415 0.139373 9.99912E-05
9.99823E-05 0.322011 0.306979 0.365547 0.00526387 9.99823E-05
9.99737E-05 0.579822 0.335069 9.99737E-05 0.084809 9.99737E-05
0.483038 9.99738E-05 0.206204 9.99738E-05 0.310459 9.99738E-05
0.294505 0.512876 9.99735E-05 0.192319 9.99735E-05 9.99735E-05
9.99824E-05 0.243841 0.333256 9.99824E-05 0.177574 0.24513
0.181805 0.355436 9.99824E-05 0.426865 0.0356949 9.99824E-05
0.592661 0.108166 9.99824E-05 0.141306 9.99824E-05 0.157668
9.99824E-05 0.337324 0.10676 9.99824E-05 0.368887 0.186829
0.378332 0.0666781 9.99737E-05 0.55469 9.99737E-05 9.99737E-05
9.99826E-05 0.301482 9.99826E-05 0.0133213 0.315985 0.369011
0.144826 0.0817485 0.471839 9.99824E-05 9.99824E-05 0.301386
0.749831 9.99737E-05 9.99737E-05 9.99737E-05 0.248435 0.00143354
9.99824E-05 0.270708 9.99824E-05 0.307848 0.284883 0.136361
9.99735E-05 0.186087 9.99735E-05 9.99735E-05 0.224817 0.588797
9.99824E-05 0.180682 9.99824E-05 0.151435 0.523836 0.143847
9.99649E-05 9.99649E-05 0.192955 9.99649E-05 9.99649E-05 0.806645
0.356587 0.33565 0.307463 9.99736E-05 9.99736E-05 9.99736E-05
0.030778 9.99735E-05 9.99735E-05 9.99735E-05 0.649559 0.319363
9.99912E-05 0.228569 0.512834 0.158928 0.080232 0.0193372
9.99825E-05 0.153607 0.408628 9.99825E-05 0.187564 0.250001
0.336507 0.230337 0.145697 9.99825E-05 0.287259 9.99825E-05
0.239593 9.99735E-05 9.99735E-05 0.512628 9.99735E-05 0.247479
9.99649E-05 0.1581 0.8415 9.99649E-05 9.99649E-05 9.99649E-05
0.586443 9.99824E-05 0.0982167 0.238248 9.99824E-05 0.0768929
0.0712182 9.99824E-05 9.99824E-05 0.0505698 0.522676 0.355336
9.99649E-05 9.99649E-05 9.99649E-05 9.99649E-05 0.898425 0.101175
9.99647E-05 9.99647E-05 9.99647E-05 9.99647E-05 0.861421 0.138179
0.501443 0.408661 9.99735E-05 0.0895958 9.99735E-05 9.99735E-05
0.0783912 0.0811149 9.99911E-05 0.520215 0.243697 0.0764823
9.99825E-05 0.461285 0.0280453 0.306043 9.99825E-05 0.204426
9.99824E-05 0.110105 0.369445 0.462697 0.0575533 9.99824E-05
9.99647E-05 0.839602 9.99647E-05 9.99647E-05 0.159998 9.99647E-05
9.99737E-05 9.99737E-05 9.99737E-05 0.211675 0.30615 0.481875
0.298688 9.99736E-05 0.50429 9.99736E-05 0.196722 9.99736E-05
9.99825E-05 0.341292 0.0656356 0.214892 0.37798 9.99825E-05
0.255619 0.311654 0.0582838 9.99825E-05 0.374243 9.99825E-05
0.788301 9.99648E-05 9.99648E-05 9.99648E-05 0.211299 9.99648E-05
0.616911 0.103224 9.99735E-05 9.99735E-05 0.279565 9.99735E-05
0.92923 9.99649E-05 9.99649E-05 9.99649E-05 9.99649E-05 0.0703706
9.996E-05 9.996E-05 0.9995 9.996E-05 9.996E-05 9.996E-05
0.0833136 0.107767 0.388598 9.99825E-05 0.420122 9.99825E-05
9.996E-05 9.996E-05 0.9995 9.996E-05 9.996E-05 9.996E-05
0.197581 9.99824E-05 9.99824E-05 0.494524 0.0419212 0.265774
0.370674 0.26337 0.149746 9.99825E-05 0.21601 9.99825E-05
9.99826E-05 0.224521 0.347036 0.124855 9.99826E-05 0.303388
9.99738E-05 9.99738E-05 0.38874 0.490284 0.120676 9.99738E-05
0.0671496 9.99825E-05 0.0692519 9.99825E-05 0.201044 0.662355
0.158812 0.184254 0.508134 9.99824E-05 0.148601 9.99824E-05
9.99736E-05 0.0769916 9.99736E-05 0.70642 9.99736E-05 0.216288
0.382678 9.99736E-05 0.564911 9.99736E-05 9.99736E-05 0.0521108
0.127604 9.99736E-05 9.99736E-05 0.226461 9.99736E-05 0.645635
0.154477 9.99736E-05 9.99736E-05 0.167224 9.99736E-05 0.677999
0.0617099 9.99825E-05 9.99825E-05 0.0614938 0.0987467 0.77785
9.99647E-05 9.99647E-05 9.99647E-05 0.424508 0.575092 9.99647E-05
0.291869 0.155111 0.130211 0.42261 9.99823E-05 9.99823E-05
9.99824E-05 0.434071 9.99824E-05 0.331246 0.0030889 0.231394
9.9965E-05 0.182897 9.9965E-05 9.9965E-05 9.9965E-05 0.816703
9.9965E-05 9.9965E-05 9.9965E-05 0.520663 9.9965E-05 0.478937
9.99825E-05 9.99825E-05 0.182002 0.626883 0.111343 0.0795728
9.99736E-05 0.33348 0.5214 9.99736E-05 9.99736E-05 0.14482
0.13244 9.99823E-05 0.234769 9.99823E-05 0.301078 0.331513
9.99649E-05 0.962204 9.99649E-05 9.99649E-05 9.99649E-05 0.0373961
9.99736E-05 0.296443 9.99736E-05 9.99736E-05 0.0935921 0.609665
9.99737E-05 0.595915 0.0252576 9.99737E-05 0.378527 9.99737E-05
9.99736E-05 9.99736E-05 0.168329 9.99736E-05 0.548503 0.282868
0.249701 9.99825E-05 0.715024 0.0318892 9.99825E-05 0.00318525
9.99735E-05 0.168923 9.99735E-05 9.99735E-05 0.522121 0.308656
9.9965E-05 0.683124 9.9965E-05 9.9965E-05 0.316476 9.9965E-05
