0.479015 0.127144 0.0448906 9.9956E-05 0.26628 9.9956E-05 9.9956E-05 0.0821707 9.9956E-05 9.9956E-05
0.0900985 9.99648E-05 0.505701 9.99648E-05 0.276398 9.99648E-05 0.037547 0.00262588 9.99648E-05 0.0872303
9.99472E-05 9.99472E-05 0.119409 9.99472E-05 9.99472E-05 0.317923 9.99472E-05 9.99472E-05 0.218201 0.343867
0.196196 0.0195339 0.149968 9.99652E-05 9.99652E-05 0.438528 9.99652E-05 0.177119 0.0182546 9.99652E-05
9.99298E-05 0.655116 9.99298E-05 9.99298E-05 9.99298E-05 9.99298E-05 9.99298E-05 0.344084 9.99298E-05 9.99298E-05
9.99648E-05 0.137869 9.99648E-05 9.99648E-05 9.99648E-05 0.110219 0.192876 0.105123 0.408517 0.044997
0.211114 9.99471E-05 9.99471E-05 9.99471E-05 9.99471E-05 0.257457 9.99471E-05 9.99471E-05 0.163882 0.366947
0.0632544 0.166517 0.198311 9.9956E-05 9.9956E-05 0.376606 0.194812 9.9956E-05 9.9956E-05 9.9956E-05
0.656421 0.0973501 9.99475E-05 9.99475E-05 9.99475E-05 9.99475E-05 0.173202 9.99475E-05 9.99475E-05 0.0724273
9.99295E-05 9.99295E-05 0.625858 9.99295E-05 9.99295E-05 0.373343 9.99295E-05 9.99295E-05 9.99295E-05 9.99295E-05
9.99298E-05 9.99298E-05 0.897991 9.99298E-05 0.101209 9.99298E-05 9.99298E-05 9.99298E-05 9.99298E-05 9.99298E-05
0.288597 9.99561E-05 0.0266136 9.99561E-05 9.99561E-05 0.183492 0.0722082 0.428589 9.99561E-05 9.99561E-05
0.171782 9.99469E-05 0.545466 0.0478147 9.99469E-05 9.99469E-05 0.234338 9.99469E-05 9.99469E-05 9.99469E-05
9.99207E-05 9.99207E-05 9.99207E-05 9.99207E-05 9.99207E-05 9.99207E-05 0.999101 9.99207E-05 9.99207E-05 9.99207E-05
9.99385E-05 0.216 0.0916088 9.99385E-05 9.99385E-05 9.99385E-05 9.99385E-05 9.99385E-05 9.99385E-05 0.691692
0.321843 9.99469E-05 0.231366 9.99469E-05 9.99469E-05 9.99469E-05 0.415212 9.99469E-05 9.99469E-05 0.0309792
0.0158183 0.311799 0.0112509 9.99734E-05 0.101649 0.102561 9.99734E-05 0.211368 9.99734E-05 0.245254
9.99736E-05 0.0699101 0.0326191 0.0115708 9.99736E-05 0.0759451 9.99736E-05 0.365877 0.193193 0.250585
0.232402 9.99649E-05 0.201798 9.99649E-05 9.99649E-05 0.247141 0.276868 0.0344143 9.99649E-05 0.00697651
9.99298E-05 0.373965 9.99298E-05 9.99298E-05 9.99298E-05 9.99298E-05 9.99298E-05 9.99298E-05 9.99298E-05 0.625235
9.9956E-05 0.0784864 0.146362 9.9956E-05 9.9956E-05 9.9956E-05 0.679681 0.0403113 0.0546598 9.9956E-05
0.0839955 9.99558E-05 0.436273 9.99558E-05 0.0770531 0.297673 0.104506 9.99558E-05 9.99558E-05 9.99558E-05
9.99476E-05 9.99476E-05 9.99476E-05 9.99476E-05 0.245225 9.99476E-05 0.409331 9.99476E-05 0.217606 0.127239
0.31824 9.99387E-05 0.0651987 9.99387E-05 9.99387E-05 9.99387E-05 0.615862 9.99387E-05 9.99387E-05 9.99387E-05
0.115931 0.0844295 0.207904 0.309331 0.15887 9.99648E-05 9.99648E-05 0.123133 9.99648E-05 9.99648E-05
0.424419 0.0500969 9.99473E-05 9.99473E-05 0.319753 0.205131 9.99473E-05 9.99473E-05 9.99473E-05 9.99473E-05
0.0858523 9.99648E-05 0.046619 9.99648E-05 9.99648E-05 0.329531 0.214992 9.99648E-05 0.169041 0.153565
0.0464938 9.99559E-05 0.0789881 9.99559E-05 9.99559E-05 9.99559E-05 0.233901 0.0483126 9.99559E-05 0.591805
9.99213E-05 9.99213E-05 9.99213E-05 9.99213E-05 9.99213E-05 0.999101 9.99213E-05 9.99213E-05 9.99213E-05 9.99213E-05
0.141711 9.99562E-05 0.11454 0.055869 9.99562E-05 0.246937 9.99562E-05 9.99562E-05 9.99562E-05 0.440443
9.99207E-05 9.99207E-05 9.99207E-05 9.99207E-05 9.99207E-05 0.999101 9.99207E-05 9.99207E-05 9.99207E-05 9.99207E-05
0.0746469 9.99563E-05 9.99563E-05 9.99563E-05 0.20924 0.0969201 0.506375 9.99563E-05 9.99563E-05 0.112319
9.99651E-05 0.153909 0.181887 9.99651E-05 9.99651E-05 0.16197 0.0268266 0.16335 9.99651E-05 0.311658
9.99211E-05 9.99211E-05 9.99211E-05 9.99211E-05 9.99211E-05 0.999101 9.99211E-05 9.99211E-05 9.99211E-05 9.99211E-05
9.99472E-05 9.99472E-05 9.99472E-05 9.99472E-05 9.99472E-05 9.99472E-05 0.455628 0.405698 0.0525991 0.0854751
0.0178165 9.99473E-05 0.470122 9.99473E-05 9.99473E-05 9.99473E-05 9.99473E-05 0.15826 0.353203 9.99473E-05
0.04971 0.184312 0.274824 9.99472E-05 9.99472E-05 9.99472E-05 9.99472E-05 9.99472E-05 9.99472E-05 0.490554
0.821345 0.0100286 0.165393 9.99476E-05 9.99476E-05 9.99476E-05 0.00263351 9.99476E-05 9.99476E-05 9.99476E-05
0.712649 9.99472E-05 0.00230379 9.99472E-05 9.99472E-05 9.99472E-05 0.113466 9.99472E-05 0.170981 9.99472E-05
0.107795 9.99561E-05 0.327357 0.242335 9.99561E-05 0.0651561 9.99561E-05 9.99561E-05 9.99561E-05 0.256857
0.0508988 9.99471E-05 9.99471E-05 9.99471E-05 9.99471E-05 9.99471E-05 0.24103 9.99471E-05 0.564818 0.142654
0.0181629 9.99563E-05 0.105094 9.99563E-05 9.99563E-05 0.00363906 9.99563E-05 0.846997 0.0256072 9.99563E-05
0.222429 9.99565E-05 0.0774916 9.99565E-05 0.230126 0.303446 9.99565E-05 0.166007 9.99565E-05 9.99565E-05
9.99384E-05 9.99384E-05 0.0937885 9.99384E-05 9.99384E-05 0.721099 0.184413 9.99384E-05 9.99384E-05 9.99384E-05
9.99557E-05 0.115818 0.0420315 9.99557E-05 9.99557E-05 0.0130757 0.412953 0.415622 9.99557E-05 9.99557E-05
9.993E-05 9.993E-05 9.993E-05 0.00494771 0.994253 9.993E-05 9.993E-05 9.993E-05 9.993E-05 9.993E-05
9.99558E-05 0.066495 0.347457 9.99558E-05 0.197909 9.99558E-05 9.99558E-05 0.310762 9.99558E-05 0.0768761
9.99389E-05 0.310776 9.99389E-05 9.99389E-05 9.99389E-05 9.99389E-05 9.99389E-05 0.158841 0.529683 9.99389E-05
0.227392 9.99385E-05 9.99385E-05 9.99385E-05 0.568472 9.99385E-05 9.99385E-05 0.203436 9.99385E-05 9.99385E-05
9.99562E-05 9.99562E-05 0.35918 0.0405394 9.99562E-05 9.99562E-05 9.99562E-05 0.284775 0.0998292 0.215177
9.99474E-05 9.99474E-05 9.99474E-05 9.99474E-05 9.99474E-05 0.129368 0.288884 0.290291 9.99474E-05 0.290858
9.9947E-05 9.9947E-05 0.0577296 9.9947E-05 9.9947E-05 0.489596 9.9947E-05 0.173898 9.9947E-05 0.278177
9.99562E-05 9.99562E-05 0.21727 0.204306 0.0872894 0.358214 9.99562E-05 9.99562E-05 0.132421 9.99562E-05
9.99646E-05 0.0447859 0.0795977 9.99646E-05 0.189313 0.568867 0.10267 0.0143672 9.99646E-05 9.99646E-05
0.523882 9.99562E-05 0.0296161 9.99562E-05 9.99562E-05 0.241392 0.00139643 0.203213 9.99562E-05 9.99562E-05
9.99474E-05 9.99474E-05 0.26725 9.99474E-05 0.177924 0.300126 9.99474E-05 0.254101 9.99474E-05 9.99474E-05
9.99386E-05 9.99386E-05 9.99386E-05 9.99386E-05 9.99386E-05 9.99386E-05 0.179838 0.26254 9.99386E-05 0.556922
9.99389E-05 9.99389E-05 9.99389E-05 9.99389E-05 9.99389E-05 0.609458 0.0963191 9.99389E-05 9.99389E-05 0.293523
9.99387E-05 9.99387E-05 9.99387E-05 9.99387E-05 9.99387E-05 9.99387E-05 0.415117 0.22135 9.99387E-05 0.362834
0.380397 9.99469E-05 0.00548286 9.99469E-05 0.32774 9.99469E-05 9.99469E-05 9.99469E-05 9.99469E-05 0.28578
9.9956E-05 0.436404 9.9956E-05 9.9956E-05 0.251913 9.9956E-05 0.1852 0.0609949 0.0649872 9.9956E-05
9.99383E-05 9.99383E-05 0.197293 9.99383E-05 9.99383E-05 9.99383E-05 0.596339 0.205668 9.99383E-05 9.99383E-05
9.994E-05 9.994E-05 9.994E-05 9.994E-05 0.00626853 9.994E-05 0.690266 0.216325 0.0865409 9.994E-05
9.99472E-05 9.99472E-05 0.358793 0.0460899 9.99472E-05 9.99472E-05 0.263715 9.99472E-05 9.99472E-05 0.330803
9.99647E-05 0.205401 0.0876964 0.20081 9.99647E-05 0.329163 0.104332 0.0721977 9.99647E-05 9.99647E-05
0.0546909 9.99469E-05 9.99469E-05 9.99469E-05 9.99469E-05 9.99469E-05 9.99469E-05 0.782811 0.0691584 0.0927398
9.99383E-05 0.232283 0.605366 9.99383E-05 9.99383E-05 9.99383E-05 9.99383E-05 9.99383E-05 0.161651 9.99383E-05
9.99474E-05 9.99474E-05 0.0309865 0.237401 9.99474E-05 0.133409 9.99474E-05 9.99474E-05 0.597604 9.99474E-05
0.452505 0.210941 0.111236 9.99473E-05 9.99473E-05 0.224719 9.99473E-05 9.99473E-05 9.99473E-05 9.99473E-05
9.99471E-05 0.25553 9.99471E-05 9.99471E-05 9.99471E-05 0.192975 0.208988 0.341907 9.99471E-05 9.99471E-05
9.99304E-05 9.99304E-05 9.99304E-05 9.99304E-05 9.99304E-05 0.0889134 0.910287 9.99304E-05 9.99304E-05 9.99304E-05
9.99211E-05 9.99211E-05 0.999101 9.99211E-05 9.99211E-05 9.99211E-05 9.99211E-05 9.99211E-05 9.99211E-05 9.99211E-05
0.163346 0.371153 9.99381E-05 9.99381E-05 9.99381E-05 9.99381E-05 9.99381E-05 0.464802 9.99381E-05 9.99381E-05
9.99473E-05 0.235623 0.414288 0.173117 9.99473E-05 9.99473E-05 0.176373 9.99473E-05 9.99473E-05 9.99473E-05
0.0382841 9.99559E-05 9.99559E-05 9.99559E-05 9.99559E-05 0.308496 0.186765 0.219232 9.99559E-05 0.246724
0.136875 9.99382E-05 9.99382E-05 9.99382E-05 9.99382E-05 9.99382E-05 0.800132 0.0622934 9.99382E-05 9.99382E-05
0.144018 0.0691953 0.0716417 9.99649E-05 9.99649E-05 0.636506 0.0740651 9.99649E-05 0.00417415 9.99649E-05
0.4296 9.99385E-05 9.99385E-05 9.99385E-05 0.169268 9.99385E-05 0.400432 9.99385E-05 9.99385E-05 9.99385E-05
0.0644861 9.99384E-05 0.759186 9.99384E-05 9.99384E-05 9.99384E-05 9.99384E-05 9.99384E-05 0.175628 9.99384E-05
0.101227 9.9947E-05 9.9947E-05 9.9947E-05 9.9947E-05 9.9947E-05 0.285323 9.9947E-05 0.270983 0.341867
9.99388E-05 9.99388E-05 9.99388E-05 9.99388E-05 9.99388E-05 0.536442 9.99388E-05 9.99388E-05 0.0946707 0.368187
9.99391E-05 9.99391E-05 0.609904 9.99391E-05 0.0297655 9.99391E-05 9.99391E-05 9.99391E-05 0.359631 9.99391E-05
0.395759 9.99389E-05 9.99389E-05 9.99389E-05 9.99389E-05 0.0758671 9.99389E-05 0.527674 9.99389E-05 9.99389E-05
9.99646E-05 0.334496 0.0110438 9.99646E-05 9.99646E-05 0.360876 0.117415 0.0865457 9.99646E-05 0.0892232
9.99386E-05 9.99386E-05 9.99386E-05 0.0816565 0.231182 9.99386E-05 9.99386E-05 9.99386E-05 9.99386E-05 0.686461
0.659292 9.99382E-05 9.99382E-05 9.99382E-05 9.99382E-05 9.99382E-05 0.288361 0.0516472 9.99382E-05 9.99382E-05
9.99388E-05 0.441515 9.99388E-05 9.99388E-05 9.99388E-05 0.485651 0.072135 9.99388E-05 9.99388E-05 9.99388E-05
0.0554671 9.99385E-05 9.99385E-05 9.99385E-05 9.99385E-05 0.73767 9.99385E-05 0.206164 9.99385E-05 9.99385E-05
9.99562E-05 0.175273 9.99562E-05 0.408804 0.0808425 9.99562E-05 0.105193 0.229388 9.99562E-05 9.99562E-05
9.99561E-05 0.0474243 0.366744 0.0260821 9.99561E-05 0.293937 0.265313 9.99561E-05 9.99561E-05 9.99561E-05
9.99387E-05 9.99387E-05 9.99387E-05 9.99387E-05 9.99387E-05 9.99387E-05 0.66098 0.0196281 9.99387E-05 0.318692
9.9947E-05 0.150039 0.235393 9.9947E-05 9.9947E-05 0.364181 0.249787 9.9947E-05 9.9947E-05 9.9947E-05
0.152296 9.9956E-05 0.330082 9.9956E-05 9.9956E-05 0.392826 9.9956E-05 0.0330964 0.0911988 9.9956E-05
0.54954 9.99383E-05 9.99383E-05 9.99383E-05 9.99383E-05 9.99383E-05 9.99383E-05 0.129426 9.99383E-05 0.320335
9.99476E-05 0.227978 0.176546 9.99476E-05 9.99476E-05 9.99476E-05 0.00322791 0.591649 9.99476E-05 9.99476E-05
0.11345 9.99473E-05 0.615418 9.99473E-05 0.112254 9.99473E-05 9.99473E-05 0.158279 9.99473E-05 9.99473E-05
9.99647E-05 0.0229437 0.570626 9.99647E-05 9.99647E-05 0.11346 0.142476 0.0249461 0.12515 9.99647E-05
0.183762 9.99474E-05 0.0962001 9.99474E-05 9.99474E-05 0.23606 0.483377 9.99474E-05 9.99474E-05 9.99474E-05
0.0197924 0.0483047 0.295531 0.0372128 0.173174 0.0903739 0.143565 0.191846 9.99823E-05 9.99823E-05
0.574357 9.99473E-05 0.0865904 9.99473E-05 9.99473E-05 9.99473E-05 0.243042 9.99473E-05 9.99473E-05 0.09541
0.230696 9.99471E-05 9.99471E-05 9.99471E-05 9.99471E-05 0.340587 0.0679885 0.360128 9.99471E-05 9.99471E-05
9.9965E-05 9.9965E-05 9.9965E-05 9.9965E-05 0.0306721 0.13039 0.0588359 0.573999 0.180526 0.0251774
0.163259 9.99648E-05 0.211875 9.99648E-05 9.99648E-05 0.35992 0.0718108 0.147783 9.99648E-05 0.0449523
9.9956E-05 0.0600862 9.9956E-05 0.0271288 0.153068 0.602302 9.9956E-05 9.9956E-05 0.156915 9.9956E-05
9.99472E-05 9.99472E-05 0.063657 9.99472E-05 0.13031 0.455338 0.350096 9.99472E-05 9.99472E-05 9.99472E-05
9.99388E-05 9.99388E-05 0.830208 9.99388E-05 0.0787703 9.99388E-05 9.99388E-05 9.99388E-05 9.99388E-05 0.0903223
9.996E-05 9.996E-05 0.0339842 0.137079 0.104728 9.996E-05 9.996E-05 0.123221 0.138394 0.462194
0.379113 9.99558E-05 9.99558E-05 0.012604 0.0287492 0.447669 9.99558E-05 9.99558E-05 9.99558E-05 0.131364
9.99386E-05 0.586518 9.99386E-05 9.99386E-05 9.99386E-05 9.99386E-05 0.075212 9.99386E-05 9.99386E-05 0.337571
0.181298 9.99469E-05 9.99469E-05 9.99469E-05 9.99469E-05 0.390234 9.99469E-05 0.102165 0.325703 9.99469E-05
0.0295778 0.352368 0.504824 9.99472E-05 9.99472E-05 0.112631 9.99472E-05 9.99472E-05 9.99472E-05 9.99472E-05
0.0266634 0.0783494 0.635644 9.99559E-05 9.99559E-05 0.0446036 0.21424 9.99559E-05 9.99559E-05 9.99559E-05
0.336487 9.9956E-05 0.382482 9.9956E-05 9.9956E-05 9.9956E-05 0.149824 9.9956E-05 0.0984136 0.0322928
0.0413916 0.0990312 0.242742 9.9956E-05 9.9956E-05 0.454776 0.161559 9.9956E-05 9.9956E-05 9.9956E-05
9.99561E-05 9.99561E-05 9.99561E-05 0.250211 0.480917 9.99561E-05 0.180396 0.0728261 9.99561E-05 0.0151502
9.99473E-05 0.152076 0.440514 0.371667 9.99473E-05 0.0351432 9.99473E-05 9.99473E-05 9.99473E-05 9.99473E-05
9.99294E-05 9.99294E-05 9.99294E-05 9.99294E-05 0.704908 9.99294E-05 9.99294E-05 0.294292 9.99294E-05 9.99294E-05
9.99654E-05 9.99654E-05 0.296496 0.0973047 0.0519503 9.99654E-05 0.390421 9.99654E-05 0.10577 0.057658
9.99385E-05 9.99385E-05 0.0705786 9.99385E-05 9.99385E-05 9.99385E-05 9.99385E-05 0.315867 9.99385E-05 0.612854
9.99477E-05 9.99477E-05 0.118883 0.0266548 9.99477E-05 0.0682589 0.785603 9.99477E-05 9.99477E-05 9.99477E-05
9.994E-05 9.994E-05 0.585626 9.994E-05 9.994E-05 0.211486 0.162488 0.0398003 9.994E-05 9.994E-05
0.192147 9.99476E-05 9.99476E-05 0.0891817 9.99476E-05 0.248348 9.99476E-05 9.99476E-05 9.99476E-05 0.469723
0.480139 9.99386E-05 9.99386E-05 9.99386E-05 9.99386E-05 0.170998 9.99386E-05 9.99386E-05 9.99386E-05 0.348164
0.678621 9.99561E-05 9.99561E-05 0.00509221 9.99561E-05 0.114969 9.99561E-05 9.99561E-05 0.00713015 0.193687
0.0426407 0.268098 0.0749819 0.107224 9.99735E-05 0.0741129 9.99735E-05 0.334312 0.0983313 9.99735E-05
0.114029 0.402276 9.99472E-05 0.327094 9.99472E-05 0.156002 9.99472E-05 9.99472E-05 9.99472E-05 9.99472E-05
9.99385E-05 9.99385E-05 9.99385E-05 9.99385E-05 0.27105 0.266706 9.99385E-05 9.99385E-05 0.461544 9.99385E-05
0.534963 9.99474E-05 0.343155 0.10452 0.0167625 9.99474E-05 9.99474E-05 9.99474E-05 9.99474E-05 9.99474E-05
9.99293E-05 9.99293E-05 9.99293E-05 9.99293E-05 0.120312 9.99293E-05 0.878889 9.99293E-05 9.99293E-05 9.99293E-05
9.99383E-05 9.99383E-05 0.520476 9.99383E-05 9.99383E-05 9.99383E-05 9.99383E-05 9.99383E-05 0.0625315 0.416293
0.859301 9.993E-05 9.993E-05 9.993E-05 9.993E-05 9.993E-05 9.993E-05 0.1399 9.993E-05 9.993E-05
0.23656 9.994E-05 9.994E-05 0.320864 9.994E-05 0.398062 0.043915 9.994E-05 9.994E-05 9.994E-05
0.861166 9.99299E-05 9.99299E-05 9.99299E-05 9.99299E-05 9.99299E-05 9.99299E-05 9.99299E-05 0.138034 9.99299E-05
9.99384E-05 9.99384E-05 0.604686 9.99384E-05 9.99384E-05 9.99384E-05 0.307343 0.0872719 9.99384E-05 9.99384E-05
0.333517 9.99468E-05 9.99468E-05 9.99468E-05 0.15335 0.056119 0.456414 9.99468E-05 9.99468E-05 9.99468E-05
9.9947E-05 9.9947E-05 0.347654 9.9947E-05 9.9947E-05 9.9947E-05 0.195999 0.339852 9.9947E-05 0.115894
0.171653 9.9956E-05 0.0498727 0.0519573 9.9956E-05 0.236117 9.9956E-05 9.9956E-05 9.9956E-05 0.4899
9.99472E-05 0.191491 0.418113 9.99472E-05 0.244591 9.99472E-05 9.99472E-05 0.145205 9.99472E-05 9.99472E-05
0.139447 0.0761398 9.99476E-05 9.99476E-05 9.99476E-05 9.99476E-05 0.498634 9.99476E-05 0.28518 9.99476E-05
9.99559E-05 9.99559E-05 0.0295801 9.99559E-05 9.99559E-05 0.166914 0.05501 0.109051 0.638945 9.99559E-05
9.99383E-05 9.99383E-05 9.99383E-05 9.99383E-05 0.787031 9.99383E-05 9.99383E-05 9.99383E-05 0.0389206 0.173348
9.99391E-05 9.99391E-05 9.99391E-05 9.99391E-05 0.371409 9.99391E-05 0.131598 9.99391E-05 0.496293 9.99391E-05
9.99475E-05 9.99475E-05 9.99475E-05 0.0778591 9.99475E-05 0.283688 9.99475E-05 0.154242 9.99475E-05 0.483612
0.92317 9.99387E-05 0.0739331 0.00219684 9.99387E-05 9.99387E-05 9.99387E-05 9.99387E-05 9.99387E-05 9.99387E-05
0.147899 9.99559E-05 0.306067 9.99559E-05 9.99559E-05 0.119574 0.230347 9.99559E-05 9.99559E-05 0.195614
9.99213E-05 9.99213E-05 9.99213E-05 9.99213E-05 9.99213E-05 0.999101 9.99213E-05 9.99213E-05 9.99213E-05 9.99213E-05
0.617819 0.173905 9.99474E-05 9.99474E-05 9.99474E-05 0.14822 0.0594555 9.99474E-05 9.99474E-05 9.99474E-05
0.292208 9.99825E-05 0.308189 0.00848152 9.99825E-05 0.0295439 0.079697 0.21662 0.0333768 0.031684
0.546449 0.260713 9.99472E-05 9.99472E-05 9.99472E-05 0.0922332 0.100005 9.99472E-05 9.99472E-05 9.99472E-05
9.99646E-05 0.163003 9.99646E-05 0.0876161 0.00614262 0.490229 9.99646E-05 9.99646E-05 0.011257 0.241352
9.99473E-05 0.0721619 9.99473E-05 9.99473E-05 9.99473E-05 9.99473E-05 0.255141 9.99473E-05 0.396715 0.275382
9.99298E-05 9.99298E-05 9.99298E-05 9.99298E-05 9.99298E-05 0.915305 9.99298E-05 9.99298E-05 0.0838955 9.99298E-05
9.99471E-05 9.99471E-05 0.54637 0.112977 9.99471E-05 9.99471E-05 9.99471E-05 9.99471E-05 0.215369 0.124685
9.99557E-05 0.224879 0.29735 9.99557E-05 9.99557E-05 0.256938 9.99557E-05 9.99557E-05 0.142253 0.0780802
9.99388E-05 9.99388E-05 0.582592 9.99388E-05 9.99388E-05 9.99388E-05 0.0707493 9.99388E-05 9.99388E-05 0.345959
0.0730417 9.99473E-05 0.267947 9.99473E-05 9.99473E-05 9.99473E-05 0.592572 9.99473E-05 0.0658392 9.99473E-05
9.99471E-05 9.99471E-05 9.99471E-05 0.0611461 9.99471E-05 0.34917 0.0922701 0.496815 9.99471E-05 9.99471E-05
0.145092 9.99561E-05 9.99561E-05 9.99561E-05 0.458228 0.180403 0.06194 9.99561E-05 0.153837 9.99561E-05
9.99472E-05 9.99472E-05 0.0488878 0.144231 9.99472E-05 0.73796 9.99472E-05 9.99472E-05 9.99472E-05 0.0683217
0.751342 9.99383E-05 9.99383E-05 9.99383E-05 0.0905294 9.99383E-05 9.99383E-05 0.157429 9.99383E-05 9.99383E-05
9.99652E-05 9.99652E-05 0.190111 0.0106554 9.99652E-05 0.204918 0.00107799 0.382431 9.99652E-05 0.210406
9.99384E-05 9.99384E-05 0.227932 9.99384E-05 9.99384E-05 9.99384E-05 0.0614269 0.709941 9.99384E-05 9.99384E-05
0.0195154 0.0538323 9.99647E-05 0.0026562 9.99647E-05 0.38036 0.241721 0.301515 9.99647E-05 9.99647E-05
0.381896 9.99558E-05 9.99558E-05 9.99558E-05 0.0469949 0.137897 0.104052 0.328661 9.99558E-05 9.99558E-05
0.000834585 9.99471E-05 0.252571 9.99471E-05 9.99471E-05 0.00694608 9.99471E-05 9.99471E-05 0.739049 9.99471E-05
9.99559E-05 9.99559E-05 9.99559E-05 9.99559E-05 0.00463698 0.336949 0.107189 0.3064 0.244325 9.99559E-05
0.153527 9.99564E-05 9.99564E-05 9.99564E-05 9.99564E-05 0.145913 0.229546 0.169908 9.99564E-05 0.300607
9.99387E-05 9.99387E-05 9.99387E-05 9.99387E-05 9.99387E-05 0.465629 9.99387E-05 9.99387E-05 0.137508 0.396163
9.99473E-05 9.99473E-05 0.023925 9.99473E-05 9.99473E-05 0.282326 0.210942 0.482207 9.99473E-05 9.99473E-05
9.99385E-05 9.99385E-05 0.251033 9.99385E-05 9.99385E-05 0.33942 9.99385E-05 0.408847 9.99385E-05 9.99385E-05
0.213728 9.99559E-05 0.0275536 9.99559E-05 9.99559E-05 0.0319367 9.99559E-05 0.636298 0.089984 9.99559E-05
9.99295E-05 9.99295E-05 0.965774 9.99295E-05 9.99295E-05 9.99295E-05 9.99295E-05 0.0334269 9.99295E-05 9.99295E-05
9.99562E-05 9.99562E-05 0.345547 9.99562E-05 9.99562E-05 0.120448 0.0580442 0.165502 0.309958 9.99562E-05
0.319553 0.0723961 0.386116 9.99471E-05 0.221335 9.99471E-05 9.99471E-05 9.99471E-05 9.99471E-05 9.99471E-05
9.99386E-05 0.0118067 0.396612 9.99386E-05 9.99386E-05 9.99386E-05 9.99386E-05 0.590881 9.99386E-05 9.99386E-05
9.99384E-05 0.00543456 9.99384E-05 0.446475 9.99384E-05 9.99384E-05 0.547391 9.99384E-05 9.99384E-05 9.99384E-05
0.15233 0.0835384 0.431379 9.9965E-05 0.210321 9.9965E-05 0.119111 9.9965E-05 9.9965E-05 0.00292061
0.00279417 0.0971788 0.0836235 0.370667 0.048737 0.341563 0.0551375 9.99738E-05 9.99738E-05 9.99738E-05
0.550394 0.167776 9.9947E-05 9.9947E-05 0.144372 0.136858 9.9947E-05 9.9947E-05 9.9947E-05 9.9947E-05
9.99382E-05 0.0466235 9.99382E-05 9.99382E-05 9.99382E-05 9.99382E-05 0.408482 0.544195 9.99382E-05 9.99382E-05
0.51122 9.99381E-05 9.99381E-05 9.99381E-05 9.99381E-05 0.13427 9.99381E-05 9.99381E-05 9.99381E-05 0.353811
0.243696 0.17926 0.202467 9.99649E-05 9.99649E-05 0.131265 0.19133 9.99649E-05 0.0515815 9.99649E-05
9.99387E-05 9.99387E-05 9.99387E-05 9.99387E-05 0.116649 0.648408 9.99387E-05 0.234243 9.99387E-05 9.99387E-05
0.02235 0.0118828 0.0243211 9.99735E-05 9.99735E-05 0.146608 0.329146 9.99735E-05 0.112172 0.35322
9.99384E-05 9.99384E-05 0.0506524 9.99384E-05 9.99384E-05 9.99384E-05 0.554535 0.394113 9.99384E-05 9.99384E-05
0.0329235 0.0975748 0.150219 9.99648E-05 9.99648E-05 0.0193089 9.99648E-05 9.99648E-05 0.486689 0.212884
9.99475E-05 9.99475E-05 9.99475E-05 0.0432715 9.99475E-05 9.99475E-05 9.99475E-05 0.164215 0.0663577 0.725556
9.99563E-05 9.99563E-05 9.99563E-05 9.99563E-05 0.0405726 0.132769 0.000666669 0.36954 9.99563E-05 0.455952
9.99475E-05 9.99475E-05 9.99475E-05 9.99475E-05 0.418361 9.99475E-05 9.99475E-05 0.109819 0.403513 0.0677076
0.243217 9.9956E-05 0.187777 9.9956E-05 0.0794488 0.342899 9.9956E-05 9.9956E-05 9.9956E-05 0.146159
0.00897645 0.235169 0.322825 9.99647E-05 9.99647E-05 0.0195303 9.99647E-05 0.127306 9.99647E-05 0.285793
9.99648E-05 0.0378139 0.0185595 9.99648E-05 9.99648E-05 0.325636 0.278839 0.263547 9.99648E-05 0.0752051
0.000969057 0.0191498 0.0339503 9.99647E-05 9.99647E-05 0.33105 0.412496 0.201985 9.99647E-05 9.99647E-05
9.99209E-05 9.99209E-05 9.99209E-05 9.99209E-05 9.99209E-05 9.99209E-05 9.99209E-05 9.99209E-05 9.99209E-05 0.999101
9.99293E-05 9.99293E-05 9.99293E-05 9.99293E-05 9.99293E-05 9.99293E-05 0.605889 9.99293E-05 9.99293E-05 0.393312
9.99475E-05 9.99475E-05 9.99475E-05 9.99475E-05 0.730663 0.00254788 9.99475E-05 0.143998 0.122191 9.99475E-05
0.120799 9.99648E-05 9.99648E-05 9.99648E-05 9.99648E-05 0.167428 0.289815 0.0164509 0.161105 0.244002
0.0642364 9.99561E-05 9.99561E-05 9.99561E-05 0.0694835 9.99561E-05 0.258648 0.199292 9.99561E-05 0.40784
9.99385E-05 9.99385E-05 9.99385E-05 9.99385E-05 9.99385E-05 0.820025 0.134149 9.99385E-05 9.99385E-05 0.0451263
0.0137778 0.182155 0.448458 9.9947E-05 9.9947E-05 0.355009 9.9947E-05 9.9947E-05 9.9947E-05 9.9947E-05
9.99474E-05 0.372497 0.571086 9.99474E-05 9.99474E-05 0.0321762 9.99474E-05 9.99474E-05 0.0236416 9.99474E-05
0.224002 9.99473E-05 9.99473E-05 0.00925536 9.99473E-05 9.99473E-05 9.99473E-05 0.563928 9.99473E-05 0.202214
9.99386E-05 9.99386E-05 9.99386E-05 9.99386E-05 0.649928 9.99386E-05 9.99386E-05 9.99386E-05 0.085438 0.263935
0.433255 9.99384E-05 9.99384E-05 9.99384E-05 0.512165 0.0538807 9.99384E-05 9.99384E-05 9.99384E-05 9.99384E-05
0.0292439 9.99648E-05 0.443621 9.99648E-05 0.119839 0.0854607 9.99648E-05 9.99648E-05 0.0224194 0.299016
9.99209E-05 9.99209E-05 0.999101 9.99209E-05 9.99209E-05 9.99209E-05 9.99209E-05 9.99209E-05 9.99209E-05 9.99209E-05
0.329756 0.190545 0.0257106 9.99558E-05 9.99558E-05 0.250965 9.99558E-05 0.202524 9.99558E-05 9.99558E-05
9.99383E-05 9.99383E-05 0.151703 9.99383E-05 0.431178 0.416419 9.99383E-05 9.99383E-05 9.99383E-05 9.99383E-05
0.0817675 0.373526 9.99647E-05 9.99647E-05 9.99647E-05 0.158703 9.99647E-05 0.162956 0.205633 0.0170143
9.99384E-05 9.99384E-05 0.00116689 9.99384E-05 0.33968 9.99384E-05 9.99384E-05 0.658454 9.99384E-05 9.99384E-05
0.207745 9.99472E-05 9.99472E-05 9.99472E-05 9.99472E-05 0.45153 9.99472E-05 0.127937 9.99472E-05 0.212188
0.525577 9.9947E-05 0.144723 9.9947E-05 9.9947E-05 9.9947E-05 9.9947E-05 0.054163 0.274937 9.9947E-05
9.9956E-05 0.534995 0.122973 9.9956E-05 0.162098 9.9956E-05 0.159133 9.9956E-05 9.9956E-05 0.020301
0.264484 9.99475E-05 0.15441 9.99475E-05 9.99475E-05 9.99475E-05 0.579427 9.99475E-05 0.00107845 9.99475E-05
0.297185 9.99475E-05 0.138747 9.99475E-05 9.99475E-05 9.99475E-05 9.99475E-05 0.531509 0.0319594 9.99475E-05
9.99302E-05 0.40528 9.99302E-05 9.99302E-05 9.99302E-05 0.593921 9.99302E-05 9.99302E-05 9.99302E-05 9.99302E-05
0.343678 0.138605 0.517018 9.99385E-05 9.99385E-05 9.99385E-05 9.99385E-05 9.99385E-05 9.99385E-05 9.99385E-05
9.99648E-05 0.0968413 0.191642 9.99648E-05 9.99648E-05 0.0364583 9.99648E-05 0.3035 0.00701974 0.364138
0.179305 9.99561E-05 9.99561E-05 9.99561E-05 9.99561E-05 9.99561E-05 0.0710658 0.626576 0.00313558 0.119417
0.161949 9.99293E-05 9.99293E-05 9.99293E-05 9.99293E-05 9.99293E-05 9.99293E-05 0.837251 9.99293E-05 9.99293E-05
0.104833 0.577489 9.99475E-05 0.0888488 9.99475E-05 0.228229 9.99475E-05 9.99475E-05 9.99475E-05 9.99475E-05
9.99297E-05 9.99297E-05 9.99297E-05 9.99297E-05 0.945293 0.0539079 9.99297E-05 9.99297E-05 9.99297E-05 9.99297E-05
9.99473E-05 9.99473E-05 0.459931 0.0250977 0.450437 0.0639347 9.99473E-05 9.99473E-05 9.99473E-05 9.99473E-05
0.368945 9.99473E-05 0.15335 9.99473E-05 9.99473E-05 9.99473E-05 0.300361 0.176744 9.99473E-05 9.99473E-05
9.99385E-05 9.99385E-05 9.99385E-05 9.99385E-05 9.99385E-05 0.455121 0.0523806 0.491799 9.99385E-05 9.99385E-05
9.9947E-05 9.9947E-05 9.9947E-05 9.9947E-05 9.9947E-05 0.129129 0.538249 9.9947E-05 0.243115 0.0889068
0.0142859 0.251664 9.99472E-05 9.99472E-05 0.237812 9.99472E-05 9.99472E-05 0.495638 9.99472E-05 9.99472E-05
0.496127 0.216144 9.99561E-05 0.122577 0.043123 0.121529 9.99561E-05 9.99561E-05 9.99561E-05 9.99561E-05
9.99473E-05 9.99473E-05 0.263423 9.99473E-05 0.0613773 0.558627 9.99473E-05 0.115973 9.99473E-05 9.99473E-05
0.647813 9.99385E-05 9.99385E-05 9.99385E-05 0.201834 9.99385E-05 9.99385E-05 9.99385E-05 9.99385E-05 0.149653
0.0340153 9.99472E-05 0.0668964 9.99472E-05 9.99472E-05 0.337944 9.99472E-05 0.560545 9.99472E-05 9.99472E-05
9.99736E-05 0.0652981 0.0137886 0.0421532 9.99736E-05 0.253542 0.0401459 0.106854 9.99736E-05 0.477919
9.99297E-05 9.99297E-05 9.99297E-05 9.99297E-05 9.99297E-05 9.99297E-05 0.814929 9.99297E-05 0.184272 9.99297E-05
9.99383E-05 9.99383E-05 0.208962 9.99383E-05 0.54849 0.241849 9.99383E-05 9.99383E-05 9.99383E-05 9.99383E-05
0.0255245 9.99472E-05 9.99472E-05 9.99472E-05 9.99472E-05 0.439778 0.524114 9.99472E-05 9.99472E-05 0.00998394
0.261343 9.99384E-05 0.422818 9.99384E-05 9.99384E-05 9.99384E-05 9.99384E-05 9.99384E-05 9.99384E-05 0.31514
9.99382E-05 0.12554 0.466849 9.99382E-05 9.99382E-05 9.99382E-05 0.406911 9.99382E-05 9.99382E-05 9.99382E-05
0.238293 9.99736E-05 9.99736E-05 0.0642775 0.166093 9.99736E-05 0.230247 0.114835 0.0816913 0.104264
9.99564E-05 0.614525 9.99564E-05 0.0785555 0.0478198 0.222093 0.0365072 9.99564E-05 9.99564E-05 9.99564E-05
9.99386E-05 9.99386E-05 0.374234 9.99386E-05 9.99386E-05 9.99386E-05 0.196757 0.428309 9.99386E-05 9.99386E-05
0.383831 9.99386E-05 9.99386E-05 9.99386E-05 9.99386E-05 9.99386E-05 0.0300911 9.99386E-05 9.99386E-05 0.585379
9.99473E-05 9.99473E-05 9.99473E-05 9.99473E-05 0.0655647 0.152081 0.0458413 9.99473E-05 9.99473E-05 0.735913
9.99647E-05 0.32501 0.215691 9.99647E-05 9.99647E-05 0.245723 0.0467181 0.0206946 0.145764 9.99647E-05
0.575735 9.99469E-05 9.99469E-05 9.99469E-05 0.150668 0.116131 9.99469E-05 9.99469E-05 9.99469E-05 0.156867
9.99385E-05 9.99385E-05 0.0856736 9.99385E-05 9.99385E-05 9.99385E-05 0.138585 9.99385E-05 9.99385E-05 0.775042
9.99473E-05 9.99473E-05 0.0486628 0.23353 9.99473E-05 9.99473E-05 0.711908 9.99473E-05 9.99473E-05 0.00529896
9.99469E-05 9.99469E-05 0.661633 0.00218631 9.99469E-05 0.097632 9.99469E-05 9.99469E-05 9.99469E-05 0.237949
0.337684 9.9956E-05 0.0931854 9.9956E-05 9.9956E-05 9.9956E-05 0.375945 9.9956E-05 0.078976 0.11371
9.99385E-05 9.99385E-05 9.99385E-05 9.99385E-05 0.176844 9.99385E-05 0.613134 0.209322 9.99385E-05 9.99385E-05
9.99475E-05 0.308083 0.149734 9.99475E-05 9.99475E-05 9.99475E-05 9.99475E-05 0.319516 0.222068 9.99475E-05
9.99207E-05 9.99207E-05 9.99207E-05 0.999101 9.99207E-05 9.99207E-05 9.99207E-05 9.99207E-05 9.99207E-05 9.99207E-05
0.219576 9.99561E-05 0.0225303 9.99561E-05 9.99561E-05 0.185587 0.50441 0.0673968 9.99561E-05 9.99561E-05
0.206514 9.995E-05 0.180314 9.995E-05 9.995E-05 0.0776568 9.995E-05 0.506139 0.0288756 9.995E-05
9.99386E-05 9.99386E-05 9.99386E-05 9.99386E-05 0.486579 0.412229 9.99386E-05 9.99386E-05 0.100493 9.99386E-05
9.99474E-05 0.445057 0.15008 9.99474E-05 0.221178 0.183085 9.99474E-05 9.99474E-05 9.99474E-05 9.99474E-05
0.0482766 9.99471E-05 9.99471E-05 9.99471E-05 0.184045 0.173485 0.593593 9.99471E-05 9.99471E-05 9.99471E-05
0.282499 9.995E-05 0.271496 9.995E-05 9.995E-05 9.995E-05 9.995E-05 0.201159 0.108757 0.135589
0.434158 9.9956E-05 0.0529814 0.191347 9.9956E-05 9.9956E-05 0.278524 0.0424903 9.9956E-05 9.9956E-05
9.99471E-05 0.261212 9.99471E-05 9.99471E-05 0.0540807 9.99471E-05 0.520696 0.163412 9.99471E-05 9.99471E-05
9.99649E-05 0.172924 0.00643233 0.213315 0.0351681 0.0385263 9.99649E-05 9.99649E-05 0.533235 9.99649E-05
9.99472E-05 9.99472E-05 0.538181 9.99472E-05 9.99472E-05 0.235448 9.99472E-05 0.187129 0.0386425 9.99472E-05
