0.791823 9.9991E-05 0.153755 0.0543221
0.971599 9.9982E-05 9.9982E-05 0.0282009
0.502173 9.9982E-05 0.497627 9.9982E-05
0.614015 0.289381 0.0965035 9.9991E-05
9.9982E-05 9.9982E-05 0.64153 0.35827
0.00698742 0.937212 0.0557002 9.9991E-05
9.999E-05 0.140755 0.849732 0.00941323
0.930057 9.9991E-05 0.0430263 0.0268168
9.9982E-05 0.723114 9.9982E-05 0.276686
9.99821E-05 9.99821E-05 0.783021 0.216779
9.998E-05 9.998E-05 0.9997 9.998E-05
0.934704 0.0650962 9.9982E-05 9.9982E-05
9.9991E-05 0.0664125 0.481184 0.452303
0.105886 0.03756 0.856454 9.9991E-05
9.9982E-05 9.9982E-05 0.486335 0.513465
9.99821E-05 0.0877253 9.99821E-05 0.912075
0.826745 0.158636 0.0145186 9.9991E-05
9.9991E-05 0.274292 0.242866 0.482743
9.998E-05 0.9997 9.998E-05 9.998E-05
9.9982E-05 0.126813 9.9982E-05 0.872987
0.0789002 0.147189 9.9991E-05 0.773811
0.140254 0.489317 9.9991E-05 0.370329
9.9982E-05 9.9982E-05 0.0675605 0.93224
0.52953 0.182854 0.19032 0.0972958
0.100293 0.0658413 0.833766 9.9991E-05
9.9982E-05 9.9982E-05 0.327664 0.672136
0.586731 0.162988 0.250181 9.9991E-05
9.9991E-05 0.619668 0.214716 0.165516
0.999586 9.99821E-05 9.99821E-05 0.000213655
0.387059 0.612741 9.99821E-05 9.99821E-05
0.0584631 9.9982E-05 0.941337 9.9982E-05
9.998E-05 9.998E-05 0.9997 9.998E-05
9.9982E-05 9.9982E-05 0.965617 0.0341833
9.9982E-05 0.944138 0.0556624 9.9982E-05
0.836219 0.121513 0.0421678 9.9991E-05
9.9982E-05 0.217124 9.9982E-05 0.782676
9.9982E-05 0.918332 9.9982E-05 0.0814679
9.9991E-05 0.976116 0.00736604 0.0164184
0.159777 0.118627 0.686619 0.0349779
0.167277 0.764353 0.0682692 9.9991E-05
0.215472 0.784328 9.9982E-05 9.9982E-05
0.86859 0.13121 9.9982E-05 9.9982E-05
0.0347254 9.99821E-05 9.99821E-05 0.965075
0.170072 9.9982E-05 0.829728 9.9982E-05
9.9982E-05 9.9982E-05 0.278613 0.721187
0.9997 9.998E-05 9.998E-05 9.998E-05
9.9982E-05 0.354885 9.9982E-05 0.644915
9.99821E-05 0.869722 9.99821E-05 0.130078
0.118706 9.9991E-05 0.26028 0.620913
9.9982E-05 0.375165 9.9982E-05 0.624635
