9.99559E-05 9.99559E-05 0.302966 9.99559E-05 0.0899266 9.99559E-05 9.99559E-05 0.287624 0.318983
9.99387E-05 0.85066 9.99387E-05 9.99387E-05 0.14864 9.99387E-05 9.99387E-05 9.99387E-05 9.99387E-05
0.222452 0.0805208 0.00076421 0.500759 9.99736E-05 9.99736E-05 0.0439546 9.99736E-05 0.151249
9.99562E-05 0.529871 9.99562E-05 0.111981 9.99562E-05 9.99562E-05 0.106315 0.251333 9.99562E-05
9.99647E-05 9.99647E-05 0.428082 0.158812 0.120712 0.271735 0.0202597 9.99647E-05 9.99647E-05
0.201362 9.99561E-05 9.99561E-05 0.170728 0.534931 9.99561E-05 0.0924784 9.99561E-05 9.99561E-05
0.123607 0.229233 9.99735E-05 0.315914 9.99735E-05 9.99735E-05 0.0302167 0.177582 0.123148
0.506618 9.99475E-05 0.383788 9.99475E-05 9.99475E-05 0.108995 9.99475E-05 9.99475E-05 9.99475E-05
9.99471E-05 0.649749 0.0573761 0.292275 9.99471E-05 9.99471E-05 9.99471E-05 9.99471E-05 9.99471E-05
0.293979 0.103083 0.187765 0.13407 9.99735E-05 9.99735E-05 0.107697 9.99735E-05 0.173106
9.99474E-05 9.99474E-05 0.128304 0.369866 9.99474E-05 9.99474E-05 0.501231 9.99474E-05 9.99474E-05
0.122094 9.99475E-05 0.32333 9.99475E-05 9.99475E-05 0.553976 9.99475E-05 9.99475E-05 9.99475E-05
9.99562E-05 0.019872 9.99562E-05 9.99562E-05 0.491625 9.99562E-05 9.99562E-05 0.415752 0.0722505
9.99736E-05 0.223292 0.197067 0.144672 0.024161 9.99736E-05 0.147728 9.99736E-05 0.262779
9.9947E-05 9.9947E-05 9.9947E-05 0.519675 0.342766 9.9947E-05 9.9947E-05 9.9947E-05 0.136959
9.99559E-05 0.315105 9.99559E-05 0.348356 9.99559E-05 0.0223981 9.99559E-05 9.99559E-05 0.313641
9.99471E-05 9.99471E-05 9.99471E-05 0.0191696 9.99471E-05 9.99471E-05 0.642247 0.337984 9.99471E-05
9.99559E-05 0.334144 9.99559E-05 0.433189 0.141352 9.99559E-05 9.99559E-05 0.0908158 9.99559E-05
0.476441 9.99472E-05 9.99472E-05 0.0346784 9.99472E-05 9.99472E-05 9.99472E-05 9.99472E-05 0.488281
0.551508 0.447793 9.99384E-05 9.99384E-05 9.99384E-05 9.99384E-05 9.99384E-05 9.99384E-05 9.99384E-05
0.359892 0.256328 9.9965E-05 0.262964 9.9965E-05 0.0889042 9.9965E-05 0.0315109 9.9965E-05
0.0205148 9.99472E-05 0.894155 9.99472E-05 9.99472E-05 9.99472E-05 0.0847308 9.99472E-05 9.99472E-05
9.99476E-05 9.99476E-05 0.273691 0.480064 0.245645 9.99476E-05 9.99476E-05 9.99476E-05 9.99476E-05
9.99562E-05 9.99562E-05 9.99562E-05 0.213625 0.113807 0.402859 0.269209 9.99562E-05 9.99562E-05
9.99558E-05 0.367073 0.446892 9.99558E-05 9.99558E-05 9.99558E-05 0.137718 9.99558E-05 0.0478161
0.572907 9.9956E-05 9.9956E-05 0.131942 9.9956E-05 0.282336 9.9956E-05 0.0123153 9.9956E-05
9.9956E-05 0.0289293 9.9956E-05 0.313472 9.9956E-05 9.9956E-05 9.9956E-05 0.0750031 0.582096
9.99562E-05 9.99562E-05 0.169776 9.99562E-05 0.355865 0.413089 0.0607708 9.99562E-05 9.99562E-05
0.0648163 9.99736E-05 9.99736E-05 9.99736E-05 0.124657 0.0512641 0.136708 0.508583 0.113671
9.99475E-05 0.0487301 0.149757 0.800914 9.99475E-05 9.99475E-05 9.99475E-05 9.99475E-05 9.99475E-05
0.213558 9.99736E-05 9.99736E-05 9.99736E-05 0.202956 0.00601637 0.126395 0.332413 0.118362
0.132562 9.99735E-05 0.114937 0.127326 0.0325914 0.31546 9.99735E-05 9.99735E-05 0.276823
0.111837 0.134038 9.99563E-05 9.99563E-05 9.99563E-05 0.611497 9.99563E-05 0.142128 9.99563E-05
0.32204 9.99649E-05 0.0781003 9.99649E-05 9.99649E-05 9.99649E-05 0.168277 0.180207 0.250975
9.99397E-05 0.56773 9.99397E-05 0.431571 9.99397E-05 9.99397E-05 9.99397E-05 9.99397E-05 9.99397E-05
0.633162 0.207207 9.99473E-05 9.99473E-05 9.99473E-05 0.159031 9.99473E-05 9.99473E-05 9.99473E-05
0.604843 9.99559E-05 9.99559E-05 9.99559E-05 0.0950196 0.0152652 0.284373 9.99559E-05 9.99559E-05
0.284117 0.199767 9.99561E-05 9.99561E-05 0.167538 0.348078 9.99561E-05 9.99561E-05 9.99561E-05
0.103587 0.175033 9.99562E-05 9.99562E-05 9.99562E-05 9.99562E-05 0.699809 9.99562E-05 0.0210714
0.532985 9.9956E-05 0.0606607 9.9956E-05 9.9956E-05 9.9956E-05 9.9956E-05 0.0244709 0.381384
0.492227 9.99469E-05 9.99469E-05 9.99469E-05 0.185031 9.99469E-05 9.99469E-05 0.322142 9.99469E-05
9.99736E-05 0.529843 9.99736E-05 0.0943637 9.99736E-05 0.02319 0.324926 0.0239737 0.00340316
9.99561E-05 0.372909 9.99561E-05 9.99561E-05 9.99561E-05 0.285971 9.99561E-05 0.0836901 0.25693
9.99474E-05 9.99474E-05 9.99474E-05 0.160608 0.526576 9.99474E-05 0.312216 9.99474E-05 9.99474E-05
0.302383 9.99735E-05 0.00615776 9.99735E-05 0.264347 0.17691 0.173347 0.0765548 9.99735E-05
0.383298 9.99559E-05 9.99559E-05 9.99559E-05 0.310626 0.292032 0.0135432 9.99559E-05 9.99559E-05
0.331657 9.99474E-05 9.99474E-05 0.612866 0.0548772 9.99474E-05 9.99474E-05 9.99474E-05 9.99474E-05
9.99471E-05 9.99471E-05 0.0842101 0.832632 9.99471E-05 9.99471E-05 9.99471E-05 9.99471E-05 0.0825584
9.99472E-05 9.99472E-05 9.99472E-05 0.458805 9.99472E-05 0.307385 9.99472E-05 9.99472E-05 0.23321
9.99558E-05 9.99558E-05 9.99558E-05 0.101212 0.352427 9.99558E-05 0.0680527 0.477808 9.99558E-05
9.9956E-05 9.9956E-05 9.9956E-05 9.9956E-05 0.377821 9.9956E-05 0.555553 0.0385252 0.027601
0.807377 9.99562E-05 0.0606105 0.00154265 0.12997 9.99562E-05 9.99562E-05 9.99562E-05 9.99562E-05
9.993E-05 9.993E-05 9.993E-05 9.993E-05 0.999201 9.993E-05 9.993E-05 9.993E-05 9.993E-05
0.0970981 9.99558E-05 9.99558E-05 9.99558E-05 0.834586 9.99558E-05 0.0153326 0.0524832 9.99558E-05
0.099972 0.462461 0.0734989 0.147168 9.99736E-05 0.0868415 0.129759 9.99736E-05 9.99736E-05
9.99558E-05 0.170712 9.99558E-05 0.027058 0.208148 9.99558E-05 9.99558E-05 0.593583 9.99558E-05
9.9956E-05 0.496567 0.0329684 9.9956E-05 0.00515658 0.464808 9.9956E-05 9.9956E-05 9.9956E-05
0.420561 9.99472E-05 9.99472E-05 0.512643 9.99472E-05 9.99472E-05 0.0661968 9.99472E-05 9.99472E-05
9.99559E-05 9.99559E-05 9.99559E-05 0.39372 9.99559E-05 0.00940864 9.99559E-05 0.149398 0.446974
9.99471E-05 0.474505 9.99471E-05 9.99471E-05 0.286892 0.238004 9.99471E-05 9.99471E-05 9.99471E-05
9.99476E-05 9.99476E-05 9.99476E-05 0.799067 0.0289098 9.99476E-05 9.99476E-05 9.99476E-05 0.171424
0.276995 0.147418 9.99478E-05 0.574987 9.99478E-05 9.99478E-05 9.99478E-05 9.99478E-05 9.99478E-05
0.97868 9.99387E-05 9.99387E-05 0.0206208 9.99387E-05 9.99387E-05 9.99387E-05 9.99387E-05 9.99387E-05
9.99389E-05 9.99389E-05 9.99389E-05 0.525974 0.473327 9.99389E-05 9.99389E-05 9.99389E-05 9.99389E-05
9.99736E-05 0.0687633 9.99736E-05 9.99736E-05 0.451206 0.0692921 0.149631 0.0148784 0.245929
0.114837 9.99383E-05 9.99383E-05 0.884463 9.99383E-05 9.99383E-05 9.99383E-05 9.99383E-05 9.99383E-05
0.278145 9.99561E-05 9.99561E-05 9.99561E-05 0.00585941 9.99561E-05 0.633578 0.0819177 9.99561E-05
9.99475E-05 9.99475E-05 9.99475E-05 0.0639507 0.504219 9.99475E-05 0.43123 9.99475E-05 9.99475E-05
9.99562E-05 0.261642 0.0708359 0.485291 9.99562E-05 9.99562E-05 9.99562E-05 0.181731 9.99562E-05
0.287701 9.99475E-05 9.99475E-05 9.99475E-05 0.0748303 9.99475E-05 0.636869 9.99475E-05 9.99475E-05
0.451723 0.168059 9.996E-05 0.195024 0.0602137 9.996E-05 9.996E-05 9.996E-05 0.12458
0.22519 9.99469E-05 9.99469E-05 0.591169 0.183041 9.99469E-05 9.99469E-05 9.99469E-05 9.99469E-05
9.99648E-05 0.232112 0.0632699 0.17584 0.253706 9.99648E-05 9.99648E-05 9.99648E-05 0.274673
0.336154 9.99476E-05 9.99476E-05 9.99476E-05 9.99476E-05 9.99476E-05 0.221653 9.99476E-05 0.441593
0.0663516 0.0142531 9.99736E-05 0.0601302 0.48458 9.99736E-05 0.110881 0.263504 9.99736E-05
0.201466 0.388882 9.99564E-05 9.99564E-05 9.99564E-05 9.99564E-05 0.163312 0.24584 9.99564E-05
0.312985 9.99561E-05 9.99561E-05 0.302018 9.99561E-05 0.316229 0.0682673 9.99561E-05 9.99561E-05
9.995E-05 0.094389 9.995E-05 0.305636 0.215435 0.38404 9.995E-05 9.995E-05 9.995E-05
0.300649 9.99645E-05 9.99645E-05 0.0252547 0.179703 0.372797 9.99645E-05 0.121196 9.99645E-05
0.140459 0.108462 0.0776126 9.99739E-05 0.599174 9.99739E-05 9.99739E-05 0.00598017 0.0680123
0.62241 9.9939E-05 9.9939E-05 0.37689 9.9939E-05 9.9939E-05 9.9939E-05 9.9939E-05 9.9939E-05
0.142641 0.207746 9.99472E-05 9.99472E-05 9.99472E-05 9.99472E-05 9.99472E-05 9.99472E-05 0.649013
0.19876 9.99649E-05 0.149666 0.139124 0.216456 9.99649E-05 0.295594 9.99649E-05 9.99649E-05
9.99474E-05 9.99474E-05 0.293853 9.99474E-05 0.447657 9.99474E-05 9.99474E-05 0.25789 9.99474E-05
0.144409 0.273308 0.00452791 0.577255 9.99558E-05 9.99558E-05 9.99558E-05 9.99558E-05 9.99558E-05
0.449001 0.0116602 0.0823474 9.99647E-05 0.0144697 0.442122 9.99647E-05 9.99647E-05 9.99647E-05
0.102071 9.99476E-05 0.549247 0.348083 9.99476E-05 9.99476E-05 9.99476E-05 9.99476E-05 9.99476E-05
0.346007 9.99564E-05 0.474347 9.99564E-05 0.0996103 9.99564E-05 0.0795359 9.99564E-05 9.99564E-05
9.99565E-05 9.99565E-05 0.265531 0.0825727 0.604427 9.99565E-05 9.99565E-05 9.99565E-05 0.0469694
0.466716 9.99478E-05 0.241055 0.29163 9.99478E-05 9.99478E-05 9.99478E-05 9.99478E-05 9.99478E-05
0.200733 9.99558E-05 9.99558E-05 9.99558E-05 0.0351708 9.99558E-05 0.10173 0.661866 9.99558E-05
9.9956E-05 0.0429315 9.9956E-05 0.358769 9.9956E-05 0.408388 0.189412 9.9956E-05 9.9956E-05
0.0153875 9.99385E-05 9.99385E-05 9.99385E-05 9.99385E-05 9.99385E-05 0.983913 9.99385E-05 9.99385E-05
9.99472E-05 9.99472E-05 9.99472E-05 0.778082 0.10701 9.99472E-05 0.114308 9.99472E-05 9.99472E-05
9.99645E-05 9.99645E-05 0.485559 9.99645E-05 0.00281201 0.226414 0.261937 0.0228788 9.99645E-05
9.996E-05 0.147387 9.996E-05 0.233455 0.486047 0.0577316 9.996E-05 0.0749792 9.996E-05
0.0979269 0.00107391 9.99737E-05 9.99737E-05 0.605292 9.99737E-05 0.0851875 0.161018 0.0492017
0.0171318 9.9956E-05 9.9956E-05 0.203612 9.9956E-05 0.619328 9.9956E-05 0.159428 9.9956E-05
9.99475E-05 9.99475E-05 9.99475E-05 9.99475E-05 0.0646063 9.99475E-05 9.99475E-05 0.267067 0.667727
0.0332421 0.249002 9.99648E-05 0.303437 0.199151 9.99648E-05 0.214768 9.99648E-05 9.99648E-05
0.496495 9.99472E-05 9.99472E-05 0.259436 0.243469 9.99472E-05 9.99472E-05 9.99472E-05 9.99472E-05
0.0596417 0.113457 9.996E-05 0.402854 9.996E-05 0.247061 9.996E-05 9.996E-05 0.176587
0.614073 0.0452323 9.99561E-05 9.99561E-05 9.99561E-05 9.99561E-05 9.99561E-05 0.279424 0.0607707
0.133117 9.9965E-05 0.093158 9.9965E-05 9.9965E-05 0.177355 9.9965E-05 0.43727 0.158699
9.99474E-05 9.99474E-05 9.99474E-05 0.690142 0.0180131 9.99474E-05 0.291246 9.99474E-05 9.99474E-05
9.99561E-05 0.166127 0.0876024 9.99561E-05 9.99561E-05 9.99561E-05 0.548798 9.99561E-05 0.196973
0.202463 9.99562E-05 0.375765 9.99562E-05 9.99562E-05 9.99562E-05 9.99562E-05 0.183404 0.237869
9.99474E-05 9.99474E-05 9.99474E-05 9.99474E-05 0.32551 0.499579 9.99474E-05 9.99474E-05 0.174312
9.99477E-05 9.99477E-05 9.99477E-05 0.256132 9.99477E-05 9.99477E-05 0.0453388 0.69793 9.99477E-05
0.971435 9.99383E-05 9.99383E-05 9.99383E-05 9.99383E-05 9.99383E-05 0.027865 9.99383E-05 9.99383E-05
0.631637 9.99383E-05 9.99383E-05 9.99383E-05 9.99383E-05 9.99383E-05 0.367663 9.99383E-05 9.99383E-05
9.99475E-05 0.0946499 9.99475E-05 9.99475E-05 9.99475E-05 9.99475E-05 0.631592 9.99475E-05 0.273158
9.99563E-05 0.148545 9.99563E-05 0.262754 9.99563E-05 0.523882 9.99563E-05 0.0643185 9.99563E-05
9.9956E-05 9.9956E-05 9.9956E-05 9.9956E-05 0.776486 0.0479138 0.164788 0.0103123 9.9956E-05
9.9948E-05 9.9948E-05 0.0778304 9.9948E-05 0.124631 9.9948E-05 0.796939 9.9948E-05 9.9948E-05
0.136691 9.99648E-05 0.0701779 9.99648E-05 9.99648E-05 9.99648E-05 0.132491 0.303356 0.356885
0.267566 0.674974 0.00075311 9.99567E-05 9.99567E-05 9.99567E-05 9.99567E-05 9.99567E-05 0.056207
9.996E-05 0.138836 9.996E-05 0.247254 0.0193927 0.383408 9.996E-05 9.996E-05 0.21071
0.0819629 9.99562E-05 0.553284 9.99562E-05 9.99562E-05 0.265127 9.99562E-05 9.99562E-05 0.099127
9.99473E-05 9.99473E-05 0.1177 9.99473E-05 0.744819 9.99473E-05 9.99473E-05 0.136881 9.99473E-05
9.99564E-05 9.99564E-05 0.510484 0.350193 9.99564E-05 0.0688006 0.0700229 9.99564E-05 9.99564E-05
9.99562E-05 0.0836842 9.99562E-05 0.302879 9.99562E-05 0.125324 9.99562E-05 0.487612 9.99562E-05
0.127013 9.99471E-05 9.99471E-05 0.467231 0.405157 9.99471E-05 9.99471E-05 9.99471E-05 9.99471E-05
0.279706 0.160831 9.99735E-05 9.99735E-05 0.0845914 0.0938191 0.099041 0.281712 9.99735E-05
0.062115 9.99736E-05 9.99736E-05 0.561334 0.120542 0.0275849 0.220953 9.99736E-05 0.00717141
0.637257 9.9939E-05 9.9939E-05 9.9939E-05 9.9939E-05 9.9939E-05 9.9939E-05 0.362043 9.9939E-05
0.317286 0.614833 9.99647E-05 0.022372 0.0138172 9.99647E-05 0.0312921 9.99647E-05 9.99647E-05
0.120984 0.0201264 0.147011 0.576886 9.99649E-05 0.134592 9.99649E-05 9.99649E-05 9.99649E-05
9.99469E-05 9.99469E-05 9.99469E-05 0.507995 0.470551 9.99469E-05 9.99469E-05 9.99469E-05 0.0208541
0.0258656 9.99563E-05 9.99563E-05 0.317632 9.99563E-05 9.99563E-05 0.253515 9.99563E-05 0.402488
9.99647E-05 0.42912 9.99647E-05 0.375927 0.0114408 0.156746 9.99647E-05 9.99647E-05 0.0263651
0.462065 0.0936689 9.99646E-05 9.99646E-05 0.259168 9.99646E-05 0.141691 0.0430074 9.99646E-05
9.99563E-05 0.319026 0.0480795 9.99563E-05 0.278234 0.354161 9.99563E-05 9.99563E-05 9.99563E-05
0.0765676 9.99648E-05 0.0486735 0.201677 0.268296 9.99648E-05 9.99648E-05 0.404386 9.99648E-05
9.99735E-05 0.232179 0.156225 0.276282 9.99735E-05 0.0345165 0.233248 9.99735E-05 0.0672493
9.99647E-05 0.151603 0.0880237 0.48729 9.99647E-05 9.99647E-05 9.99647E-05 0.0499894 0.222693
9.99471E-05 0.0623495 9.99471E-05 9.99471E-05 0.622956 9.99471E-05 0.314095 9.99471E-05 9.99471E-05
9.99474E-05 9.99474E-05 0.429346 9.99474E-05 9.99474E-05 0.00931284 9.99474E-05 0.560742 9.99474E-05
0.301627 9.99649E-05 0.281749 9.99649E-05 9.99649E-05 0.0578723 9.99649E-05 0.244687 0.113666
9.99561E-05 0.486388 9.99561E-05 0.177999 0.0350495 9.99561E-05 9.99561E-05 9.99561E-05 0.300063
9.99477E-05 9.99477E-05 9.99477E-05 0.678868 0.272 9.99477E-05 9.99477E-05 9.99477E-05 0.0485332
0.511572 9.99471E-05 9.99471E-05 0.347146 9.99471E-05 9.99471E-05 9.99471E-05 0.140682 9.99471E-05
0.304303 9.99559E-05 0.0145083 9.99559E-05 0.19358 0.487109 9.99559E-05 9.99559E-05 9.99559E-05
9.99558E-05 0.026311 9.99558E-05 0.316451 0.480251 9.99558E-05 9.99558E-05 0.176487 9.99558E-05
0.152875 9.99557E-05 0.553063 0.199646 0.0939159 9.99557E-05 9.99557E-05 9.99557E-05 9.99557E-05
9.99473E-05 9.99473E-05 0.325972 9.99473E-05 0.480782 9.99473E-05 9.99473E-05 0.192647 9.99473E-05
0.42602 9.99472E-05 0.240056 9.99472E-05 0.333324 9.99472E-05 9.99472E-05 9.99472E-05 9.99472E-05
9.99738E-05 9.99738E-05 0.190241 0.299325 0.0300414 0.414585 0.017252 9.99738E-05 0.0482562
0.0846572 0.0452576 0.382135 9.99649E-05 9.99649E-05 0.0186089 9.99649E-05 0.468942 9.99649E-05
0.883959 9.99473E-05 9.99473E-05 0.0674888 9.99473E-05 9.99473E-05 9.99473E-05 9.99473E-05 0.0479529
9.99649E-05 9.99649E-05 9.99649E-05 0.0734743 9.99649E-05 0.292256 0.0209066 0.432037 0.180926
0.372734 0.0473013 9.99648E-05 0.140523 9.99648E-05 9.99648E-05 0.047606 0.391435 9.99648E-05
9.99381E-05 9.99381E-05 9.99381E-05 9.99381E-05 9.99381E-05 9.99381E-05 0.758155 9.99381E-05 0.241146
0.00818109 0.104171 9.99647E-05 9.99647E-05 9.99647E-05 0.562462 0.136524 0.188261 9.99647E-05
0.729671 0.0961137 9.99648E-05 0.0792538 9.99648E-05 9.99648E-05 9.99648E-05 0.019203 0.075359
9.99559E-05 0.153615 9.99559E-05 0.462741 0.0387 9.99559E-05 9.99559E-05 0.344444 9.99559E-05
9.99478E-05 0.674899 0.205486 9.99478E-05 9.99478E-05 9.99478E-05 9.99478E-05 0.119015 9.99478E-05
9.99381E-05 9.99381E-05 0.88639 9.99381E-05 0.112911 9.99381E-05 9.99381E-05 9.99381E-05 9.99381E-05
9.99561E-05 9.99561E-05 9.99561E-05 0.120994 0.115164 0.20728 9.99561E-05 9.99561E-05 0.556062
0.0648309 9.9953E-05 9.9953E-05 9.9953E-05 9.9953E-05 0.873281 9.9953E-05 0.0612887 9.9953E-05
9.99474E-05 0.475154 9.99474E-05 9.99474E-05 9.99474E-05 9.99474E-05 0.140242 9.99474E-05 0.384005
0.969614 9.99381E-05 9.99381E-05 9.99381E-05 9.99381E-05 9.99381E-05 0.0296866 9.99381E-05 9.99381E-05
9.99475E-05 9.99475E-05 9.99475E-05 9.99475E-05 0.0862834 9.99475E-05 0.496472 9.99475E-05 0.416645
9.99562E-05 9.99562E-05 0.158007 9.99562E-05 9.99562E-05 0.559553 0.0829765 9.99562E-05 0.198964
9.9956E-05 9.9956E-05 0.576439 9.9956E-05 9.9956E-05 0.0452508 0.347235 9.9956E-05 0.030576
0.272324 0.415157 9.99647E-05 9.99647E-05 9.99647E-05 9.99647E-05 0.208349 0.0190546 0.0847152
9.99649E-05 9.99649E-05 0.110096 0.148354 0.158678 9.99649E-05 0.18221 0.400262 9.99649E-05
0.0545483 9.99472E-05 9.99472E-05 0.0368887 9.99472E-05 9.99472E-05 9.99472E-05 0.907963 9.99472E-05
0.263173 0.31094 0.0187535 0.0599636 0.178204 9.99823E-05 9.99823E-05 0.0683357 0.100431
9.99646E-05 0.319935 0.00815322 0.206737 0.106801 9.99646E-05 0.357974 9.99646E-05 9.99646E-05
9.99473E-05 9.99473E-05 9.99473E-05 0.286363 9.99473E-05 0.0971543 9.99473E-05 9.99473E-05 0.615883
0.331926 0.0237404 9.99562E-05 0.176256 9.99562E-05 9.99562E-05 9.99562E-05 9.99562E-05 0.467578
9.99472E-05 9.99472E-05 9.99472E-05 0.143578 0.810754 9.99472E-05 0.0450679 9.99472E-05 9.99472E-05
0.639915 9.99475E-05 9.99475E-05 0.279451 9.99475E-05 0.0800348 9.99475E-05 9.99475E-05 9.99475E-05
9.99563E-05 9.99563E-05 0.0747407 9.99563E-05 0.422164 0.417756 0.0848393 9.99563E-05 9.99563E-05
0.514334 9.99386E-05 9.99386E-05 9.99386E-05 9.99386E-05 9.99386E-05 9.99386E-05 0.484966 9.99386E-05
0.0643676 0.230741 9.99649E-05 0.36783 0.202817 0.133845 9.99649E-05 9.99649E-05 9.99649E-05
0.2807 0.228832 0.0110128 9.99562E-05 0.478955 9.99562E-05 9.99562E-05 9.99562E-05 9.99562E-05
0.552017 9.99647E-05 0.0827367 0.139619 0.159697 9.99647E-05 9.99647E-05 9.99647E-05 0.0655304
0.0496025 0.261412 0.0162372 0.210655 0.31553 9.99738E-05 0.146263 9.99738E-05 9.99738E-05
0.10906 0.169578 9.99735E-05 0.195972 0.0276687 9.99735E-05 0.347828 9.99735E-05 0.149594
9.9956E-05 0.632536 0.0527336 9.9956E-05 0.0977387 9.9956E-05 9.9956E-05 0.216492 9.9956E-05
9.99562E-05 9.99562E-05 9.99562E-05 9.99562E-05 0.438616 9.99562E-05 0.116132 0.214492 0.23026
0.0403011 0.021787 9.99559E-05 9.99559E-05 0.502538 9.99559E-05 9.99559E-05 0.434874 9.99559E-05
0.0643735 9.99648E-05 9.99648E-05 0.704235 9.99648E-05 0.060706 0.126072 9.99648E-05 0.0442142
0.52959 9.99561E-05 9.99561E-05 0.171634 9.99561E-05 0.228168 9.99561E-05 9.99561E-05 0.0701086
0.536524 9.99474E-05 9.99474E-05 0.297957 9.99474E-05 9.99474E-05 9.99474E-05 0.164919 9.99474E-05
9.99556E-05 0.280207 0.323703 0.150263 9.99556E-05 0.245327 9.99556E-05 9.99556E-05 9.99556E-05
9.99646E-05 0.528897 9.99646E-05 9.99646E-05 0.156105 0.112482 0.199678 9.99646E-05 0.0024381
9.9965E-05 0.245917 9.9965E-05 0.529008 0.0743348 9.9965E-05 0.0969766 0.0533643 9.9965E-05
0.142092 9.996E-05 9.996E-05 0.392044 9.996E-05 0.0703139 0.129613 9.996E-05 0.265538
0.311761 9.9956E-05 0.191859 9.9956E-05 9.9956E-05 0.44161 9.9956E-05 0.0542704 9.9956E-05
0.0815944 0.227268 9.99735E-05 0.169811 0.440168 0.0456142 9.99735E-05 0.0352438 9.99735E-05
9.99474E-05 9.99474E-05 9.99474E-05 9.99474E-05 0.51166 0.0248751 9.99474E-05 9.99474E-05 0.462865
9.99472E-05 0.162104 9.99472E-05 9.99472E-05 0.697702 9.99472E-05 0.139594 9.99472E-05 9.99472E-05
0.0603913 0.569869 9.99647E-05 0.130516 0.174112 9.99647E-05 9.99647E-05 9.99647E-05 0.0647114
9.9956E-05 9.9956E-05 0.554839 0.303338 0.007185 9.9956E-05 0.134138 9.9956E-05 9.9956E-05
9.99475E-05 9.99475E-05 9.99475E-05 9.99475E-05 9.99475E-05 0.276646 0.308297 0.414457 9.99475E-05
0.26306 9.99558E-05 9.99558E-05 9.99558E-05 0.277366 0.318527 9.99558E-05 9.99558E-05 0.140546
0.213087 0.163378 9.99648E-05 9.99648E-05 9.99648E-05 0.29654 9.99648E-05 0.264573 0.0620213
0.384836 0.115533 9.99563E-05 9.99563E-05 9.99563E-05 9.99563E-05 9.99563E-05 0.349247 0.149885
9.99475E-05 9.99475E-05 9.99475E-05 0.470778 0.180333 9.99475E-05 0.348289 9.99475E-05 9.99475E-05
0.186737 9.99562E-05 9.99562E-05 0.225584 0.0489644 0.538214 9.99562E-05 9.99562E-05 9.99562E-05
0.826849 9.99473E-05 9.99473E-05 9.99473E-05 9.99473E-05 0.0136239 9.99473E-05 9.99473E-05 0.158927
9.99561E-05 0.372587 9.99561E-05 0.154089 0.212852 0.259972 9.99561E-05 9.99561E-05 9.99561E-05
9.99558E-05 0.242841 9.99558E-05 9.99558E-05 0.0951068 0.590835 9.99558E-05 0.0707176 9.99558E-05
9.99563E-05 0.59392 9.99563E-05 9.99563E-05 0.169379 0.117891 9.99563E-05 0.118311 9.99563E-05
9.99562E-05 9.99562E-05 0.0353768 0.8736 0.0851514 9.99562E-05 9.99562E-05 0.00537176 9.99562E-05
9.99648E-05 0.154066 9.99648E-05 0.431822 0.0311297 0.150481 0.232101 9.99648E-05 9.99648E-05
9.99558E-05 9.99558E-05 9.99558E-05 0.440958 9.99558E-05 0.243713 0.270448 0.044381 9.99558E-05
9.99559E-05 9.99559E-05 9.99559E-05 0.611541 0.149797 0.184044 0.0541183 9.99559E-05 9.99559E-05
0.237128 9.99649E-05 9.99649E-05 0.189506 9.99649E-05 9.99649E-05 0.480042 0.0266203 0.066304
0.200629 0.209507 0.229757 9.99736E-05 0.196053 9.99736E-05 0.0141764 0.149578 9.99736E-05
0.357775 9.99566E-05 0.21023 9.99566E-05 0.378122 0.0533724 9.99566E-05 9.99566E-05 9.99566E-05
9.99648E-05 9.99648E-05 0.496489 0.0160396 0.236742 0.112118 9.99648E-05 0.138212 9.99648E-05
9.99563E-05 9.99563E-05 0.186666 9.99563E-05 9.99563E-05 9.99563E-05 0.351092 0.460328 0.00141472
9.99472E-05 0.41994 9.99472E-05 9.99472E-05 0.129353 9.99472E-05 0.450107 9.99472E-05 9.99472E-05
0.294254 9.9956E-05 9.9956E-05 9.9956E-05 0.277552 0.271042 9.9956E-05 0.156652 9.9956E-05
0.145458 9.99383E-05 9.99383E-05 0.853843 9.99383E-05 9.99383E-05 9.99383E-05 9.99383E-05 9.99383E-05
0.218728 9.99381E-05 9.99381E-05 0.780572 9.99381E-05 9.99381E-05 9.99381E-05 9.99381E-05 9.99381E-05
9.99563E-05 9.99563E-05 9.99563E-05 9.99563E-05 0.286695 9.99563E-05 0.22436 0.0670382 0.421407
9.9947E-05 9.9947E-05 9.9947E-05 9.9947E-05 0.219324 0.73244 0.0476366 9.9947E-05 9.9947E-05
9.99562E-05 9.99562E-05 9.99562E-05 0.304797 0.263412 9.99562E-05 9.99562E-05 0.337193 0.0940981
0.0911077 0.5412 9.995E-05 0.189793 0.1774 9.995E-05 9.995E-05 9.995E-05 9.995E-05
0.034224 9.9965E-05 9.9965E-05 0.0908237 0.487751 9.9965E-05 9.9965E-05 0.130339 0.256462
0.199543 0.594607 9.9956E-05 0.0363168 0.169034 9.9956E-05 9.9956E-05 9.9956E-05 9.9956E-05
9.99736E-05 0.00800187 0.151223 0.169064 0.0938063 9.99736E-05 0.161512 9.99736E-05 0.416093
0.029059 9.99649E-05 9.99649E-05 0.141895 0.733617 9.99649E-05 9.99649E-05 0.0136056 0.0814237
0.715184 9.9947E-05 0.00308399 9.9947E-05 9.9947E-05 9.9947E-05 9.9947E-05 9.9947E-05 0.281132
0.296698 9.99563E-05 0.0394292 9.99563E-05 0.395061 9.99563E-05 0.268312 9.99563E-05 9.99563E-05
0.691454 9.9947E-05 0.0129777 9.9947E-05 9.9947E-05 0.294969 9.9947E-05 9.9947E-05 9.9947E-05
9.99562E-05 9.99562E-05 0.0330451 9.99562E-05 0.561163 0.360956 0.0443353 9.99562E-05 9.99562E-05
9.995E-05 9.995E-05 9.995E-05 0.398747 9.995E-05 9.995E-05 0.141097 0.425278 0.0343783
0.412194 0.565261 0.0219449 9.99475E-05 9.99475E-05 9.99475E-05 9.99475E-05 9.99475E-05 9.99475E-05
0.177221 0.167118 9.99824E-05 0.00316729 9.99824E-05 0.0762742 0.00253846 0.280593 0.292888
9.9956E-05 9.9956E-05 9.9956E-05 0.16438 0.234788 0.262264 0.338068 9.9956E-05 9.9956E-05
0.492154 0.0415562 0.181638 0.0930926 0.0993416 0.0919173 9.99738E-05 9.99738E-05 9.99738E-05
9.99384E-05 9.99384E-05 0.275031 9.99384E-05 9.99384E-05 9.99384E-05 9.99384E-05 9.99384E-05 0.724269
9.99474E-05 9.99474E-05 9.99474E-05 0.31426 9.99474E-05 0.339648 9.99474E-05 0.345492 9.99474E-05
9.99561E-05 0.0797878 9.99561E-05 0.702799 0.00122223 9.99561E-05 9.99561E-05 0.215691 9.99561E-05
9.9947E-05 9.9947E-05 9.9947E-05 0.309702 9.9947E-05 0.456792 9.9947E-05 0.232907 9.9947E-05
9.9965E-05 0.744602 9.9965E-05 0.0757806 0.150747 0.0100712 9.9965E-05 9.9965E-05 0.0183993
9.99738E-05 0.0123966 9.99738E-05 0.478632 0.18525 0.066765 9.99738E-05 0.156647 0.10001
9.99477E-05 0.108257 9.99477E-05 9.99477E-05 9.99477E-05 9.99477E-05 0.68019 0.210953 9.99477E-05
9.99386E-05 9.99386E-05 9.99386E-05 9.99386E-05 0.573519 9.99386E-05 9.99386E-05 9.99386E-05 0.425781
0.420125 9.99386E-05 9.99386E-05 9.99386E-05 0.579175 9.99386E-05 9.99386E-05 9.99386E-05 9.99386E-05
0.237143 9.9965E-05 0.254491 9.9965E-05 0.320367 9.9965E-05 9.9965E-05 0.178668 0.00893053
9.99647E-05 0.0576674 0.506932 0.35957 9.99647E-05 0.0633126 0.0121179 9.99647E-05 9.99647E-05
9.99562E-05 9.99562E-05 9.99562E-05 0.266841 0.1729 9.99562E-05 0.458438 0.10132 9.99562E-05
0.237578 9.99649E-05 0.158714 9.99649E-05 9.99649E-05 0.257316 0.0524969 9.99649E-05 0.293495
9.99475E-05 9.99475E-05 0.0501666 9.99475E-05 0.147318 0.801916 9.99475E-05 9.99475E-05 9.99475E-05
9.99476E-05 0.0827988 0.204812 9.99476E-05 9.99476E-05 9.99476E-05 9.99476E-05 0.711789 9.99476E-05
0.123553 9.99473E-05 9.99473E-05 9.99473E-05 9.99473E-05 0.698314 9.99473E-05 9.99473E-05 0.177534
9.99559E-05 9.99559E-05 9.99559E-05 0.226174 0.316038 9.99559E-05 9.99559E-05 0.383268 0.0740215
9.99647E-05 0.275205 9.99647E-05 0.0509818 0.283592 0.27708 0.112741 9.99647E-05 9.99647E-05
0.0177041 9.9956E-05 9.9956E-05 0.293056 0.657219 9.9956E-05 0.0315218 9.9956E-05 9.9956E-05
0.0318199 0.382764 9.99559E-05 9.99559E-05 0.482002 9.99559E-05 9.99559E-05 9.99559E-05 0.102914
0.28322 0.0451058 9.99648E-05 9.99648E-05 0.284828 9.99648E-05 0.255556 0.13089 9.99648E-05
0.577441 9.99469E-05 9.99469E-05 9.99469E-05 9.99469E-05 9.99469E-05 0.396324 0.0256353 9.99469E-05
0.658422 9.99562E-05 9.99562E-05 0.0254573 0.188852 9.99562E-05 9.99562E-05 9.99562E-05 0.126768
9.99474E-05 0.357328 0.43328 0.208792 9.99474E-05 9.99474E-05 9.99474E-05 9.99474E-05 9.99474E-05
