9.993E-05 9.993E-05 9.993E-05 0.999201 9.993E-05 9.993E-05 9.993E-05 9.993E-05 9.993E-05
9.99559E-05 9.99559E-05 0.180568 0.362349 0.29892 9.99559E-05 9.99559E-05 9.99559E-05 0.157663
0.0331497 9.99647E-05 0.0356428 0.368942 9.99647E-05 0.226268 9.99647E-05 9.99647E-05 0.335598
9.99561E-05 0.318479 0.341507 9.99561E-05 0.318013 9.99561E-05 9.99561E-05 0.0215014 9.99561E-05
9.99563E-05 0.252093 9.99563E-05 0.0578399 9.99563E-05 9.99563E-05 0.310961 9.99563E-05 0.378606
0.0272239 9.9956E-05 9.9956E-05 9.9956E-05 9.9956E-05 0.185406 9.9956E-05 0.714289 0.0725821
9.99472E-05 0.16107 0.409487 9.99472E-05 9.99472E-05 9.99472E-05 0.428843 9.99472E-05 9.99472E-05
0.143536 9.99561E-05 0.0213115 0.0378569 9.99561E-05 9.99561E-05 9.99561E-05 0.796796 9.99561E-05
0.0320929 9.99737E-05 9.99737E-05 0.0291062 9.99737E-05 0.459344 0.204845 0.0509296 0.223383
9.99561E-05 9.99561E-05 9.99561E-05 0.0631164 9.99561E-05 0.101513 9.99561E-05 0.523159 0.311712
9.99647E-05 0.0904145 0.0365478 0.0462411 9.99647E-05 9.99647E-05 9.99647E-05 0.579339 0.247058
0.0934145 0.204538 9.99646E-05 0.0420738 9.99646E-05 9.99646E-05 9.99646E-05 0.551311 0.108263
9.99385E-05 9.99385E-05 9.99385E-05 9.99385E-05 9.99385E-05 9.99385E-05 0.496557 0.502744 9.99385E-05
0.508658 9.99562E-05 0.196901 0.214437 0.0795043 9.99562E-05 9.99562E-05 9.99562E-05 9.99562E-05
0.376488 9.99472E-05 9.99472E-05 9.99472E-05 9.99472E-05 0.0552597 0.567653 9.99472E-05 9.99472E-05
9.99735E-05 9.99735E-05 0.0095535 0.322964 0.0752165 0.11784 0.306338 9.99735E-05 0.167788
9.99477E-05 9.99477E-05 9.99477E-05 0.588203 0.343847 9.99477E-05 9.99477E-05 9.99477E-05 0.0673504
9.99561E-05 9.99561E-05 0.139439 9.99561E-05 0.096999 9.99561E-05 9.99561E-05 0.43101 0.332052
0.111701 9.99472E-05 9.99472E-05 9.99472E-05 0.382208 9.99472E-05 0.505491 9.99472E-05 9.99472E-05
9.99386E-05 9.99386E-05 0.491195 0.508105 9.99386E-05 9.99386E-05 9.99386E-05 9.99386E-05 9.99386E-05
9.99472E-05 9.99472E-05 9.99472E-05 9.99472E-05 0.332505 9.99472E-05 0.203379 0.463516 9.99472E-05
0.432784 9.99382E-05 0.566516 9.99382E-05 9.99382E-05 9.99382E-05 9.99382E-05 9.99382E-05 9.99382E-05
9.99476E-05 0.0511171 9.99476E-05 0.564294 9.99476E-05 0.383989 9.99476E-05 9.99476E-05 9.99476E-05
9.9939E-05 9.9939E-05 9.9939E-05 9.9939E-05 9.9939E-05 0.046587 9.9939E-05 0.952713 9.9939E-05
0.390684 9.99561E-05 9.99561E-05 0.0237174 9.99561E-05 9.99561E-05 0.225171 0.359929 9.99561E-05
9.9939E-05 9.9939E-05 9.9939E-05 0.18724 9.9939E-05 9.9939E-05 9.9939E-05 0.81206 9.9939E-05
0.295208 0.211067 9.99559E-05 9.99559E-05 0.266652 9.99559E-05 9.99559E-05 0.226574 9.99559E-05
0.128593 0.0375838 0.163676 9.99648E-05 9.99648E-05 0.0117394 9.99648E-05 9.99648E-05 0.658008
9.99474E-05 9.99474E-05 9.99474E-05 0.0261781 9.99474E-05 0.0978183 9.99474E-05 0.875404 9.99474E-05
9.99561E-05 9.99561E-05 0.257667 0.512718 0.121799 9.99561E-05 9.99561E-05 0.107317 9.99561E-05
9.99472E-05 9.99472E-05 9.99472E-05 0.294453 9.99472E-05 0.0561245 9.99472E-05 0.648823 9.99472E-05
9.99562E-05 0.520684 9.99562E-05 9.99562E-05 9.99562E-05 9.99562E-05 0.098459 0.077145 0.303212
0.0990418 9.99561E-05 0.26157 0.59566 9.99561E-05 9.99561E-05 9.99561E-05 9.99561E-05 0.0432291
0.108426 0.113488 0.469628 9.99736E-05 0.0502373 9.99736E-05 9.99736E-05 0.00299786 0.254923
9.99562E-05 0.0263174 0.0120085 9.99562E-05 9.99562E-05 9.99562E-05 0.340595 9.99562E-05 0.62058
0.0868834 9.99478E-05 9.99478E-05 0.325638 9.99478E-05 9.99478E-05 9.99478E-05 9.99478E-05 0.586879
9.994E-05 9.994E-05 0.251103 9.994E-05 9.994E-05 9.994E-05 9.994E-05 0.155093 0.593205
9.99384E-05 9.99384E-05 0.342408 9.99384E-05 9.99384E-05 9.99384E-05 9.99384E-05 0.656893 9.99384E-05
0.0422466 9.9956E-05 0.253852 9.9956E-05 0.153782 9.9956E-05 0.549619 9.9956E-05 9.9956E-05
0.356558 9.99561E-05 9.99561E-05 9.99561E-05 0.182139 0.191928 9.99561E-05 9.99561E-05 0.268875
9.99559E-05 0.104468 0.269877 9.99559E-05 9.99559E-05 9.99559E-05 0.313678 0.311477 9.99559E-05
0.423584 9.99559E-05 9.99559E-05 0.445871 9.99559E-05 0.0598293 9.99559E-05 0.0702155 9.99559E-05
0.000998023 9.99648E-05 0.00242407 9.99648E-05 9.99648E-05 9.99648E-05 0.322554 0.633321 0.0403032
0.158671 9.99736E-05 0.354309 0.0367274 0.00346855 9.99736E-05 0.263964 0.182561 9.99736E-05
0.237134 0.0599796 0.0627568 0.260388 9.99826E-05 0.100611 0.0629285 0.216003 9.99826E-05
9.99565E-05 9.99565E-05 0.0631117 9.99565E-05 0.359645 9.99565E-05 9.99565E-05 0.218125 0.358618
0.0404096 9.99648E-05 9.99648E-05 0.0326499 9.99648E-05 9.99648E-05 0.415203 0.025571 0.485767
9.99557E-05 9.99557E-05 9.99557E-05 0.189985 9.99557E-05 0.127626 0.318863 0.363026 9.99557E-05
9.99386E-05 9.99386E-05 0.64304 9.99386E-05 9.99386E-05 0.35626 9.99386E-05 9.99386E-05 9.99386E-05
0.138731 9.99647E-05 0.274211 0.111851 0.374819 9.99647E-05 9.99647E-05 9.99647E-05 0.0999887
0.102229 0.30841 0.0262305 9.99649E-05 0.305886 0.256844 9.99649E-05 9.99649E-05 9.99649E-05
9.99383E-05 9.99383E-05 0.669123 9.99383E-05 9.99383E-05 9.99383E-05 9.99383E-05 9.99383E-05 0.330177
9.99474E-05 0.583299 9.99474E-05 0.110863 9.99474E-05 9.99474E-05 9.99474E-05 0.305239 9.99474E-05
9.99559E-05 9.99559E-05 0.336076 0.262657 9.99559E-05 0.260176 9.99559E-05 0.140592 9.99559E-05
9.99647E-05 9.99647E-05 0.181458 0.35798 0.269557 9.99647E-05 0.117017 0.0735877 9.99647E-05
0.667375 9.99386E-05 9.99386E-05 9.99386E-05 9.99386E-05 9.99386E-05 0.331926 9.99386E-05 9.99386E-05
9.99473E-05 9.99473E-05 9.99473E-05 0.55105 9.99473E-05 9.99473E-05 9.99473E-05 0.0230189 0.425332
9.99561E-05 0.100836 0.348662 9.99561E-05 0.268608 9.99561E-05 9.99561E-05 9.99561E-05 0.281394
0.613215 9.9956E-05 9.9956E-05 0.0115034 9.9956E-05 9.9956E-05 0.103098 9.9956E-05 0.271683
0.0520093 9.99559E-05 0.0624684 9.99559E-05 9.99559E-05 0.0993672 9.99559E-05 9.99559E-05 0.785655
9.99559E-05 9.99559E-05 9.99559E-05 0.272592 9.99559E-05 9.99559E-05 0.0165179 0.636275 0.0741154
9.99387E-05 9.99387E-05 9.99387E-05 9.99387E-05 0.0816235 9.99387E-05 9.99387E-05 0.917677 9.99387E-05
9.99473E-05 0.175864 9.99473E-05 0.297368 0.526168 9.99473E-05 9.99473E-05 9.99473E-05 9.99473E-05
0.141464 9.99646E-05 0.423656 0.15007 9.99646E-05 0.149247 9.99646E-05 0.135163 9.99646E-05
9.99471E-05 9.99471E-05 9.99471E-05 0.12315 0.439967 9.99471E-05 0.436283 9.99471E-05 9.99471E-05
0.301962 9.9947E-05 9.9947E-05 9.9947E-05 9.9947E-05 9.9947E-05 0.0155229 9.9947E-05 0.681916
9.99558E-05 0.430495 9.99558E-05 0.195334 0.116922 9.99558E-05 9.99558E-05 0.25675 9.99558E-05
9.99646E-05 0.144365 9.99646E-05 0.00126559 9.99646E-05 0.144019 0.276448 0.433503 9.99646E-05
0.474524 9.99558E-05 0.194556 9.99558E-05 9.99558E-05 9.99558E-05 0.0623475 0.268072 9.99558E-05
9.99385E-05 9.99385E-05 0.943194 0.0561062 9.99385E-05 9.99385E-05 9.99385E-05 9.99385E-05 9.99385E-05
0.690153 9.99476E-05 0.193326 0.115922 9.99476E-05 9.99476E-05 9.99476E-05 9.99476E-05 9.99476E-05
9.99563E-05 9.99563E-05 0.63899 9.99563E-05 9.99563E-05 0.131818 9.99563E-05 0.172488 0.0562038
0.151338 9.99558E-05 0.553403 0.260733 9.99558E-05 9.99558E-05 0.0340267 9.99558E-05 9.99558E-05
9.99388E-05 9.99388E-05 0.602807 9.99388E-05 9.99388E-05 9.99388E-05 0.396493 9.99388E-05 9.99388E-05
9.9956E-05 0.582187 0.0134274 9.9956E-05 0.0127859 9.9956E-05 9.9956E-05 0.3911 9.9956E-05
9.99382E-05 9.99382E-05 0.972184 9.99382E-05 9.99382E-05 9.99382E-05 9.99382E-05 0.0271166 9.99382E-05
9.9948E-05 0.536901 0.313514 0.148985 9.9948E-05 9.9948E-05 9.9948E-05 9.9948E-05 9.9948E-05
9.9956E-05 9.9956E-05 0.403704 9.9956E-05 9.9956E-05 0.0559225 0.477634 0.0622402 9.9956E-05
9.99654E-05 9.99654E-05 0.150834 0.560261 9.99654E-05 0.128327 0.0862355 0.0739426 9.99654E-05
9.99649E-05 9.99649E-05 0.102021 9.99649E-05 0.517097 0.152428 9.99649E-05 0.205803 0.0222501
9.99648E-05 9.99648E-05 0.00856735 0.0748182 0.347741 0.102531 0.465943 9.99648E-05 9.99648E-05
9.99476E-05 0.0573355 0.682838 0.259227 9.99476E-05 9.99476E-05 9.99476E-05 9.99476E-05 9.99476E-05
9.99469E-05 9.99469E-05 9.99469E-05 0.314869 9.99469E-05 0.268521 9.99469E-05 0.41601 9.99469E-05
9.99648E-05 0.0941596 9.99648E-05 9.99648E-05 0.312924 9.99648E-05 0.10796 0.468335 0.016221
9.993E-05 9.993E-05 9.993E-05 9.993E-05 9.993E-05 9.993E-05 0.999201 9.993E-05 9.993E-05
0.326867 9.99649E-05 9.99649E-05 0.228548 0.18541 9.99649E-05 0.140983 0.117793 9.99649E-05
9.99383E-05 9.99383E-05 9.99383E-05 0.355702 0.643599 9.99383E-05 9.99383E-05 9.99383E-05 9.99383E-05
0.665822 9.99473E-05 9.99473E-05 9.99473E-05 9.99473E-05 9.99473E-05 9.99473E-05 0.119771 0.213808
0.0802824 0.431507 0.169052 9.99652E-05 9.99652E-05 9.99652E-05 0.0581865 9.99652E-05 0.260573
0.0123989 0.113323 0.38912 9.99649E-05 0.228459 9.99649E-05 9.99649E-05 0.256299 9.99649E-05
0.0878045 0.167474 0.44344 9.99648E-05 9.99648E-05 9.99648E-05 0.0638672 0.237014 9.99648E-05
0.0815154 9.99736E-05 0.0380343 0.266289 0.352372 0.00638876 9.99736E-05 0.255101 9.99736E-05
9.99471E-05 9.99471E-05 0.155459 9.99471E-05 0.334031 0.509911 9.99471E-05 9.99471E-05 9.99471E-05
0.167268 9.99472E-05 9.99472E-05 9.99472E-05 0.0721696 9.99472E-05 9.99472E-05 0.759963 9.99472E-05
9.99473E-05 9.99473E-05 0.248531 9.99473E-05 9.99473E-05 0.255357 0.495512 9.99473E-05 9.99473E-05
9.9965E-05 9.9965E-05 0.0965327 9.9965E-05 0.0463882 9.9965E-05 0.55409 0.0104687 0.292121
0.0146856 0.0263126 0.319059 0.453412 0.0447483 9.99736E-05 9.99736E-05 0.141483 9.99736E-05
0.118344 9.99557E-05 0.51244 0.17245 9.99557E-05 9.99557E-05 0.196267 9.99557E-05 9.99557E-05
9.99566E-05 0.0975418 9.99566E-05 9.99566E-05 0.66396 0.224689 9.99566E-05 0.0133086 9.99566E-05
9.99649E-05 9.99649E-05 0.189338 9.99649E-05 9.99649E-05 0.0636371 0.236616 0.119681 0.390328
9.99387E-05 9.99387E-05 0.720226 9.99387E-05 0.279074 9.99387E-05 9.99387E-05 9.99387E-05 9.99387E-05
9.9956E-05 9.9956E-05 0.52573 9.9956E-05 0.127839 9.9956E-05 0.153013 0.192918 9.9956E-05
0.159756 9.99475E-05 9.99475E-05 9.99475E-05 9.99475E-05 9.99475E-05 9.99475E-05 0.544234 0.29541
9.99648E-05 9.99648E-05 0.041403 0.297754 9.99648E-05 0.120757 0.0659985 0.473688 9.99648E-05
9.99735E-05 0.087201 0.151251 0.355105 0.119486 0.100431 0.186225 9.99735E-05 9.99735E-05
0.0997435 9.99647E-05 9.99647E-05 0.128453 9.99647E-05 0.0415497 0.531486 0.198368 9.99647E-05
9.99648E-05 0.0484259 9.99648E-05 9.99648E-05 0.0796979 0.076976 0.0386653 9.99648E-05 0.755835
9.9956E-05 9.9956E-05 0.0198064 0.906267 9.9956E-05 9.9956E-05 0.0677585 9.9956E-05 0.00566829
9.99563E-05 9.99563E-05 9.99563E-05 9.99563E-05 0.226713 9.99563E-05 0.489524 0.268231 0.0150333
9.99649E-05 9.99649E-05 0.312934 9.99649E-05 0.213603 9.99649E-05 0.0242186 0.174481 0.274364
9.99736E-05 9.99736E-05 0.129368 0.214013 0.0178335 0.461251 9.99736E-05 0.10284 0.0743953
9.99563E-05 9.99563E-05 9.99563E-05 0.322963 9.99563E-05 0.456634 0.183502 0.0364019 9.99563E-05
0.221903 9.99558E-05 0.12077 0.413255 9.99558E-05 9.99558E-05 9.99558E-05 0.243572 9.99558E-05
9.99735E-05 0.0189576 0.260386 0.0702421 0.0891201 0.462257 9.99735E-05 0.0987367 9.99735E-05
9.99386E-05 0.571671 9.99386E-05 9.99386E-05 9.99386E-05 9.99386E-05 9.99386E-05 0.427629 9.99386E-05
0.0495528 9.99649E-05 0.364498 9.99649E-05 0.0973958 9.99649E-05 0.263036 0.225117 9.99649E-05
9.99476E-05 9.99476E-05 9.99476E-05 9.99476E-05 9.99476E-05 0.173195 0.607742 0.218463 9.99476E-05
0.113817 0.142433 9.99564E-05 9.99564E-05 9.99564E-05 0.0618428 9.99564E-05 9.99564E-05 0.681407
0.211842 0.0511909 0.334122 0.352115 0.050331 9.99649E-05 9.99649E-05 9.99649E-05 9.99649E-05
9.99472E-05 9.99472E-05 9.99472E-05 9.99472E-05 0.349044 9.99472E-05 0.353706 9.99472E-05 0.296651
0.0223721 9.99475E-05 9.99475E-05 0.870004 9.99475E-05 9.99475E-05 9.99475E-05 0.107024 9.99475E-05
0.033235 9.99477E-05 9.99477E-05 9.99477E-05 0.864404 9.99477E-05 0.101761 9.99477E-05 9.99477E-05
9.99472E-05 0.0203873 0.492191 9.99472E-05 9.99472E-05 9.99472E-05 0.486822 9.99472E-05 9.99472E-05
0.190708 9.99469E-05 9.99469E-05 0.20312 0.605572 9.99469E-05 9.99469E-05 9.99469E-05 9.99469E-05
0.246477 0.0927092 0.0591991 9.99736E-05 0.0108284 9.99736E-05 9.99736E-05 0.463086 0.1274
0.212094 9.99646E-05 9.99646E-05 9.99646E-05 0.0557671 0.107607 9.99646E-05 0.159446 0.464687
9.99383E-05 9.99383E-05 0.0277427 9.99383E-05 9.99383E-05 9.99383E-05 9.99383E-05 0.971558 9.99383E-05
0.266655 0.0772137 9.99561E-05 9.99561E-05 0.238253 9.99561E-05 0.417379 9.99561E-05 9.99561E-05
0.0443008 0.17631 9.99649E-05 0.174328 9.99649E-05 9.99649E-05 0.0357879 0.568874 9.99649E-05
0.174431 9.9947E-05 9.9947E-05 9.9947E-05 9.9947E-05 0.722251 9.9947E-05 9.9947E-05 0.102718
9.99558E-05 9.99558E-05 0.0334512 0.0366987 0.917741 9.99558E-05 9.99558E-05 9.99558E-05 0.0116093
9.9956E-05 9.9956E-05 0.12891 0.356851 9.9956E-05 9.9956E-05 0.415573 9.9956E-05 0.0981662
9.99648E-05 0.14036 0.287893 9.99648E-05 0.0557718 9.99648E-05 0.174247 9.99648E-05 0.341329
9.99736E-05 9.99736E-05 9.99736E-05 0.100656 0.093881 0.10067 0.180889 0.516231 0.00737402
9.99649E-05 0.395784 0.192909 9.99649E-05 0.0698758 0.301978 9.99649E-05 9.99649E-05 0.0390524
9.99558E-05 0.273736 9.99558E-05 0.103057 0.341329 9.99558E-05 9.99558E-05 0.281378 9.99558E-05
0.203589 0.349629 9.99736E-05 9.99736E-05 0.0572217 0.0973776 9.99736E-05 0.27333 0.0185521
9.99479E-05 9.99479E-05 9.99479E-05 9.99479E-05 9.99479E-05 0.0119727 0.443331 9.99479E-05 0.544097
9.9956E-05 9.9956E-05 0.17564 9.9956E-05 9.9956E-05 9.9956E-05 0.397201 0.0842478 0.342411
0.0193399 9.99561E-05 0.0627897 9.99561E-05 0.370338 0.547033 9.99561E-05 9.99561E-05 9.99561E-05
9.99472E-05 9.99472E-05 0.726184 9.99472E-05 9.99472E-05 9.99472E-05 9.99472E-05 0.0379519 0.235265
9.99648E-05 0.0748853 0.430194 9.99648E-05 0.0287422 9.99648E-05 0.214248 0.251531 9.99648E-05
9.99565E-05 9.99565E-05 0.145815 9.99565E-05 0.266836 9.99565E-05 9.99565E-05 0.396438 0.190411
9.99562E-05 0.0397145 9.99562E-05 9.99562E-05 9.99562E-05 9.99562E-05 0.313785 0.121024 0.524976
9.99474E-05 9.99474E-05 0.124445 9.99474E-05 0.705961 9.99474E-05 9.99474E-05 0.168994 9.99474E-05
9.99476E-05 9.99476E-05 0.129448 9.99476E-05 0.323437 0.546516 9.99476E-05 9.99476E-05 9.99476E-05
9.9947E-05 9.9947E-05 0.154771 9.9947E-05 9.9947E-05 9.9947E-05 9.9947E-05 0.206243 0.638386
9.99473E-05 0.183142 0.147286 9.99473E-05 9.99473E-05 9.99473E-05 9.99473E-05 9.99473E-05 0.668973
9.9956E-05 0.297728 9.9956E-05 0.0614289 9.9956E-05 9.9956E-05 9.9956E-05 0.172147 0.468196
9.99649E-05 9.99649E-05 0.384376 9.99649E-05 0.0925804 9.99649E-05 0.0627579 0.160559 0.299327
9.99561E-05 0.0587382 0.198933 9.99561E-05 0.140702 9.99561E-05 9.99561E-05 0.601127 9.99561E-05
9.99393E-05 9.99393E-05 0.906391 9.99393E-05 9.99393E-05 9.99393E-05 0.0929097 9.99393E-05 9.99393E-05
9.99563E-05 9.99563E-05 0.0853631 0.14969 9.99563E-05 0.595284 9.99563E-05 9.99563E-05 0.169163
9.99561E-05 9.99561E-05 9.99561E-05 9.99561E-05 0.0193123 0.695534 9.99561E-05 0.235765 0.0488889
9.99385E-05 9.99385E-05 9.99385E-05 9.99385E-05 9.99385E-05 9.99385E-05 9.99385E-05 0.696927 0.302373
9.99389E-05 9.99389E-05 9.99389E-05 0.513008 9.99389E-05 9.99389E-05 9.99389E-05 0.486293 9.99389E-05
9.99388E-05 9.99388E-05 9.99388E-05 9.99388E-05 0.952659 0.0466415 9.99388E-05 9.99388E-05 9.99388E-05
9.99475E-05 9.99475E-05 9.99475E-05 0.315431 9.99475E-05 9.99475E-05 9.99475E-05 0.57706 0.10691
9.99389E-05 9.99389E-05 9.99389E-05 9.99389E-05 9.99389E-05 9.99389E-05 9.99389E-05 0.613748 0.385552
9.99563E-05 9.99563E-05 0.299526 9.99563E-05 0.0501339 9.99563E-05 0.269279 0.380561 9.99563E-05
0.0560472 0.0723232 0.135226 0.0854027 0.0221595 9.99825E-05 0.623371 9.99825E-05 0.00527003
0.0470654 0.289077 9.99561E-05 9.99561E-05 0.241502 9.99561E-05 0.421856 9.99561E-05 9.99561E-05
9.9956E-05 9.9956E-05 9.9956E-05 0.201327 9.9956E-05 0.38317 9.9956E-05 0.267945 0.147058
9.99474E-05 0.100401 9.99474E-05 9.99474E-05 0.000853711 0.898146 9.99474E-05 9.99474E-05 9.99474E-05
9.99647E-05 9.99647E-05 0.245387 0.10048 0.279304 9.99647E-05 9.99647E-05 0.0308806 0.343548
9.99561E-05 9.99561E-05 9.99561E-05 9.99561E-05 0.0259474 0.298614 9.99561E-05 0.305295 0.369644
9.99472E-05 9.99472E-05 0.436934 0.0867986 9.99472E-05 0.475668 9.99472E-05 9.99472E-05 9.99472E-05
9.99562E-05 9.99562E-05 0.0532326 9.99562E-05 0.394854 0.454772 0.0966415 9.99562E-05 9.99562E-05
0.170462 9.99472E-05 9.99472E-05 9.99472E-05 9.99472E-05 9.99472E-05 9.99472E-05 0.751551 0.0773876
9.99561E-05 0.215184 9.99561E-05 0.0661283 0.0580667 9.99561E-05 9.99561E-05 9.99561E-05 0.660122
9.99472E-05 9.99472E-05 0.270267 9.99472E-05 9.99472E-05 9.99472E-05 0.037098 0.692035 9.99472E-05
9.99474E-05 9.99474E-05 9.99474E-05 9.99474E-05 0.0425685 0.384669 9.99474E-05 0.572162 9.99474E-05
0.00213603 9.99649E-05 9.99649E-05 0.342684 9.99649E-05 0.129865 0.230673 9.99649E-05 0.294242
0.0854836 0.263826 0.549973 0.014933 9.99647E-05 9.99647E-05 0.0853843 9.99647E-05 9.99647E-05
9.9956E-05 9.9956E-05 9.9956E-05 9.9956E-05 9.9956E-05 0.456333 0.25642 0.105476 0.181271
0.349403 9.99476E-05 9.99476E-05 9.99476E-05 9.99476E-05 0.235336 0.414661 9.99476E-05 9.99476E-05
0.17882 9.995E-05 9.995E-05 0.418281 0.204717 0.197682 9.995E-05 9.995E-05 9.995E-05
0.185388 9.99646E-05 0.0270645 0.0186065 9.99646E-05 9.99646E-05 0.303641 0.464899 9.99646E-05
0.0253826 0.35242 0.343611 9.99559E-05 9.99559E-05 0.278086 9.99559E-05 9.99559E-05 9.99559E-05
9.99471E-05 9.99471E-05 0.124087 0.0233317 9.99471E-05 9.99471E-05 9.99471E-05 0.851981 9.99471E-05
0.504481 9.99472E-05 9.99472E-05 9.99472E-05 9.99472E-05 0.13079 9.99472E-05 0.364129 9.99472E-05
0.0296198 9.99735E-05 0.423608 0.00525815 9.99735E-05 9.99735E-05 0.040897 0.321305 0.179012
9.99474E-05 9.99474E-05 0.430779 9.99474E-05 9.99474E-05 9.99474E-05 9.99474E-05 0.293308 0.275314
9.99385E-05 9.99385E-05 9.99385E-05 0.151959 9.99385E-05 9.99385E-05 9.99385E-05 0.847342 9.99385E-05
9.99477E-05 9.99477E-05 9.99477E-05 0.272407 9.99477E-05 0.257935 9.99477E-05 0.469058 9.99477E-05
0.144885 9.99647E-05 0.463092 0.0564524 9.99647E-05 0.0908531 9.99647E-05 0.244318 9.99647E-05
9.99556E-05 9.99556E-05 9.99556E-05 0.0341521 9.99556E-05 9.99556E-05 0.219534 0.399663 0.346152
0.100316 9.99472E-05 9.99472E-05 9.99472E-05 0.803592 9.99472E-05 0.0954922 9.99472E-05 9.99472E-05
0.052307 9.99646E-05 0.231758 9.99646E-05 0.697605 9.99646E-05 0.00876343 0.00916678 9.99646E-05
0.416532 9.99561E-05 9.99561E-05 0.267005 9.99561E-05 9.99561E-05 0.0261845 0.289779 9.99561E-05
0.0103866 0.417511 0.0190706 0.231245 0.0326599 9.99736E-05 0.288827 9.99736E-05 9.99736E-05
9.99469E-05 9.99469E-05 0.330102 9.99469E-05 9.99469E-05 0.374588 9.99469E-05 0.29471 9.99469E-05
0.482469 9.99474E-05 0.173358 9.99474E-05 0.343573 9.99474E-05 9.99474E-05 9.99474E-05 9.99474E-05
9.9947E-05 9.9947E-05 0.46068 0.291042 9.9947E-05 9.9947E-05 9.9947E-05 9.9947E-05 0.247679
0.0600713 9.996E-05 0.156711 9.996E-05 9.996E-05 0.3154 9.996E-05 0.182703 0.284715
9.99472E-05 9.99472E-05 0.350663 0.19675 9.99472E-05 9.99472E-05 9.99472E-05 9.99472E-05 0.451987
9.99385E-05 0.192564 9.99385E-05 9.99385E-05 0.806737 9.99385E-05 9.99385E-05 9.99385E-05 9.99385E-05
9.99383E-05 9.99383E-05 0.344766 9.99383E-05 9.99383E-05 9.99383E-05 0.654534 9.99383E-05 9.99383E-05
0.205218 9.99474E-05 9.99474E-05 9.99474E-05 9.99474E-05 9.99474E-05 0.297594 9.99474E-05 0.496589
0.0296448 0.137861 9.99647E-05 9.99647E-05 0.313368 0.133998 0.384728 9.99647E-05 9.99647E-05
9.99647E-05 0.057499 9.99647E-05 9.99647E-05 0.778826 0.132952 0.0127304 9.99647E-05 0.0175927
0.0934713 0.588938 0.195899 9.99647E-05 9.99647E-05 0.0776265 9.99647E-05 0.0436656 9.99647E-05
9.99737E-05 0.0202698 0.249054 9.99737E-05 0.0910257 0.0714724 9.99737E-05 0.315212 0.252666
0.0195456 9.9956E-05 9.9956E-05 9.9956E-05 0.587199 0.0166007 0.376154 9.9956E-05 9.9956E-05
9.99559E-05 9.99559E-05 9.99559E-05 0.0461103 9.99559E-05 0.123928 9.99559E-05 0.381368 0.448094
9.99737E-05 9.99737E-05 0.334361 0.447209 0.00553489 9.99737E-05 0.00423188 0.0612489 0.147114
0.200157 9.99469E-05 9.99469E-05 9.99469E-05 9.99469E-05 9.99469E-05 0.543972 0.255272 9.99469E-05
9.99912E-05 0.031076 0.123956 0.186908 0.0358683 0.0196446 0.166921 0.0271768 0.408349
9.99386E-05 9.99386E-05 9.99386E-05 9.99386E-05 0.417238 9.99386E-05 0.582062 9.99386E-05 9.99386E-05
9.99469E-05 9.99469E-05 0.222065 9.99469E-05 9.99469E-05 9.99469E-05 0.409136 0.368199 9.99469E-05
9.99734E-05 9.99734E-05 0.223099 0.238941 0.191392 9.99734E-05 0.221152 0.0347855 0.0903304
0.098687 0.237355 0.0208892 9.99563E-05 0.642569 9.99563E-05 9.99563E-05 9.99563E-05 9.99563E-05
0.43545 0.0358274 0.261904 0.266319 9.99562E-05 9.99562E-05 9.99562E-05 9.99562E-05 9.99562E-05
9.99474E-05 9.99474E-05 0.355616 9.99474E-05 9.99474E-05 9.99474E-05 0.266931 0.376854 9.99474E-05
0.30201 9.99562E-05 0.600871 9.99562E-05 9.99562E-05 0.073041 9.99562E-05 0.0235777 9.99562E-05
9.99567E-05 0.0110494 9.99567E-05 0.14442 9.99567E-05 9.99567E-05 0.146824 0.697207 9.99567E-05
9.99386E-05 0.7386 9.99386E-05 9.99386E-05 9.99386E-05 9.99386E-05 0.260701 9.99386E-05 9.99386E-05
0.230092 9.99649E-05 0.282639 9.99649E-05 0.284794 9.99649E-05 9.99649E-05 0.114369 0.0877064
0.144209 9.9947E-05 0.20538 9.9947E-05 9.9947E-05 9.9947E-05 9.9947E-05 9.9947E-05 0.649812
0.0749388 9.9947E-05 9.9947E-05 9.9947E-05 0.102134 9.9947E-05 9.9947E-05 9.9947E-05 0.822327
9.996E-05 0.0868118 0.0859412 9.996E-05 0.626221 9.996E-05 9.996E-05 0.113015 0.0876109
0.101595 9.99562E-05 9.99562E-05 0.166143 9.99562E-05 9.99562E-05 9.99562E-05 0.0354142 0.696348
0.459971 9.9956E-05 0.257964 9.9956E-05 0.138941 9.9956E-05 0.142625 9.9956E-05 9.9956E-05
9.99562E-05 0.0235329 9.99562E-05 9.99562E-05 0.174387 0.0456321 9.99562E-05 9.99562E-05 0.755948
0.551174 9.99473E-05 0.313782 9.99473E-05 9.99473E-05 9.99473E-05 9.99473E-05 0.134444 9.99473E-05
9.99561E-05 9.99561E-05 0.24998 9.99561E-05 0.443152 0.0729168 9.99561E-05 0.233451 9.99561E-05
9.99559E-05 9.99559E-05 0.0772903 9.99559E-05 0.000175396 9.99559E-05 9.99559E-05 0.292233 0.629802
0.111353 9.99735E-05 0.139507 0.418427 9.99735E-05 0.0614774 0.00359033 0.265345 9.99735E-05
9.99561E-05 0.29807 9.99561E-05 0.0793084 9.99561E-05 9.99561E-05 9.99561E-05 0.158296 0.463826
0.0155465 0.116712 9.99647E-05 0.00099994 0.286581 9.99647E-05 9.99647E-05 0.579761 9.99647E-05
9.99825E-05 0.119914 0.123906 0.291728 0.413237 0.0267773 0.00252464 9.99825E-05 0.0217132
9.9956E-05 0.353721 9.9956E-05 0.31376 0.087707 9.9956E-05 0.244312 9.9956E-05 9.9956E-05
9.99387E-05 9.99387E-05 0.720488 9.99387E-05 0.278812 9.99387E-05 9.99387E-05 9.99387E-05 9.99387E-05
9.99473E-05 9.99473E-05 0.346386 9.99473E-05 9.99473E-05 0.645132 9.99473E-05 0.00788281 9.99473E-05
9.9956E-05 9.9956E-05 0.110761 9.9956E-05 0.321631 0.0963921 9.9956E-05 0.470716 9.9956E-05
9.99648E-05 0.0946319 9.99648E-05 0.0441694 0.786385 9.99648E-05 0.0160095 9.99648E-05 0.0584044
0.186594 9.99561E-05 9.99561E-05 9.99561E-05 0.462906 9.99561E-05 0.0769 0.2731 9.99561E-05
0.000626149 9.99735E-05 0.415459 0.0672697 0.496379 0.016719 9.99735E-05 0.00324683 9.99735E-05
0.0400842 9.99473E-05 0.404149 9.99473E-05 9.99473E-05 9.99473E-05 0.555167 9.99473E-05 9.99473E-05
0.273217 0.0336108 0.181558 0.102965 0.00627138 9.99823E-05 0.0167132 0.385464 9.99823E-05
9.99558E-05 0.445295 0.0777437 9.99558E-05 9.99558E-05 9.99558E-05 9.99558E-05 0.358612 0.11785
0.311063 9.99649E-05 0.0291952 9.99649E-05 9.99649E-05 0.397018 0.104558 0.157766 9.99649E-05
0.000270883 9.99558E-05 9.99558E-05 0.570808 0.223903 9.99558E-05 9.99558E-05 0.204518 9.99558E-05
9.99473E-05 9.99473E-05 0.0645999 9.99473E-05 9.99473E-05 9.99473E-05 0.241373 9.99473E-05 0.693428
0.160262 9.99562E-05 0.0540729 0.126448 0.658717 9.99562E-05 9.99562E-05 9.99562E-05 9.99562E-05
9.99387E-05 9.99387E-05 0.625336 9.99387E-05 9.99387E-05 9.99387E-05 9.99387E-05 9.99387E-05 0.373964
9.99559E-05 9.99559E-05 9.99559E-05 0.0103905 0.304574 0.438957 9.99559E-05 0.245579 9.99559E-05
0.0436076 9.99735E-05 0.0314907 0.0673464 0.465029 0.0658468 9.99735E-05 0.326379 9.99735E-05
9.99559E-05 0.110426 0.160677 0.424644 9.99559E-05 0.303753 9.99559E-05 9.99559E-05 9.99559E-05
9.99476E-05 0.22309 9.99476E-05 0.578839 9.99476E-05 9.99476E-05 9.99476E-05 9.99476E-05 0.197472
9.99476E-05 9.99476E-05 9.99476E-05 9.99476E-05 9.99476E-05 9.99476E-05 0.0563598 0.876793 0.0662476
0.00984261 9.99736E-05 9.99736E-05 0.0477326 0.0931024 0.475363 0.0986028 0.275057 9.99736E-05
9.99479E-05 9.99479E-05 0.019344 0.25135 0.728706 9.99479E-05 9.99479E-05 9.99479E-05 9.99479E-05
9.99559E-05 9.99559E-05 0.147612 9.99559E-05 0.398555 0.281674 9.99559E-05 0.17166 9.99559E-05
9.9956E-05 0.0970312 9.9956E-05 0.460516 9.9956E-05 9.9956E-05 9.9956E-05 0.334653 0.1073
9.99301E-05 9.99301E-05 9.99301E-05 9.99301E-05 0.999201 9.99301E-05 9.99301E-05 9.99301E-05 9.99301E-05
0.035392 9.99382E-05 9.99382E-05 9.99382E-05 9.99382E-05 9.99382E-05 9.99382E-05 0.963908 9.99382E-05
9.99561E-05 0.0383692 9.99561E-05 9.99561E-05 0.186668 9.99561E-05 9.99561E-05 0.568142 0.206321
9.9956E-05 9.9956E-05 0.676979 0.160689 9.9956E-05 9.9956E-05 0.0640669 9.9956E-05 0.0977654
9.99558E-05 9.99558E-05 0.0749311 0.110334 0.225472 9.99558E-05 9.99558E-05 0.588763 9.99558E-05
0.396458 9.99559E-05 9.99559E-05 0.102388 9.99559E-05 9.99559E-05 0.0443286 0.456326 9.99559E-05
