0.227496 9.99551E-05 0.035495 9.99551E-05 0.0717389 9.99551E-05 9.99551E-05 9.99551E-05 0.66477
9.9955E-05 9.9955E-05 9.9955E-05 9.9955E-05 0.0178688 0.0167219 0.119019 9.9955E-05 0.84589
0.57736 9.99461E-05 9.99461E-05 9.99461E-05 0.0453863 9.99461E-05 9.99461E-05 9.99461E-05 0.376654
9.993E-05 9.993E-05 9.993E-05 9.993E-05 9.993E-05 9.993E-05 0.999201 9.993E-05 9.993E-05
0.0712286 9.9946E-05 0.861689 9.9946E-05 9.9946E-05 9.9946E-05 0.066483 9.9946E-05 9.9946E-05
9.993E-05 9.993E-05 9.993E-05 9.993E-05 9.993E-05 0.999201 9.993E-05 9.993E-05 9.993E-05
0.166826 0.172148 9.9955E-05 0.529791 9.9955E-05 9.9955E-05 0.130735 9.9955E-05 9.9955E-05
0.0346892 9.99551E-05 9.99551E-05 0.00556134 0.0338345 9.99551E-05 9.99551E-05 9.99551E-05 0.925415
9.99461E-05 0.475319 9.99461E-05 9.99461E-05 9.99461E-05 0.402108 9.99461E-05 0.121973 9.99461E-05
9.9937E-05 9.9937E-05 0.385407 0.613893 9.9937E-05 9.9937E-05 9.9937E-05 9.9937E-05 9.9937E-05
9.993E-05 9.993E-05 9.993E-05 0.999201 9.993E-05 9.993E-05 9.993E-05 9.993E-05 9.993E-05
9.994E-05 9.994E-05 9.994E-05 9.994E-05 9.994E-05 9.994E-05 0.0585516 0.202274 0.738575
0.121319 0.0867172 0.66699 9.99641E-05 9.99641E-05 0.0543021 9.99641E-05 9.99641E-05 0.070271
0.615552 9.99461E-05 0.179109 9.99461E-05 9.99461E-05 9.99461E-05 0.204739 9.99461E-05 9.99461E-05
9.99372E-05 9.99372E-05 0.996048 9.99372E-05 9.99372E-05 0.00325217 9.99372E-05 9.99372E-05 9.99372E-05
9.993E-05 0.999201 9.993E-05 9.993E-05 9.993E-05 9.993E-05 9.993E-05 9.993E-05 9.993E-05
9.99551E-05 9.99551E-05 9.99551E-05 9.99551E-05 9.99551E-05 0.0260403 0.32507 0.0598978 0.588492
9.99549E-05 0.443722 0.0744915 0.314337 9.99549E-05 0.166949 9.99549E-05 9.99549E-05 9.99549E-05
9.9937E-05 9.9937E-05 9.9937E-05 9.9937E-05 9.9937E-05 0.409472 9.9937E-05 0.589829 9.9937E-05
9.99371E-05 0.038306 9.99371E-05 9.99371E-05 0.960994 9.99371E-05 9.99371E-05 9.99371E-05 9.99371E-05
9.99551E-05 0.0686171 9.99551E-05 9.99551E-05 0.813551 0.0614011 9.99551E-05 9.99551E-05 0.0559312
9.99731E-05 0.434266 0.00663334 0.0533997 9.99731E-05 0.0619549 9.99731E-05 0.400669 0.0427766
9.9946E-05 0.74324 0.172 9.9946E-05 0.0841609 9.9946E-05 9.9946E-05 9.9946E-05 9.9946E-05
9.9964E-05 0.0155614 9.9964E-05 0.0614867 0.139935 0.0485353 0.734082 9.9964E-05 9.9964E-05
0.876417 9.99371E-05 9.99371E-05 9.99371E-05 9.99371E-05 0.122883 9.99371E-05 9.99371E-05 9.99371E-05
9.99461E-05 0.0413593 0.95457 9.99461E-05 9.99461E-05 9.99461E-05 9.99461E-05 9.99461E-05 0.00347101
0.0261716 9.99371E-05 9.99371E-05 9.99371E-05 9.99371E-05 9.99371E-05 0.973129 9.99371E-05 9.99371E-05
9.99463E-05 9.99463E-05 0.285698 9.99463E-05 9.99463E-05 0.658506 0.055196 9.99463E-05 9.99463E-05
9.993E-05 9.993E-05 9.993E-05 9.993E-05 9.993E-05 9.993E-05 9.993E-05 9.993E-05 0.999201
9.994E-05 9.994E-05 9.994E-05 9.994E-05 9.994E-05 9.994E-05 0.0929647 0.873135 0.0333004
0.798417 9.99371E-05 9.99371E-05 0.200883 9.99371E-05 9.99371E-05 9.99371E-05 9.99371E-05 9.99371E-05
0.999201 9.993E-05 9.993E-05 9.993E-05 9.993E-05 9.993E-05 9.993E-05 9.993E-05 9.993E-05
0.0606747 9.9955E-05 0.0812845 0.812179 9.9955E-05 9.9955E-05 0.045362 9.9955E-05 9.9955E-05
0.00811784 0.0370195 9.99461E-05 9.99461E-05 9.99461E-05 0.954263 9.99461E-05 9.99461E-05 9.99461E-05
9.99461E-05 9.99461E-05 9.99461E-05 9.99461E-05 9.99461E-05 9.99461E-05 0.797354 0.0906509 0.111395
9.99371E-05 0.973489 9.99371E-05 9.99371E-05 0.0258116 9.99371E-05 9.99371E-05 9.99371E-05 9.99371E-05
9.9955E-05 0.0637596 9.9955E-05 9.9955E-05 0.0583394 0.124599 9.9955E-05 0.752802 9.9955E-05
9.99371E-05 9.99371E-05 9.99371E-05 0.0317893 9.99371E-05 0.967511 9.99371E-05 9.99371E-05 9.99371E-05
9.99551E-05 9.99551E-05 9.99551E-05 0.811782 0.0193276 0.0240089 9.99551E-05 9.99551E-05 0.144382
9.99461E-05 9.99461E-05 0.0328966 9.99461E-05 9.99461E-05 9.99461E-05 0.0212134 0.94529 9.99461E-05
9.9946E-05 9.9946E-05 9.9946E-05 9.9946E-05 9.9946E-05 0.780731 9.9946E-05 0.144569 0.0741004
9.99371E-05 9.99371E-05 9.99371E-05 9.99371E-05 9.99371E-05 9.99371E-05 9.99371E-05 0.158638 0.840662
9.99371E-05 9.99371E-05 0.0256535 9.99371E-05 0.973647 9.99371E-05 9.99371E-05 9.99371E-05 9.99371E-05
0.978275 0.0210259 9.99371E-05 9.99371E-05 9.99371E-05 9.99371E-05 9.99371E-05 9.99371E-05 9.99371E-05
9.99372E-05 9.99372E-05 0.879857 9.99372E-05 0.119443 9.99372E-05 9.99372E-05 9.99372E-05 9.99372E-05
9.994E-05 0.0391209 9.994E-05 9.994E-05 9.994E-05 9.994E-05 0.0255614 9.994E-05 0.934718
9.9946E-05 0.415133 9.9946E-05 9.9946E-05 0.38139 0.202878 9.9946E-05 9.9946E-05 9.9946E-05
9.99371E-05 0.13683 9.99371E-05 9.99371E-05 9.99371E-05 9.99371E-05 9.99371E-05 0.86247 9.99371E-05
9.99641E-05 9.99641E-05 0.309072 0.100107 0.561989 9.99641E-05 0.0264851 9.99641E-05 0.00194763
9.9955E-05 9.9955E-05 9.9955E-05 0.0693415 0.701033 0.0599834 9.9955E-05 0.169142 9.9955E-05
