0.046113 9.99461E-05 9.99461E-05 9.99461E-05 0.0965847 9.99461E-05 9.99461E-05 0.856703 9.99461E-05
9.9955E-05 9.9955E-05 0.237633 0.0252597 9.9955E-05 0.0482219 9.9955E-05 0.688386 9.9955E-05
9.996E-05 9.996E-05 9.996E-05 9.996E-05 0.587031 0.143064 0.0110835 0.208635 0.0497868
9.993E-05 9.993E-05 0.999201 9.993E-05 9.993E-05 9.993E-05 9.993E-05 9.993E-05 9.993E-05
0.884456 9.99551E-05 0.0373606 0.0353336 9.99551E-05 9.99551E-05 0.0423497 9.99551E-05 9.99551E-05
9.9955E-05 0.0383526 9.9955E-05 0.852231 0.0365497 9.9955E-05 9.9955E-05 0.0723673 9.9955E-05
0.467685 0.07395 0.166938 9.9964E-05 0.243419 9.9964E-05 9.9964E-05 9.9964E-05 0.047608
9.99551E-05 0.0605461 9.99551E-05 9.99551E-05 0.0270069 0.81881 9.99551E-05 0.0931375 9.99551E-05
9.99371E-05 9.99371E-05 9.99371E-05 0.496538 9.99371E-05 9.99371E-05 9.99371E-05 9.99371E-05 0.502762
0.999201 9.993E-05 9.993E-05 9.993E-05 9.993E-05 9.993E-05 9.993E-05 9.993E-05 9.993E-05
9.993E-05 0.999201 9.993E-05 9.993E-05 9.993E-05 9.993E-05 9.993E-05 9.993E-05 9.993E-05
9.99461E-05 9.99461E-05 9.99461E-05 0.0805547 9.99461E-05 0.844862 9.99461E-05 0.0739835 9.99461E-05
0.0609959 0.0941604 9.9973E-05 9.9973E-05 0.188965 0.0133045 0.633016 9.9973E-05 0.00925803
0.409776 9.99551E-05 0.162846 9.99551E-05 0.338485 9.99551E-05 9.99551E-05 0.0883928 9.99551E-05
0.596156 9.99372E-05 9.99372E-05 9.99372E-05 9.99372E-05 9.99372E-05 0.403145 9.99372E-05 9.99372E-05
9.99371E-05 9.99371E-05 9.99371E-05 9.99371E-05 0.0747572 9.99371E-05 9.99371E-05 9.99371E-05 0.924543
9.99372E-05 9.99372E-05 0.0957473 9.99372E-05 9.99372E-05 0.903553 9.99372E-05 9.99372E-05 9.99372E-05
0.161221 0.198746 9.9964E-05 0.170319 0.00509366 9.9964E-05 9.9964E-05 9.9964E-05 0.464221
9.99371E-05 9.99371E-05 9.99371E-05 0.969176 9.99371E-05 9.99371E-05 9.99371E-05 0.0301249 9.99371E-05
9.99462E-05 9.99462E-05 0.0498292 9.99462E-05 9.99462E-05 9.99462E-05 0.160251 9.99462E-05 0.78932
9.99551E-05 9.99551E-05 9.99551E-05 0.00250456 9.99551E-05 0.0281898 0.162636 9.99551E-05 0.806169
0.0244444 9.995E-05 9.995E-05 0.197503 9.995E-05 0.307808 9.995E-05 9.995E-05 0.469745
9.9946E-05 9.9946E-05 9.9946E-05 9.9946E-05 0.089693 9.9946E-05 0.419666 9.9946E-05 0.490042
9.99461E-05 0.115511 0.664262 9.99461E-05 9.99461E-05 9.99461E-05 9.99461E-05 9.99461E-05 0.219626
9.99371E-05 9.99371E-05 9.99371E-05 9.99371E-05 0.993083 9.99371E-05 0.00621793 9.99371E-05 9.99371E-05
0.38006 9.9946E-05 9.9946E-05 9.9946E-05 9.9946E-05 9.9946E-05 0.56053 9.9946E-05 0.0588099
9.99371E-05 9.99371E-05 0.996059 9.99371E-05 0.00324175 9.99371E-05 9.99371E-05 9.99371E-05 9.99371E-05
0.222858 9.99641E-05 9.99641E-05 0.527684 0.0518269 0.0366567 0.160574 9.99641E-05 9.99641E-05
9.993E-05 9.993E-05 9.993E-05 9.993E-05 9.993E-05 9.993E-05 9.993E-05 0.999201 9.993E-05
9.99373E-05 9.99373E-05 9.99373E-05 0.551992 9.99373E-05 0.447309 9.99373E-05 9.99373E-05 9.99373E-05
0.0705813 0.104819 9.99461E-05 9.99461E-05 0.824 9.99461E-05 9.99461E-05 9.99461E-05 9.99461E-05
0.0353686 9.99372E-05 9.99372E-05 9.99372E-05 0.963932 9.99372E-05 9.99372E-05 9.99372E-05 9.99372E-05
0.945679 9.99371E-05 9.99371E-05 9.99371E-05 0.0536217 9.99371E-05 9.99371E-05 9.99371E-05 9.99371E-05
9.99461E-05 9.99461E-05 9.99461E-05 0.921284 0.0295121 9.99461E-05 9.99461E-05 9.99461E-05 0.0486044
9.9937E-05 9.9937E-05 0.560604 9.9937E-05 9.9937E-05 0.438696 9.9937E-05 9.9937E-05 9.9937E-05
9.99371E-05 9.99371E-05 9.99371E-05 9.99371E-05 9.99371E-05 9.99371E-05 9.99371E-05 0.0579906 0.94131
9.9955E-05 9.9955E-05 0.00636653 0.64082 9.9955E-05 0.016982 9.9955E-05 9.9955E-05 0.335332
9.99461E-05 0.0211947 9.99461E-05 0.914749 9.99461E-05 9.99461E-05 9.99461E-05 0.0634566 9.99461E-05
9.99371E-05 0.92569 9.99371E-05 9.99371E-05 9.99371E-05 0.0736104 9.99371E-05 9.99371E-05 9.99371E-05
0.0113184 9.99641E-05 0.0780565 0.761488 9.99641E-05 0.133648 0.015089 9.99641E-05 9.99641E-05
9.9937E-05 9.9937E-05 9.9937E-05 0.642776 9.9937E-05 0.356524 9.9937E-05 9.9937E-05 9.9937E-05
9.993E-05 9.993E-05 9.993E-05 9.993E-05 9.993E-05 0.999201 9.993E-05 9.993E-05 9.993E-05
9.99371E-05 9.99371E-05 9.99371E-05 9.99371E-05 9.99371E-05 9.99371E-05 0.808121 9.99371E-05 0.19118
9.99371E-05 0.00166594 9.99371E-05 9.99371E-05 0.997635 9.99371E-05 9.99371E-05 9.99371E-05 9.99371E-05
0.201386 9.9937E-05 9.9937E-05 9.9937E-05 9.9937E-05 9.9937E-05 0.797915 9.9937E-05 9.9937E-05
9.99551E-05 9.99551E-05 0.0322232 9.99551E-05 9.99551E-05 0.86429 9.99551E-05 0.0944871 0.00850014
9.99461E-05 9.99461E-05 9.99461E-05 0.238994 9.99461E-05 9.99461E-05 0.157992 9.99461E-05 0.602415
9.99372E-05 9.99372E-05 9.99372E-05 0.877572 9.99372E-05 9.99372E-05 0.121729 9.99372E-05 9.99372E-05
9.99461E-05 0.0363894 9.99461E-05 9.99461E-05 0.0127168 9.99461E-05 0.950294 9.99461E-05 9.99461E-05
0.0372492 9.99551E-05 9.99551E-05 0.121562 9.99551E-05 0.0825822 9.99551E-05 9.99551E-05 0.758106
