0.00770153 0.375384 0.278445 9.99738E-05 9.99738E-05 0.33817 9.99738E-05
0.148227 0.246045 9.99736E-05 0.541177 9.99736E-05 9.99736E-05 0.0642504
0.251828 0.0118877 9.99823E-05 0.428325 0.211005 0.0967541 9.99823E-05
0.901934 9.99649E-05 0.0336218 9.99649E-05 0.0640446 9.99649E-05 9.99649E-05
0.501423 0.189488 0.0166317 9.99736E-05 0.292157 9.99736E-05 9.99736E-05
9.99563E-05 0.752661 0.24684 9.99563E-05 9.99563E-05 9.99563E-05 9.99563E-05
0.0208931 0.38988 9.99737E-05 0.417936 0.170991 9.99737E-05 9.99737E-05
0.825919 9.99649E-05 9.99649E-05 0.126472 9.99649E-05 9.99649E-05 0.0472089
0.482677 9.99647E-05 9.99647E-05 0.0769996 9.99647E-05 0.439924 9.99647E-05
0.140487 0.350945 9.99824E-05 0.00614605 0.349304 9.99824E-05 0.152918
0.157015 0.206001 9.99824E-05 0.0256101 0.277758 9.99824E-05 0.333417
0.143553 0.795416 9.99652E-05 9.99652E-05 9.99652E-05 9.99652E-05 0.0606313
9.99736E-05 0.135684 9.99736E-05 0.0241637 9.99736E-05 0.0177966 0.822056
0.931776 0.0268738 9.99649E-05 9.99649E-05 0.0409502 9.99649E-05 9.99649E-05
0.33749 0.167198 9.99646E-05 9.99646E-05 0.494912 9.99646E-05 9.99646E-05
0.102661 0.568343 9.99648E-05 0.328596 9.99648E-05 9.99648E-05 9.99648E-05
9.99824E-05 0.00601501 9.99824E-05 0.0168235 0.672431 0.0243647 0.280166
0.154753 0.185781 9.99734E-05 0.515546 0.14362 9.99734E-05 9.99734E-05
0.494272 9.99647E-05 9.99647E-05 0.251392 9.99647E-05 0.253937 9.99647E-05
9.99648E-05 0.321756 0.487484 9.99648E-05 9.99648E-05 9.99648E-05 0.190359
9.99648E-05 9.99648E-05 9.99648E-05 0.238442 0.165252 0.595905 9.99648E-05
0.173085 9.99735E-05 0.073177 9.99735E-05 9.99735E-05 0.417953 0.335485
0.0872727 0.48952 9.9965E-05 0.422807 9.9965E-05 9.9965E-05 9.9965E-05
9.99826E-05 0.387715 0.101688 0.0679035 0.124024 9.99826E-05 0.318469
9.99736E-05 0.313234 0.143837 0.368307 9.99736E-05 0.174322 9.99736E-05
0.0919516 0.104613 0.0884639 0.178336 0.133717 0.316622 0.0862954
9.99647E-05 9.99647E-05 9.99647E-05 0.480798 0.303109 0.215694 9.99647E-05
0.00699986 9.99649E-05 9.99649E-05 0.100217 0.892384 9.99649E-05 9.99649E-05
0.500241 9.99649E-05 0.374137 9.99649E-05 9.99649E-05 0.125223 9.99649E-05
0.282845 0.685923 9.99649E-05 0.0308316 9.99649E-05 9.99649E-05 9.99649E-05
0.669083 9.99649E-05 0.258371 0.0721462 9.99649E-05 9.99649E-05 9.99649E-05
0.256171 9.99649E-05 9.99649E-05 9.99649E-05 0.474666 9.99649E-05 0.268763
9.99737E-05 0.657757 0.0842591 9.99737E-05 0.108805 9.99737E-05 0.148878
0.436714 0.400586 9.99735E-05 0.0366141 0.125786 9.99735E-05 9.99735E-05
9.9965E-05 9.9965E-05 0.00618938 9.9965E-05 0.826074 9.9965E-05 0.167336
9.99649E-05 9.99649E-05 0.524388 0.428614 9.99649E-05 9.99649E-05 0.0465974
0.51604 0.0739626 9.99739E-05 0.37589 9.99739E-05 0.0338069 9.99739E-05
9.99562E-05 0.658391 9.99562E-05 9.99562E-05 9.99562E-05 9.99562E-05 0.341109
9.99563E-05 9.99563E-05 0.404354 0.595147 9.99563E-05 9.99563E-05 9.99563E-05
0.19428 0.199018 9.99824E-05 0.228642 0.371384 0.00647647 9.99824E-05
9.9965E-05 0.010261 9.9965E-05 0.687547 0.301793 9.9965E-05 9.9965E-05
0.0541565 0.0653392 9.99912E-05 0.608944 0.0400201 0.108813 0.122627
0.665997 0.333504 9.99559E-05 9.99559E-05 9.99559E-05 9.99559E-05 9.99559E-05
0.0760063 0.362682 9.99735E-05 0.136205 9.99735E-05 0.424807 9.99735E-05
9.99561E-05 9.99561E-05 9.99561E-05 9.99561E-05 0.0777973 0.921703 9.99561E-05
9.99737E-05 9.99737E-05 0.321519 0.188397 0.000625459 0.489159 9.99737E-05
9.99648E-05 0.887404 9.99648E-05 9.99648E-05 0.00383406 0.108362 9.99648E-05
0.359471 9.99647E-05 9.99647E-05 9.99647E-05 9.99647E-05 0.308134 0.331995
0.0776491 0.695117 0.226834 9.99648E-05 9.99648E-05 9.99648E-05 9.99648E-05
0.14402 9.99736E-05 0.457877 9.99736E-05 0.0240797 9.99736E-05 0.373723
9.9956E-05 9.9956E-05 9.9956E-05 0.333819 9.9956E-05 0.665681 9.9956E-05
0.24667 9.99739E-05 0.179832 0.163296 9.99739E-05 0.409902 9.99739E-05
9.99645E-05 9.99645E-05 9.99645E-05 0.0646934 0.341998 0.592908 9.99645E-05
0.553901 0.194129 0.11489 0.13678 9.99735E-05 9.99735E-05 9.99735E-05
0.55707 0.164192 9.99651E-05 9.99651E-05 9.99651E-05 0.278339 9.99651E-05
9.995E-05 9.995E-05 9.995E-05 9.995E-05 0.9994 9.995E-05 9.995E-05
0.824346 0.0484169 0.0168217 0.010404 9.99824E-05 9.99824E-05 0.0998115
0.9994 9.995E-05 9.995E-05 9.995E-05 9.995E-05 9.995E-05 9.995E-05
0.036282 0.193889 9.99824E-05 0.408559 0.144474 9.99824E-05 0.216596
0.107172 0.371997 9.99824E-05 0.0656125 0.341485 9.99824E-05 0.113533
0.207111 9.99735E-05 9.99735E-05 9.99735E-05 0.3541 0.111311 0.327178
0.474046 9.99737E-05 9.99737E-05 0.0658279 0.373875 9.99737E-05 0.0859518
0.178378 0.447883 0.0292766 0.0318386 0.0180695 0.294453 9.99913E-05
0.145168 0.062311 0.31978 9.99824E-05 9.99824E-05 0.447281 0.0252594
9.9956E-05 9.9956E-05 9.9956E-05 9.9956E-05 0.11582 0.88368 9.9956E-05
9.99559E-05 0.661585 9.99559E-05 9.99559E-05 0.337915 9.99559E-05 9.99559E-05
0.161635 0.12763 0.218729 0.491706 9.997E-05 9.997E-05 9.997E-05
0.14819 0.13912 0.115434 0.2238 0.228101 0.145254 9.99912E-05
9.99738E-05 0.253487 0.0213352 0.438466 9.99738E-05 0.286412 9.99738E-05
0.617964 0.246847 9.99824E-05 9.99824E-05 0.0505097 0.0756214 0.00885756
9.99649E-05 0.144723 9.99649E-05 9.99649E-05 9.99649E-05 0.616534 0.238344
0.14807 0.678321 0.17321 9.99649E-05 9.99649E-05 9.99649E-05 9.99649E-05
0.637159 0.182909 0.179531 9.99647E-05 9.99647E-05 9.99647E-05 9.99647E-05
9.9965E-05 9.9965E-05 0.281466 9.9965E-05 9.9965E-05 0.460081 0.258053
0.134734 0.100762 0.313958 0.450247 9.99736E-05 9.99736E-05 9.99736E-05
0.252539 0.0741149 0.246149 9.99737E-05 0.426898 9.99737E-05 9.99737E-05
0.55228 9.9965E-05 9.9965E-05 9.9965E-05 0.285061 9.9965E-05 0.162259
0.33907 0.105688 0.0924225 9.99825E-05 0.417359 0.0452599 9.99825E-05
9.99738E-05 0.132212 9.99738E-05 0.101816 0.752003 0.0136696 9.99738E-05
0.326871 9.99736E-05 0.0864814 0.495162 0.0911857 9.99736E-05 9.99736E-05
9.99825E-05 0.0812277 0.235641 0.228785 0.158857 0.29529 9.99825E-05
9.99651E-05 9.99651E-05 9.99651E-05 9.99651E-05 0.195308 0.223366 0.580926
9.99651E-05 9.99651E-05 0.0942861 9.99651E-05 0.0699105 0.835403 9.99651E-05
0.0598973 0.304474 0.267721 9.99824E-05 0.231552 9.99824E-05 0.136156
0.54249 0.0430491 9.99652E-05 0.414061 9.99652E-05 9.99652E-05 9.99652E-05
9.99735E-05 0.194495 0.507366 0.0203951 0.277444 9.99735E-05 9.99735E-05
0.0618316 9.99912E-05 0.232494 0.119851 0.387649 0.0474753 0.150599
9.99824E-05 0.238115 0.122784 0.0637991 0.157536 0.417566 9.99824E-05
9.99572E-05 9.99572E-05 9.99572E-05 9.99572E-05 9.99572E-05 0.34465 0.65485
0.269632 9.99559E-05 9.99559E-05 9.99559E-05 0.729869 9.99559E-05 9.99559E-05
0.0850986 0.0599087 0.156219 9.99912E-05 0.499362 0.192564 0.00674818
0.491871 0.0194643 0.488265 9.99646E-05 9.99646E-05 9.99646E-05 9.99646E-05
9.99561E-05 9.99561E-05 9.99561E-05 0.136329 0.863171 9.99561E-05 9.99561E-05
9.99649E-05 0.669817 9.99649E-05 0.191236 9.99649E-05 0.138547 9.99649E-05
0.21011 9.99649E-05 9.99649E-05 9.99649E-05 9.99649E-05 0.558649 0.230841
0.0845351 9.99735E-05 0.286016 0.179585 9.99735E-05 9.99735E-05 0.449564
0.247784 0.274026 0.230792 9.99824E-05 9.99824E-05 0.214564 0.0326351
9.995E-05 9.995E-05 0.9994 9.995E-05 9.995E-05 9.995E-05 9.995E-05
0.567798 9.99647E-05 9.99647E-05 9.99647E-05 0.107557 9.99647E-05 0.324245
0.100684 9.99824E-05 9.99824E-05 0.328029 0.189172 0.0994497 0.282466
9.99652E-05 0.527178 0.3434 9.99652E-05 9.99652E-05 0.129022 9.99652E-05
9.99823E-05 0.189755 0.12753 0.433497 0.151687 9.99823E-05 0.0973313
0.0316267 0.750048 0.217925 9.99648E-05 9.99648E-05 9.99648E-05 9.99648E-05
0.529408 9.99647E-05 9.99647E-05 9.99647E-05 0.106083 0.364109 9.99647E-05
9.99734E-05 0.538248 0.0634541 9.99734E-05 0.0132724 9.99734E-05 0.384726
0.353369 9.99739E-05 0.0538372 9.99739E-05 9.99739E-05 0.572192 0.0203021
0.41705 0.202219 0.163555 0.000522808 9.99825E-05 9.99825E-05 0.216453
0.196363 9.99823E-05 0.172053 9.99823E-05 0.450438 0.0363754 0.144571
9.99736E-05 0.187512 9.99736E-05 9.99736E-05 0.150281 0.437891 0.224017
0.0725656 9.99654E-05 0.770707 9.99654E-05 9.99654E-05 0.156328 9.99654E-05
9.99738E-05 0.150633 0.521092 9.99738E-05 0.290036 9.99738E-05 0.0379395
0.0974644 9.99735E-05 0.35462 0.474899 9.99735E-05 0.072717 9.99735E-05
9.99824E-05 0.289884 0.0948449 0.0732819 9.99824E-05 0.408466 0.133324
0.730189 9.99648E-05 9.99648E-05 0.0286374 9.99648E-05 0.240774 9.99648E-05
9.99653E-05 9.99653E-05 0.119602 0.30893 9.99653E-05 9.99653E-05 0.571069
0.00852303 9.99824E-05 0.213062 9.99824E-05 0.0655245 0.456743 0.255947
9.99653E-05 9.99653E-05 9.99653E-05 0.0812693 0.823373 9.99653E-05 0.0949575
9.99566E-05 9.99566E-05 9.99566E-05 0.65245 0.34705 9.99566E-05 9.99566E-05
9.99737E-05 0.497083 0.102515 0.143331 9.99737E-05 9.99737E-05 0.256771
9.996E-05 0.128602 9.996E-05 9.996E-05 0.316471 9.996E-05 0.554527
9.99562E-05 9.99562E-05 0.00484776 0.994652 9.99562E-05 9.99562E-05 9.99562E-05
9.99649E-05 0.743392 9.99649E-05 9.99649E-05 9.99649E-05 0.0804138 0.175794
0.758562 0.0801137 9.996E-05 9.996E-05 9.996E-05 0.160925 9.996E-05
0.0507657 0.180858 9.99826E-05 0.329257 0.276492 9.99826E-05 0.162427
0.184339 9.99826E-05 9.99826E-05 0.175817 0.113842 0.0180595 0.507742
0.30179 0.208357 9.9965E-05 9.9965E-05 9.9965E-05 9.9965E-05 0.489453
0.0917675 0.319876 9.99735E-05 9.99735E-05 0.273708 0.314349 9.99735E-05
9.99647E-05 9.99647E-05 0.460912 9.99647E-05 0.441317 0.0973717 9.99647E-05
0.327182 0.33305 9.99736E-05 0.0793377 9.99736E-05 0.26013 9.99736E-05
9.99737E-05 0.532079 9.99737E-05 9.99737E-05 0.035458 0.40699 0.0251733
0.63383 9.99648E-05 0.239245 9.99648E-05 0.126525 9.99648E-05 9.99648E-05
9.99649E-05 0.398902 0.543314 0.0573841 9.99649E-05 9.99649E-05 9.99649E-05
0.135325 0.309292 0.000863009 9.99823E-05 0.119594 9.99823E-05 0.434726
0.241486 9.99736E-05 0.350803 0.345143 0.0622675 9.99736E-05 9.99736E-05
9.99737E-05 0.301341 9.99737E-05 0.128287 0.0321024 9.99737E-05 0.53797
0.43377 9.99646E-05 9.99646E-05 0.399499 9.99646E-05 0.166331 9.99646E-05
9.9965E-05 0.153726 9.9965E-05 9.9965E-05 0.736224 0.10965 9.9965E-05
0.0819125 0.21463 0.0484048 9.99825E-05 0.585648 9.99825E-05 0.069205
9.9956E-05 9.9956E-05 9.9956E-05 0.387111 9.9956E-05 0.612389 9.9956E-05
0.352386 0.283078 0.167694 9.99736E-05 0.196542 9.99736E-05 9.99736E-05
9.998E-05 0.158419 0.0314724 0.204761 0.232124 0.373024 9.998E-05
9.99736E-05 0.399845 0.117759 9.99736E-05 0.0844166 9.99736E-05 0.39768
0.488079 9.99737E-05 0.217187 9.99737E-05 0.124229 9.99737E-05 0.170205
0.0494298 0.594907 9.99735E-05 0.150756 0.204608 9.99735E-05 9.99735E-05
0.264505 9.9965E-05 0.248314 9.9965E-05 0.486781 9.9965E-05 9.9965E-05
9.99825E-05 0.323764 9.99825E-05 0.325448 0.223898 0.121144 0.00554598
0.281211 9.99561E-05 9.99561E-05 9.99561E-05 9.99561E-05 9.99561E-05 0.718289
0.13544 0.214462 9.99735E-05 0.324217 9.99735E-05 0.325582 9.99735E-05
0.90147 9.99565E-05 9.99565E-05 9.99565E-05 9.99565E-05 0.0980307 9.99565E-05
9.99737E-05 0.215904 0.228474 0.427409 0.127913 9.99737E-05 9.99737E-05
0.475156 0.103499 9.99734E-05 0.32622 0.0948252 9.99734E-05 9.99734E-05
9.99737E-05 9.99737E-05 9.99737E-05 0.0208485 0.0280349 0.451508 0.499309
0.219113 0.122849 9.99737E-05 9.99737E-05 9.99737E-05 0.444538 0.2132
0.494423 9.99651E-05 9.99651E-05 0.23132 0.273857 9.99651E-05 9.99651E-05
0.0418795 0.1487 0.0421019 0.0259379 0.0228756 0.230943 0.487562
0.286298 0.0783406 0.621393 9.99737E-05 0.0136683 9.99737E-05 9.99737E-05
0.444 0.211702 0.2678 9.99738E-05 9.99738E-05 0.0761979 9.99738E-05
0.509631 9.99647E-05 9.99647E-05 0.232416 0.257553 9.99647E-05 9.99647E-05
0.0675369 0.479536 0.452527 9.99649E-05 9.99649E-05 9.99649E-05 9.99649E-05
0.633626 0.324266 9.9965E-05 9.9965E-05 0.041709 9.9965E-05 9.9965E-05
9.99558E-05 9.99558E-05 9.99558E-05 9.99558E-05 9.99558E-05 0.770752 0.228748
0.187981 0.0217442 0.258431 0.518957 9.99825E-05 9.99825E-05 0.0126869
0.546113 9.99559E-05 9.99559E-05 9.99559E-05 9.99559E-05 0.453387 9.99559E-05
0.0559847 0.0542509 0.441771 9.99735E-05 9.99735E-05 0.447693 9.99735E-05
0.359753 9.99647E-05 9.99647E-05 9.99647E-05 0.523182 0.116665 9.99647E-05
9.99649E-05 0.156721 0.348937 0.493942 9.99649E-05 9.99649E-05 9.99649E-05
9.99736E-05 0.091542 0.325566 9.99736E-05 0.2424 9.99736E-05 0.340192
0.660283 9.99561E-05 9.99561E-05 9.99561E-05 9.99561E-05 0.339218 9.99561E-05
0.401762 0.213098 9.99736E-05 9.99736E-05 0.0202276 0.364612 9.99736E-05
0.759706 0.194572 9.99647E-05 0.0453226 9.99647E-05 9.99647E-05 9.99647E-05
0.972241 9.99648E-05 9.99648E-05 9.99648E-05 0.0251969 9.99648E-05 0.00216258
0.147629 0.146017 0.693078 9.99736E-05 9.99736E-05 0.0129757 9.99736E-05
0.483079 0.136355 9.99647E-05 9.99647E-05 0.380166 9.99647E-05 9.99647E-05
9.99561E-05 0.414561 9.99561E-05 9.99561E-05 9.99561E-05 9.99561E-05 0.58494
0.454378 9.99736E-05 0.0584105 0.0577775 0.429134 9.99736E-05 9.99736E-05
0.665963 9.99559E-05 0.333538 9.99559E-05 9.99559E-05 9.99559E-05 9.99559E-05
0.0563145 0.257274 0.132539 9.99738E-05 0.553572 9.99738E-05 9.99738E-05
0.340248 0.411929 9.99736E-05 0.233244 9.99736E-05 9.99736E-05 0.01428
0.648319 9.99647E-05 9.99647E-05 9.99647E-05 0.329363 9.99647E-05 0.0219181
9.99736E-05 0.186004 0.404672 0.359287 0.0497377 9.99736E-05 9.99736E-05
0.216721 0.331595 9.99735E-05 0.206758 9.99735E-05 0.244626 9.99735E-05
0.397796 0.366939 0.0796377 9.99736E-05 9.99736E-05 0.155327 9.99736E-05
0.115763 9.99647E-05 0.513912 9.99647E-05 9.99647E-05 0.369925 9.99647E-05
0.0969432 9.99647E-05 9.99647E-05 9.99647E-05 0.77777 0.124887 9.99647E-05
9.99738E-05 9.99738E-05 0.010268 0.126037 0.265967 0.597428 9.99738E-05
0.373064 9.99646E-05 0.438686 9.99646E-05 0.18785 9.99646E-05 9.99646E-05
9.99649E-05 0.887422 9.99649E-05 9.99649E-05 0.0128992 0.0992793 9.99649E-05
9.99647E-05 9.99647E-05 0.263784 9.99647E-05 0.261833 9.99647E-05 0.473984
0.487001 9.99562E-05 9.99562E-05 9.99562E-05 9.99562E-05 9.99562E-05 0.5125
0.323294 0.502268 9.99647E-05 9.99647E-05 9.99647E-05 0.174038 9.99647E-05
0.0128514 0.363287 0.515171 9.99736E-05 9.99736E-05 0.108391 9.99736E-05
0.343566 9.99649E-05 9.99649E-05 0.499114 9.99649E-05 9.99649E-05 0.156921
9.99568E-05 0.319895 9.99568E-05 9.99568E-05 9.99568E-05 0.679606 9.99568E-05
9.996E-05 9.996E-05 0.34294 9.996E-05 0.209007 0.447653 9.996E-05
9.99563E-05 0.0332403 9.99563E-05 9.99563E-05 0.96626 9.99563E-05 9.99563E-05
0.986632 9.99563E-05 9.99563E-05 9.99563E-05 9.99563E-05 0.0128684 9.99563E-05
0.345321 9.99736E-05 0.534492 0.0350212 9.99736E-05 0.0848659 9.99736E-05
0.0138647 0.367562 0.0601255 0.186287 0.162058 9.99911E-05 0.210002
9.99647E-05 0.53459 9.99647E-05 0.0473409 9.99647E-05 0.41767 9.99647E-05
9.99735E-05 9.99735E-05 0.0939937 0.44438 0.437019 0.0243082 9.99735E-05
9.9965E-05 9.9965E-05 9.9965E-05 9.9965E-05 0.769185 0.00105554 0.229359
0.665923 9.99649E-05 9.99649E-05 0.077553 9.99649E-05 0.256124 9.99649E-05
0.382059 9.99736E-05 9.99736E-05 9.99736E-05 0.0560245 0.315007 0.24661
0.44238 0.0603173 0.478639 9.99736E-05 9.99736E-05 0.0183634 9.99736E-05
0.304853 0.0675661 9.99737E-05 9.99737E-05 0.419067 0.208214 9.99737E-05
9.99649E-05 0.315959 9.99649E-05 9.99649E-05 9.99649E-05 0.406689 0.276952
0.0108294 0.489281 9.9965E-05 9.9965E-05 9.9965E-05 9.9965E-05 0.49949
0.443803 9.998E-05 0.191591 0.0914779 0.087725 0.185203 9.998E-05
0.413166 9.99738E-05 0.0612829 0.460223 9.99738E-05 0.0650287 9.99738E-05
0.90289 9.99736E-05 9.99736E-05 0.0303468 0.0252635 9.99736E-05 0.0411997
0.333732 0.394419 9.99737E-05 0.178418 9.99737E-05 0.0931318 9.99737E-05
0.152406 0.417148 9.99824E-05 0.0510623 9.99824E-05 0.159321 0.219863
0.506066 9.9956E-05 9.9956E-05 9.9956E-05 9.9956E-05 0.493435 9.9956E-05
0.49147 0.308874 9.99738E-05 9.99738E-05 0.164225 0.0351306 9.99738E-05
0.0106065 0.0707076 9.99824E-05 9.99824E-05 0.158018 0.553532 0.206936
0.124958 9.99651E-05 0.458947 0.415695 9.99651E-05 9.99651E-05 9.99651E-05
0.0739518 9.9965E-05 9.9965E-05 0.289581 9.9965E-05 0.636068 9.9965E-05
0.401251 0.337246 9.99649E-05 9.99649E-05 0.261103 9.99649E-05 9.99649E-05
9.99559E-05 0.320737 9.99559E-05 9.99559E-05 0.678763 9.99559E-05 9.99559E-05
9.99558E-05 0.668617 9.99558E-05 9.99558E-05 0.330883 9.99558E-05 9.99558E-05
9.99737E-05 0.135505 9.99737E-05 0.438671 9.99737E-05 0.00226703 0.423256
9.99652E-05 0.62574 9.99652E-05 9.99652E-05 9.99652E-05 0.373064 0.000796625
0.103425 0.185127 0.00286505 0.216587 0.370144 9.99912E-05 0.121751
9.997E-05 0.572289 0.147462 0.262458 9.997E-05 0.017492 9.997E-05
0.342188 0.300385 9.99736E-05 9.99736E-05 0.270314 0.0868131 9.99736E-05
0.0164532 0.472642 9.99649E-05 9.99649E-05 9.99649E-05 9.99649E-05 0.510505
9.99559E-05 9.99559E-05 9.99559E-05 9.99559E-05 0.649437 9.99559E-05 0.350063
0.331447 9.9965E-05 9.9965E-05 0.293076 0.375077 9.9965E-05 9.9965E-05
0.517724 0.357078 0.124797 9.996E-05 9.996E-05 9.996E-05 9.996E-05
0.394727 0.0658431 9.99648E-05 9.99648E-05 0.53903 9.99648E-05 9.99648E-05
0.66972 9.9965E-05 9.9965E-05 9.9965E-05 0.286725 9.9965E-05 0.0431549
9.99824E-05 0.189343 0.109893 9.99824E-05 0.337641 0.0621933 0.300729
9.99648E-05 0.100551 9.99648E-05 9.99648E-05 0.806119 0.0929304 9.99648E-05
0.00729212 0.349333 9.99823E-05 0.234404 0.24396 0.164812 9.99823E-05
0.118483 9.997E-05 0.11334 0.459736 9.997E-05 0.308142 9.997E-05
0.767487 9.99648E-05 9.99648E-05 9.99648E-05 9.99648E-05 0.0825234 0.149589
0.0422255 0.513199 9.9965E-05 9.9965E-05 9.9965E-05 0.444176 9.9965E-05
0.165032 0.170413 0.0367311 9.99823E-05 9.99823E-05 0.534085 0.0935388
0.173825 9.99558E-05 9.99558E-05 9.99558E-05 9.99558E-05 0.825675 9.99558E-05
0.496103 9.99649E-05 9.99649E-05 0.274292 9.99649E-05 0.229205 9.99649E-05
0.13277 9.99647E-05 9.99647E-05 9.99647E-05 9.99647E-05 0.054728 0.812102
0.120811 0.162779 9.99739E-05 9.99739E-05 0.590594 0.125516 9.99739E-05
9.9956E-05 0.0963106 9.9956E-05 0.90319 9.9956E-05 9.9956E-05 9.9956E-05
0.40683 0.25705 0.0193103 9.99736E-05 9.99736E-05 9.99736E-05 0.31651
0.146169 9.996E-05 0.713673 9.996E-05 9.996E-05 0.139758 9.996E-05
9.99651E-05 0.218406 9.99651E-05 0.492405 0.288789 9.99651E-05 9.99651E-05
0.122371 9.99737E-05 0.0146648 9.99737E-05 0.493969 0.368695 9.99737E-05
0.45665 0.298507 9.99648E-05 9.99648E-05 0.244444 9.99648E-05 9.99648E-05
0.475896 0.0215202 9.99736E-05 9.99736E-05 0.336622 0.165661 9.99736E-05
0.298538 9.99737E-05 0.265995 9.99737E-05 9.99737E-05 0.409114 0.0260523
0.314139 9.99735E-05 0.245989 0.359293 9.99735E-05 9.99735E-05 0.0802792
0.386363 0.173836 9.9965E-05 9.9965E-05 9.9965E-05 0.439401 9.9965E-05
0.340609 0.0410678 9.99739E-05 0.574979 9.99739E-05 0.0430447 9.99739E-05
0.0647164 0.447876 9.99737E-05 9.99737E-05 0.289209 9.99737E-05 0.197899
9.99736E-05 0.0515076 9.99736E-05 9.99736E-05 0.390532 0.341793 0.215868
0.555359 0.164352 0.279888 9.99649E-05 9.99649E-05 9.99649E-05 9.99649E-05
0.0510347 0.600202 0.140298 9.99736E-05 9.99736E-05 0.208166 9.99736E-05
9.99562E-05 0.995023 9.99562E-05 9.99562E-05 9.99562E-05 0.00447718 9.99562E-05
0.464934 0.0802393 0.103523 0.223229 9.99823E-05 0.127876 9.99823E-05
0.0226242 0.573093 9.99736E-05 0.0878977 0.316086 9.99736E-05 9.99736E-05
9.99649E-05 0.600096 0.302484 0.09702 9.99649E-05 9.99649E-05 9.99649E-05
