0.197624 9.99648E-05 9.99648E-05 0.294415 0.507561 9.99648E-05 9.99648E-05
9.99735E-05 0.407051 9.99735E-05 0.0765868 0.312203 0.203859 9.99735E-05
9.99651E-05 9.99651E-05 0.336735 0.114851 0.548014 9.99651E-05 9.99651E-05
0.17174 0.162328 9.99825E-05 0.0152278 9.99825E-05 0.427735 0.222769
0.0956558 0.354774 0.0882095 9.99737E-05 0.461061 9.99737E-05 9.99737E-05
9.99654E-05 9.99654E-05 0.297351 0.526174 0.176075 9.99654E-05 9.99654E-05
0.0247577 0.435085 9.99735E-05 0.368211 9.99735E-05 0.171647 9.99735E-05
9.99647E-05 0.262076 9.99647E-05 0.266033 9.99647E-05 0.471492 9.99647E-05
9.99649E-05 9.99649E-05 9.99649E-05 0.202163 0.638441 0.158996 9.99649E-05
9.99824E-05 0.176639 0.037659 9.99824E-05 0.218971 0.468246 0.0982853
0.314872 9.99736E-05 0.0210596 9.99736E-05 0.312895 0.350874 9.99736E-05
9.9965E-05 9.9965E-05 9.9965E-05 0.487033 0.424632 0.0879345 9.9965E-05
0.311425 9.9965E-05 9.9965E-05 0.683943 9.9965E-05 0.00423204 9.9965E-05
0.228507 9.99737E-05 9.99737E-05 0.191958 0.288296 0.290939 9.99737E-05
9.99736E-05 9.99736E-05 9.99736E-05 0.263808 0.0579463 0.66452 0.0134263
9.99653E-05 9.99653E-05 0.4623 0.268222 0.269078 9.99653E-05 9.99653E-05
9.99561E-05 9.99561E-05 9.99561E-05 0.533018 9.99561E-05 0.466483 9.99561E-05
9.99651E-05 9.99651E-05 9.99651E-05 0.202924 0.311537 0.485139 9.99651E-05
0.811932 9.99648E-05 9.99648E-05 9.99648E-05 0.01021 0.177459 9.99648E-05
0.297333 0.242092 9.99736E-05 9.99736E-05 0.381044 9.99736E-05 0.0792315
0.158474 9.99738E-05 0.514716 0.235942 9.99738E-05 0.0905682 9.99738E-05
0.265557 0.0216803 0.100495 9.99737E-05 9.99737E-05 9.99737E-05 0.611967
9.9965E-05 9.9965E-05 9.9965E-05 0.655794 9.9965E-05 0.22084 0.122966
0.183972 9.99651E-05 0.685688 9.99651E-05 0.129941 9.99651E-05 9.99651E-05
0.539582 9.99648E-05 0.366194 0.0938247 9.99648E-05 9.99648E-05 9.99648E-05
9.99564E-05 9.99564E-05 0.746491 9.99564E-05 9.99564E-05 0.253009 9.99564E-05
9.99824E-05 9.99824E-05 0.12307 0.145898 0.000367163 0.544749 0.185716
9.99647E-05 9.99647E-05 9.99647E-05 0.39426 0.286933 0.318408 9.99647E-05
0.9994 9.995E-05 9.995E-05 9.995E-05 9.995E-05 9.995E-05 9.995E-05
0.292961 9.99648E-05 0.282811 9.99648E-05 9.99648E-05 0.423828 9.99648E-05
0.719209 9.99648E-05 0.208244 9.99648E-05 9.99648E-05 0.072147 9.99648E-05
0.418293 0.287354 0.00129235 0.29276 9.99734E-05 9.99734E-05 9.99734E-05
9.9965E-05 9.9965E-05 9.9965E-05 0.914342 0.00221995 9.9965E-05 0.083038
9.99649E-05 0.222499 9.99649E-05 0.759803 0.017298 9.99649E-05 9.99649E-05
9.99825E-05 9.99825E-05 0.357243 0.521142 0.0811889 0.0113745 0.028851
0.631203 0.191916 9.99649E-05 9.99649E-05 9.99649E-05 0.176481 9.99649E-05
0.564181 9.9965E-05 9.9965E-05 0.0795339 9.9965E-05 0.355885 9.9965E-05
0.372499 0.198614 9.99824E-05 0.314254 0.0290012 0.0854319 9.99824E-05
0.485683 9.99647E-05 0.328842 0.185075 9.99647E-05 9.99647E-05 9.99647E-05
0.766991 9.99647E-05 9.99647E-05 0.0330137 9.99647E-05 0.199596 9.99647E-05
0.356482 0.121748 9.99649E-05 0.52137 9.99649E-05 9.99649E-05 9.99649E-05
0.0910403 9.99647E-05 9.99647E-05 0.605851 0.302709 9.99647E-05 9.99647E-05
0.463383 0.43655 9.99648E-05 9.99648E-05 0.0996672 9.99648E-05 9.99648E-05
0.780268 9.99561E-05 9.99561E-05 9.99561E-05 9.99561E-05 0.219232 9.99561E-05
0.24412 9.99648E-05 9.99648E-05 0.161554 0.593926 9.99648E-05 9.99648E-05
0.0133094 9.99736E-05 0.409183 0.0792563 9.99736E-05 0.497951 9.99736E-05
0.00630077 0.223405 0.0805575 0.519653 9.99912E-05 0.0728008 0.097183
0.76822 0.23128 9.99563E-05 9.99563E-05 9.99563E-05 9.99563E-05 9.99563E-05
0.0749432 9.99647E-05 0.681079 9.99647E-05 9.99647E-05 0.243578 9.99647E-05
9.99561E-05 9.99561E-05 0.15008 0.84942 9.99561E-05 9.99561E-05 9.99561E-05
0.207006 0.33102 9.99649E-05 9.99649E-05 0.461575 9.99649E-05 9.99649E-05
0.0794843 9.99736E-05 0.503386 9.99736E-05 0.397287 9.99736E-05 0.019543
9.995E-05 9.995E-05 0.9994 9.995E-05 9.995E-05 9.995E-05 9.995E-05
0.231829 9.99736E-05 9.99736E-05 0.21165 0.0190746 0.537146 9.99736E-05
9.99563E-05 9.99563E-05 9.99563E-05 0.0674939 9.99563E-05 0.932006 9.99563E-05
0.0863062 0.291378 9.99739E-05 0.359175 9.99739E-05 0.26284 9.99739E-05
0.370529 9.99647E-05 9.99647E-05 0.474249 9.99647E-05 0.154822 9.99647E-05
0.507826 9.99826E-05 0.22415 0.0195273 0.0587995 0.189498 9.99826E-05
0.590957 9.99564E-05 9.99564E-05 0.408543 9.99564E-05 9.99564E-05 9.99564E-05
9.99734E-05 9.99734E-05 0.235974 0.0793101 0.377623 0.306793 9.99734E-05
0.46521 0.268586 9.99736E-05 0.0308898 9.99736E-05 0.235014 9.99736E-05
9.99649E-05 9.99649E-05 9.99649E-05 0.248876 0.200712 0.550012 9.99649E-05
0.322927 9.99735E-05 9.99735E-05 0.157477 0.502198 0.0170973 9.99735E-05
0.50525 9.99734E-05 0.254413 0.0610783 9.99734E-05 0.178959 9.99734E-05
0.293318 0.246849 9.99649E-05 9.99649E-05 9.99649E-05 0.459433 9.99649E-05
9.99735E-05 0.117818 0.103598 0.41725 0.361034 9.99735E-05 9.99735E-05
0.252573 0.0175686 0.673475 0.056083 9.99737E-05 9.99737E-05 9.99737E-05
9.9965E-05 9.9965E-05 9.9965E-05 0.183262 0.254225 0.562113 9.9965E-05
0.390724 0.0170063 0.550695 0.0412745 9.99737E-05 9.99737E-05 9.99737E-05
0.127186 9.99735E-05 0.269198 0.193088 9.99735E-05 0.410228 9.99735E-05
9.99735E-05 9.99735E-05 9.99735E-05 0.0901612 0.0576646 0.637249 0.214625
9.99558E-05 9.99558E-05 9.99558E-05 0.144768 9.99558E-05 0.854732 9.99558E-05
0.904831 9.9965E-05 9.9965E-05 0.0534049 9.9965E-05 9.9965E-05 0.0413644
0.892 0.1075 9.99563E-05 9.99563E-05 9.99563E-05 9.99563E-05 9.99563E-05
0.125877 9.996E-05 9.996E-05 0.532703 9.996E-05 0.34102 9.996E-05
0.0885283 9.99736E-05 0.209298 0.288187 0.413686 9.99736E-05 9.99736E-05
9.99736E-05 0.16037 9.99736E-05 0.0430969 0.729555 0.0666782 9.99736E-05
0.0607397 9.99739E-05 0.0308467 9.99739E-05 9.99739E-05 0.796518 0.111596
0.0189599 0.362516 0.300532 0.317692 9.99736E-05 9.99736E-05 9.99736E-05
0.605191 9.99649E-05 9.99649E-05 0.254294 9.99649E-05 9.99649E-05 0.140115
9.99737E-05 0.11625 9.99737E-05 0.490726 0.172527 0.220197 9.99737E-05
9.99652E-05 0.298049 9.99652E-05 9.99652E-05 0.618721 0.0828303 9.99652E-05
9.99736E-05 9.99736E-05 9.99736E-05 0.169701 0.0500768 0.352343 0.427579
0.400105 0.409161 0.0416799 9.99737E-05 0.148754 9.99737E-05 9.99737E-05
0.346292 9.99735E-05 0.0163775 0.453857 9.99735E-05 0.183173 9.99735E-05
0.839051 0.127918 0.032631 9.99651E-05 9.99651E-05 9.99651E-05 9.99651E-05
0.329702 0.06882 9.99649E-05 9.99649E-05 0.601078 9.99649E-05 9.99649E-05
0.0187895 0.182785 9.99737E-05 9.99737E-05 0.621517 9.99737E-05 0.176608
9.99566E-05 0.490127 9.99566E-05 0.509374 9.99566E-05 9.99566E-05 9.99566E-05
9.99652E-05 0.0374505 0.773546 9.99652E-05 9.99652E-05 0.188604 9.99652E-05
0.25668 0.0722561 9.9965E-05 9.9965E-05 0.670664 9.9965E-05 9.9965E-05
0.5726 0.0802178 9.99647E-05 0.346782 9.99647E-05 9.99647E-05 9.99647E-05
0.40929 9.99824E-05 9.99824E-05 0.205154 0.1223 0.0660979 0.196958
0.185014 0.527728 0.0672279 9.99737E-05 0.21973 9.99737E-05 9.99737E-05
0.403023 9.99649E-05 9.99649E-05 0.565964 0.0306129 9.99649E-05 9.99649E-05
9.99651E-05 9.99651E-05 9.99651E-05 9.99651E-05 0.281152 0.472951 0.245497
0.444468 9.99651E-05 0.0692546 9.99651E-05 9.99651E-05 0.485877 9.99651E-05
0.114897 9.99736E-05 0.483599 0.0925706 0.308633 9.99736E-05 9.99736E-05
0.388506 0.550354 9.99647E-05 0.0607403 9.99647E-05 9.99647E-05 9.99647E-05
0.0504965 0.594917 9.99824E-05 0.0357898 0.270918 0.0476782 9.99824E-05
9.99648E-05 0.806855 9.99648E-05 0.0848501 9.99648E-05 0.107895 9.99648E-05
9.997E-05 0.19314 0.197702 9.997E-05 9.997E-05 0.518984 0.0898744
9.99737E-05 0.0851359 9.99737E-05 9.99737E-05 0.237689 0.572477 0.104398
0.000309797 0.250441 0.362849 0.379014 0.00718626 9.99825E-05 9.99825E-05
0.3184 0.179205 9.99649E-05 9.99649E-05 0.501994 9.99649E-05 9.99649E-05
0.414456 9.99737E-05 0.143236 9.99737E-05 0.34186 0.100148 9.99737E-05
0.0389463 0.307307 0.229414 0.235509 0.0698756 0.118848 9.99912E-05
0.16662 0.376778 9.99652E-05 0.456202 9.99652E-05 9.99652E-05 9.99652E-05
9.99559E-05 0.711348 9.99559E-05 9.99559E-05 9.99559E-05 9.99559E-05 0.288153
0.00991627 0.0961839 9.99736E-05 9.99736E-05 0.273364 9.99736E-05 0.620236
0.0762571 0.144611 9.99824E-05 0.297038 0.158508 0.323386 9.99824E-05
0.0698743 0.227464 9.99736E-05 9.99736E-05 0.479265 0.223096 9.99736E-05
0.025353 9.99649E-05 9.99649E-05 0.323584 9.99649E-05 0.650663 9.99649E-05
0.41063 9.99559E-05 9.99559E-05 9.99559E-05 9.99559E-05 0.58887 9.99559E-05
0.0261293 0.811018 9.99741E-05 0.00792874 9.99741E-05 0.154624 9.99741E-05
0.625021 0.0856026 0.0284895 9.99912E-05 0.0303911 0.219236 0.0111594
0.549345 9.99648E-05 0.222376 9.99648E-05 9.99648E-05 9.99648E-05 0.22788
9.99563E-05 9.99563E-05 9.99563E-05 0.56632 9.99563E-05 0.43318 9.99563E-05
0.962232 0.00750357 9.99648E-05 9.99648E-05 9.99648E-05 0.0298645 9.99648E-05
0.288663 9.99737E-05 0.066001 0.170676 0.47436 9.99737E-05 9.99737E-05
0.190544 9.99737E-05 0.38141 9.99737E-05 0.202691 9.99737E-05 0.225055
0.00615326 0.0616936 9.99649E-05 0.931753 9.99649E-05 9.99649E-05 9.99649E-05
0.127911 0.133738 0.427145 0.0344793 0.096932 0.0265598 0.153235
0.623541 0.119485 9.99649E-05 9.99649E-05 9.99649E-05 0.256574 9.99649E-05
9.99563E-05 9.99563E-05 0.338713 0.660787 9.99563E-05 9.99563E-05 9.99563E-05
0.302083 9.99647E-05 9.99647E-05 0.546967 0.15055 9.99647E-05 9.99647E-05
0.0368214 9.9965E-05 0.26115 9.9965E-05 9.9965E-05 9.9965E-05 0.701629
0.0276523 9.99562E-05 9.99562E-05 9.99562E-05 9.99562E-05 0.971848 9.99562E-05
0.227213 9.99739E-05 0.231069 0.135834 0.405583 9.99739E-05 9.99739E-05
9.99649E-05 0.193557 9.99649E-05 9.99649E-05 0.36144 0.444602 9.99649E-05
9.99647E-05 0.117797 9.99647E-05 0.599576 9.99647E-05 0.282227 9.99647E-05
0.276158 0.0578387 0.0412137 0.615527 9.99825E-05 0.00906219 9.99825E-05
9.99648E-05 9.99648E-05 9.99648E-05 0.231768 0.171533 0.596298 9.99648E-05
9.99735E-05 0.655702 9.99735E-05 9.99735E-05 0.0639355 0.0163767 0.263686
0.0409104 9.99824E-05 0.0794047 0.580577 9.99824E-05 0.0247421 0.274165
0.363675 9.99647E-05 9.99647E-05 0.605977 9.99647E-05 9.99647E-05 0.0299483
0.00260545 9.99737E-05 0.30931 0.569113 0.118672 9.99737E-05 9.99737E-05
9.99647E-05 9.99647E-05 9.99647E-05 0.152276 0.406452 0.440872 9.99647E-05
0.670643 0.107427 9.99648E-05 9.99648E-05 0.22153 9.99648E-05 9.99648E-05
0.00658166 9.99737E-05 0.474408 0.144583 9.99737E-05 0.374128 9.99737E-05
0.0674161 0.0392916 9.99825E-05 0.160844 0.125096 0.607152 9.99825E-05
0.561074 9.997E-05 9.997E-05 0.0186266 0.0109142 9.997E-05 0.409085
0.610279 9.99648E-05 0.0129795 0.376342 9.99648E-05 9.99648E-05 9.99648E-05
0.681971 9.99648E-05 9.99648E-05 9.99648E-05 0.119081 0.198548 9.99648E-05
0.556327 0.220388 9.99736E-05 0.00930537 9.99736E-05 9.99736E-05 0.21368
0.209993 0.281162 9.99824E-05 0.363724 9.99824E-05 0.0671113 0.0778095
0.33848 9.99648E-05 9.99648E-05 9.99648E-05 0.30705 0.35407 9.99648E-05
9.99647E-05 0.0166831 9.99647E-05 9.99647E-05 0.62224 0.360677 9.99647E-05
0.074675 9.99736E-05 0.314149 0.189858 9.99736E-05 0.421018 9.99736E-05
0.115431 0.726098 9.99648E-05 9.99648E-05 9.99648E-05 0.158071 9.99648E-05
9.99739E-05 9.99739E-05 0.675741 9.99739E-05 0.0184588 0.0117285 0.293772
0.37365 0.578857 0.0470933 9.9965E-05 9.9965E-05 9.9965E-05 9.9965E-05
0.248707 9.99737E-05 0.118258 9.99737E-05 0.242087 0.390648 9.99737E-05
9.99738E-05 0.221039 0.0870703 9.99738E-05 0.286711 0.40488 9.99738E-05
0.78885 9.99649E-05 9.99649E-05 0.0414031 0.169347 9.99649E-05 9.99649E-05
0.566388 9.9965E-05 9.9965E-05 0.370997 9.9965E-05 9.9965E-05 0.0622153
0.127973 0.353778 9.99824E-05 9.99824E-05 0.24093 0.201037 0.0760824
9.99825E-05 0.11153 0.230751 9.99825E-05 0.439439 0.191758 0.0263226
0.14757 9.99737E-05 0.336985 0.459286 0.0558588 9.99737E-05 9.99737E-05
0.672654 9.99566E-05 0.326846 9.99566E-05 9.99566E-05 9.99566E-05 9.99566E-05
0.515556 0.280464 0.150736 9.99739E-05 0.0529443 9.99739E-05 9.99739E-05
9.99565E-05 9.99565E-05 9.99565E-05 0.876733 9.99565E-05 9.99565E-05 0.122767
0.135572 9.99824E-05 0.466539 9.99824E-05 0.29294 0.052595 0.0521539
0.499809 9.99826E-05 0.238016 0.0431285 0.131537 9.99826E-05 0.0873094
0.206342 9.99823E-05 0.0324583 0.469315 0.188991 0.102693 9.99823E-05
0.37489 9.99648E-05 0.340497 0.284213 9.99648E-05 9.99648E-05 9.99648E-05
9.995E-05 0.9994 9.995E-05 9.995E-05 9.995E-05 9.995E-05 9.995E-05
9.996E-05 0.339381 0.490889 0.16933 9.996E-05 9.996E-05 9.996E-05
9.9956E-05 0.394947 9.9956E-05 0.604553 9.9956E-05 9.9956E-05 9.9956E-05
0.786916 9.99647E-05 9.99647E-05 9.99647E-05 0.0744789 0.138205 9.99647E-05
0.170598 9.99646E-05 0.672866 9.99646E-05 0.156136 9.99646E-05 9.99646E-05
9.995E-05 9.995E-05 9.995E-05 0.9994 9.995E-05 9.995E-05 9.995E-05
0.15744 0.62958 9.9965E-05 9.9965E-05 9.9965E-05 0.21258 9.9965E-05
9.99736E-05 0.038595 9.99736E-05 0.419535 0.151455 0.390115 9.99736E-05
0.722639 9.99559E-05 9.99559E-05 9.99559E-05 0.276862 9.99559E-05 9.99559E-05
9.99559E-05 9.99559E-05 0.154277 0.845223 9.99559E-05 9.99559E-05 9.99559E-05
0.112847 0.0223746 0.386428 0.269283 9.99825E-05 0.208867 9.99825E-05
0.689101 0.158412 9.99648E-05 0.152088 9.99648E-05 9.99648E-05 9.99648E-05
0.0461037 9.99736E-05 0.148784 9.99736E-05 9.99736E-05 0.0969924 0.70782
0.243256 0.0424131 0.115176 0.00670724 0.313819 0.278528 9.99912E-05
0.477351 0.389475 9.99649E-05 0.132775 9.99649E-05 9.99649E-05 9.99649E-05
0.0389839 9.99736E-05 9.99736E-05 0.0412085 0.0749301 0.844578 9.99736E-05
0.273916 9.99735E-05 9.99735E-05 0.352228 0.0260367 0.347519 9.99735E-05
0.0633662 9.99734E-05 9.99734E-05 0.348629 0.277846 9.99734E-05 0.30986
9.99562E-05 9.99562E-05 0.590133 0.409367 9.99562E-05 9.99562E-05 9.99562E-05
9.997E-05 0.321297 0.0715462 9.997E-05 0.257229 0.349627 9.997E-05
9.99647E-05 9.99647E-05 0.10235 0.443736 9.99647E-05 0.453514 9.99647E-05
0.764489 9.99563E-05 9.99563E-05 9.99563E-05 9.99563E-05 9.99563E-05 0.235011
0.241773 9.99647E-05 0.492844 0.264983 9.99647E-05 9.99647E-05 9.99647E-05
0.560091 0.125844 9.99736E-05 0.310678 9.99736E-05 0.00308764 9.99736E-05
0.092658 9.99563E-05 9.99563E-05 0.906842 9.99563E-05 9.99563E-05 9.99563E-05
0.398165 9.99645E-05 0.377442 9.99645E-05 0.223993 9.99645E-05 9.99645E-05
0.415413 0.265641 9.99736E-05 0.246634 9.99736E-05 0.0720112 9.99736E-05
9.9965E-05 0.26241 9.9965E-05 9.9965E-05 0.0501856 0.687005 9.9965E-05
9.99738E-05 0.0303968 9.99738E-05 0.106428 0.708044 9.99738E-05 0.154831
9.99647E-05 9.99647E-05 0.246409 0.575674 0.177516 9.99647E-05 9.99647E-05
0.492394 9.99823E-05 9.99823E-05 0.0334079 0.238665 0.0370362 0.198296
0.483025 9.99649E-05 0.0820438 9.99649E-05 9.99649E-05 0.434532 9.99649E-05
0.343961 0.230466 0.00536918 0.419904 9.99735E-05 9.99735E-05 9.99735E-05
9.99651E-05 0.699639 0.122316 9.99651E-05 9.99651E-05 0.177645 9.99651E-05
0.00236769 0.230456 9.99736E-05 0.281059 0.485817 9.99736E-05 9.99736E-05
0.136177 9.99734E-05 0.401956 0.361149 9.99734E-05 0.100418 9.99734E-05
9.99651E-05 0.412251 9.99651E-05 9.99651E-05 9.99651E-05 0.583392 0.00395737
0.225156 0.228139 9.997E-05 0.240113 9.997E-05 0.306292 9.997E-05
0.0527864 0.324564 0.131248 9.99824E-05 0.111921 0.379281 9.99824E-05
9.99561E-05 9.99561E-05 9.99561E-05 0.489833 9.99561E-05 0.509667 9.99561E-05
9.99737E-05 0.269846 9.99737E-05 0.328658 0.163261 0.237935 9.99737E-05
0.514434 9.99648E-05 9.99648E-05 0.162226 0.32294 9.99648E-05 9.99648E-05
9.99561E-05 9.99561E-05 0.793374 9.99561E-05 9.99561E-05 0.206127 9.99561E-05
9.99561E-05 9.99561E-05 9.99561E-05 9.99561E-05 9.99561E-05 0.704393 0.295107
9.9965E-05 0.275766 9.9965E-05 0.562622 9.9965E-05 0.161212 9.9965E-05
0.207502 0.297535 9.99648E-05 0.494563 9.99648E-05 9.99648E-05 9.99648E-05
0.313863 9.99737E-05 0.190952 9.99737E-05 0.0425631 0.452321 9.99737E-05
0.0182792 0.290867 0.359106 9.99737E-05 9.99737E-05 0.331447 9.99737E-05
0.114314 0.205924 9.99734E-05 9.99734E-05 0.309093 0.370369 9.99734E-05
0.719404 9.99738E-05 0.0430744 9.99738E-05 9.99738E-05 0.0881209 0.149101
0.196521 9.99562E-05 9.99562E-05 9.99562E-05 9.99562E-05 0.802979 9.99562E-05
9.99559E-05 9.99559E-05 0.92723 9.99559E-05 9.99559E-05 0.0722706 9.99559E-05
9.99646E-05 0.573349 0.044901 0.38135 9.99646E-05 9.99646E-05 9.99646E-05
9.99735E-05 0.293354 0.0427727 0.581913 0.0816607 9.99735E-05 9.99735E-05
9.99737E-05 0.246932 0.171714 9.99737E-05 0.457583 0.123471 9.99737E-05
9.99646E-05 9.99646E-05 0.33725 9.99646E-05 9.99646E-05 0.579479 0.0828715
9.9956E-05 9.9956E-05 9.9956E-05 0.509024 9.9956E-05 0.490476 9.9956E-05
0.0605426 0.271469 9.99823E-05 9.99823E-05 0.312833 0.235311 0.119645
0.120045 0.051187 0.0263664 0.390736 9.99825E-05 0.411465 9.99825E-05
9.99649E-05 0.559503 0.164911 0.275186 9.99649E-05 9.99649E-05 9.99649E-05
0.258152 0.0081106 0.0958849 0.284161 9.99824E-05 0.353491 9.99824E-05
9.99651E-05 9.99651E-05 0.0849665 0.206327 9.99651E-05 0.708306 9.99651E-05
9.99648E-05 9.99648E-05 0.228381 9.99648E-05 0.256417 0.514801 9.99648E-05
9.99561E-05 9.99561E-05 9.99561E-05 0.805001 0.194499 9.99561E-05 9.99561E-05
0.9994 9.995E-05 9.995E-05 9.995E-05 9.995E-05 9.995E-05 9.995E-05
0.625375 0.174008 0.0897787 9.99735E-05 0.110539 9.99735E-05 9.99735E-05
0.256448 9.9956E-05 9.9956E-05 9.9956E-05 0.743052 9.9956E-05 9.9956E-05
9.99825E-05 0.394174 0.053643 0.23963 0.113179 0.199174 9.99825E-05
9.99649E-05 0.804861 9.99649E-05 0.113426 9.99649E-05 0.0813138 9.99649E-05
0.313537 0.416564 9.99824E-05 0.220928 0.0105419 0.0382283 9.99824E-05
9.99649E-05 9.99649E-05 9.99649E-05 0.74455 0.242142 9.99649E-05 0.0129078
9.99736E-05 9.99736E-05 0.045137 0.622504 0.0289213 0.303138 9.99736E-05
0.135197 0.630487 9.99736E-05 9.99736E-05 0.069664 9.99736E-05 0.164352
9.99565E-05 9.99565E-05 9.99565E-05 0.173055 0.826445 9.99565E-05 9.99565E-05
9.99563E-05 9.99563E-05 0.0717339 9.99563E-05 9.99563E-05 0.927766 9.99563E-05
9.99648E-05 9.99648E-05 0.567933 0.210237 9.99648E-05 0.22143 9.99648E-05
0.337537 9.996E-05 0.370654 9.996E-05 9.996E-05 0.29141 9.996E-05
0.216269 0.16914 9.99735E-05 0.301414 9.99735E-05 0.312877 9.99735E-05
0.0538454 0.0677371 9.99825E-05 0.0746766 9.99825E-05 0.486301 0.31724
9.99739E-05 9.99739E-05 9.99739E-05 0.0514923 0.247187 0.528641 0.17238
9.99649E-05 0.0138528 0.256961 0.728786 9.99649E-05 9.99649E-05 9.99649E-05
9.99647E-05 0.442537 9.99647E-05 0.300679 0.256384 9.99647E-05 9.99647E-05
0.733494 0.150581 9.99646E-05 9.99646E-05 9.99646E-05 0.115526 9.99646E-05
0.189567 9.99737E-05 0.289618 0.415034 0.105481 9.99737E-05 9.99737E-05
9.99648E-05 0.311807 0.350551 9.99648E-05 0.337242 9.99648E-05 9.99648E-05
0.579255 0.231083 0.189263 9.996E-05 9.996E-05 9.996E-05 9.996E-05
9.99738E-05 9.99738E-05 9.99738E-05 0.6846 0.116485 0.0339218 0.164693
0.114857 9.99734E-05 9.99734E-05 0.569086 9.99734E-05 0.289402 0.0263559
9.99648E-05 9.99648E-05 9.99648E-05 0.177618 9.99648E-05 0.659459 0.162523
9.99649E-05 9.99649E-05 0.0439199 9.99649E-05 0.852494 0.103186 9.99649E-05
0.692257 0.174385 9.99736E-05 9.99736E-05 0.0950708 9.99736E-05 0.0379872
0.114821 0.618687 0.266091 9.99647E-05 9.99647E-05 9.99647E-05 9.99647E-05
0.295671 9.99737E-05 0.431776 0.205081 9.99737E-05 0.0671721 9.99737E-05
0.404586 9.99646E-05 9.99646E-05 0.33592 0.259094 9.99646E-05 9.99646E-05
0.187222 9.99648E-05 9.99648E-05 0.295583 0.516795 9.99648E-05 9.99648E-05
