9.99461E-05 9.99461E-05 9.99461E-05 9.99461E-05 0.199847 0.792957 9.99461E-05 0.00659673 9.99461E-05
9.9937E-05 9.9937E-05 9.9937E-05 9.9937E-05 9.9937E-05 0.910679 9.9937E-05 9.9937E-05 0.0886216
0.0628067 9.9955E-05 9.9955E-05 9.9955E-05 0.594064 0.314734 0.0278956 9.9955E-05 9.9955E-05
9.99371E-05 9.99371E-05 0.0865857 9.99371E-05 9.99371E-05 9.99371E-05 9.99371E-05 9.99371E-05 0.912715
9.9946E-05 9.9946E-05 9.9946E-05 9.9946E-05 0.127001 9.9946E-05 9.9946E-05 0.838492 0.0339077
9.99461E-05 9.99461E-05 0.830566 9.99461E-05 0.0795802 0.0892543 9.99461E-05 9.99461E-05 9.99461E-05
9.9955E-05 0.635558 9.9955E-05 0.105255 0.123836 9.9955E-05 9.9955E-05 9.9955E-05 0.134851
0.582032 0.00899497 9.99641E-05 9.99641E-05 0.0869621 0.285611 0.0359997 9.99641E-05 9.99641E-05
9.99371E-05 9.99371E-05 0.435614 0.563686 9.99371E-05 9.99371E-05 9.99371E-05 9.99371E-05 9.99371E-05
9.9937E-05 0.745452 9.9937E-05 9.9937E-05 9.9937E-05 9.9937E-05 9.9937E-05 0.253848 9.9937E-05
9.993E-05 0.999201 9.993E-05 9.993E-05 9.993E-05 9.993E-05 9.993E-05 9.993E-05 9.993E-05
0.581863 9.9955E-05 0.0326452 9.9955E-05 9.9955E-05 0.351087 0.0339056 9.9955E-05 9.9955E-05
9.99641E-05 0.119725 0.11738 9.99641E-05 0.0271578 0.0580146 9.99641E-05 0.677323 9.99641E-05
9.99462E-05 0.308251 9.99462E-05 9.99462E-05 0.355927 9.99462E-05 9.99462E-05 9.99462E-05 0.335222
9.99372E-05 0.0126522 9.99372E-05 9.99372E-05 9.99372E-05 9.99372E-05 9.99372E-05 0.986648 9.99372E-05
9.99372E-05 9.99372E-05 9.99372E-05 0.911695 0.0876058 9.99372E-05 9.99372E-05 9.99372E-05 9.99372E-05
0.915529 9.99461E-05 9.99461E-05 9.99461E-05 0.0166409 9.99461E-05 9.99461E-05 9.99461E-05 0.06723
9.99459E-05 0.453562 0.157341 0.388497 9.99459E-05 9.99459E-05 9.99459E-05 9.99459E-05 9.99459E-05
9.99371E-05 9.99371E-05 0.991974 9.99371E-05 9.99371E-05 0.00732652 9.99371E-05 9.99371E-05 9.99371E-05
9.99372E-05 9.99372E-05 9.99372E-05 0.975235 9.99372E-05 9.99372E-05 9.99372E-05 9.99372E-05 0.0240651
9.99461E-05 9.99461E-05 9.99461E-05 9.99461E-05 9.99461E-05 0.0161035 0.969319 0.0139782 9.99461E-05
0.35521 0.00757842 0.0950212 0.541691 9.99551E-05 9.99551E-05 9.99551E-05 9.99551E-05 9.99551E-05
9.994E-05 9.994E-05 9.994E-05 0.736744 0.0308342 9.994E-05 9.994E-05 0.231822 9.994E-05
9.9955E-05 0.0138623 9.9955E-05 0.203558 9.9955E-05 9.9955E-05 0.0114743 9.9955E-05 0.770606
9.9955E-05 9.9955E-05 0.0700149 9.9955E-05 0.852266 9.9955E-05 0.0363168 9.9955E-05 0.0409025
9.99371E-05 9.99371E-05 9.99371E-05 0.216688 9.99371E-05 9.99371E-05 9.99371E-05 0.782612 9.99371E-05
9.993E-05 9.993E-05 9.993E-05 9.993E-05 9.993E-05 9.993E-05 9.993E-05 9.993E-05 0.999201
0.0214933 0.0328883 0.49894 9.99731E-05 0.0178192 9.99731E-05 9.99731E-05 0.249277 0.179282
9.993E-05 9.993E-05 9.993E-05 9.993E-05 9.993E-05 0.999201 9.993E-05 9.993E-05 9.993E-05
0.512623 9.99552E-05 0.422283 0.0137367 9.99552E-05 9.99552E-05 0.0508574 9.99552E-05 9.99552E-05
9.99371E-05 0.162592 9.99371E-05 9.99371E-05 0.836708 9.99371E-05 9.99371E-05 9.99371E-05 9.99371E-05
9.993E-05 9.993E-05 9.993E-05 9.993E-05 0.999201 9.993E-05 9.993E-05 9.993E-05 9.993E-05
9.9946E-05 0.747672 9.9946E-05 9.9946E-05 0.0824408 9.9946E-05 9.9946E-05 0.169287 9.9946E-05
9.99461E-05 0.000185839 0.902569 9.99461E-05 0.0966451 9.99461E-05 9.99461E-05 9.99461E-05 9.99461E-05
0.39473 9.9937E-05 9.9937E-05 9.9937E-05 9.9937E-05 9.9937E-05 9.9937E-05 9.9937E-05 0.604571
0.0146853 9.99461E-05 0.00704793 0.977667 9.99461E-05 9.99461E-05 9.99461E-05 9.99461E-05 9.99461E-05
9.99551E-05 9.99551E-05 0.72491 0.241625 9.99551E-05 0.00795936 0.025006 9.99551E-05 9.99551E-05
9.9955E-05 0.068465 0.879423 0.0209924 9.9955E-05 0.0306202 9.9955E-05 9.9955E-05 9.9955E-05
9.99461E-05 0.847181 0.0759099 9.99461E-05 9.99461E-05 0.0763099 9.99461E-05 9.99461E-05 9.99461E-05
0.0479235 9.99551E-05 0.61072 9.99551E-05 9.99551E-05 9.99551E-05 0.147478 9.99551E-05 0.193378
0.338129 9.9937E-05 0.661171 9.9937E-05 9.9937E-05 9.9937E-05 9.9937E-05 9.9937E-05 9.9937E-05
0.999201 9.993E-05 9.993E-05 9.993E-05 9.993E-05 9.993E-05 9.993E-05 9.993E-05 9.993E-05
9.99552E-05 9.99552E-05 9.99552E-05 0.630198 9.99552E-05 0.00613836 0.038751 0.324413 9.99552E-05
9.99371E-05 9.99371E-05 9.99371E-05 0.00577049 0.99353 9.99371E-05 9.99371E-05 9.99371E-05 9.99371E-05
9.993E-05 9.993E-05 9.993E-05 9.993E-05 9.993E-05 9.993E-05 9.993E-05 0.999201 9.993E-05
0.936829 9.99551E-05 9.99551E-05 0.0255847 9.99551E-05 0.0288042 9.99551E-05 9.99551E-05 0.00828226
9.994E-05 9.994E-05 0.249236 0.696193 9.994E-05 0.0539706 9.994E-05 9.994E-05 9.994E-05
9.99462E-05 9.99462E-05 0.714625 0.113838 9.99462E-05 9.99462E-05 0.170938 9.99462E-05 9.99462E-05
9.99641E-05 9.99641E-05 9.99641E-05 0.00144387 9.99641E-05 0.129848 0.143731 0.714797 0.00978019
9.993E-05 9.993E-05 9.993E-05 9.993E-05 9.993E-05 9.993E-05 0.999201 9.993E-05 9.993E-05
