9.99461E-05 9.99461E-05 0.100708 9.99461E-05 0.574763 9.99461E-05 9.99461E-05 0.323929 9.99461E-05
9.9946E-05 9.9946E-05 0.0904344 9.9946E-05 0.82594 9.9946E-05 9.9946E-05 9.9946E-05 0.0830258
9.99551E-05 9.99551E-05 0.0740643 9.99551E-05 0.428316 0.0418137 9.99551E-05 0.455306 9.99551E-05
0.0987491 9.99371E-05 9.99371E-05 9.99371E-05 9.99371E-05 9.99371E-05 9.99371E-05 9.99371E-05 0.900551
9.9955E-05 0.814303 9.9955E-05 9.9955E-05 0.00551155 0.121731 9.9955E-05 9.9955E-05 0.0579542
0.846907 9.9955E-05 0.0169709 0.0661157 9.9955E-05 9.9955E-05 9.9955E-05 0.0695071 9.9955E-05
9.9964E-05 0.284368 9.9964E-05 0.0356061 9.9964E-05 9.9964E-05 0.160424 0.373429 0.145772
9.99371E-05 9.99371E-05 9.99371E-05 0.206727 0.792574 9.99371E-05 9.99371E-05 9.99371E-05 9.99371E-05
0.457991 9.99461E-05 0.384122 9.99461E-05 9.99461E-05 9.99461E-05 0.157288 9.99461E-05 9.99461E-05
9.993E-05 0.999201 9.993E-05 9.993E-05 9.993E-05 9.993E-05 9.993E-05 9.993E-05 9.993E-05
9.99463E-05 0.884914 9.99463E-05 0.0262816 9.99463E-05 9.99463E-05 9.99463E-05 0.0882051 9.99463E-05
0.0845854 9.9937E-05 9.9937E-05 9.9937E-05 0.914715 9.9937E-05 9.9937E-05 9.9937E-05 9.9937E-05
9.996E-05 0.238619 9.996E-05 9.996E-05 9.996E-05 0.143262 0.390893 0.205843 0.020983
9.99462E-05 0.0649585 9.99462E-05 9.99462E-05 9.99462E-05 9.99462E-05 9.99462E-05 0.797661 0.136781
9.99461E-05 0.78881 0.110396 9.99461E-05 9.99461E-05 0.100195 9.99461E-05 9.99461E-05 9.99461E-05
9.993E-05 9.993E-05 9.993E-05 9.993E-05 9.993E-05 9.993E-05 0.999201 9.993E-05 9.993E-05
0.0706434 0.00872742 9.9964E-05 9.9964E-05 0.493735 9.9964E-05 0.0555834 9.9964E-05 0.37091
0.122434 0.195988 9.9955E-05 0.0507457 9.9955E-05 9.9955E-05 0.630332 9.9955E-05 9.9955E-05
0.988138 9.99371E-05 9.99371E-05 9.99371E-05 0.0111621 9.99371E-05 9.99371E-05 9.99371E-05 9.99371E-05
9.99372E-05 9.99372E-05 0.913564 9.99372E-05 9.99372E-05 0.0857362 9.99372E-05 9.99372E-05 9.99372E-05
0.0285642 9.99641E-05 0.635089 9.99641E-05 0.0345362 0.179863 0.121548 9.99641E-05 9.99641E-05
0.354842 9.99461E-05 9.99461E-05 9.99461E-05 0.0705163 9.99461E-05 0.574042 9.99461E-05 9.99461E-05
9.99371E-05 9.99371E-05 9.99371E-05 9.99371E-05 9.99371E-05 0.0214424 0.977858 9.99371E-05 9.99371E-05
9.994E-05 9.994E-05 0.21013 0.197479 9.994E-05 9.994E-05 9.994E-05 9.994E-05 0.591791
0.0451934 9.9973E-05 9.9973E-05 0.0992945 9.9973E-05 0.0464297 0.0182052 0.727017 0.06356
9.9955E-05 0.241599 0.0466832 9.9955E-05 9.9955E-05 0.4919 0.219318 9.9955E-05 9.9955E-05
9.993E-05 9.993E-05 9.993E-05 9.993E-05 9.993E-05 9.993E-05 9.993E-05 9.993E-05 0.999201
0.521733 9.99551E-05 9.99551E-05 0.0012565 9.99551E-05 0.372727 9.99551E-05 0.103783 9.99551E-05
9.99374E-05 9.99374E-05 9.99374E-05 9.99374E-05 0.982171 9.99374E-05 0.017129 9.99374E-05 9.99374E-05
0.631777 9.99551E-05 9.99551E-05 9.99551E-05 0.171372 9.99551E-05 0.0259749 9.99551E-05 0.170377
9.993E-05 9.993E-05 9.993E-05 9.993E-05 9.993E-05 9.993E-05 9.993E-05 0.999201 9.993E-05
9.993E-05 9.993E-05 9.993E-05 9.993E-05 9.993E-05 9.993E-05 9.993E-05 0.999201 9.993E-05
9.9946E-05 0.581064 9.9946E-05 9.9946E-05 9.9946E-05 0.00818734 9.9946E-05 0.410149 9.9946E-05
0.82318 9.99641E-05 0.00233926 0.0126677 9.99641E-05 9.99641E-05 0.0546132 0.1068 9.99641E-05
0.0521827 9.9946E-05 9.9946E-05 9.9946E-05 0.120349 9.9946E-05 9.9946E-05 9.9946E-05 0.826868
9.9946E-05 9.9946E-05 0.732784 9.9946E-05 9.9946E-05 9.9946E-05 0.229305 0.0373108 9.9946E-05
0.703814 9.9937E-05 0.295486 9.9937E-05 9.9937E-05 9.9937E-05 9.9937E-05 9.9937E-05 9.9937E-05
0.81855 9.99551E-05 9.99551E-05 9.99551E-05 0.014697 9.99551E-05 0.134487 0.0317667 9.99551E-05
9.993E-05 9.993E-05 9.993E-05 0.999201 9.993E-05 9.993E-05 9.993E-05 9.993E-05 9.993E-05
0.823352 0.0291351 9.99551E-05 9.99551E-05 9.99551E-05 0.0349883 9.99551E-05 9.99551E-05 0.112025
0.761777 9.9946E-05 9.9946E-05 9.9946E-05 0.22962 9.9946E-05 9.9946E-05 9.9946E-05 0.00800343
0.196512 9.99371E-05 9.99371E-05 9.99371E-05 0.802788 9.99371E-05 9.99371E-05 9.99371E-05 9.99371E-05
9.99372E-05 9.99372E-05 0.754019 9.99372E-05 9.99372E-05 0.245282 9.99372E-05 9.99372E-05 9.99372E-05
9.99371E-05 9.99371E-05 9.99371E-05 0.0241079 9.99371E-05 9.99371E-05 9.99371E-05 0.975193 9.99371E-05
9.993E-05 9.993E-05 9.993E-05 9.993E-05 9.993E-05 0.999201 9.993E-05 9.993E-05 9.993E-05
9.99462E-05 9.99462E-05 9.99462E-05 9.99462E-05 0.808063 9.99462E-05 0.00902758 9.99462E-05 0.18231
9.9946E-05 9.9946E-05 0.868893 0.0744636 9.9946E-05 9.9946E-05 0.0560442 9.9946E-05 9.9946E-05
0.77223 9.99462E-05 9.99462E-05 9.99462E-05 9.99462E-05 0.0314584 0.195712 9.99462E-05 9.99462E-05
9.99551E-05 9.99551E-05 9.99551E-05 0.0133661 0.00330125 0.96946 9.99551E-05 9.99551E-05 0.0133729
0.128714 0.0294778 0.841209 9.99461E-05 9.99461E-05 9.99461E-05 9.99461E-05 9.99461E-05 9.99461E-05
