9.99551E-05 0.00346602 0.627165 9.99551E-05 0.276094 9.99551E-05 0.0927751 9.99551E-05 9.99551E-05
0.123386 9.9955E-05 0.80488 9.9955E-05 9.9955E-05 0.0423808 0.0288532 9.9955E-05 9.9955E-05
9.99461E-05 9.99461E-05 0.361265 9.99461E-05 0.598537 9.99461E-05 0.0395989 9.99461E-05 9.99461E-05
0.999201 9.993E-05 9.993E-05 9.993E-05 9.993E-05 9.993E-05 9.993E-05 9.993E-05 9.993E-05
0.0161504 0.696553 9.9955E-05 9.9955E-05 0.032303 9.9955E-05 9.9955E-05 9.9955E-05 0.254494
9.9946E-05 9.9946E-05 9.9946E-05 0.835336 0.0632511 9.9946E-05 9.9946E-05 0.100813 9.9946E-05
0.148565 9.9964E-05 9.9964E-05 9.9964E-05 0.185442 0.167969 9.9964E-05 0.100709 0.396915
9.99371E-05 9.99371E-05 0.770909 9.99371E-05 9.99371E-05 9.99371E-05 9.99371E-05 0.228391 9.99371E-05
9.99461E-05 9.99461E-05 9.99461E-05 0.486563 9.99461E-05 0.139867 0.37297 9.99461E-05 9.99461E-05
9.99461E-05 0.0506673 9.99461E-05 9.99461E-05 9.99461E-05 0.00728383 9.99461E-05 9.99461E-05 0.941449
9.99372E-05 9.99372E-05 9.99372E-05 9.99372E-05 9.99372E-05 9.99372E-05 9.99372E-05 0.0519265 0.947374
9.99371E-05 9.99371E-05 0.878966 0.120335 9.99371E-05 9.99371E-05 9.99371E-05 9.99371E-05 9.99371E-05
9.9982E-05 0.519166 0.024523 0.0340722 0.183713 0.15061 9.9982E-05 0.051436 0.03628
0.30569 0.00722365 9.99552E-05 9.99552E-05 0.417628 9.99552E-05 9.99552E-05 9.99552E-05 0.268959
9.993E-05 0.999201 9.993E-05 9.993E-05 9.993E-05 9.993E-05 9.993E-05 9.993E-05 9.993E-05
9.993E-05 9.993E-05 9.993E-05 9.993E-05 9.993E-05 0.999201 9.993E-05 9.993E-05 9.993E-05
0.259123 9.99551E-05 0.612655 0.0946953 9.99551E-05 9.99551E-05 9.99551E-05 9.99551E-05 0.0330268
9.9955E-05 9.9955E-05 9.9955E-05 0.032518 9.9955E-05 0.73855 9.9955E-05 0.0650866 0.163345
9.99371E-05 9.99371E-05 0.0716028 0.927698 9.99371E-05 9.99371E-05 9.99371E-05 9.99371E-05 9.99371E-05
9.99372E-05 0.0229221 9.99372E-05 9.99372E-05 9.99372E-05 9.99372E-05 0.976378 9.99372E-05 9.99372E-05
0.00423573 9.99641E-05 0.0252244 9.99641E-05 9.99641E-05 9.99641E-05 0.939428 0.00405161 0.0266603
9.99551E-05 9.99551E-05 0.084107 0.365242 9.99551E-05 0.539315 9.99551E-05 9.99551E-05 0.010836
9.99461E-05 0.162327 9.99461E-05 9.99461E-05 9.99461E-05 0.835721 9.99461E-05 0.00135234 9.99461E-05
0.647475 9.9946E-05 9.9946E-05 9.9946E-05 9.9946E-05 9.9946E-05 0.215204 0.136721 9.9946E-05
0.0608473 9.9955E-05 9.9955E-05 0.0207029 0.844687 9.9955E-05 9.9955E-05 0.073263 9.9955E-05
9.9955E-05 0.816585 9.9955E-05 9.9955E-05 0.00701516 0.0376297 0.13827 9.9955E-05 9.9955E-05
0.97679 9.99371E-05 9.99371E-05 9.99371E-05 0.0225108 9.99371E-05 9.99371E-05 9.99371E-05 9.99371E-05
0.294524 0.154286 9.99641E-05 0.384779 9.99641E-05 0.105705 9.99641E-05 9.99641E-05 0.0603054
9.993E-05 9.993E-05 0.999201 9.993E-05 9.993E-05 9.993E-05 9.993E-05 9.993E-05 9.993E-05
0.217198 9.99641E-05 0.212996 0.541222 9.99641E-05 9.99641E-05 9.99641E-05 0.00540348 0.0227799
9.99461E-05 9.99461E-05 0.0196065 9.99461E-05 0.681087 9.99461E-05 9.99461E-05 9.99461E-05 0.298707
9.993E-05 9.993E-05 9.993E-05 9.993E-05 0.999201 9.993E-05 9.993E-05 9.993E-05 9.993E-05
0.0491904 9.9946E-05 9.9946E-05 9.9946E-05 0.0176409 9.9946E-05 9.9946E-05 9.9946E-05 0.932569
9.99461E-05 9.99461E-05 9.99461E-05 0.861862 0.106262 0.0312762 9.99461E-05 9.99461E-05 9.99461E-05
0.83549 9.9946E-05 0.160528 0.00338266 9.9946E-05 9.9946E-05 9.9946E-05 9.9946E-05 9.9946E-05
9.9946E-05 9.9946E-05 9.9946E-05 0.0238303 9.9946E-05 0.588536 0.387034 9.9946E-05 9.9946E-05
9.99551E-05 9.99551E-05 0.0406443 0.73842 9.99551E-05 0.125377 0.0950589 9.99551E-05 9.99551E-05
9.99461E-05 9.99461E-05 9.99461E-05 0.889504 9.99461E-05 9.99461E-05 0.0246267 9.99461E-05 0.0852697
9.993E-05 9.993E-05 9.993E-05 9.993E-05 9.993E-05 9.993E-05 9.993E-05 0.999201 9.993E-05
0.0783909 0.0827016 9.99462E-05 0.838308 9.99462E-05 9.99462E-05 9.99462E-05 9.99462E-05 9.99462E-05
9.9937E-05 9.9937E-05 0.18777 0.811531 9.9937E-05 9.9937E-05 9.9937E-05 9.9937E-05 9.9937E-05
9.99371E-05 9.99371E-05 0.788815 0.210485 9.99371E-05 9.99371E-05 9.99371E-05 9.99371E-05 9.99371E-05
9.99372E-05 0.113975 9.99372E-05 9.99372E-05 9.99372E-05 9.99372E-05 0.885325 9.99372E-05 9.99372E-05
9.9937E-05 9.9937E-05 9.9937E-05 9.9937E-05 0.96047 9.9937E-05 9.9937E-05 0.0388301 9.9937E-05
9.99372E-05 0.97285 9.99372E-05 9.99372E-05 9.99372E-05 9.99372E-05 0.0264507 9.99372E-05 9.99372E-05
0.0275721 9.99641E-05 0.906748 9.99641E-05 9.99641E-05 0.000136372 0.00933726 9.99641E-05 0.0558066
9.9955E-05 9.9955E-05 9.9955E-05 0.194906 9.9955E-05 0.215112 0.541634 0.0478484 9.9955E-05
9.99552E-05 0.0267872 9.99552E-05 0.827113 9.99552E-05 0.0559401 0.0896598 9.99552E-05 9.99552E-05
0.022494 0.573187 9.99551E-05 9.99551E-05 9.99551E-05 9.99551E-05 0.204484 0.199335 9.99551E-05
9.9946E-05 9.9946E-05 9.9946E-05 0.0815543 9.9946E-05 9.9946E-05 0.835037 9.9946E-05 0.0828094
