0.196215 9.9946E-05 9.9946E-05 0.658528 9.9946E-05 9.9946E-05 9.9946E-05 9.9946E-05 0.144657
9.9946E-05 0.126373 9.9946E-05 0.851306 9.9946E-05 9.9946E-05 9.9946E-05 9.9946E-05 0.0217215
0.619357 9.9955E-05 9.9955E-05 0.324021 0.00783377 9.9955E-05 9.9955E-05 9.9955E-05 0.0482879
9.99461E-05 0.898159 9.99461E-05 9.99461E-05 0.0640922 9.99461E-05 0.0371492 9.99461E-05 9.99461E-05
9.99371E-05 0.0450453 9.99371E-05 9.99371E-05 9.99371E-05 9.99371E-05 9.99371E-05 0.954255 9.99371E-05
0.0814903 9.9973E-05 0.0129122 0.0668166 0.0162343 9.9973E-05 0.732525 9.9973E-05 0.0897213
0.413141 0.129342 0.161995 9.9964E-05 0.211452 9.9964E-05 9.9964E-05 0.0836701 9.9964E-05
9.99461E-05 0.0965252 0.072549 0.830326 9.99461E-05 9.99461E-05 9.99461E-05 9.99461E-05 9.99461E-05
9.99372E-05 9.99372E-05 9.99372E-05 9.99372E-05 9.99372E-05 9.99372E-05 0.446735 9.99372E-05 0.552565
9.99371E-05 9.99371E-05 0.0243381 9.99371E-05 9.99371E-05 9.99371E-05 9.99371E-05 0.974962 9.99371E-05
9.993E-05 9.993E-05 0.999201 9.993E-05 9.993E-05 9.993E-05 9.993E-05 9.993E-05 9.993E-05
9.99371E-05 9.99371E-05 9.99371E-05 0.917514 9.99371E-05 9.99371E-05 0.0817868 9.99371E-05 9.99371E-05
0.0813131 9.99551E-05 0.0404613 9.99551E-05 9.99551E-05 0.840044 0.037682 9.99551E-05 9.99551E-05
0.599675 0.283132 0.0459517 9.99641E-05 9.99641E-05 9.99641E-05 9.99641E-05 0.0674245 0.00341655
9.99372E-05 9.99372E-05 9.99372E-05 9.99372E-05 9.99372E-05 9.99372E-05 9.99372E-05 0.906965 0.0923353
9.993E-05 9.993E-05 9.993E-05 9.993E-05 0.999201 9.993E-05 9.993E-05 9.993E-05 9.993E-05
9.99551E-05 0.247056 9.99551E-05 0.601025 9.99551E-05 9.99551E-05 0.129691 0.0217288 9.99551E-05
9.995E-05 9.995E-05 0.176181 9.995E-05 0.650631 9.995E-05 0.0863746 0.086314 9.995E-05
9.993E-05 9.993E-05 9.993E-05 9.993E-05 9.993E-05 9.993E-05 0.999201 9.993E-05 9.993E-05
9.99372E-05 0.0193052 9.99372E-05 9.99372E-05 9.99372E-05 9.99372E-05 9.99372E-05 9.99372E-05 0.979995
9.99551E-05 0.0223103 9.99551E-05 9.99551E-05 9.99551E-05 0.189997 0.0741417 9.99551E-05 0.713052
9.99641E-05 9.99641E-05 9.99641E-05 0.11809 0.117898 9.99641E-05 0.383085 0.0541047 0.326423
9.993E-05 9.993E-05 9.993E-05 9.993E-05 0.999201 9.993E-05 9.993E-05 9.993E-05 9.993E-05
9.9946E-05 0.738536 0.0609692 9.9946E-05 9.9946E-05 9.9946E-05 9.9946E-05 9.9946E-05 0.199895
0.948198 0.0173892 9.99461E-05 9.99461E-05 9.99461E-05 9.99461E-05 0.0338127 9.99461E-05 9.99461E-05
9.9946E-05 9.9946E-05 9.9946E-05 9.9946E-05 9.9946E-05 0.0349721 9.9946E-05 0.674423 0.290005
9.993E-05 0.999201 9.993E-05 9.993E-05 9.993E-05 9.993E-05 9.993E-05 9.993E-05 9.993E-05
9.99641E-05 0.112132 0.0307948 9.99641E-05 9.99641E-05 0.410454 0.435274 9.99641E-05 0.0109455
9.99374E-05 9.99374E-05 9.99374E-05 0.967274 0.0320263 9.99374E-05 9.99374E-05 9.99374E-05 9.99374E-05
9.99642E-05 0.0435232 0.000150567 0.244469 9.99642E-05 0.0540569 0.657401 9.99642E-05 9.99642E-05
0.910081 9.99372E-05 0.0892197 9.99372E-05 9.99372E-05 9.99372E-05 9.99372E-05 9.99372E-05 9.99372E-05
0.999201 9.993E-05 9.993E-05 9.993E-05 9.993E-05 9.993E-05 9.993E-05 9.993E-05 9.993E-05
0.324491 0.0095563 0.0577647 9.9964E-05 9.9964E-05 0.163937 9.9964E-05 0.443851 9.9964E-05
0.0389836 0.0535723 9.99551E-05 9.99551E-05 0.129208 9.99551E-05 0.777736 9.99551E-05 9.99551E-05
9.99461E-05 0.789503 9.99461E-05 0.139462 9.99461E-05 9.99461E-05 0.0704359 9.99461E-05 9.99461E-05
9.99461E-05 9.99461E-05 9.99461E-05 0.0281939 0.264103 9.99461E-05 9.99461E-05 9.99461E-05 0.707103
9.9937E-05 9.9937E-05 9.9937E-05 9.9937E-05 9.9937E-05 9.9937E-05 0.700897 9.9937E-05 0.298404
0.0114538 9.9964E-05 0.00338071 9.9964E-05 0.0406936 0.0442951 0.899777 9.9964E-05 9.9964E-05
9.9955E-05 9.9955E-05 0.854302 0.0874363 0.0121162 9.9955E-05 0.0456453 9.9955E-05 9.9955E-05
9.99641E-05 0.0281378 0.00493831 9.99641E-05 9.99641E-05 9.99641E-05 0.888429 0.0669545 0.0111404
9.99371E-05 9.99371E-05 9.99371E-05 0.152158 9.99371E-05 9.99371E-05 0.847142 9.99371E-05 9.99371E-05
9.99371E-05 9.99371E-05 9.99371E-05 0.75922 9.99371E-05 9.99371E-05 0.240081 9.99371E-05 9.99371E-05
9.99372E-05 9.99372E-05 9.99372E-05 9.99372E-05 9.99372E-05 9.99372E-05 9.99372E-05 0.112302 0.886999
0.999201 9.993E-05 9.993E-05 9.993E-05 9.993E-05 9.993E-05 9.993E-05 9.993E-05 9.993E-05
9.993E-05 9.993E-05 9.993E-05 9.993E-05 9.993E-05 0.999201 9.993E-05 9.993E-05 9.993E-05
9.99371E-05 0.172746 9.99371E-05 0.826554 9.99371E-05 9.99371E-05 9.99371E-05 9.99371E-05 9.99371E-05
9.99371E-05 9.99371E-05 9.99371E-05 9.99371E-05 9.99371E-05 9.99371E-05 0.0331452 9.99371E-05 0.966155
9.99462E-05 9.99462E-05 9.99462E-05 9.99462E-05 0.152587 9.99462E-05 0.804171 9.99462E-05 0.0426429
9.993E-05 9.993E-05 9.993E-05 9.993E-05 9.993E-05 0.999201 9.993E-05 9.993E-05 9.993E-05
9.99551E-05 9.99551E-05 0.0609997 9.99551E-05 9.99551E-05 9.99551E-05 0.1948 0.0264166 0.717284
