0.0026315 9.99641E-05 0.820909 9.99641E-05 0.138391 9.99641E-05 0.0376688 9.99641E-05
0.0441347 9.9946E-05 0.955266 9.9946E-05 9.9946E-05 9.9946E-05 9.9946E-05 9.9946E-05
9.99551E-05 9.99551E-05 0.429487 9.99551E-05 0.525916 9.99551E-05 0.0440969 9.99551E-05
0.839663 9.99641E-05 9.99641E-05 9.99641E-05 0.0635691 0.0219068 9.99641E-05 0.0744616
0.0418113 9.99551E-05 9.99551E-05 9.99551E-05 9.99551E-05 0.956908 9.99551E-05 0.000781391
9.9964E-05 9.9964E-05 0.1117 0.0015795 0.0524172 9.9964E-05 9.9964E-05 0.833904
9.9964E-05 0.139667 9.9964E-05 0.102677 0.54679 0.210466 9.9964E-05 9.9964E-05
0.409929 9.99551E-05 0.524395 0.0651771 9.99551E-05 9.99551E-05 9.99551E-05 9.99551E-05
9.99461E-05 0.460247 9.99461E-05 9.99461E-05 9.99461E-05 9.99461E-05 9.99461E-05 0.539154
9.99461E-05 9.99461E-05 9.99461E-05 0.050303 9.99461E-05 0.949097 9.99461E-05 9.99461E-05
9.994E-05 9.994E-05 9.994E-05 0.9993 9.994E-05 9.994E-05 9.994E-05 9.994E-05
0.651226 9.9946E-05 0.348175 9.9946E-05 9.9946E-05 9.9946E-05 9.9946E-05 9.9946E-05
0.0106812 0.0613596 0.000951684 0.0746166 0.181811 0.32062 0.34986 9.9991E-05
0.0810756 9.99641E-05 0.0116356 9.99641E-05 0.602216 0.304673 9.99641E-05 9.99641E-05
9.99551E-05 9.99551E-05 9.99551E-05 0.0197838 9.99551E-05 0.911026 0.068691 9.99551E-05
9.99461E-05 0.981216 9.99461E-05 9.99461E-05 0.0181847 9.99461E-05 9.99461E-05 9.99461E-05
0.995905 9.99461E-05 0.00349571 9.99461E-05 9.99461E-05 9.99461E-05 9.99461E-05 9.99461E-05
9.9964E-05 0.437565 9.9964E-05 0.235105 9.9964E-05 0.19129 9.9964E-05 0.13564
9.9946E-05 9.9946E-05 0.037478 9.9946E-05 9.9946E-05 9.9946E-05 9.9946E-05 0.961922
9.994E-05 9.994E-05 9.994E-05 9.994E-05 9.994E-05 9.994E-05 0.9993 9.994E-05
9.99551E-05 0.948433 0.00913298 9.99551E-05 9.99551E-05 9.99551E-05 0.0419343 9.99551E-05
0.354726 0.552717 9.9955E-05 9.9955E-05 9.9955E-05 9.9955E-05 9.9955E-05 0.0920573
9.9964E-05 0.465361 9.9964E-05 9.9964E-05 0.104994 0.0315161 0.39773 9.9964E-05
0.530826 9.9964E-05 9.9964E-05 0.201626 0.060586 9.9964E-05 0.206562 9.9964E-05
9.9973E-05 0.0340461 9.9973E-05 0.0401477 0.893278 9.9973E-05 0.0172681 0.0149601
9.9946E-05 9.9946E-05 9.9946E-05 9.9946E-05 9.9946E-05 0.488506 0.510894 9.9946E-05
0.719933 9.99462E-05 9.99462E-05 9.99462E-05 0.279467 9.99462E-05 9.99462E-05 9.99462E-05
0.0613952 0.146348 9.998E-05 0.0389743 0.0308308 0.259284 9.998E-05 0.462968
9.994E-05 9.994E-05 0.9993 9.994E-05 9.994E-05 9.994E-05 9.994E-05 9.994E-05
0.506014 9.99462E-05 9.99462E-05 9.99462E-05 9.99462E-05 9.99462E-05 9.99462E-05 0.493387
9.99461E-05 9.99461E-05 9.99461E-05 0.040892 0.958508 9.99461E-05 9.99461E-05 9.99461E-05
9.994E-05 9.994E-05 9.994E-05 9.994E-05 0.9993 9.994E-05 9.994E-05 9.994E-05
9.9946E-05 9.9946E-05 9.9946E-05 9.9946E-05 0.328313 0.671087 9.9946E-05 9.9946E-05
9.99551E-05 9.99551E-05 9.99551E-05 9.99551E-05 0.0667489 0.0039903 9.99551E-05 0.928761
0.9993 9.994E-05 9.994E-05 9.994E-05 9.994E-05 9.994E-05 9.994E-05 9.994E-05
9.995E-05 0.781964 0.0426746 9.995E-05 9.995E-05 9.995E-05 0.174862 9.995E-05
0.0847563 0.260654 9.99551E-05 9.99551E-05 9.99551E-05 9.99551E-05 9.99551E-05 0.65409
9.9973E-05 9.9973E-05 0.0126446 0.0185641 0.0261962 9.9973E-05 0.0310286 0.911267
0.0369402 9.9955E-05 9.9955E-05 0.920842 9.9955E-05 9.9955E-05 9.9955E-05 0.0417185
0.199659 9.99552E-05 9.99552E-05 0.0679766 9.99552E-05 9.99552E-05 9.99552E-05 0.731865
0.345592 9.99461E-05 9.99461E-05 9.99461E-05 9.99461E-05 9.99461E-05 9.99461E-05 0.653808
0.905392 9.99461E-05 0.0940088 9.99461E-05 9.99461E-05 9.99461E-05 9.99461E-05 9.99461E-05
9.994E-05 9.994E-05 9.994E-05 9.994E-05 9.994E-05 9.994E-05 0.9993 9.994E-05
9.9946E-05 9.9946E-05 0.00930446 9.9946E-05 0.990096 9.9946E-05 9.9946E-05 9.9946E-05
9.99462E-05 9.99462E-05 9.99462E-05 9.99462E-05 9.99462E-05 0.73437 0.265031 9.99462E-05
0.645879 0.0442138 0.309407 9.99551E-05 9.99551E-05 9.99551E-05 9.99551E-05 9.99551E-05
9.9955E-05 0.723705 9.9955E-05 9.9955E-05 9.9955E-05 9.9955E-05 0.104912 0.170884
9.99552E-05 0.046689 9.99552E-05 9.99552E-05 9.99552E-05 9.99552E-05 0.0322211 0.92059
9.99461E-05 9.99461E-05 9.99461E-05 0.241832 9.99461E-05 9.99461E-05 0.757568 9.99461E-05
0.117714 0.845367 9.99551E-05 9.99551E-05 9.99551E-05 9.99551E-05 9.99551E-05 0.0364193
