9.9955E-05 9.9955E-05 9.9955E-05 9.9955E-05 0.0588943 0.714197 9.9955E-05 0.226409
0.091552 9.9955E-05 0.0131399 9.9955E-05 9.9955E-05 0.894808 9.9955E-05 9.9955E-05
9.99641E-05 0.0340937 0.0070066 9.99641E-05 9.99641E-05 0.425832 9.99641E-05 0.532668
0.9993 9.994E-05 9.994E-05 9.994E-05 9.994E-05 9.994E-05 9.994E-05 9.994E-05
0.0653446 9.9964E-05 9.9964E-05 9.9964E-05 0.813821 9.9964E-05 0.0142577 0.106177
9.9946E-05 9.9946E-05 0.77689 9.9946E-05 9.9946E-05 0.22251 9.9946E-05 9.9946E-05
0.0348743 9.9973E-05 0.035831 0.0632784 9.9973E-05 9.9973E-05 0.611233 0.254484
0.073286 0.0809741 9.99641E-05 9.99641E-05 9.99641E-05 0.828543 9.99641E-05 0.0167975
9.99461E-05 9.99461E-05 0.613388 0.386013 9.99461E-05 9.99461E-05 9.99461E-05 9.99461E-05
9.9946E-05 9.9946E-05 9.9946E-05 9.9946E-05 0.239525 9.9946E-05 0.759875 9.9946E-05
9.994E-05 9.994E-05 9.994E-05 9.994E-05 9.994E-05 9.994E-05 0.9993 9.994E-05
9.99551E-05 0.978782 9.99551E-05 0.00305672 0.0176614 9.99551E-05 9.99551E-05 9.99551E-05
9.99641E-05 9.99641E-05 0.102135 9.99641E-05 0.729878 0.00479135 9.99641E-05 0.162796
0.281069 9.99551E-05 9.99551E-05 9.99551E-05 0.0742927 9.99551E-05 9.99551E-05 0.644139
9.99461E-05 9.99461E-05 9.99461E-05 9.99461E-05 0.978827 9.99461E-05 0.0205737 9.99461E-05
9.99462E-05 9.99462E-05 9.99462E-05 0.915249 9.99462E-05 9.99462E-05 9.99462E-05 0.0841516
0.0909912 0.837963 9.99551E-05 9.99551E-05 9.99551E-05 9.99551E-05 0.0705463 9.99551E-05
9.9964E-05 9.9964E-05 0.253899 0.342529 0.00570867 9.9964E-05 0.397463 9.9964E-05
9.9955E-05 0.0166725 0.934746 9.9955E-05 9.9955E-05 0.0480821 9.9955E-05 9.9955E-05
0.0384814 9.99462E-05 9.99462E-05 0.960919 9.99462E-05 9.99462E-05 9.99462E-05 9.99462E-05
9.99641E-05 9.99641E-05 0.102043 0.765028 0.056072 0.0764568 9.99641E-05 9.99641E-05
9.9973E-05 0.167682 0.43743 0.243227 0.0758746 9.9973E-05 0.0754863 9.9973E-05
9.9964E-05 0.0256098 9.9964E-05 0.742799 0.16894 9.9964E-05 9.9964E-05 0.062252
0.797074 9.99551E-05 9.99551E-05 0.0981968 9.99551E-05 9.99551E-05 0.10423 9.99551E-05
0.0242905 9.99551E-05 0.0891179 9.99551E-05 9.99551E-05 9.99551E-05 9.99551E-05 0.886092
9.9964E-05 9.9964E-05 9.9964E-05 0.204161 0.750236 0.0241918 9.9964E-05 0.0210117
0.978176 9.99461E-05 9.99461E-05 9.99461E-05 9.99461E-05 9.99461E-05 9.99461E-05 0.0212242
0.20611 9.99641E-05 0.459768 9.99641E-05 0.321593 9.99641E-05 9.99641E-05 0.0121291
9.994E-05 9.994E-05 9.994E-05 9.994E-05 9.994E-05 0.9993 9.994E-05 9.994E-05
0.325567 0.0791501 0.531785 9.99641E-05 9.99641E-05 0.063098 9.99641E-05 9.99641E-05
9.99551E-05 0.0420218 9.99551E-05 9.99551E-05 9.99551E-05 9.99551E-05 0.219161 0.738317
9.994E-05 9.994E-05 9.994E-05 9.994E-05 9.994E-05 9.994E-05 9.994E-05 0.9993
0.0327924 9.9964E-05 9.9964E-05 9.9964E-05 0.149126 9.9964E-05 0.756171 0.0615108
9.99461E-05 9.99461E-05 0.902485 9.99461E-05 9.99461E-05 9.99461E-05 9.99461E-05 0.0969156
0.654832 0.344568 9.9946E-05 9.9946E-05 9.9946E-05 9.9946E-05 9.9946E-05 9.9946E-05
9.99551E-05 9.99551E-05 0.0409337 0.939051 9.99551E-05 9.99551E-05 9.99551E-05 0.0195153
0.00227835 9.99641E-05 0.884388 0.106262 9.99641E-05 0.0066714 9.99641E-05 9.99641E-05
9.9973E-05 0.0705425 0.761519 0.0665894 9.9973E-05 9.9973E-05 0.0699118 0.0311373
9.99461E-05 9.99461E-05 9.99461E-05 9.99461E-05 9.99461E-05 0.188367 0.811033 9.99461E-05
0.228156 0.0508798 0.684371 9.99641E-05 0.0361937 9.99641E-05 9.99641E-05 9.99641E-05
9.9946E-05 0.355278 0.644123 9.9946E-05 9.9946E-05 9.9946E-05 9.9946E-05 9.9946E-05
9.994E-05 0.9993 9.994E-05 9.994E-05 9.994E-05 9.994E-05 9.994E-05 9.994E-05
9.99462E-05 9.99462E-05 9.99462E-05 0.722768 0.276633 9.99462E-05 9.99462E-05 9.99462E-05
9.994E-05 9.994E-05 9.994E-05 9.994E-05 9.994E-05 9.994E-05 9.994E-05 0.9993
9.994E-05 9.994E-05 9.994E-05 9.994E-05 0.9993 9.994E-05 9.994E-05 9.994E-05
9.99551E-05 0.849899 9.99551E-05 9.99551E-05 9.99551E-05 0.146263 9.99551E-05 0.00333862
9.99461E-05 9.99461E-05 0.249053 0.750347 9.99461E-05 9.99461E-05 9.99461E-05 9.99461E-05
9.994E-05 9.994E-05 0.88318 0.11622 9.994E-05 9.994E-05 9.994E-05 9.994E-05
0.0139848 9.99641E-05 9.99641E-05 0.103836 0.755597 0.126182 9.99641E-05 9.99641E-05
0.0582324 0.0386087 0.162407 0.660438 9.9973E-05 9.9973E-05 0.0800131 9.9973E-05
