9.9964E-05 9.9964E-05 9.9964E-05 9.9964E-05 0.292154 0.0592335 0.648213
9.9964E-05 9.9964E-05 0.0362444 0.122993 9.9964E-05 9.9964E-05 0.840363
9.9955E-05 9.9955E-05 9.9955E-05 9.9955E-05 0.676817 9.9955E-05 0.322683
9.995E-05 9.995E-05 9.995E-05 0.9994 9.995E-05 9.995E-05 9.995E-05
9.9973E-05 0.238725 9.9973E-05 0.0199635 0.0889488 0.652063 9.9973E-05
0.85637 9.9955E-05 9.9955E-05 9.9955E-05 0.143131 9.9955E-05 9.9955E-05
9.9964E-05 0.775689 0.0932509 0.130661 9.9964E-05 9.9964E-05 9.9964E-05
9.99641E-05 0.00283511 9.99641E-05 9.99641E-05 0.0986594 9.99641E-05 0.898106
0.432129 9.995E-05 0.567372 9.995E-05 9.995E-05 9.995E-05 9.995E-05
9.9955E-05 0.728185 9.9955E-05 9.9955E-05 9.9955E-05 0.271315 9.9955E-05
9.995E-05 0.9994 9.995E-05 9.995E-05 9.995E-05 9.995E-05 9.995E-05
0.169751 9.9955E-05 9.9955E-05 9.9955E-05 9.9955E-05 9.9955E-05 0.82975
0.0990205 0.205732 0.0936265 9.9982E-05 0.152724 0.448697 9.9982E-05
9.99641E-05 0.550034 9.99641E-05 0.216689 0.232876 9.99641E-05 9.99641E-05
9.99641E-05 0.101772 9.99641E-05 9.99641E-05 0.00417534 0.893653 9.99641E-05
9.99551E-05 9.99551E-05 0.947277 9.99551E-05 0.0522228 9.99551E-05 9.99551E-05
0.129327 9.9964E-05 9.9964E-05 0.229513 9.9964E-05 9.9964E-05 0.64076
0.15452 0.324601 0.520479 9.9964E-05 9.9964E-05 9.9964E-05 9.9964E-05
0.984929 9.99551E-05 9.99551E-05 9.99551E-05 9.99551E-05 9.99551E-05 0.014571
9.996E-05 9.996E-05 0.698177 0.0434597 9.996E-05 0.257963 9.996E-05
9.99731E-05 9.99731E-05 0.772993 0.0186793 9.99731E-05 0.179776 0.028251
0.348098 0.0149458 0.49988 9.99731E-05 9.99731E-05 9.99731E-05 0.136776
9.9973E-05 0.0535466 0.760761 9.9973E-05 0.00525853 0.180134 9.9973E-05
9.9982E-05 0.014866 0.204404 0.674125 9.9982E-05 0.0869887 0.019416
0.0371824 9.99641E-05 9.99641E-05 0.00917955 0.953238 9.99641E-05 9.99641E-05
9.9964E-05 9.9964E-05 0.0512442 9.9964E-05 0.0367382 0.911618 9.9964E-05
9.99551E-05 9.99551E-05 9.99551E-05 0.968485 0.0310154 9.99551E-05 9.99551E-05
0.554436 0.07037 9.99821E-05 0.0752171 0.00666552 0.293112 9.99821E-05
9.995E-05 9.995E-05 9.995E-05 9.995E-05 9.995E-05 9.995E-05 0.9994
0.705228 9.99641E-05 9.99641E-05 0.206717 9.99641E-05 9.99641E-05 0.0876552
9.9955E-05 0.742196 9.9955E-05 9.9955E-05 0.257304 9.9955E-05 9.9955E-05
9.995E-05 9.995E-05 9.995E-05 9.995E-05 0.9994 9.995E-05 9.995E-05
9.9964E-05 0.779695 9.9964E-05 0.0255715 9.9964E-05 0.194334 9.9964E-05
0.725151 9.9964E-05 0.11152 9.9964E-05 0.162929 9.9964E-05 9.9964E-05
0.0230708 9.9964E-05 9.9964E-05 0.934324 9.9964E-05 9.9964E-05 0.0422053
0.0285676 9.9973E-05 0.929216 9.9973E-05 0.0262944 9.9973E-05 0.0156223
0.693876 9.9955E-05 0.305625 9.9955E-05 9.9955E-05 9.9955E-05 9.9955E-05
0.897249 0.0480351 0.054316 9.9964E-05 9.9964E-05 9.9964E-05 9.9964E-05
0.0508325 0.757171 9.99641E-05 9.99641E-05 9.99641E-05 9.99641E-05 0.191596
0.809484 9.99641E-05 9.99641E-05 0.140864 9.99641E-05 0.0492527 9.99641E-05
0.793827 9.9964E-05 9.9964E-05 0.0174428 9.9964E-05 9.9964E-05 0.18833
0.181364 9.9955E-05 9.9955E-05 9.9955E-05 9.9955E-05 9.9955E-05 0.818137
9.99551E-05 9.99551E-05 0.561119 9.99551E-05 9.99551E-05 0.438381 9.99551E-05
9.9964E-05 0.0603888 9.9964E-05 9.9964E-05 0.921827 9.9964E-05 0.0173847
9.995E-05 9.995E-05 9.995E-05 9.995E-05 9.995E-05 0.9994 9.995E-05
9.99641E-05 9.99641E-05 0.0439045 0.233835 9.99641E-05 9.99641E-05 0.72186
0.123944 9.99551E-05 0.875556 9.99551E-05 9.99551E-05 9.99551E-05 9.99551E-05
0.788169 9.99552E-05 0.211331 9.99552E-05 9.99552E-05 9.99552E-05 9.99552E-05
9.99641E-05 9.99641E-05 9.99641E-05 0.0593776 9.99641E-05 0.891703 0.0485198
0.164454 0.0419674 0.777333 0.0159457 9.99731E-05 9.99731E-05 9.99731E-05
