0.291264 9.9964E-05 0.0598403 0.648495 9.9964E-05 9.9964E-05 9.9964E-05
9.996E-05 0.0683373 0.0754185 0.855844 9.996E-05 9.996E-05 9.996E-05
0.589154 9.99641E-05 0.0492052 0.361241 9.99641E-05 9.99641E-05 9.99641E-05
9.99551E-05 0.984013 9.99551E-05 9.99551E-05 9.99551E-05 9.99551E-05 0.0154871
0.139737 0.00454414 9.9973E-05 9.9973E-05 0.785338 0.0700807 9.9973E-05
0.0540407 9.9973E-05 9.9973E-05 0.0472306 9.9973E-05 0.00671479 0.891714
0.0852622 0.191276 9.9964E-05 9.9964E-05 9.9964E-05 0.723061 9.9964E-05
9.99551E-05 9.99551E-05 9.99551E-05 0.928901 9.99551E-05 0.0705991 9.99551E-05
9.99551E-05 9.99551E-05 0.418579 9.99551E-05 9.99551E-05 9.99551E-05 0.580922
9.9955E-05 9.9955E-05 9.9955E-05 9.9955E-05 0.216487 0.783014 9.9955E-05
9.995E-05 9.995E-05 9.995E-05 9.995E-05 9.995E-05 0.9994 9.995E-05
9.995E-05 9.995E-05 9.995E-05 0.830111 9.995E-05 9.995E-05 0.16939
0.0798579 9.9991E-05 0.114281 0.037649 0.433095 0.28513 0.0498873
0.564097 0.262856 9.99731E-05 9.99731E-05 0.106192 0.0665548 9.99731E-05
9.995E-05 9.995E-05 9.995E-05 9.995E-05 0.9994 9.995E-05 9.995E-05
0.0976818 9.99551E-05 0.901818 9.99551E-05 9.99551E-05 9.99551E-05 9.99551E-05
9.99641E-05 0.193599 9.99641E-05 0.671032 9.99641E-05 9.99641E-05 0.134969
9.9973E-05 9.9973E-05 0.390072 9.9973E-05 0.0346647 0.368953 0.20601
9.99551E-05 9.99551E-05 9.99551E-05 0.015832 9.99551E-05 9.99551E-05 0.983668
9.99641E-05 0.0305242 0.938518 9.99641E-05 0.0305582 9.99641E-05 9.99641E-05
9.99731E-05 0.0368542 0.871089 0.0296296 0.062127 9.99731E-05 9.99731E-05
9.997E-05 9.997E-05 0.322143 0.0845402 9.997E-05 0.0816276 0.511389
9.9964E-05 9.9964E-05 0.668088 9.9964E-05 0.241864 0.0896473 9.9964E-05
9.996E-05 0.824076 0.141603 9.996E-05 9.996E-05 0.0339212 9.996E-05
0.958348 9.99551E-05 9.99551E-05 9.99551E-05 9.99551E-05 9.99551E-05 0.0411526
0.0128246 9.9964E-05 0.14379 9.9964E-05 0.842986 9.9964E-05 9.9964E-05
9.995E-05 0.9994 9.995E-05 9.995E-05 9.995E-05 9.995E-05 9.995E-05
9.99731E-05 0.0797696 9.99731E-05 9.99731E-05 0.179523 0.150487 0.58992
9.995E-05 9.995E-05 9.995E-05 0.9994 9.995E-05 9.995E-05 9.995E-05
0.030371 0.0589183 9.99731E-05 0.185901 9.99731E-05 9.99731E-05 0.72451
0.741128 9.99551E-05 9.99551E-05 9.99551E-05 9.99551E-05 0.258372 9.99551E-05
0.9994 9.995E-05 9.995E-05 9.995E-05 9.995E-05 9.995E-05 9.995E-05
9.9964E-05 0.0296954 9.9964E-05 9.9964E-05 0.0829071 0.886998 9.9964E-05
0.108175 9.99551E-05 9.99551E-05 9.99551E-05 9.99551E-05 9.99551E-05 0.891325
9.9964E-05 0.692701 9.9964E-05 0.233682 9.9964E-05 9.9964E-05 0.0732171
0.00859957 9.9955E-05 0.990901 9.9955E-05 9.9955E-05 9.9955E-05 9.9955E-05
9.99551E-05 9.99551E-05 0.155937 9.99551E-05 9.99551E-05 9.99551E-05 0.843563
9.9964E-05 9.9964E-05 0.0278313 9.9964E-05 9.9964E-05 0.0731477 0.898621
0.024548 9.99731E-05 9.99731E-05 0.013006 9.99731E-05 0.80174 0.160406
9.99551E-05 0.188248 9.99551E-05 9.99551E-05 9.99551E-05 9.99551E-05 0.811253
9.9955E-05 9.9955E-05 9.9955E-05 0.226176 9.9955E-05 9.9955E-05 0.773324
9.99551E-05 9.99551E-05 9.99551E-05 0.737231 9.99551E-05 9.99551E-05 0.26227
9.99552E-05 9.99552E-05 0.699882 9.99552E-05 0.299618 9.99552E-05 9.99552E-05
0.9994 9.995E-05 9.995E-05 9.995E-05 9.995E-05 9.995E-05 9.995E-05
9.995E-05 9.995E-05 9.995E-05 9.995E-05 0.9994 9.995E-05 9.995E-05
9.99641E-05 0.0908003 0.0479253 0.860875 9.99641E-05 9.99641E-05 9.99641E-05
9.99551E-05 9.99551E-05 0.804143 9.99551E-05 9.99551E-05 9.99551E-05 0.195358
9.99552E-05 9.99552E-05 0.161364 9.99552E-05 9.99552E-05 9.99552E-05 0.838136
9.99731E-05 0.0225822 0.108753 0.0190553 0.84931 9.99731E-05 9.99731E-05
9.996E-05 9.996E-05 0.774959 9.996E-05 9.996E-05 0.0746748 0.149967
