0.184978 0.011266 0.317891 0.00290642 9.99824E-05 0.0223347 0.460424 9.99824E-05
9.99562E-05 9.99562E-05 0.923359 9.99562E-05 0.0483128 9.99562E-05 0.0278281 9.99562E-05
0.152402 0.0939948 0.416196 0.307816 0.0292916 9.99736E-05 9.99736E-05 9.99736E-05
0.0506952 9.9965E-05 0.500571 0.202694 9.9965E-05 9.9965E-05 0.24564 9.9965E-05
0.0150005 0.032241 9.99737E-05 0.0434031 9.99737E-05 9.99737E-05 0.59753 0.311526
9.99649E-05 0.214607 0.204181 9.99649E-05 9.99649E-05 9.99649E-05 0.521112 0.0597002
9.99475E-05 9.99475E-05 0.571865 9.99475E-05 9.99475E-05 9.99475E-05 0.427535 9.99475E-05
0.497649 9.99472E-05 0.501751 9.99472E-05 9.99472E-05 9.99472E-05 9.99472E-05 9.99472E-05
9.99648E-05 9.99648E-05 0.529088 9.99648E-05 0.271253 0.141317 9.99648E-05 0.0579424
0.0419772 0.153817 9.99735E-05 9.99735E-05 0.162101 0.490502 9.99735E-05 0.151303
9.99736E-05 0.378762 0.0475209 9.99736E-05 0.024325 0.121028 0.428064 9.99736E-05
0.583745 0.245462 0.170294 9.99562E-05 9.99562E-05 9.99562E-05 9.99562E-05 9.99562E-05
9.99649E-05 0.265975 0.464652 0.0669209 0.202052 9.99649E-05 9.99649E-05 9.99649E-05
9.99558E-05 9.99558E-05 0.789438 9.99558E-05 9.99558E-05 0.16222 9.99558E-05 0.0478419
9.99472E-05 9.99472E-05 0.799235 9.99472E-05 0.200165 9.99472E-05 9.99472E-05 9.99472E-05
9.99649E-05 0.0257048 0.354669 9.99649E-05 9.99649E-05 9.99649E-05 0.240552 0.378675
9.99647E-05 0.396245 0.235675 9.99647E-05 9.99647E-05 9.99647E-05 0.241184 0.126495
0.353945 9.99649E-05 9.99649E-05 0.0876104 0.156554 9.99649E-05 9.99649E-05 0.40149
0.121279 0.075164 0.118998 0.0957415 0.117854 9.99912E-05 0.137947 0.332916
9.99648E-05 0.145538 0.282637 9.99648E-05 9.99648E-05 9.99648E-05 0.205532 0.365893
0.0633637 9.99648E-05 0.302358 9.99648E-05 0.124993 9.99648E-05 0.508886 9.99648E-05
9.99735E-05 0.0602775 9.99735E-05 9.99735E-05 0.0302889 0.0908013 0.51788 0.300452
9.99563E-05 9.99563E-05 9.99563E-05 9.99563E-05 0.0797575 0.0769181 9.99563E-05 0.842825
9.99648E-05 9.99648E-05 0.498957 9.99648E-05 0.00111882 9.99648E-05 0.0243901 0.475135
0.148433 0.0047922 0.569622 9.99736E-05 0.120838 9.99736E-05 0.156015 9.99736E-05
9.99472E-05 9.99472E-05 0.403763 9.99472E-05 0.595637 9.99472E-05 9.99472E-05 9.99472E-05
9.99648E-05 9.99648E-05 0.227468 0.0356174 0.485712 9.99648E-05 0.250803 9.99648E-05
0.203643 9.99738E-05 0.124598 0.14053 9.99738E-05 9.99738E-05 0.416702 0.114226
9.99476E-05 9.99476E-05 0.704636 9.99476E-05 9.99476E-05 9.99476E-05 9.99476E-05 0.294765
9.99649E-05 9.99649E-05 0.494447 0.328283 0.111521 9.99649E-05 0.0653481 9.99649E-05
9.99472E-05 9.99472E-05 0.742282 9.99472E-05 9.99472E-05 9.99472E-05 9.99472E-05 0.257118
0.0426208 0.122893 0.458416 0.301808 9.99736E-05 9.99736E-05 0.0739617 9.99736E-05
9.99561E-05 9.99561E-05 0.606551 9.99561E-05 0.0224998 9.99561E-05 0.37045 9.99561E-05
0.569512 0.202251 9.99562E-05 9.99562E-05 9.99562E-05 0.227738 9.99562E-05 9.99562E-05
9.9956E-05 9.9956E-05 9.9956E-05 9.9956E-05 0.112837 0.398432 0.488231 9.9956E-05
9.99649E-05 0.527649 0.12554 9.99649E-05 0.0636046 0.282807 9.99649E-05 9.99649E-05
9.99561E-05 0.0379441 0.495036 0.466521 9.99561E-05 9.99561E-05 9.99561E-05 9.99561E-05
0.0527487 0.298207 9.99734E-05 0.00692526 9.99734E-05 0.163284 0.478535 9.99734E-05
0.0817918 9.99648E-05 9.99648E-05 0.0450402 9.99648E-05 0.429269 0.443499 9.99648E-05
0.158108 0.384895 9.99651E-05 9.99651E-05 0.0962075 9.99651E-05 9.99651E-05 0.36039
0.319846 9.99824E-05 0.388732 0.0109123 0.039831 9.99824E-05 0.0644684 0.17601
0.0744235 9.99649E-05 0.739662 9.99649E-05 0.156637 9.99649E-05 0.0288774 9.99649E-05
9.99647E-05 9.99647E-05 0.363585 0.560431 0.0182492 0.0573356 9.99647E-05 9.99647E-05
0.29165 0.290705 0.398991 9.99648E-05 9.99648E-05 9.99648E-05 0.0182547 9.99648E-05
0.250814 0.274221 0.383109 9.99647E-05 9.99647E-05 9.99647E-05 0.0914561 9.99647E-05
9.99562E-05 9.99562E-05 9.99562E-05 0.560357 9.99562E-05 0.082267 0.356876 9.99562E-05
9.99562E-05 0.0899915 9.99562E-05 9.99562E-05 9.99562E-05 9.99562E-05 0.41353 0.495979
9.99648E-05 0.105029 9.99648E-05 9.99648E-05 0.129282 0.356433 9.99648E-05 0.408856
9.99565E-05 9.99565E-05 0.567218 9.99565E-05 9.99565E-05 0.316513 9.99565E-05 0.115769
9.99736E-05 9.99736E-05 0.204825 0.000794428 9.99736E-05 0.277996 0.125487 0.390598
0.201409 9.99563E-05 0.60994 9.99563E-05 9.99563E-05 9.99563E-05 9.99563E-05 0.188151
9.99737E-05 0.000619282 0.163003 9.99737E-05 9.99737E-05 0.141757 0.116225 0.578095
0.159178 9.99647E-05 0.151183 0.30922 9.99647E-05 9.99647E-05 9.99647E-05 0.380019
9.994E-05 9.994E-05 0.9993 9.994E-05 9.994E-05 9.994E-05 9.994E-05 9.994E-05
9.99647E-05 0.467772 9.99647E-05 9.99647E-05 0.0405505 0.193814 0.297464 9.99647E-05
0.183277 9.99736E-05 0.293192 0.00648031 9.99736E-05 9.99736E-05 0.2707 0.246051
0.240295 9.9965E-05 0.501936 9.9965E-05 9.9965E-05 0.217348 9.9965E-05 0.0400206
9.99735E-05 9.99735E-05 0.0142505 0.484626 9.99735E-05 0.00621721 0.369367 0.125239
9.9947E-05 9.9947E-05 0.74521 9.9947E-05 0.25419 9.9947E-05 9.9947E-05 9.9947E-05
9.997E-05 9.997E-05 9.997E-05 0.234864 0.0894673 0.255087 0.322805 0.0974769
0.405042 9.99736E-05 0.130433 9.99736E-05 9.99736E-05 0.124408 0.119239 0.220578
9.994E-05 9.994E-05 0.9993 9.994E-05 9.994E-05 9.994E-05 9.994E-05 9.994E-05
0.148347 9.99649E-05 9.99649E-05 9.99649E-05 9.99649E-05 0.272669 0.293876 0.284707
9.99471E-05 9.99471E-05 0.84762 0.15178 9.99471E-05 9.99471E-05 9.99471E-05 9.99471E-05
0.037023 9.9956E-05 0.213752 9.9956E-05 9.9956E-05 9.9956E-05 0.748725 9.9956E-05
9.99557E-05 0.237472 9.99557E-05 9.99557E-05 0.277355 9.99557E-05 0.484674 9.99557E-05
0.13147 9.99736E-05 9.99736E-05 0.338291 0.26161 9.99736E-05 0.229585 0.0387445
9.99648E-05 9.99648E-05 0.088548 9.99648E-05 0.366488 0.00406701 9.99648E-05 0.540497
9.99472E-05 9.99472E-05 9.99472E-05 0.6376 0.361801 9.99472E-05 9.99472E-05 9.99472E-05
0.369699 0.0292646 0.0643499 0.0698357 0.346043 9.99824E-05 9.99824E-05 0.120607
9.99471E-05 9.99471E-05 0.835418 0.163982 9.99471E-05 9.99471E-05 9.99471E-05 9.99471E-05
9.99649E-05 0.127073 0.361337 0.0732311 9.99649E-05 9.99649E-05 0.437959 9.99649E-05
0.222634 0.117252 0.413736 9.99736E-05 0.0503291 9.99736E-05 0.19575 9.99736E-05
0.9993 9.994E-05 9.994E-05 9.994E-05 9.994E-05 9.994E-05 9.994E-05 9.994E-05
0.25592 9.99471E-05 9.99471E-05 9.99471E-05 9.99471E-05 9.99471E-05 9.99471E-05 0.74348
0.0540378 9.99561E-05 0.791933 0.153529 9.99561E-05 9.99561E-05 9.99561E-05 9.99561E-05
9.994E-05 9.994E-05 9.994E-05 9.994E-05 9.994E-05 0.9993 9.994E-05 9.994E-05
0.370078 0.339343 0.125491 9.99649E-05 9.99649E-05 0.164688 9.99649E-05 9.99649E-05
9.99474E-05 9.99474E-05 9.99474E-05 0.294684 9.99474E-05 0.704716 9.99474E-05 9.99474E-05
9.99557E-05 9.99557E-05 0.246393 0.484091 9.99557E-05 0.269017 9.99557E-05 9.99557E-05
0.117934 9.99562E-05 9.99562E-05 9.99562E-05 9.99562E-05 0.456795 0.424772 9.99562E-05
0.684579 9.9965E-05 9.9965E-05 0.087328 9.9965E-05 9.9965E-05 0.0028148 0.224878
0.0260912 0.698383 9.99562E-05 0.275026 9.99562E-05 9.99562E-05 9.99562E-05 9.99562E-05
0.145648 9.99823E-05 0.0194237 0.368114 9.99823E-05 0.0304914 0.41111 0.0250124
0.337622 9.99646E-05 0.0788767 0.0664295 9.99646E-05 9.99646E-05 0.516672 9.99646E-05
9.99648E-05 0.349359 0.0819565 0.221157 9.99648E-05 9.99648E-05 9.99648E-05 0.347127
9.99561E-05 0.271946 0.442743 9.99561E-05 0.284811 9.99561E-05 9.99561E-05 9.99561E-05
0.0447863 0.0537682 0.854557 0.0464891 9.99649E-05 9.99649E-05 9.99649E-05 9.99649E-05
0.312447 0.169885 0.139529 9.99826E-05 0.0243358 0.201329 0.152274 9.99826E-05
9.99474E-05 9.99474E-05 0.578907 9.99474E-05 9.99474E-05 0.420493 9.99474E-05 9.99474E-05
0.404287 9.99735E-05 0.215849 0.254419 9.99735E-05 0.0665881 9.99735E-05 0.0585575
0.513381 9.99479E-05 9.99479E-05 9.99479E-05 9.99479E-05 0.48602 9.99479E-05 9.99479E-05
9.99559E-05 0.0554753 0.725379 0.218646 9.99559E-05 9.99559E-05 9.99559E-05 9.99559E-05
9.99736E-05 9.99736E-05 0.225478 0.196041 9.99736E-05 0.37387 0.135406 0.0689045
0.0660262 9.99737E-05 0.468218 9.99737E-05 0.25795 9.99737E-05 0.0993059 0.1082
9.99737E-05 9.99737E-05 0.00121356 0.302806 0.248036 9.99737E-05 0.138423 0.309221
9.99561E-05 0.363666 0.303587 0.332247 9.99561E-05 9.99561E-05 9.99561E-05 9.99561E-05
9.99564E-05 0.10255 0.0881883 9.99564E-05 9.99564E-05 9.99564E-05 0.808762 9.99564E-05
0.466388 9.99736E-05 9.99736E-05 0.107219 0.191192 9.99736E-05 0.128394 0.106508
9.99559E-05 9.99559E-05 0.306574 9.99559E-05 0.317722 0.375204 9.99559E-05 9.99559E-05
0.197962 9.996E-05 9.996E-05 0.185436 0.197934 9.996E-05 9.996E-05 0.418268
9.9956E-05 9.9956E-05 0.481766 9.9956E-05 9.9956E-05 0.418522 0.0992118 9.9956E-05
0.345508 9.99735E-05 0.34143 0.198853 9.99735E-05 0.102268 0.0116411 9.99735E-05
9.99562E-05 9.99562E-05 9.99562E-05 0.8841 0.00999929 0.105401 9.99562E-05 9.99562E-05
9.99561E-05 9.99561E-05 0.0407443 9.99561E-05 9.99561E-05 0.490146 0.46861 9.99561E-05
9.99647E-05 0.0895846 0.652984 0.127407 0.129624 9.99647E-05 9.99647E-05 9.99647E-05
9.99475E-05 0.523467 9.99475E-05 9.99475E-05 9.99475E-05 0.475933 9.99475E-05 9.99475E-05
9.99561E-05 9.99561E-05 0.433709 9.99561E-05 0.159929 0.405863 9.99561E-05 9.99561E-05
0.153135 9.99648E-05 9.99648E-05 9.99648E-05 0.293884 0.0940549 9.99648E-05 0.458526
9.99649E-05 0.236554 9.99649E-05 0.0460252 9.99649E-05 0.561225 0.155797 9.99649E-05
0.445766 9.9956E-05 9.9956E-05 9.9956E-05 9.9956E-05 9.9956E-05 0.262312 0.291423
9.99559E-05 9.99559E-05 0.656843 9.99559E-05 0.0306659 9.99559E-05 0.311991 9.99559E-05
0.393531 0.384387 9.9965E-05 9.9965E-05 0.0879392 9.9965E-05 0.133743 9.9965E-05
9.9956E-05 9.9956E-05 0.935455 0.00740531 9.9956E-05 9.9956E-05 9.9956E-05 0.0566403
9.99476E-05 0.627617 0.371784 9.99476E-05 9.99476E-05 9.99476E-05 9.99476E-05 9.99476E-05
0.833533 0.165868 9.99471E-05 9.99471E-05 9.99471E-05 9.99471E-05 9.99471E-05 9.99471E-05
0.289113 9.99561E-05 0.36353 9.99561E-05 9.99561E-05 9.99561E-05 0.346858 9.99561E-05
9.99564E-05 9.99564E-05 0.317429 0.54157 9.99564E-05 0.140501 9.99564E-05 9.99564E-05
9.99475E-05 9.99475E-05 0.501698 9.99475E-05 0.497703 9.99475E-05 9.99475E-05 9.99475E-05
9.994E-05 9.994E-05 9.994E-05 9.994E-05 9.994E-05 9.994E-05 9.994E-05 0.9993
9.994E-05 9.994E-05 0.291359 9.994E-05 0.708041 9.994E-05 9.994E-05 9.994E-05
9.99565E-05 9.99565E-05 9.99565E-05 0.142246 9.99565E-05 9.99565E-05 0.680078 0.177177
0.091245 9.99651E-05 0.627254 0.057677 9.99651E-05 9.99651E-05 0.223424 9.99651E-05
0.186792 0.198612 0.312585 9.99735E-05 9.99735E-05 0.162407 0.139303 9.99735E-05
9.99649E-05 0.189886 0.566945 0.0637979 9.99649E-05 9.99649E-05 9.99649E-05 0.178971
0.105142 0.0398743 0.444815 9.99737E-05 9.99737E-05 9.99737E-05 0.272233 0.137637
9.99736E-05 9.99736E-05 0.0416546 0.657203 0.0155336 0.0968771 0.188431 9.99736E-05
0.0315648 0.000183165 9.9965E-05 0.656014 9.9965E-05 0.311839 9.9965E-05 9.9965E-05
9.99824E-05 0.110953 0.000408692 0.151639 0.0516757 9.99824E-05 0.658148 0.0269751
9.99476E-05 9.99476E-05 9.99476E-05 0.170459 9.99476E-05 9.99476E-05 0.828941 9.99476E-05
0.277669 0.0762173 0.527647 9.99823E-05 0.00179684 0.0422342 0.0742355 9.99823E-05
9.99823E-05 0.250114 0.0774386 0.278036 0.0303005 0.149391 9.99823E-05 0.21452
9.996E-05 9.996E-05 9.996E-05 0.082321 9.996E-05 0.189709 0.205349 0.522222
9.99469E-05 9.99469E-05 0.992685 9.99469E-05 0.00671498 9.99469E-05 9.99469E-05 9.99469E-05
0.191355 9.99648E-05 0.628061 9.99648E-05 9.99648E-05 0.123475 0.0567083 9.99648E-05
0.0223067 0.109231 0.00326815 0.256917 9.99911E-05 0.42724 0.0135113 0.167425
0.0341599 9.99649E-05 0.592992 9.99649E-05 0.231654 9.99649E-05 0.140795 9.99649E-05
9.99648E-05 9.99648E-05 0.683088 9.99648E-05 0.0909779 9.99648E-05 0.133558 0.0919768
0.397153 9.99651E-05 9.99651E-05 0.176518 9.99651E-05 9.99651E-05 0.40594 0.0199886
9.99477E-05 9.99477E-05 0.985812 9.99477E-05 9.99477E-05 9.99477E-05 9.99477E-05 0.0135884
9.99647E-05 9.99647E-05 0.232262 0.27961 9.99647E-05 9.99647E-05 0.274685 0.213044
9.99736E-05 0.123165 9.99736E-05 0.0696488 0.097745 0.453277 0.255864 9.99736E-05
9.99738E-05 9.99738E-05 0.0787505 0.109035 0.335696 9.99738E-05 0.287451 0.188768
9.99824E-05 0.0503175 0.0171497 0.014629 0.23858 0.164527 0.514597 9.99824E-05
0.456612 0.1095 0.295163 9.99648E-05 9.99648E-05 9.99648E-05 0.138325 9.99648E-05
0.352746 0.073221 9.99648E-05 9.99648E-05 0.413556 9.99648E-05 0.160077 9.99648E-05
0.418117 0.338793 0.096147 9.99826E-05 9.99826E-05 0.0186261 0.0643912 0.0637258
0.0816293 0.0312948 0.339795 0.496056 9.99738E-05 9.99738E-05 9.99738E-05 0.0509251
9.99565E-05 0.0778049 0.399084 9.99565E-05 9.99565E-05 9.99565E-05 0.522611 9.99565E-05
9.995E-05 9.995E-05 0.473419 9.995E-05 9.995E-05 0.37125 0.154831 9.995E-05
9.9956E-05 9.9956E-05 0.409929 9.9956E-05 9.9956E-05 0.584393 9.9956E-05 0.00517846
9.99476E-05 9.99476E-05 9.99476E-05 0.371939 9.99476E-05 0.627462 9.99476E-05 9.99476E-05
0.79369 9.99561E-05 0.018204 0.187606 9.99561E-05 9.99561E-05 9.99561E-05 9.99561E-05
9.99561E-05 0.0750974 9.99561E-05 9.99561E-05 9.99561E-05 0.0800394 0.844363 9.99561E-05
9.99647E-05 0.297251 0.539412 9.99647E-05 9.99647E-05 0.0770414 9.99647E-05 0.0858953
9.99649E-05 9.99649E-05 9.99649E-05 0.260327 0.0169711 0.561984 0.160318 9.99649E-05
9.99562E-05 9.99562E-05 0.57307 9.99562E-05 0.181447 9.99562E-05 0.244984 9.99562E-05
9.99477E-05 9.99477E-05 9.99477E-05 0.0258259 0.973574 9.99477E-05 9.99477E-05 9.99477E-05
9.99559E-05 9.99559E-05 0.380229 9.99559E-05 0.261155 0.358117 9.99559E-05 9.99559E-05
9.996E-05 9.996E-05 9.996E-05 9.996E-05 0.169553 0.152271 0.219643 0.458133
0.212067 9.99561E-05 0.669012 9.99561E-05 0.118421 9.99561E-05 9.99561E-05 9.99561E-05
0.0522789 0.0802725 0.418563 0.332128 9.99735E-05 9.99735E-05 0.116457 9.99735E-05
9.99474E-05 9.99474E-05 9.99474E-05 9.99474E-05 9.99474E-05 9.99474E-05 0.104631 0.894769
9.99563E-05 9.99563E-05 9.99563E-05 0.434535 9.99563E-05 0.0667019 0.498264 9.99563E-05
9.99736E-05 0.549994 9.99736E-05 0.138311 0.042252 9.99736E-05 0.250177 0.0189659
9.99561E-05 0.214447 9.99561E-05 0.544134 9.99561E-05 9.99561E-05 0.240919 9.99561E-05
0.330531 9.99735E-05 0.00601165 0.287828 0.293457 9.99735E-05 0.081873 9.99735E-05
0.296444 0.0115573 9.99824E-05 9.99824E-05 0.131764 0.112854 0.215047 0.232134
0.428538 0.226438 9.99648E-05 9.99648E-05 9.99648E-05 0.341019 9.99648E-05 0.0036053
9.99562E-05 9.99562E-05 0.591443 9.99562E-05 9.99562E-05 0.262619 0.145439 9.99562E-05
0.0787151 9.99649E-05 0.328314 9.99649E-05 9.99649E-05 0.587335 9.99649E-05 0.00523676
0.128765 9.99567E-05 0.857073 9.99567E-05 9.99567E-05 9.99567E-05 0.0136618 9.99567E-05
0.00871314 9.99558E-05 9.99558E-05 9.99558E-05 0.944118 9.99558E-05 9.99558E-05 0.0466689
9.99647E-05 0.256565 9.99647E-05 9.99647E-05 0.0162839 0.548206 0.178546 9.99647E-05
9.99647E-05 0.0655045 0.815475 0.114396 9.99647E-05 9.99647E-05 0.00422384 9.99647E-05
0.0235894 9.9965E-05 0.21894 0.420066 9.9965E-05 9.9965E-05 9.9965E-05 0.337005
9.99476E-05 9.99476E-05 9.99476E-05 0.810802 9.99476E-05 9.99476E-05 9.99476E-05 0.188599
9.99736E-05 9.99736E-05 0.557664 0.0392969 0.0185928 9.99736E-05 0.129046 0.2551
9.99566E-05 0.0912446 9.99566E-05 9.99566E-05 9.99566E-05 0.141458 0.766798 9.99566E-05
9.99652E-05 9.99652E-05 0.624586 9.99652E-05 0.0931568 0.000429363 0.281428 9.99652E-05
9.99562E-05 0.145565 0.13095 9.99562E-05 9.99562E-05 9.99562E-05 0.722984 9.99562E-05
9.9965E-05 0.0294008 9.9965E-05 0.174143 0.130922 9.9965E-05 9.9965E-05 0.665135
9.99649E-05 9.99649E-05 0.102924 9.99649E-05 9.99649E-05 0.147658 0.711494 0.0375249
0.522794 9.99562E-05 9.99562E-05 9.99562E-05 9.99562E-05 9.99562E-05 0.332551 0.144155
9.99557E-05 9.99557E-05 0.698457 9.99557E-05 0.2051 0.0959423 9.99557E-05 9.99557E-05
0.060504 9.99647E-05 9.99647E-05 9.99647E-05 9.99647E-05 0.281323 0.0363604 0.621413
9.99649E-05 9.99649E-05 0.559207 0.226439 0.187084 9.99649E-05 9.99649E-05 0.0268713
0.417834 9.99561E-05 9.99561E-05 0.299252 9.99561E-05 9.99561E-05 0.282415 9.99561E-05
9.99469E-05 9.99469E-05 0.726576 9.99469E-05 9.99469E-05 9.99469E-05 0.272824 9.99469E-05
0.16567 0.233257 0.028971 0.0243976 0.219608 0.102109 9.99912E-05 0.225888
0.0973981 9.99566E-05 9.99566E-05 9.99566E-05 9.99566E-05 9.99566E-05 0.497028 0.405074
9.996E-05 9.996E-05 0.393873 0.234293 0.182956 9.996E-05 0.188478 9.996E-05
0.222009 9.99652E-05 0.659342 9.99652E-05 9.99652E-05 0.0599594 0.0582892 9.99652E-05
9.99558E-05 9.99558E-05 0.536142 0.452105 9.99558E-05 0.0112528 9.99558E-05 9.99558E-05
9.99472E-05 0.274703 0.724697 9.99472E-05 9.99472E-05 9.99472E-05 9.99472E-05 9.99472E-05
9.99649E-05 0.0902573 9.99649E-05 9.99649E-05 0.321443 0.204976 0.382924 9.99649E-05
0.121351 0.307675 9.99737E-05 0.391663 9.99737E-05 0.0180578 0.160953 9.99737E-05
0.239284 9.99651E-05 0.357454 9.99651E-05 0.379978 9.99651E-05 9.99651E-05 0.0228839
0.0156412 0.140585 9.99735E-05 0.233988 9.99735E-05 9.99735E-05 0.112876 0.496609
9.99564E-05 9.99564E-05 0.39512 9.99564E-05 9.99564E-05 0.465262 0.139118 9.99564E-05
9.995E-05 9.995E-05 0.640233 9.995E-05 0.250077 0.109191 9.995E-05 9.995E-05
9.99649E-05 0.184992 0.339163 0.325443 9.99649E-05 0.150002 9.99649E-05 9.99649E-05
9.99473E-05 9.99473E-05 0.625333 9.99473E-05 0.374067 9.99473E-05 9.99473E-05 9.99473E-05
0.0182943 9.99737E-05 0.23763 9.99737E-05 9.99737E-05 0.404768 0.00873152 0.330276
9.99737E-05 0.305772 9.99737E-05 0.350912 0.0293336 0.0216943 9.99737E-05 0.291988
9.99564E-05 9.99564E-05 0.16916 0.753077 9.99564E-05 9.99564E-05 0.0772634 9.99564E-05
9.99647E-05 9.99647E-05 0.452022 0.221383 0.18841 9.99647E-05 9.99647E-05 0.137785
9.99649E-05 9.99649E-05 0.00266155 0.0114288 0.240257 9.99649E-05 9.99649E-05 0.745253
0.0907887 0.338854 0.486589 9.99649E-05 9.99649E-05 9.99649E-05 0.0833681 9.99649E-05
9.99648E-05 9.99648E-05 0.61443 0.231179 0.10777 9.99648E-05 9.99648E-05 0.0462213
0.0376745 9.99824E-05 0.144155 0.0117323 0.665805 9.99824E-05 0.0680849 0.0723482
9.99562E-05 9.99562E-05 0.258001 9.99562E-05 0.329199 9.99562E-05 9.99562E-05 0.4123
0.194121 9.99564E-05 0.672461 0.132918 9.99564E-05 9.99564E-05 9.99564E-05 9.99564E-05
9.99736E-05 0.242502 0.212288 9.99736E-05 9.99736E-05 0.285798 0.0164017 0.242711
9.99561E-05 9.99561E-05 9.99561E-05 9.99561E-05 9.99561E-05 0.00224907 0.177127 0.820124
0.285035 9.99476E-05 0.714365 9.99476E-05 9.99476E-05 9.99476E-05 9.99476E-05 9.99476E-05
0.681572 9.99562E-05 0.165966 9.99562E-05 9.99562E-05 9.99562E-05 0.151963 9.99562E-05
9.9956E-05 0.140795 0.290125 0.568581 9.9956E-05 9.9956E-05 9.9956E-05 9.9956E-05
9.99647E-05 0.0182216 9.99647E-05 9.99647E-05 0.0719818 9.99647E-05 0.845221 0.0641753
9.99558E-05 0.0733138 9.99558E-05 9.99558E-05 0.430231 9.99558E-05 0.495956 9.99558E-05
9.99473E-05 9.99473E-05 0.698832 9.99473E-05 0.300568 9.99473E-05 9.99473E-05 9.99473E-05
0.1493 0.230141 0.313472 9.99649E-05 9.99649E-05 9.99649E-05 0.306688 9.99649E-05
9.99564E-05 0.137792 9.99564E-05 9.99564E-05 0.711246 9.99564E-05 9.99564E-05 0.150462
9.995E-05 9.995E-05 0.6047 9.995E-05 9.995E-05 0.131702 0.263098 9.995E-05
9.99561E-05 9.99561E-05 0.311695 9.99561E-05 0.384393 9.99561E-05 9.99561E-05 0.303413
9.99735E-05 0.450168 9.99735E-05 0.0607137 9.99735E-05 0.404765 0.00842975 0.0756239
0.320839 0.193136 9.99653E-05 9.99653E-05 0.482917 0.00270787 9.99653E-05 9.99653E-05
0.501683 9.99647E-05 0.2452 9.99647E-05 0.193319 9.99647E-05 0.0593977 9.99647E-05
9.99735E-05 0.196969 0.347537 9.99735E-05 9.99735E-05 0.200706 0.0770162 0.177473
9.99738E-05 0.252461 0.252824 9.99738E-05 9.99738E-05 0.406333 0.0305888 0.0574928
9.996E-05 9.996E-05 0.167276 0.298833 9.996E-05 9.996E-05 0.345159 0.188332
9.99646E-05 9.99646E-05 9.99646E-05 0.177822 0.108194 9.99646E-05 0.707833 0.0057519
9.99648E-05 0.342954 0.468582 9.99648E-05 9.99648E-05 0.142205 9.99648E-05 0.0458595
0.48925 9.99736E-05 0.139432 9.99736E-05 0.035444 0.0429895 0.292584 9.99736E-05
9.99473E-05 9.99473E-05 0.517184 9.99473E-05 9.99473E-05 0.482217 9.99473E-05 9.99473E-05
9.99649E-05 9.99649E-05 9.99649E-05 0.0241759 0.224378 0.0916715 0.659375 9.99649E-05
9.994E-05 9.994E-05 0.9993 9.994E-05 9.994E-05 9.994E-05 9.994E-05 9.994E-05
0.0969587 0.555335 9.99647E-05 9.99647E-05 9.99647E-05 9.99647E-05 0.0291385 0.318168
9.99561E-05 0.00873492 0.765406 0.225359 9.99561E-05 9.99561E-05 9.99561E-05 9.99561E-05
0.264865 9.99649E-05 9.99649E-05 0.024931 0.0770434 9.99649E-05 0.632761 9.99649E-05
0.389548 0.393506 0.0210214 0.0542071 0.141418 9.99736E-05 9.99736E-05 9.99736E-05
9.99645E-05 0.181504 0.0219856 9.99645E-05 9.99645E-05 9.99645E-05 0.37681 0.419301
9.99472E-05 9.99472E-05 0.815661 9.99472E-05 9.99472E-05 9.99472E-05 0.183739 9.99472E-05
9.99561E-05 0.387012 0.555901 9.99561E-05 9.99561E-05 9.99561E-05 9.99561E-05 0.0565877
9.9956E-05 0.0130797 0.478585 0.507835 9.9956E-05 9.9956E-05 9.9956E-05 9.9956E-05
9.9956E-05 9.9956E-05 0.881453 9.9956E-05 9.9956E-05 0.115576 9.9956E-05 0.00247158
9.9965E-05 0.0664426 0.261235 0.267137 9.9965E-05 9.9965E-05 0.404786 9.9965E-05
9.99647E-05 0.0710167 0.0900306 9.99647E-05 9.99647E-05 9.99647E-05 0.440995 0.397558
0.168465 9.99737E-05 0.321482 9.99737E-05 9.99737E-05 0.112244 0.256165 0.141344
9.99559E-05 0.571697 0.411754 9.99559E-05 9.99559E-05 9.99559E-05 0.0160496 9.99559E-05
9.99562E-05 9.99562E-05 0.0975885 0.189949 9.99562E-05 9.99562E-05 0.711962 9.99562E-05
0.126333 9.99648E-05 9.99648E-05 0.285958 9.99648E-05 9.99648E-05 0.168886 0.418423
0.0388239 0.0588796 0.353095 9.99824E-05 9.99824E-05 0.130644 0.281408 0.136949
9.99648E-05 9.99648E-05 9.99648E-05 0.197798 0.029933 0.0196242 0.752245 9.99648E-05
0.30905 0.0163352 0.22096 0.12638 0.184761 9.998E-05 9.998E-05 0.142314
9.9956E-05 9.9956E-05 9.9956E-05 0.477037 9.9956E-05 0.203496 9.9956E-05 0.318967
0.078261 9.99735E-05 0.0131142 0.0435923 9.99735E-05 9.99735E-05 0.581901 0.282831
0.352856 9.99559E-05 9.99559E-05 0.251564 0.395081 9.99559E-05 9.99559E-05 9.99559E-05
9.99476E-05 0.953288 9.99476E-05 9.99476E-05 9.99476E-05 9.99476E-05 9.99476E-05 0.0461127
9.99734E-05 9.99734E-05 0.297767 9.99734E-05 0.112706 0.448635 0.0464327 0.0941596
0.027438 0.16542 0.00690339 0.31413 9.99823E-05 9.99823E-05 0.366276 0.119632
