0.0573825 9.99647E-05 9.99647E-05 9.99647E-05 0.0966728 0.728807 0.116737 9.99647E-05
0.172901 0.190424 9.99737E-05 0.00818956 9.99737E-05 0.54156 9.99737E-05 0.086626
0.978169 9.99474E-05 9.99474E-05 9.99474E-05 9.99474E-05 9.99474E-05 9.99474E-05 0.0212317
9.99649E-05 0.0192726 9.99649E-05 9.99649E-05 9.99649E-05 0.519801 0.371872 0.0886547
9.99561E-05 9.99561E-05 9.99561E-05 0.358456 9.99561E-05 0.354055 0.28699 9.99561E-05
9.99738E-05 0.238154 9.99738E-05 9.99738E-05 0.0726541 0.251412 0.357345 0.080135
9.995E-05 9.995E-05 9.995E-05 0.209331 9.995E-05 0.246542 9.995E-05 0.543627
0.306247 0.0450217 0.0295122 9.99646E-05 9.99646E-05 0.618819 9.99646E-05 9.99646E-05
9.99648E-05 0.180064 9.99648E-05 9.99648E-05 0.117031 9.99648E-05 0.684689 0.0178163
9.99648E-05 9.99648E-05 9.99648E-05 0.461999 0.264316 9.99648E-05 0.0372661 0.23602
9.99472E-05 9.99472E-05 9.99472E-05 9.99472E-05 0.0446494 0.954751 9.99472E-05 9.99472E-05
0.556774 9.99564E-05 9.99564E-05 0.152542 9.99564E-05 9.99564E-05 9.99564E-05 0.290184
9.99559E-05 0.555728 9.99559E-05 0.0589363 9.99559E-05 9.99559E-05 9.99559E-05 0.384836
9.99558E-05 9.99558E-05 9.99558E-05 0.335131 9.99558E-05 9.99558E-05 0.604663 0.0597065
0.0388957 0.0633897 0.12556 0.771755 9.99648E-05 9.99648E-05 9.99648E-05 9.99648E-05
9.99558E-05 9.99558E-05 9.99558E-05 0.477584 0.277602 0.244314 9.99558E-05 9.99558E-05
0.21681 9.99648E-05 0.202886 0.459454 9.99648E-05 0.12045 9.99648E-05 9.99648E-05
0.115262 9.99648E-05 9.99648E-05 0.544275 0.154499 9.99648E-05 0.185564 9.99648E-05
0.259549 9.99559E-05 9.99559E-05 0.501148 0.238803 9.99559E-05 9.99559E-05 9.99559E-05
0.202381 9.99734E-05 9.99734E-05 0.0311638 0.688795 0.0696622 9.99734E-05 0.00769817
0.0663127 0.197094 0.0529416 9.99736E-05 9.99736E-05 0.384753 9.99736E-05 0.298599
9.9965E-05 9.9965E-05 9.9965E-05 0.571432 0.420876 0.000981223 0.00631182 9.9965E-05
9.99649E-05 0.278256 9.99649E-05 9.99649E-05 0.673006 0.0332087 9.99649E-05 0.0151294
9.99563E-05 9.99563E-05 9.99563E-05 9.99563E-05 9.99563E-05 0.201434 0.512507 0.285559
9.99649E-05 9.99649E-05 9.99649E-05 9.99649E-05 0.206067 0.327574 0.045342 0.420617
0.0402514 9.99736E-05 9.99736E-05 0.260927 9.99736E-05 0.215471 0.339009 0.144042
0.27275 0.0792932 0.404802 0.0329851 0.164513 9.99823E-05 0.0454565 9.99823E-05
0.144743 0.201783 9.99737E-05 9.99737E-05 9.99737E-05 0.162328 0.279209 0.211637
9.99562E-05 9.99562E-05 0.0850299 0.770467 9.99562E-05 0.144003 9.99562E-05 9.99562E-05
9.99737E-05 0.0026363 0.0478293 9.99737E-05 0.122282 0.570252 0.2567 9.99737E-05
9.99561E-05 0.0411058 9.99561E-05 0.854211 9.99561E-05 0.104184 9.99561E-05 9.99561E-05
9.994E-05 9.994E-05 9.994E-05 9.994E-05 9.994E-05 9.994E-05 9.994E-05 0.9993
9.994E-05 0.9993 9.994E-05 9.994E-05 9.994E-05 9.994E-05 9.994E-05 9.994E-05
9.99474E-05 0.131718 9.99474E-05 9.99474E-05 9.99474E-05 9.99474E-05 9.99474E-05 0.867683
0.181862 0.406441 9.99648E-05 9.99648E-05 9.99648E-05 0.346706 0.064592 9.99648E-05
9.99734E-05 0.419943 0.193426 0.0845488 9.99734E-05 0.10736 0.194422 9.99734E-05
0.284171 9.9956E-05 0.371404 9.9956E-05 9.9956E-05 0.343925 9.9956E-05 9.9956E-05
0.0480733 9.99737E-05 0.0869154 0.0715253 0.140988 0.652198 9.99737E-05 9.99737E-05
0.0330285 0.0186999 0.192236 0.571068 9.99734E-05 9.99734E-05 9.99734E-05 0.184668
9.995E-05 9.995E-05 0.203686 9.995E-05 9.995E-05 0.571853 0.223961 9.995E-05
9.99563E-05 0.832261 9.99563E-05 0.0394797 9.99563E-05 0.12776 9.99563E-05 9.99563E-05
9.99649E-05 9.99649E-05 0.295022 9.99649E-05 9.99649E-05 0.173042 0.301507 0.23003
0.412977 9.99647E-05 9.99647E-05 0.388835 0.0875882 9.99647E-05 9.99647E-05 0.1102
9.99473E-05 9.99473E-05 9.99473E-05 9.99473E-05 9.99473E-05 0.989865 9.99473E-05 0.00953496
0.00720512 0.0405701 0.271506 0.228447 0.0297606 0.422312 9.99824E-05 9.99824E-05
0.506517 9.99734E-05 9.99734E-05 9.99734E-05 0.178558 0.0769117 0.166971 0.0707421
0.268655 9.99738E-05 0.110074 9.99738E-05 0.286079 9.99738E-05 0.0826216 0.252271
9.9956E-05 9.9956E-05 9.9956E-05 9.9956E-05 0.0550532 0.595167 9.9956E-05 0.34928
0.220944 0.291328 9.9956E-05 0.487228 9.9956E-05 9.9956E-05 9.9956E-05 9.9956E-05
0.398348 0.357675 9.99562E-05 9.99562E-05 9.99562E-05 9.99562E-05 9.99562E-05 0.243477
9.99649E-05 0.505229 0.0738688 9.99649E-05 0.239287 9.99649E-05 0.181215 9.99649E-05
9.996E-05 9.996E-05 0.161786 9.996E-05 0.60722 9.996E-05 0.126748 0.103846
9.99734E-05 0.0735349 9.99734E-05 9.99734E-05 0.335743 0.249467 0.0481229 0.292833
9.99735E-05 9.99735E-05 0.176496 0.537438 0.0751763 0.0262213 9.99735E-05 0.184369
0.390885 9.995E-05 9.995E-05 0.456568 9.995E-05 9.995E-05 9.995E-05 0.152048
0.658297 0.251951 9.99559E-05 9.99559E-05 9.99559E-05 0.0892517 9.99559E-05 9.99559E-05
9.99649E-05 9.99649E-05 9.99649E-05 0.282098 0.318236 9.99649E-05 0.127706 0.27156
0.443436 0.450919 9.99559E-05 9.99559E-05 0.105145 9.99559E-05 9.99559E-05 9.99559E-05
0.636573 9.99737E-05 9.99737E-05 0.0449204 0.144624 0.149382 0.0242002 9.99737E-05
9.99559E-05 9.99559E-05 9.99559E-05 9.99559E-05 9.99559E-05 0.214605 0.153748 0.631147
9.99647E-05 9.99647E-05 0.078511 0.370655 9.99647E-05 0.408229 9.99647E-05 0.142205
0.532326 9.99735E-05 9.99735E-05 9.99735E-05 0.0437851 0.0724323 0.00521392 0.345943
9.99559E-05 9.99559E-05 0.630426 9.99559E-05 0.209316 9.99559E-05 9.99559E-05 0.159759
0.164071 9.99737E-05 0.118465 0.00966688 0.124657 0.582841 9.99737E-05 9.99737E-05
9.99737E-05 0.0454916 0.255833 0.371149 0.300828 9.99737E-05 9.99737E-05 0.0263987
0.227918 0.249879 9.99734E-05 0.0985675 0.0301995 9.99734E-05 9.99734E-05 0.393135
9.995E-05 0.415836 9.995E-05 0.371959 9.995E-05 0.211705 9.995E-05 9.995E-05
0.170778 9.99736E-05 0.0498279 0.574676 0.0699271 9.99736E-05 0.134491 9.99736E-05
9.99649E-05 9.99649E-05 0.209516 0.309015 0.476323 9.99649E-05 0.00474647 9.99649E-05
9.99651E-05 9.99651E-05 0.159603 0.523515 0.037787 9.99651E-05 0.278695 9.99651E-05
9.99475E-05 0.0974444 0.901956 9.99475E-05 9.99475E-05 9.99475E-05 9.99475E-05 9.99475E-05
9.9956E-05 9.9956E-05 0.426048 9.9956E-05 9.9956E-05 9.9956E-05 0.147234 0.426219
9.99474E-05 0.442719 9.99474E-05 9.99474E-05 0.556682 9.99474E-05 9.99474E-05 9.99474E-05
9.99651E-05 9.99651E-05 0.0257904 0.129029 9.99651E-05 0.268064 0.576716 9.99651E-05
0.203353 9.99736E-05 0.173122 0.12101 0.188055 9.99736E-05 9.99736E-05 0.31416
9.9956E-05 9.9956E-05 0.0358444 0.922102 9.9956E-05 0.0415535 9.9956E-05 9.9956E-05
9.99561E-05 0.298597 9.99561E-05 9.99561E-05 9.99561E-05 0.308727 9.99561E-05 0.392176
9.99562E-05 0.0669407 9.99562E-05 0.899557 0.0330021 9.99562E-05 9.99562E-05 9.99562E-05
0.0726819 9.9956E-05 9.9956E-05 0.350568 9.9956E-05 0.57625 9.9956E-05 9.9956E-05
9.99738E-05 0.414086 9.99738E-05 0.473988 0.00505402 9.99738E-05 0.0974734 0.00909843
0.0480968 0.185697 9.99648E-05 0.497073 0.268733 9.99648E-05 9.99648E-05 9.99648E-05
0.0874766 9.99472E-05 9.99472E-05 9.99472E-05 9.99472E-05 9.99472E-05 0.911924 9.99472E-05
9.9956E-05 0.385059 9.9956E-05 0.582411 0.0320295 9.9956E-05 9.9956E-05 9.9956E-05
9.994E-05 9.994E-05 0.9993 9.994E-05 9.994E-05 9.994E-05 9.994E-05 9.994E-05
0.0739814 9.9965E-05 9.9965E-05 0.0820457 9.9965E-05 9.9965E-05 0.102464 0.741109
0.310947 0.0208655 9.99824E-05 0.0738828 0.308555 0.135846 9.99824E-05 0.149704
0.118258 0.253773 9.99823E-05 0.232152 0.228652 0.0572431 0.109722 9.99823E-05
9.99476E-05 9.99476E-05 9.99476E-05 9.99476E-05 0.235777 9.99476E-05 9.99476E-05 0.763624
0.0118111 9.99738E-05 0.100475 9.99738E-05 0.107056 0.401281 9.99738E-05 0.379077
9.996E-05 9.996E-05 9.996E-05 9.996E-05 0.0489154 0.598544 0.0193516 0.332789
9.99478E-05 0.560415 9.99478E-05 0.438985 9.99478E-05 9.99478E-05 9.99478E-05 9.99478E-05
9.99654E-05 0.0596552 9.99654E-05 9.99654E-05 9.99654E-05 0.455155 0.0832324 0.401557
9.9956E-05 9.9956E-05 9.9956E-05 9.9956E-05 9.9956E-05 0.667547 0.235654 0.0962992
9.99647E-05 0.000824149 9.99647E-05 0.721683 9.99647E-05 0.151401 9.99647E-05 0.125692
0.40868 9.99737E-05 9.99737E-05 0.429899 0.0469504 9.99737E-05 0.064335 0.049836
0.0624655 0.44974 9.99648E-05 9.99648E-05 9.99648E-05 0.353809 0.133586 9.99648E-05
0.1095 9.99472E-05 9.99472E-05 0.8899 9.99472E-05 9.99472E-05 9.99472E-05 9.99472E-05
0.206809 9.99649E-05 0.216096 0.0128581 9.99649E-05 9.99649E-05 9.99649E-05 0.563837
0.242885 9.99562E-05 9.99562E-05 0.182373 9.99562E-05 0.574243 9.99562E-05 9.99562E-05
0.11197 0.240516 0.309163 9.99738E-05 9.99738E-05 0.112861 9.99738E-05 0.225191
0.139993 9.99648E-05 9.99648E-05 9.99648E-05 0.0246622 0.52653 9.99648E-05 0.308415
9.9947E-05 9.9947E-05 0.750264 9.9947E-05 0.249137 9.9947E-05 9.9947E-05 9.9947E-05
0.0456629 0.277741 9.99735E-05 0.367739 9.99735E-05 0.0393788 0.269179 9.99735E-05
9.99472E-05 9.99472E-05 0.271523 9.99472E-05 0.727878 9.99472E-05 9.99472E-05 9.99472E-05
9.99557E-05 0.0485927 0.0400107 0.910897 9.99557E-05 9.99557E-05 9.99557E-05 9.99557E-05
0.141322 0.153777 9.99735E-05 0.115111 9.99735E-05 0.53878 0.0507107 9.99735E-05
9.99563E-05 9.99563E-05 9.99563E-05 0.0901007 9.99563E-05 0.740824 0.168576 9.99563E-05
9.99469E-05 9.99469E-05 9.99469E-05 9.99469E-05 9.99469E-05 9.99469E-05 0.975788 0.0236124
9.99736E-05 0.100778 9.99736E-05 0.336489 9.99736E-05 0.12563 0.390398 0.0464053
0.029633 9.99558E-05 9.99558E-05 9.99558E-05 9.99558E-05 0.304476 9.99558E-05 0.665391
9.99563E-05 9.99563E-05 9.99563E-05 0.0879196 0.40853 9.99563E-05 9.99563E-05 0.503051
9.99471E-05 0.508127 9.99471E-05 0.491273 9.99471E-05 9.99471E-05 9.99471E-05 9.99471E-05
0.00186648 9.99736E-05 9.99736E-05 0.168861 9.99736E-05 0.150001 0.363454 0.315517
9.99735E-05 9.99735E-05 0.564672 0.204129 0.103023 0.0720227 9.99735E-05 0.0558543
9.99565E-05 9.99565E-05 9.99565E-05 0.0747329 0.3812 0.543567 9.99565E-05 9.99565E-05
0.0865942 0.100636 0.297192 0.11084 9.99825E-05 0.270772 0.133765 9.99825E-05
0.820215 9.99471E-05 0.179186 9.99471E-05 9.99471E-05 9.99471E-05 9.99471E-05 9.99471E-05
9.99478E-05 9.99478E-05 9.99478E-05 0.393546 9.99478E-05 9.99478E-05 0.605854 9.99478E-05
9.99558E-05 9.99558E-05 0.307491 9.99558E-05 9.99558E-05 0.205306 0.486704 9.99558E-05
9.99472E-05 0.0319572 9.99472E-05 0.967443 9.99472E-05 9.99472E-05 9.99472E-05 9.99472E-05
9.99648E-05 0.0503611 9.99648E-05 0.596766 9.99648E-05 0.236738 9.99648E-05 0.115735
9.99648E-05 0.315616 0.258249 9.99648E-05 0.10746 9.99648E-05 0.318274 9.99648E-05
0.57606 9.99482E-05 9.99482E-05 9.99482E-05 0.423341 9.99482E-05 9.99482E-05 9.99482E-05
0.0693229 0.00856676 9.99735E-05 0.573328 0.233149 9.99735E-05 9.99735E-05 0.115333
9.99567E-05 9.99567E-05 0.585719 0.182427 9.99567E-05 9.99567E-05 0.231355 9.99567E-05
9.99647E-05 9.99647E-05 0.0325101 0.650704 0.178063 0.138323 9.99647E-05 9.99647E-05
9.99649E-05 9.99649E-05 9.99649E-05 0.354459 0.0289301 0.444694 9.99649E-05 0.171517
9.9956E-05 9.9956E-05 0.44998 0.275257 9.9956E-05 0.274264 9.9956E-05 9.9956E-05
9.99734E-05 0.0381046 9.99734E-05 9.99734E-05 0.195905 0.326796 0.113976 0.324918
0.377188 9.996E-05 9.996E-05 0.100918 9.996E-05 0.394082 0.127412 9.996E-05
0.0489969 9.99559E-05 9.99559E-05 9.99559E-05 0.386207 9.99559E-05 9.99559E-05 0.564296
9.99477E-05 9.99477E-05 0.0513696 0.948031 9.99477E-05 9.99477E-05 9.99477E-05 9.99477E-05
0.0646967 9.99824E-05 9.99824E-05 0.0414513 0.194052 0.34187 0.084001 0.273729
9.99649E-05 9.99649E-05 9.99649E-05 0.187076 0.133938 9.99649E-05 0.174999 0.503588
0.269966 0.610446 9.99651E-05 0.074528 9.99651E-05 9.99651E-05 9.99651E-05 0.0446601
9.99562E-05 0.189378 9.99562E-05 0.103158 9.99562E-05 0.706965 9.99562E-05 9.99562E-05
0.293753 0.0709893 0.197547 9.99823E-05 0.00233343 9.99823E-05 0.269991 0.165187
9.9965E-05 0.0922779 9.9965E-05 0.576296 9.9965E-05 9.9965E-05 0.0324915 0.298535
9.994E-05 9.994E-05 9.994E-05 9.994E-05 9.994E-05 0.9993 9.994E-05 9.994E-05
9.99647E-05 0.356884 0.358324 9.99647E-05 9.99647E-05 0.277629 9.99647E-05 0.00676295
0.139114 9.99737E-05 0.00511716 9.99737E-05 9.99737E-05 0.282761 0.113436 0.459272
0.0412232 0.382852 0.0476207 9.99824E-05 9.99824E-05 0.0749732 0.382008 0.0711232
9.99474E-05 0.80002 9.99474E-05 0.19938 9.99474E-05 9.99474E-05 9.99474E-05 9.99474E-05
9.99474E-05 0.147725 9.99474E-05 9.99474E-05 9.99474E-05 9.99474E-05 0.851676 9.99474E-05
0.593698 0.0414834 9.99646E-05 0.294935 0.0694838 9.99646E-05 9.99646E-05 9.99646E-05
9.99735E-05 0.410369 9.99735E-05 0.100213 0.0477333 9.99735E-05 0.0233738 0.418011
9.99563E-05 0.405367 9.99563E-05 9.99563E-05 0.295792 9.99563E-05 0.298341 9.99563E-05
9.9956E-05 9.9956E-05 9.9956E-05 0.418667 0.0185207 9.9956E-05 9.9956E-05 0.562313
9.99561E-05 9.99561E-05 9.99561E-05 0.271097 9.99561E-05 0.69736 9.99561E-05 0.0310436
0.544507 0.350742 9.9956E-05 9.9956E-05 9.9956E-05 9.9956E-05 0.104251 9.9956E-05
0.377725 9.99565E-05 9.99565E-05 9.99565E-05 9.99565E-05 9.99565E-05 0.480827 0.140948
9.99649E-05 9.99649E-05 0.0276586 9.99649E-05 0.500897 0.300349 9.99649E-05 0.170696
9.99473E-05 0.455775 9.99473E-05 0.543625 9.99473E-05 9.99473E-05 9.99473E-05 9.99473E-05
0.00473753 9.99737E-05 0.228134 0.427282 0.213342 9.99737E-05 9.99737E-05 0.126205
0.33854 0.207641 9.99647E-05 0.354736 9.99647E-05 9.99647E-05 9.99647E-05 0.0986843
9.9956E-05 0.462257 0.47778 9.9956E-05 9.9956E-05 0.0594628 9.9956E-05 9.9956E-05
9.99562E-05 0.0248764 9.99562E-05 9.99562E-05 9.99562E-05 0.532902 9.99562E-05 0.441722
9.99736E-05 9.99736E-05 0.120325 0.2195 0.00199207 0.640979 9.99736E-05 0.016905
9.9956E-05 0.269171 9.9956E-05 9.9956E-05 9.9956E-05 0.140276 9.9956E-05 0.590053
9.99736E-05 9.99736E-05 0.175164 0.331227 9.99736E-05 0.0923559 0.134933 0.266021
0.294529 0.00988586 9.99649E-05 9.99649E-05 0.408661 9.99649E-05 0.286525 9.99649E-05
0.450091 0.032267 9.99559E-05 9.99559E-05 0.517142 9.99559E-05 9.99559E-05 9.99559E-05
0.00926464 0.12689 0.713239 0.150206 9.99648E-05 9.99648E-05 9.99648E-05 9.99648E-05
9.99469E-05 0.731106 9.99469E-05 9.99469E-05 9.99469E-05 9.99469E-05 9.99469E-05 0.268294
9.99561E-05 9.99561E-05 9.99561E-05 0.380941 0.384767 9.99561E-05 9.99561E-05 0.233793
9.99559E-05 9.99559E-05 9.99559E-05 0.077274 9.99559E-05 0.420691 9.99559E-05 0.501535
0.194074 0.30769 9.9965E-05 9.9965E-05 9.9965E-05 0.0876322 9.9965E-05 0.410204
9.99647E-05 0.602216 0.114371 0.114109 9.99647E-05 9.99647E-05 9.99647E-05 0.168904
0.468274 9.99558E-05 9.99558E-05 9.99558E-05 9.99558E-05 0.288246 9.99558E-05 0.24298
0.118482 0.102167 0.0374836 0.224187 0.156549 0.216121 9.99912E-05 0.14491
9.99561E-05 9.99561E-05 9.99561E-05 0.0233373 0.253685 0.722478 9.99561E-05 9.99561E-05
0.414417 0.0780785 9.99649E-05 0.33013 0.176975 9.99649E-05 9.99649E-05 9.99649E-05
9.99562E-05 0.0363337 9.99562E-05 0.546695 0.416472 9.99562E-05 9.99562E-05 9.99562E-05
0.341773 9.9956E-05 9.9956E-05 9.9956E-05 9.9956E-05 9.9956E-05 0.241229 0.416499
9.99475E-05 0.218603 9.99475E-05 0.780797 9.99475E-05 9.99475E-05 9.99475E-05 9.99475E-05
9.99472E-05 9.99472E-05 9.99472E-05 0.0050877 0.994313 9.99472E-05 9.99472E-05 9.99472E-05
9.99649E-05 9.99649E-05 0.0205838 0.662939 0.00321664 9.99649E-05 0.31286 9.99649E-05
9.99471E-05 9.99471E-05 0.114051 9.99471E-05 9.99471E-05 9.99471E-05 9.99471E-05 0.885349
9.99562E-05 9.99562E-05 9.99562E-05 0.382464 9.99562E-05 0.176531 9.99562E-05 0.440505
0.310948 0.306842 9.99561E-05 9.99561E-05 0.381709 9.99561E-05 9.99561E-05 9.99561E-05
9.9956E-05 9.9956E-05 0.424103 0.113456 9.9956E-05 9.9956E-05 0.461941 9.9956E-05
0.000535799 0.0164506 0.0496569 0.0547954 0.338675 0.106258 0.356093 0.0775351
9.994E-05 9.994E-05 9.994E-05 0.9993 9.994E-05 9.994E-05 9.994E-05 9.994E-05
9.99471E-05 0.22896 9.99471E-05 9.99471E-05 9.99471E-05 9.99471E-05 0.77044 9.99471E-05
9.99559E-05 0.500109 9.99559E-05 0.329022 9.99559E-05 9.99559E-05 9.99559E-05 0.17037
9.995E-05 0.640153 0.141592 9.995E-05 9.995E-05 0.217755 9.995E-05 9.995E-05
9.99736E-05 0.259843 0.0627663 9.99736E-05 0.0747143 0.0694004 9.99736E-05 0.532976
9.99824E-05 0.0877237 9.99824E-05 0.303894 0.048951 0.0213426 0.288512 0.249376
9.99561E-05 9.99561E-05 9.99561E-05 0.572355 0.0426425 9.99561E-05 0.384502 9.99561E-05
0.0104598 9.99561E-05 9.99561E-05 9.99561E-05 9.99561E-05 9.99561E-05 0.670369 0.318672
9.99647E-05 0.0330381 0.383518 0.544323 0.0387215 9.99647E-05 9.99647E-05 9.99647E-05
9.9965E-05 0.106559 9.9965E-05 0.112476 9.9965E-05 0.223648 0.556917 9.9965E-05
9.99649E-05 9.99649E-05 0.307029 0.586894 9.99649E-05 9.99649E-05 0.0972967 0.00838053
0.21088 9.99471E-05 9.99471E-05 0.78852 9.99471E-05 9.99471E-05 9.99471E-05 9.99471E-05
9.99561E-05 9.99561E-05 9.99561E-05 0.120073 9.99561E-05 0.515018 9.99561E-05 0.364409
0.689773 0.0457634 9.99648E-05 0.0347762 9.99648E-05 9.99648E-05 0.229288 9.99648E-05
0.531697 0.0461372 9.99649E-05 9.99649E-05 9.99649E-05 0.243128 0.178638 9.99649E-05
9.99559E-05 9.99559E-05 0.0506686 9.99559E-05 9.99559E-05 9.99559E-05 0.623858 0.324974
9.9956E-05 0.0912508 9.9956E-05 0.234536 9.9956E-05 9.9956E-05 9.9956E-05 0.673714
0.474818 9.99563E-05 0.291027 9.99563E-05 0.233655 9.99563E-05 9.99563E-05 9.99563E-05
9.99649E-05 9.99649E-05 9.99649E-05 0.00725727 0.0826258 0.887009 9.99649E-05 0.0227081
0.740137 0.0283195 9.99648E-05 0.0829745 9.99648E-05 0.14817 9.99648E-05 9.99648E-05
9.99475E-05 9.99475E-05 9.99475E-05 0.550372 9.99475E-05 9.99475E-05 9.99475E-05 0.449028
0.719759 9.99563E-05 9.99563E-05 0.176068 9.99563E-05 9.99563E-05 9.99563E-05 0.103674
0.174462 9.9956E-05 9.9956E-05 0.493169 9.9956E-05 0.331869 9.9956E-05 9.9956E-05
0.366731 0.0500068 9.99735E-05 9.99735E-05 0.173724 0.16989 9.99735E-05 0.239348
0.602668 9.99561E-05 0.209875 9.99561E-05 9.99561E-05 9.99561E-05 9.99561E-05 0.186958
9.99649E-05 9.99649E-05 9.99649E-05 0.261793 0.10542 0.282999 0.349388 9.99649E-05
0.126939 9.995E-05 9.995E-05 9.995E-05 0.362834 0.509727 9.995E-05 9.995E-05
9.99562E-05 9.99562E-05 0.0576 0.882303 9.99562E-05 9.99562E-05 0.0595977 9.99562E-05
9.99475E-05 0.124741 9.99475E-05 0.874659 9.99475E-05 9.99475E-05 9.99475E-05 9.99475E-05
0.77939 9.9956E-05 9.9956E-05 9.9956E-05 9.9956E-05 9.9956E-05 0.0519854 0.168125
0.0623869 0.29126 9.99736E-05 9.99736E-05 9.99736E-05 0.280092 0.312895 0.0530661
9.99649E-05 9.99649E-05 0.574102 0.066418 0.0933329 0.265748 9.99649E-05 9.99649E-05
9.99476E-05 9.99476E-05 0.536585 9.99476E-05 9.99476E-05 9.99476E-05 0.462815 9.99476E-05
9.99563E-05 9.99563E-05 0.150671 0.673134 9.99563E-05 0.175695 9.99563E-05 9.99563E-05
9.99561E-05 0.00178702 0.752586 9.99561E-05 9.99561E-05 9.99561E-05 0.245128 9.99561E-05
9.99736E-05 0.291966 0.0555192 0.0254355 9.99736E-05 9.99736E-05 0.31713 0.309649
0.535425 0.293067 9.99649E-05 9.99649E-05 0.0539129 0.117196 9.99649E-05 9.99649E-05
9.99647E-05 0.453342 9.99647E-05 0.0300395 0.00303655 9.99647E-05 9.99647E-05 0.513182
9.99736E-05 9.99736E-05 0.00275434 0.716347 0.146595 9.99736E-05 0.0186254 0.115378
0.179016 9.99653E-05 0.143091 0.6513 9.99653E-05 0.0261932 9.99653E-05 9.99653E-05
9.99648E-05 9.99648E-05 0.141661 9.99648E-05 0.487834 9.99648E-05 0.241718 0.128387
9.99471E-05 9.99471E-05 0.645185 9.99471E-05 9.99471E-05 9.99471E-05 9.99471E-05 0.354215
9.99736E-05 9.99736E-05 0.25698 9.99736E-05 0.33112 0.248374 0.113469 0.0497568
9.99558E-05 9.99558E-05 9.99558E-05 0.690846 9.99558E-05 9.99558E-05 0.253449 0.055205
9.99559E-05 9.99559E-05 9.99559E-05 0.350283 0.111354 0.537864 9.99559E-05 9.99559E-05
0.0604373 0.060817 0.030443 0.124012 0.299175 9.99825E-05 9.99825E-05 0.424916
0.0060961 0.136733 0.316406 9.99649E-05 9.99649E-05 9.99649E-05 9.99649E-05 0.540365
9.995E-05 0.42317 9.995E-05 9.995E-05 0.52917 9.995E-05 0.0471605 9.995E-05
9.99647E-05 0.210943 0.397499 9.99647E-05 9.99647E-05 0.367048 9.99647E-05 0.0241107
9.99564E-05 9.99564E-05 0.248473 9.99564E-05 0.721855 0.0291724 9.99564E-05 9.99564E-05
0.540588 9.99562E-05 0.178768 9.99562E-05 9.99562E-05 9.99562E-05 0.280144 9.99562E-05
9.99565E-05 9.99565E-05 9.99565E-05 0.867014 0.00136123 0.131125 9.99565E-05 9.99565E-05
9.99737E-05 0.0128652 0.233876 0.266218 9.99737E-05 0.178412 0.308329 9.99737E-05
9.99734E-05 0.139131 0.043716 9.99734E-05 0.250775 0.40604 9.99734E-05 0.160039
9.99737E-05 0.0870139 0.0811568 0.365685 9.99737E-05 0.372181 0.093663 9.99737E-05
0.287099 9.99736E-05 0.174888 0.347593 9.99736E-05 9.99736E-05 0.0512866 0.138833
0.102836 0.247651 9.99648E-05 9.99648E-05 9.99648E-05 0.564367 9.99648E-05 0.0847461
0.16728 9.99734E-05 0.00371466 0.506383 9.99734E-05 0.217049 9.99734E-05 0.105274
0.100017 9.99737E-05 9.99737E-05 0.739898 0.0495637 9.99737E-05 0.0760761 0.034145
0.359927 0.140311 9.9965E-05 0.0377446 9.9965E-05 9.9965E-05 9.9965E-05 0.461618
9.99648E-05 0.37054 0.544722 9.99648E-05 0.0391802 9.99648E-05 9.99648E-05 0.045158
0.0129561 9.9965E-05 0.0622306 0.0332944 9.9965E-05 9.9965E-05 9.9965E-05 0.891119
0.269804 0.0771923 0.0297629 0.459515 0.00695925 9.99825E-05 9.99825E-05 0.156566
9.99736E-05 0.150955 0.353445 0.233474 9.99736E-05 9.99736E-05 0.215565 0.0462604
9.99559E-05 9.99559E-05 9.99559E-05 0.50775 9.99559E-05 0.394713 0.0970367 9.99559E-05
0.0462882 9.99647E-05 0.770974 9.99647E-05 9.99647E-05 9.99647E-05 0.0426013 0.139736
0.208412 0.225681 9.99647E-05 0.122034 9.99647E-05 9.99647E-05 9.99647E-05 0.443474
0.697471 9.99474E-05 9.99474E-05 9.99474E-05 9.99474E-05 9.99474E-05 9.99474E-05 0.301929
9.99649E-05 0.000357182 9.99649E-05 0.669934 9.99649E-05 9.99649E-05 0.247542 0.0817671
0.360923 9.99737E-05 0.177243 9.99737E-05 0.0953864 0.337336 9.99737E-05 0.0288115
0.0735644 0.189754 9.99648E-05 0.522484 9.99648E-05 9.99648E-05 0.213797 9.99648E-05
9.99559E-05 9.99559E-05 9.99559E-05 0.751565 0.182548 0.0653872 9.99559E-05 9.99559E-05
0.080849 9.99823E-05 0.0184101 0.207947 0.18675 9.99823E-05 0.169152 0.336693
9.99561E-05 0.845864 9.99561E-05 9.99561E-05 9.99561E-05 9.99561E-05 0.0551041 0.0985326
0.589507 9.9956E-05 9.9956E-05 9.9956E-05 9.9956E-05 0.260686 9.9956E-05 0.149308
9.99561E-05 9.99561E-05 9.99561E-05 9.99561E-05 0.0109794 9.99561E-05 0.264368 0.724153
0.380258 9.9956E-05 9.9956E-05 9.9956E-05 9.9956E-05 0.107143 9.9956E-05 0.512099
0.409612 9.99559E-05 9.99559E-05 9.99559E-05 0.145691 0.444197 9.99559E-05 9.99559E-05
9.99562E-05 9.99562E-05 0.101503 0.237314 9.99562E-05 9.99562E-05 0.660682 9.99562E-05
