0.645737 0.354163 9.99913E-05
0.787333 0.212567 9.99912E-05
0.862488 0.0879567 0.0495551
9.999E-05 0.0682045 0.931696
0.34296 0.65694 9.99913E-05
0.671236 0.282468 0.0462959
9.999E-05 0.341761 0.658139
0.346631 0.259002 0.394367
0.0509956 0.244535 0.70447
0.459967 9.99912E-05 0.539933
0.374127 9.99913E-05 0.625773
0.95116 9.99913E-05 0.0487402
0.531764 9.99912E-05 0.468136
0.593945 9.99912E-05 0.405955
0.7442 0.0160848 0.239715
0.11475 0.179638 0.705611
0.339336 0.256132 0.404532
9.99912E-05 0.875036 0.124864
0.408182 0.40306 0.188759
0.431178 0.376453 0.192369
0.284925 9.99912E-05 0.714975
0.681494 9.99912E-05 0.318406
0.17879 0.468073 0.353138
0.613915 0.385985 9.99912E-05
9.999E-05 9.999E-05 0.9998
0.764987 0.0559911 0.179022
0.554411 0.445489 9.99913E-05
0.302855 0.644338 0.0528068
9.99912E-05 0.209162 0.790738
0.300671 0.0266819 0.672647
9.99912E-05 0.273319 0.726581
0.439487 9.99912E-05 0.560413
9.99913E-05 0.0883262 0.911574
0.820797 9.99912E-05 0.179103
0.9998 9.999E-05 9.999E-05
0.685703 0.126268 0.188029
0.9998 9.999E-05 9.999E-05
9.999E-05 9.999E-05 0.9998
0.878665 9.99913E-05 0.121235
0.283749 0.297654 0.418598
0.702376 9.99912E-05 0.297524
9.999E-05 9.999E-05 0.9998
0.209516 9.99912E-05 0.790384
0.606392 0.0282366 0.365371
0.0327721 0.128241 0.838987
0.755614 9.99913E-05 0.244286
9.999E-05 9.999E-05 0.9998
9.99912E-05 0.100435 0.899465
0.9998 9.999E-05 9.999E-05
0.611106 9.99912E-05 0.388794
0.170551 0.829349 9.99913E-05
9.99912E-05 0.120481 0.879419
0.00874162 0.422501 0.568757
9.999E-05 9.999E-05 0.9998
9.99912E-05 0.698242 0.301658
9.999E-05 9.999E-05 0.9998
0.406221 9.99912E-05 0.593679
0.82886 0.17104 9.99913E-05
9.99913E-05 0.221878 0.778022
0.946784 9.99912E-05 0.0531162
0.349913 0.177859 0.472229
0.905953 9.99913E-05 0.0939467
0.0126595 0.987241 9.99912E-05
0.135763 0.533549 0.330689
0.482495 0.28345 0.234055
0.9998 9.999E-05 9.999E-05
0.571709 0.0532995 0.374992
9.999E-05 9.999E-05 0.9998
0.4406 9.99913E-05 0.5593
0.104058 0.712896 0.183046
0.28586 0.122413 0.591728
0.796799 9.99912E-05 0.203101
0.356898 9.99913E-05 0.643002
9.99914E-05 0.0313021 0.968598
0.237186 0.705747 0.057067
0.374261 0.625639 9.99912E-05
0.574739 0.318431 0.10683
0.132743 9.99913E-05 0.867157
9.999E-05 9.999E-05 0.9998
0.047194 0.266743 0.686063
0.331401 9.99913E-05 0.668499
0.05467 0.285443 0.659887
0.208624 0.791276 9.99912E-05
0.520709 9.99913E-05 0.479191
0.521268 0.478632 9.99912E-05
0.160835 9.99912E-05 0.839065
0.9998 9.999E-05 9.999E-05
9.99912E-05 0.40112 0.59878
0.549845 0.450055 9.99913E-05
0.562575 9.99912E-05 0.437325
0.107764 0.892136 9.99913E-05
0.759329 0.240571 9.99912E-05
0.410613 9.99912E-05 0.589287
0.346855 9.99912E-05 0.653045
0.210469 9.99913E-05 0.789431
0.232413 9.99912E-05 0.767487
0.528569 9.99911E-05 0.471331
9.99912E-05 0.295334 0.704566
9.999E-05 9.999E-05 0.9998
0.745285 0.0156777 0.239037
0.477743 9.99912E-05 0.522157
9.99912E-05 0.106764 0.893136
0.594585 9.99912E-05 0.405315
0.591749 0.408151 9.99912E-05
9.99912E-05 0.937916 0.0619835
0.9998 9.999E-05 9.999E-05
0.891099 9.99913E-05 0.108801
0.0406767 9.99914E-05 0.959223
9.99912E-05 0.1658 0.8341
0.83385 9.99912E-05 0.16605
9.99912E-05 0.180245 0.819655
0.656512 0.343388 9.99911E-05
9.99912E-05 0.055219 0.944681
9.99912E-05 0.00648158 0.993418
0.295351 9.99913E-05 0.704549
0.0450236 9.99912E-05 0.954876
0.146029 9.99913E-05 0.853871
0.661394 9.99912E-05 0.338506
0.279929 9.99912E-05 0.719971
9.999E-05 9.999E-05 0.9998
0.596138 0.236793 0.167069
9.99913E-05 0.185735 0.814165
0.790118 0.0767376 0.133145
0.65673 9.99912E-05 0.34317
0.0519403 9.99913E-05 0.94796
9.99912E-05 0.885357 0.114543
0.492444 0.00503474 0.502521
0.566768 9.99914E-05 0.433132
9.99912E-05 0.782911 0.216989
0.495094 9.99912E-05 0.504806
0.563978 0.282207 0.153816
9.99912E-05 0.0150791 0.984821
0.948396 9.99913E-05 0.051504
0.738855 9.99912E-05 0.261045
0.242474 0.546211 0.211316
0.737931 9.99913E-05 0.261969
9.999E-05 0.9998 9.999E-05
0.17897 0.529535 0.291495
0.000746608 0.148923 0.85033
0.160415 0.0452592 0.794325
9.999E-05 9.999E-05 0.9998
0.826496 0.119572 0.0539327
9.999E-05 9.999E-05 0.9998
0.745369 9.99913E-05 0.254531
0.385937 9.99912E-05 0.613963
0.52109 0.210056 0.268854
9.999E-05 0.9998 9.999E-05
9.99914E-05 0.871744 0.128156
0.470657 9.99912E-05 0.529243
9.999E-05 9.999E-05 0.9998
0.946317 9.99912E-05 0.0535829
0.000303919 0.345741 0.653955
0.77574 0.22416 9.99913E-05
0.448518 0.362017 0.189465
0.161789 9.99912E-05 0.838111
0.9998 9.999E-05 9.999E-05
0.850918 0.0445392 0.104542
0.0455814 9.99912E-05 0.954319
0.685355 9.99912E-05 0.314545
9.99912E-05 0.181128 0.818772
9.99913E-05 0.112241 0.887659
0.0942401 0.722735 0.183025
0.369851 9.99912E-05 0.630049
0.303821 9.99912E-05 0.696079
0.908705 9.99912E-05 0.0911953
0.249166 9.99912E-05 0.750734
0.176164 0.487549 0.336287
0.970764 0.0291364 9.99913E-05
0.298683 0.701217 9.99913E-05
0.634509 0.365391 9.99912E-05
0.482227 0.316033 0.20174
9.999E-05 9.999E-05 0.9998
0.566686 9.99912E-05 0.433214
0.0548167 9.99912E-05 0.945083
0.609075 0.017622 0.373303
9.99912E-05 0.225192 0.774708
0.358586 0.132349 0.509066
0.9998 9.999E-05 9.999E-05
0.562283 9.99912E-05 0.437617
9.999E-05 9.999E-05 0.9998
0.11371 0.790602 0.095688
0.171974 0.827926 9.99914E-05
9.99913E-05 0.117333 0.882567
0.876783 0.123117 9.99912E-05
0.376063 9.99912E-05 0.623837
0.361239 0.489077 0.149684
0.9998 9.999E-05 9.999E-05
0.173931 9.99913E-05 0.825969
9.99912E-05 0.299418 0.700482
0.0644408 0.245741 0.689818
0.4118 9.99912E-05 0.5881
9.999E-05 9.999E-05 0.9998
0.760303 0.239597 9.99912E-05
0.215251 9.99912E-05 0.784649
0.328347 0.0577475 0.613906
9.99912E-05 0.0452739 0.954626
0.35599 9.99912E-05 0.64391
0.23505 9.99912E-05 0.76485
0.0910722 9.99913E-05 0.908828
0.9998 9.999E-05 9.999E-05
0.947258 9.99912E-05 0.0526421
0.38146 0.0532902 0.56525
0.227089 0.102685 0.670226
0.358204 0.641696 9.99912E-05
0.469649 9.99913E-05 0.530251
0.127246 0.448211 0.424543
0.237774 0.312067 0.450159
0.441055 0.131363 0.427582
0.9998 9.999E-05 9.999E-05
0.248162 9.99913E-05 0.751738
0.9998 9.999E-05 9.999E-05
0.669524 0.223314 0.107162
9.99912E-05 0.293798 0.706102
0.554359 0.232736 0.212905
0.605159 9.99913E-05 0.394741
9.99914E-05 0.187929 0.811971
9.999E-05 9.999E-05 0.9998
0.79875 9.99912E-05 0.20115
0.9998 9.999E-05 9.999E-05
0.9998 9.999E-05 9.999E-05
0.539909 9.99912E-05 0.459991
0.694576 0.305324 9.99912E-05
0.142803 9.99912E-05 0.857097
0.53904 0.0256055 0.435354
0.115351 9.99913E-05 0.884549
9.999E-05 9.999E-05 0.9998
0.0902274 0.2773 0.632473
0.616326 9.99913E-05 0.383574
0.459254 9.99912E-05 0.540646
0.0744327 9.99912E-05 0.925467
0.428516 9.99912E-05 0.571384
0.864686 0.135214 9.99913E-05
0.0953893 0.260745 0.643865
0.075452 0.924448 9.99912E-05
9.999E-05 9.999E-05 0.9998
0.0541263 0.00949795 0.936376
0.499974 0.0581591 0.441867
0.496938 0.202022 0.30104
9.999E-05 9.999E-05 0.9998
0.701903 0.297997 9.99912E-05
0.776814 9.99913E-05 0.223086
0.405108 0.28229 0.312602
0.248148 0.279838 0.472015
0.581283 9.99912E-05 0.418617
0.52168 9.99912E-05 0.47822
0.0601314 9.99912E-05 0.939769
9.99913E-05 0.0985568 0.901343
0.0333105 9.99913E-05 0.96659
0.329308 0.363326 0.307365
0.600193 0.399707 9.99912E-05
0.9998 9.999E-05 9.999E-05
9.99912E-05 0.0582471 0.941653
0.27973 9.99913E-05 0.72017
9.999E-05 9.999E-05 0.9998
0.682631 0.0917691 0.2256
0.340528 0.659372 9.99912E-05
9.99913E-05 0.197807 0.802093
0.512379 9.99912E-05 0.487521
0.306585 0.416899 0.276516
0.736879 9.99913E-05 0.263021
0.410984 0.312516 0.2765
