0.435791 0.564109 9.99913E-05
9.999E-05 9.999E-05 0.9998
9.999E-05 0.697925 0.301975
9.999E-05 0.835878 0.164022
9.99912E-05 0.581205 0.418695
9.999E-05 0.10964 0.89026
0.396655 0.525522 0.0778236
9.999E-05 0.580142 0.419758
0.157162 0.842738 9.999E-05
9.99912E-05 0.280679 0.719221
9.999E-05 9.999E-05 0.9998
0.402014 9.99913E-05 0.597886
0.797185 0.0944287 0.108387
9.99913E-05 0.231665 0.768235
9.999E-05 9.999E-05 0.9998
9.99912E-05 0.243288 0.756612
0.725792 9.99912E-05 0.274108
9.999E-05 0.9998 9.999E-05
0.570073 0.429827 9.99912E-05
0.29801 0.419233 0.282757
0.670175 9.99912E-05 0.329725
0.9998 9.999E-05 9.999E-05
0.134711 9.99912E-05 0.865189
0.659662 9.99913E-05 0.340238
0.305844 9.99912E-05 0.694056
9.99913E-05 0.249152 0.750748
0.765274 0.234626 9.99912E-05
0.840132 9.99912E-05 0.159768
0.824843 0.175057 9.99912E-05
0.0942778 0.393283 0.512439
0.938451 0.0614487 9.99912E-05
9.999E-05 0.9998 9.999E-05
0.652116 9.99912E-05 0.347785
9.999E-05 0.9998 9.999E-05
9.999E-05 0.9998 9.999E-05
0.625901 9.99912E-05 0.373999
0.862013 9.99912E-05 0.137887
0.566831 9.99912E-05 0.433069
0.367686 0.236819 0.395495
0.0933106 0.595843 0.310847
0.301477 0.0670425 0.63148
0.320819 0.0268495 0.652332
9.999E-05 0.9998 9.999E-05
0.0890564 9.99912E-05 0.910844
0.102965 0.896935 9.99912E-05
0.537287 0.462613 9.99912E-05
9.99912E-05 0.506189 0.493711
0.969217 0.0306832 9.99912E-05
0.81286 9.99912E-05 0.18704
9.99912E-05 0.248832 0.751068
9.999E-05 0.9998 9.999E-05
0.089974 0.238021 0.672005
0.268469 0.731431 9.99912E-05
0.633899 0.366001 9.99911E-05
9.99912E-05 0.836931 0.162969
0.764068 9.99912E-05 0.235832
0.658643 9.99912E-05 0.341257
0.170063 0.484397 0.34554
9.999E-05 0.9998 9.999E-05
0.145185 0.438004 0.416811
0.576849 0.423051 9.99912E-05
9.99913E-05 0.809982 0.189918
9.99913E-05 0.960794 0.0391063
0.0179556 9.99912E-05 0.981944
9.99913E-05 0.62401 0.37589
0.261383 0.738517 9.99912E-05
9.99913E-05 0.589304 0.410596
0.9998 9.999E-05 9.999E-05
0.196425 0.803475 9.99912E-05
0.251233 0.679789 0.0689782
0.9998 9.999E-05 9.999E-05
0.26972 0.391034 0.339246
0.642336 0.0930187 0.264645
0.962429 0.0374715 9.99913E-05
0.798592 0.201308 9.99912E-05
0.497072 0.502828 9.99913E-05
0.0321127 0.967787 9.99912E-05
0.136831 0.834758 0.0284104
0.431919 9.99912E-05 0.567981
0.126468 0.873432 9.99912E-05
9.99913E-05 0.106428 0.893472
0.496126 0.279855 0.224018
9.999E-05 9.999E-05 0.9998
0.108872 0.827363 0.063765
0.799126 0.200774 9.99912E-05
0.555909 0.443991 9.99912E-05
9.999E-05 9.999E-05 0.9998
0.514904 9.99913E-05 0.484996
0.246864 0.753036 9.99914E-05
0.58654 0.41336 9.99912E-05
0.0791806 0.195141 0.725678
0.657242 0.330588 0.01217
0.927843 0.072057 9.99913E-05
0.157021 0.338904 0.504075
9.999E-05 0.9998 9.999E-05
9.99913E-05 0.970102 0.0297985
0.550635 0.288858 0.160507
9.999E-05 0.9998 9.999E-05
0.779507 9.99912E-05 0.220393
0.23133 9.99912E-05 0.76857
9.99913E-05 0.860355 0.139545
0.122494 0.228542 0.648964
0.9998 9.999E-05 9.999E-05
9.999E-05 0.9998 9.999E-05
0.918502 0.0813978 9.99911E-05
9.999E-05 0.9998 9.999E-05
9.999E-05 9.999E-05 0.9998
9.99913E-05 0.0574461 0.942454
0.303169 0.313086 0.383745
9.999E-05 9.999E-05 0.9998
0.563448 9.99912E-05 0.436452
0.970618 0.0292816 9.99913E-05
0.951972 0.0479282 9.99912E-05
0.248329 0.000661366 0.751009
0.231102 0.768798 9.99914E-05
0.956957 0.0429434 9.99913E-05
0.302701 9.99912E-05 0.697199
0.9998 9.999E-05 9.999E-05
0.168517 0.0947571 0.736726
9.99913E-05 0.798664 0.201236
0.444832 0.116955 0.438213
0.44073 0.55917 9.99912E-05
9.99913E-05 0.645087 0.354813
0.195625 0.324572 0.479804
0.421334 0.578566 9.99912E-05
0.0301222 0.969778 9.99913E-05
0.480045 0.451063 0.0688917
0.0568355 0.669508 0.273656
0.283773 0.469165 0.247062
0.436874 0.250386 0.31274
0.149635 0.416727 0.433638
0.0648922 0.360546 0.574562
0.184816 0.699975 0.115209
0.909151 0.0907492 9.99912E-05
0.548824 9.99912E-05 0.451076
0.688129 9.99912E-05 0.311771
0.971947 0.0279533 9.99912E-05
0.655037 0.344863 9.99913E-05
0.725104 0.274796 9.99911E-05
0.708239 0.291661 9.99912E-05
0.521905 0.477995 9.99912E-05
0.031948 0.945811 0.022241
0.528179 0.21946 0.252361
0.9998 9.999E-05 9.999E-05
0.303315 0.429733 0.266952
0.326441 0.673459 9.99912E-05
0.838241 0.161659 9.99914E-05
0.489376 9.99912E-05 0.510524
0.607982 0.0156045 0.376414
9.99912E-05 0.636157 0.363743
0.290768 9.99912E-05 0.709132
0.542122 0.153513 0.304366
0.534164 9.99913E-05 0.465736
0.862311 9.99912E-05 0.137589
0.639247 0.360653 9.99912E-05
9.99912E-05 0.370675 0.629225
0.487774 9.99913E-05 0.512126
0.964082 0.0183566 0.0175612
0.427572 0.572328 9.99912E-05
0.809263 0.110322 0.0804145
0.430415 0.527569 0.0420164
0.814181 0.128434 0.0573856
0.493195 9.99913E-05 0.506705
0.328291 0.671609 9.99913E-05
0.9998 9.999E-05 9.999E-05
9.999E-05 9.999E-05 0.9998
9.99913E-05 0.781681 0.218219
0.844457 0.155443 9.99912E-05
0.297782 0.702118 9.99912E-05
0.0737095 0.22946 0.696831
0.974616 0.0252838 9.99913E-05
0.510642 0.163434 0.325924
0.722466 0.15027 0.127264
0.397414 0.00859946 0.593987
0.553791 0.222992 0.223217
9.999E-05 0.9998 9.999E-05
0.500253 0.499648 9.99912E-05
0.860375 0.0792632 0.0603617
0.986923 9.99912E-05 0.0129773
9.99912E-05 0.0314706 0.968429
0.9998 9.999E-05 9.999E-05
0.856798 0.0263819 0.11682
0.723268 0.269174 0.00755857
0.0943458 9.99912E-05 0.905554
9.999E-05 0.9998 9.999E-05
0.9998 9.999E-05 9.999E-05
9.99913E-05 0.80876 0.19114
9.99913E-05 0.279625 0.720275
0.164077 0.835823 9.99912E-05
0.9998 9.999E-05 9.999E-05
0.867376 0.132524 9.99913E-05
0.513878 0.0102234 0.475899
0.812963 9.99913E-05 0.186937
0.810863 0.189037 9.99913E-05
0.512669 0.405985 0.0813453
0.752924 0.0197571 0.227319
0.355766 9.99913E-05 0.644134
0.140023 0.20089 0.659087
9.99912E-05 0.3363 0.6636
0.0776509 0.922249 9.99913E-05
0.625244 9.99913E-05 0.374656
0.330185 0.403447 0.266369
0.0869811 0.635391 0.277628
0.0332339 9.99912E-05 0.966666
0.388977 9.99912E-05 0.610923
0.852602 0.147298 9.99912E-05
0.0154098 0.98449 9.99913E-05
0.339353 0.385994 0.274653
0.105505 0.209489 0.685005
9.999E-05 0.9998 9.999E-05
0.309094 9.99913E-05 0.690806
0.299603 9.99913E-05 0.700297
0.856192 0.0105068 0.133301
0.256009 0.743891 9.99912E-05
0.234432 0.765468 9.99912E-05
0.9998 9.999E-05 9.999E-05
9.99913E-05 0.339387 0.660513
0.518299 0.433694 0.0480074
9.999E-05 0.9998 9.999E-05
9.999E-05 0.9998 9.999E-05
0.163136 0.836764 9.99913E-05
0.169275 0.741137 0.0895884
0.149646 0.259573 0.590781
0.651918 9.99912E-05 0.347982
0.809362 9.99911E-05 0.190538
0.838837 0.112215 0.0489479
0.374254 0.533382 0.0923645
9.99912E-05 0.751017 0.248883
0.59255 0.37942 0.0280293
0.9998 9.999E-05 9.999E-05
9.999E-05 0.9998 9.999E-05
0.34876 9.99914E-05 0.65114
0.635311 9.99913E-05 0.364589
0.413676 0.481375 0.104948
0.993338 9.99912E-05 0.00656237
9.99912E-05 0.10917 0.89073
0.287265 0.712635 9.99912E-05
0.786208 0.213692 9.99912E-05
9.99912E-05 0.696891 0.303009
0.435968 0.453727 0.110305
0.246088 0.595125 0.158788
0.648737 0.258845 0.0924183
0.553801 0.156726 0.289473
0.535782 9.99912E-05 0.464118
0.574687 0.0581425 0.367171
0.665339 9.99912E-05 0.334561
0.579425 0.420475 9.99912E-05
9.999E-05 0.9998 9.999E-05
0.274517 0.646733 0.0787498
0.244815 0.346229 0.408956
0.9998 9.999E-05 9.999E-05
0.798667 0.201233 9.99913E-05
9.999E-05 9.999E-05 0.9998
9.99912E-05 0.735923 0.263977
0.9998 9.999E-05 9.999E-05
0.0306878 9.99912E-05 0.969212
9.99912E-05 0.217246 0.782654
0.156201 0.843699 9.99913E-05
9.99913E-05 0.497156 0.502744
0.310066 0.689834 9.99912E-05
9.999E-05 9.999E-05 0.9998
