0.171736 9.99551E-05 9.99551E-05 9.99551E-05 9.99551E-05 9.99551E-05 0.793757 0.0340069
9.9946E-05 9.9946E-05 9.9946E-05 9.9946E-05 0.0933591 9.9946E-05 0.906041 9.9946E-05
0.527409 0.0484207 9.9964E-05 9.9964E-05 9.9964E-05 9.9964E-05 0.366033 0.0577377
9.99551E-05 9.99551E-05 0.0479908 9.99551E-05 0.951269 9.99551E-05 0.0002404 9.99551E-05
9.9946E-05 0.0207952 9.9946E-05 0.978605 9.9946E-05 9.9946E-05 9.9946E-05 9.9946E-05
0.0146363 9.9964E-05 0.724659 9.9964E-05 9.9964E-05 9.9964E-05 0.249509 0.0107957
0.505253 9.9964E-05 9.9964E-05 0.146665 0.20213 0.145553 9.9964E-05 9.9964E-05
0.0299759 0.33875 9.99551E-05 9.99551E-05 9.99551E-05 9.99551E-05 0.630775 9.99551E-05
9.99461E-05 9.99461E-05 0.366579 9.99461E-05 9.99461E-05 9.99461E-05 9.99461E-05 0.632822
9.994E-05 9.994E-05 9.994E-05 0.9993 9.994E-05 9.994E-05 9.994E-05 9.994E-05
0.30353 9.99462E-05 9.99462E-05 0.69587 9.99462E-05 9.99462E-05 9.99462E-05 9.99462E-05
9.9955E-05 0.825733 9.9955E-05 9.9955E-05 9.9955E-05 0.0147656 0.159002 9.9955E-05
0.123048 9.99731E-05 9.99731E-05 0.479263 9.99731E-05 0.212243 0.0928857 0.0922603
0.613605 9.99551E-05 9.99551E-05 0.124571 0.261325 9.99551E-05 9.99551E-05 9.99551E-05
9.99551E-05 9.99551E-05 0.0353822 0.849947 9.99551E-05 9.99551E-05 9.99551E-05 0.114171
9.994E-05 9.994E-05 9.994E-05 9.994E-05 9.994E-05 0.9993 9.994E-05 9.994E-05
9.99461E-05 0.98043 9.99461E-05 9.99461E-05 0.0189707 9.99461E-05 9.99461E-05 9.99461E-05
0.102318 9.9964E-05 0.244139 0.212068 9.9964E-05 0.441076 9.9964E-05 9.9964E-05
9.9946E-05 9.9946E-05 0.869998 9.9946E-05 9.9946E-05 9.9946E-05 0.129403 9.9946E-05
9.994E-05 9.994E-05 9.994E-05 9.994E-05 9.994E-05 9.994E-05 9.994E-05 0.9993
9.99641E-05 9.99641E-05 9.99641E-05 9.99641E-05 0.00832317 0.76314 0.0151202 0.213017
9.996E-05 0.269494 0.237538 9.996E-05 9.996E-05 0.453058 9.996E-05 0.039509
9.99551E-05 9.99551E-05 9.99551E-05 0.0274118 9.99551E-05 0.930809 9.99551E-05 0.0412794
0.00290154 9.9955E-05 9.9955E-05 9.9955E-05 0.786522 9.9955E-05 9.9955E-05 0.210077
0.857132 9.99641E-05 0.0890277 9.99641E-05 0.0508015 0.00263865 9.99641E-05 9.99641E-05
9.9964E-05 0.0146283 9.9964E-05 0.600831 9.9964E-05 0.125447 9.9964E-05 0.258694
9.994E-05 9.994E-05 9.994E-05 9.994E-05 0.9993 9.994E-05 9.994E-05 9.994E-05
0.0272413 9.99731E-05 0.631926 0.242705 0.0748076 0.0230203 9.99731E-05 9.99731E-05
9.994E-05 9.994E-05 9.994E-05 9.994E-05 9.994E-05 9.994E-05 0.9993 9.994E-05
9.99552E-05 0.342659 0.595659 9.99552E-05 0.061183 9.99552E-05 9.99552E-05 9.99552E-05
0.9993 9.994E-05 9.994E-05 9.994E-05 9.994E-05 9.994E-05 9.994E-05 9.994E-05
0.9993 9.994E-05 9.994E-05 9.994E-05 9.994E-05 9.994E-05 9.994E-05 9.994E-05
0.241044 9.9955E-05 9.9955E-05 0.682609 0.0758474 9.9955E-05 9.9955E-05 9.9955E-05
0.0337719 9.99641E-05 0.919586 9.99641E-05 0.0142833 0.0319585 9.99641E-05 9.99641E-05
9.9946E-05 0.440967 9.9946E-05 9.9946E-05 0.558433 9.9946E-05 9.9946E-05 9.9946E-05
9.9964E-05 9.9964E-05 0.0356597 9.9964E-05 9.9964E-05 0.795295 0.0351811 0.133465
9.9955E-05 9.9955E-05 0.787771 9.9955E-05 9.9955E-05 9.9955E-05 0.0631857 0.148543
0.0456308 9.9955E-05 0.832748 9.9955E-05 9.9955E-05 9.9955E-05 9.9955E-05 0.121122
0.387213 9.99641E-05 0.0845863 0.379618 9.99641E-05 9.99641E-05 0.148183 9.99641E-05
9.99551E-05 0.0709477 0.740734 9.99551E-05 0.187818 9.99551E-05 9.99551E-05 9.99551E-05
9.994E-05 0.403965 0.595436 9.994E-05 9.994E-05 9.994E-05 9.994E-05 9.994E-05
9.994E-05 0.9993 9.994E-05 9.994E-05 9.994E-05 9.994E-05 9.994E-05 9.994E-05
9.99461E-05 9.99461E-05 9.99461E-05 0.0621664 9.99461E-05 9.99461E-05 9.99461E-05 0.937234
0.97797 0.0190393 9.99551E-05 9.99551E-05 9.99551E-05 9.99551E-05 0.00249062 9.99551E-05
9.99551E-05 9.99551E-05 9.99551E-05 0.750888 9.99551E-05 0.0560904 9.99551E-05 0.192522
0.00240291 0.780677 9.99731E-05 9.99731E-05 0.0747109 9.99731E-05 0.0530297 0.0888796
9.9955E-05 9.9955E-05 0.155097 9.9955E-05 9.9955E-05 0.0109768 9.9955E-05 0.833426
9.99462E-05 9.99462E-05 0.821429 9.99462E-05 9.99462E-05 0.177971 9.99462E-05 9.99462E-05
9.99551E-05 9.99551E-05 9.99551E-05 0.409005 9.99551E-05 0.501088 0.0894067 9.99551E-05
9.99551E-05 0.00874807 0.230131 9.99551E-05 9.99551E-05 0.760621 9.99551E-05 9.99551E-05
