0.0312917 9.99551E-05 0.230874 9.99551E-05 0.737335 9.99551E-05 9.99551E-05 9.99551E-05
9.9946E-05 9.9946E-05 9.9946E-05 9.9946E-05 0.979725 0.0196758 9.9946E-05 9.9946E-05
9.99461E-05 9.99461E-05 0.624923 9.99461E-05 0.374477 9.99461E-05 9.99461E-05 9.99461E-05
9.99641E-05 0.0262538 0.0168936 0.930712 9.99641E-05 9.99641E-05 0.0257412 9.99641E-05
0.762265 0.0895359 0.113147 0.0346521 9.9964E-05 9.9964E-05 9.9964E-05 9.9964E-05
0.00362573 9.9973E-05 0.0660923 9.9973E-05 0.152952 0.724637 9.9973E-05 0.0523931
9.9964E-05 0.42971 0.293038 0.00808509 9.9964E-05 9.9964E-05 9.9964E-05 0.268767
9.99551E-05 9.99551E-05 0.0663046 0.230281 0.702915 9.99551E-05 9.99551E-05 9.99551E-05
9.99461E-05 9.99461E-05 9.99461E-05 9.99461E-05 9.99461E-05 0.333085 9.99461E-05 0.666316
0.328538 0.670862 9.9946E-05 9.9946E-05 9.9946E-05 9.9946E-05 9.9946E-05 9.9946E-05
9.994E-05 0.9993 9.994E-05 9.994E-05 9.994E-05 9.994E-05 9.994E-05 9.994E-05
9.9955E-05 9.9955E-05 9.9955E-05 0.326861 0.574094 0.0985452 9.9955E-05 9.9955E-05
0.577302 9.9964E-05 0.226782 9.9964E-05 0.000874627 9.9964E-05 9.9964E-05 0.194641
0.142141 0.111371 0.605552 0.138673 9.99731E-05 0.00196317 9.99731E-05 9.99731E-05
0.9993 9.994E-05 9.994E-05 9.994E-05 9.994E-05 9.994E-05 9.994E-05 9.994E-05
9.994E-05 9.994E-05 9.994E-05 9.994E-05 9.994E-05 9.994E-05 9.994E-05 0.9993
9.99461E-05 9.99461E-05 9.99461E-05 0.879219 0.120182 9.99461E-05 9.99461E-05 9.99461E-05
0.0599415 0.259277 0.0115917 9.9973E-05 9.9973E-05 0.10971 9.9973E-05 0.55918
9.994E-05 9.994E-05 9.994E-05 9.994E-05 9.994E-05 0.9993 9.994E-05 9.994E-05
9.994E-05 9.994E-05 9.994E-05 9.994E-05 9.994E-05 9.994E-05 0.9993 9.994E-05
0.00792918 9.99731E-05 9.99731E-05 0.0225269 0.0134413 9.99731E-05 0.598106 0.357696
9.9946E-05 9.9946E-05 9.9946E-05 0.239401 9.9946E-05 9.9946E-05 9.9946E-05 0.759999
0.190842 9.9973E-05 0.011284 9.9973E-05 0.0735481 9.9973E-05 0.239026 0.485
9.9964E-05 0.109115 0.101546 0.410845 9.9964E-05 9.9964E-05 0.378094 9.9964E-05
9.99641E-05 9.99641E-05 0.960575 0.000393751 9.99641E-05 0.0183908 0.0202402 9.99641E-05
0.807349 9.9964E-05 0.00124111 9.9964E-05 9.9964E-05 9.9964E-05 0.14873 0.0422806
9.99461E-05 9.99461E-05 0.167915 0.831486 9.99461E-05 9.99461E-05 9.99461E-05 9.99461E-05
0.188332 9.996E-05 9.996E-05 0.364721 9.996E-05 0.12257 9.996E-05 0.323977
9.994E-05 9.994E-05 9.994E-05 9.994E-05 0.9993 9.994E-05 9.994E-05 9.994E-05
9.99552E-05 9.99552E-05 9.99552E-05 0.509398 9.99552E-05 0.477269 0.0128332 9.99552E-05
9.99461E-05 0.338817 0.660583 9.99461E-05 9.99461E-05 9.99461E-05 9.99461E-05 9.99461E-05
9.994E-05 9.994E-05 0.9993 9.994E-05 9.994E-05 9.994E-05 9.994E-05 9.994E-05
0.144058 0.791725 0.0637171 9.9955E-05 9.9955E-05 9.9955E-05 9.9955E-05 9.9955E-05
9.99461E-05 9.99461E-05 0.0906414 9.99461E-05 9.99461E-05 0.908759 9.99461E-05 9.99461E-05
9.994E-05 9.994E-05 9.994E-05 0.9993 9.994E-05 9.994E-05 9.994E-05 9.994E-05
9.9964E-05 9.9964E-05 9.9964E-05 9.9964E-05 0.0529944 0.0111033 0.586341 0.349161
9.99641E-05 9.99641E-05 9.99641E-05 9.99641E-05 0.00589944 0.792795 0.00197793 0.198928
9.9973E-05 0.0309473 0.00533339 9.9973E-05 9.9973E-05 0.866157 0.0514765 0.0457862
9.99641E-05 0.838799 9.99641E-05 0.0336006 0.097301 0.0298997 9.99641E-05 9.99641E-05
0.0117224 9.99641E-05 9.99641E-05 0.246168 9.99641E-05 0.691912 0.0497978 9.99641E-05
9.9946E-05 9.9946E-05 9.9946E-05 0.311676 9.9946E-05 0.687724 9.9946E-05 9.9946E-05
9.995E-05 9.995E-05 9.995E-05 0.526857 0.405832 0.0668116 9.995E-05 9.995E-05
9.994E-05 9.994E-05 9.994E-05 9.994E-05 9.994E-05 9.994E-05 0.9993 9.994E-05
9.994E-05 9.994E-05 0.9993 9.994E-05 9.994E-05 9.994E-05 9.994E-05 9.994E-05
0.978389 9.99461E-05 9.99461E-05 9.99461E-05 9.99461E-05 9.99461E-05 0.0210118 9.99461E-05
9.99551E-05 9.99551E-05 9.99551E-05 0.278077 0.697051 9.99551E-05 9.99551E-05 0.0243722
9.9964E-05 9.9964E-05 9.9964E-05 9.9964E-05 0.0271703 0.203151 0.30583 0.463448
9.99462E-05 9.99462E-05 9.99462E-05 9.99462E-05 9.99462E-05 0.801312 9.99462E-05 0.198088
0.749712 9.99641E-05 9.99641E-05 0.0028457 0.0656958 9.99641E-05 0.181347 9.99641E-05
9.99551E-05 0.0359449 9.99551E-05 9.99551E-05 9.99551E-05 0.163539 0.800017 9.99551E-05
