9.99641E-05 9.99641E-05 9.99641E-05 0.693318 0.222576 9.99641E-05 0.0369069 0.0467998
9.99551E-05 9.99551E-05 9.99551E-05 0.786696 9.99551E-05 0.173651 0.0391531 9.99551E-05
9.99551E-05 9.99551E-05 9.99551E-05 0.403418 0.56611 9.99551E-05 0.0299729 9.99551E-05
9.994E-05 9.994E-05 9.994E-05 9.994E-05 9.994E-05 0.9993 9.994E-05 9.994E-05
9.9955E-05 0.906564 9.9955E-05 9.9955E-05 0.0349373 0.0579988 9.9955E-05 9.9955E-05
0.883688 9.99551E-05 9.99551E-05 0.0138439 0.101968 9.99551E-05 9.99551E-05 9.99551E-05
9.9955E-05 9.9955E-05 0.842252 9.9955E-05 9.9955E-05 0.134225 0.0230227 9.9955E-05
9.99551E-05 9.99551E-05 0.029801 0.915284 0.0544156 9.99551E-05 9.99551E-05 9.99551E-05
0.484826 9.99461E-05 9.99461E-05 9.99461E-05 9.99461E-05 9.99461E-05 0.514574 9.99461E-05
9.99461E-05 0.729033 0.270367 9.99461E-05 9.99461E-05 9.99461E-05 9.99461E-05 9.99461E-05
9.994E-05 9.994E-05 0.9993 9.994E-05 9.994E-05 9.994E-05 9.994E-05 9.994E-05
0.0491197 9.99461E-05 9.99461E-05 0.950281 9.99461E-05 9.99461E-05 9.99461E-05 9.99461E-05
0.0243796 9.9964E-05 0.0430117 9.9964E-05 0.129733 9.9964E-05 9.9964E-05 0.802475
9.996E-05 0.0949853 0.193788 9.996E-05 0.449871 0.260956 9.996E-05 9.996E-05
9.994E-05 0.9993 9.994E-05 9.994E-05 9.994E-05 9.994E-05 9.994E-05 9.994E-05
9.99462E-05 9.99462E-05 9.99462E-05 9.99462E-05 0.105829 9.99462E-05 0.893571 9.99462E-05
0.163496 0.00136007 9.99641E-05 0.574335 9.99641E-05 0.260409 9.99641E-05 9.99641E-05
0.228214 0.155525 0.298552 9.9964E-05 9.9964E-05 9.9964E-05 0.317309 9.9964E-05
0.974458 9.99461E-05 9.99461E-05 0.0249423 9.99461E-05 9.99461E-05 9.99461E-05 9.99461E-05
9.99552E-05 0.0129703 9.99552E-05 9.99552E-05 9.99552E-05 0.0062741 0.980256 9.99552E-05
0.119337 9.99731E-05 9.99731E-05 0.0147155 0.0077726 9.99731E-05 0.687732 0.170143
0.53168 0.0514678 0.0624916 0.044755 9.99731E-05 9.99731E-05 0.309306 9.99731E-05
0.0246842 0.100148 9.9973E-05 9.9973E-05 0.0572002 9.9973E-05 0.596984 0.220684
9.9955E-05 9.9955E-05 0.075298 9.9955E-05 9.9955E-05 0.755884 0.168318 9.9955E-05
0.0175861 9.99551E-05 9.99551E-05 9.99551E-05 0.972813 9.99551E-05 9.99551E-05 0.0091012
9.99461E-05 0.847761 9.99461E-05 9.99461E-05 9.99461E-05 9.99461E-05 0.151639 9.99461E-05
9.994E-05 9.994E-05 9.994E-05 9.994E-05 9.994E-05 0.9993 9.994E-05 9.994E-05
0.446867 9.99551E-05 9.99551E-05 9.99551E-05 9.99551E-05 0.100167 9.99551E-05 0.452467
9.99463E-05 9.99463E-05 9.99463E-05 0.972091 9.99463E-05 9.99463E-05 0.0273095 9.99463E-05
0.636544 9.99641E-05 9.99641E-05 0.259839 9.99641E-05 0.0818596 9.99641E-05 0.0213578
9.99551E-05 9.99551E-05 0.549828 0.00537679 0.444296 9.99551E-05 9.99551E-05 9.99551E-05
9.99461E-05 0.036934 9.99461E-05 9.99461E-05 0.962466 9.99461E-05 9.99461E-05 9.99461E-05
9.9973E-05 0.113791 0.636824 9.9973E-05 0.0881125 0.0113072 9.9973E-05 0.149665
0.911833 9.99461E-05 9.99461E-05 9.99461E-05 0.087567 9.99461E-05 9.99461E-05 9.99461E-05
0.0319604 9.9955E-05 9.9955E-05 0.232911 9.9955E-05 0.734629 9.9955E-05 9.9955E-05
0.0133158 9.99551E-05 9.99551E-05 0.00302855 9.99551E-05 9.99551E-05 0.983156 9.99551E-05
0.7769 9.9946E-05 9.9946E-05 9.9946E-05 9.9946E-05 9.9946E-05 0.2225 9.9946E-05
0.926271 9.99551E-05 9.99551E-05 9.99551E-05 0.0534289 9.99551E-05 9.99551E-05 0.0198001
0.0239624 9.99551E-05 0.844381 0.131157 9.99551E-05 9.99551E-05 9.99551E-05 9.99551E-05
0.712025 0.0385198 9.99551E-05 9.99551E-05 9.99551E-05 0.248955 9.99551E-05 9.99551E-05
0.696122 9.9946E-05 9.9946E-05 0.303278 9.9946E-05 9.9946E-05 9.9946E-05 9.9946E-05
0.168219 9.99461E-05 9.99461E-05 0.831181 9.99461E-05 9.99461E-05 9.99461E-05 9.99461E-05
9.99551E-05 0.0843639 9.99551E-05 9.99551E-05 9.99551E-05 9.99551E-05 0.760934 0.154203
9.994E-05 9.994E-05 9.994E-05 9.994E-05 0.9993 9.994E-05 9.994E-05 9.994E-05
9.99461E-05 0.0338019 9.99461E-05 9.99461E-05 9.99461E-05 9.99461E-05 9.99461E-05 0.965598
9.99551E-05 9.99551E-05 9.99551E-05 0.895101 9.99551E-05 0.0889248 0.015474 9.99551E-05
0.116604 9.99461E-05 9.99461E-05 9.99461E-05 9.99461E-05 9.99461E-05 0.882796 9.99461E-05
0.88016 9.99462E-05 9.99462E-05 9.99462E-05 9.99462E-05 9.99462E-05 0.11924 9.99462E-05
9.994E-05 9.994E-05 9.994E-05 9.994E-05 9.994E-05 9.994E-05 9.994E-05 0.9993
0.233375 0.0395464 0.00586487 9.99731E-05 9.99731E-05 0.0120072 0.708907 9.99731E-05
