0.157142 9.9955E-05 9.9955E-05 0.552545 9.9955E-05 9.9955E-05 0.289813 9.9955E-05
9.9955E-05 9.9955E-05 0.00988843 0.964422 0.0251894 9.9955E-05 9.9955E-05 9.9955E-05
0.00828765 9.99551E-05 9.99551E-05 0.443379 9.99551E-05 9.99551E-05 0.547834 9.99551E-05
9.99552E-05 9.99552E-05 0.128496 9.99552E-05 0.802226 9.99552E-05 9.99552E-05 0.0687782
9.9964E-05 0.822012 9.9964E-05 9.9964E-05 0.0637992 9.9964E-05 0.101046 0.0127424
9.9955E-05 9.9955E-05 0.825206 0.125588 9.9955E-05 9.9955E-05 0.0487063 9.9955E-05
9.9964E-05 9.9964E-05 0.00341536 0.0523296 9.9964E-05 0.105912 9.9964E-05 0.837943
9.99551E-05 9.99551E-05 9.99551E-05 0.917936 0.0721899 9.99551E-05 0.00937391 9.99551E-05
0.367731 9.99551E-05 0.564772 9.99551E-05 9.99551E-05 0.066998 9.99551E-05 9.99551E-05
9.99461E-05 0.449592 9.99461E-05 9.99461E-05 9.99461E-05 9.99461E-05 9.99461E-05 0.549809
9.994E-05 9.994E-05 9.994E-05 9.994E-05 9.994E-05 9.994E-05 9.994E-05 0.9993
9.9955E-05 9.9955E-05 0.0457782 0.501551 0.452171 9.9955E-05 9.9955E-05 9.9955E-05
9.9982E-05 0.616232 0.150651 0.0171233 9.9982E-05 0.0829712 0.112762 0.0200604
9.99641E-05 9.99641E-05 9.99641E-05 9.99641E-05 0.12802 0.0125359 0.472897 0.386147
9.99461E-05 0.998026 0.00137463 9.99461E-05 9.99461E-05 9.99461E-05 9.99461E-05 9.99461E-05
9.994E-05 9.994E-05 9.994E-05 9.994E-05 9.994E-05 0.9993 9.994E-05 9.994E-05
9.99461E-05 9.99461E-05 9.99461E-05 0.00183077 0.99757 9.99461E-05 9.99461E-05 9.99461E-05
9.9955E-05 9.9955E-05 0.0782954 9.9955E-05 9.9955E-05 0.686139 9.9955E-05 0.235066
9.9946E-05 9.9946E-05 0.959208 0.0401923 9.9946E-05 9.9946E-05 9.9946E-05 9.9946E-05
0.9993 9.994E-05 9.994E-05 9.994E-05 9.994E-05 9.994E-05 9.994E-05 9.994E-05
0.0541845 9.99558E-05 9.99558E-05 9.99558E-05 0.00348147 0.941834 9.99558E-05 9.99558E-05
9.99551E-05 9.99551E-05 0.144363 9.99551E-05 0.320908 0.534229 9.99551E-05 9.99551E-05
0.146681 0.147462 9.99551E-05 9.99551E-05 9.99551E-05 0.705357 9.99551E-05 9.99551E-05
0.268431 9.9955E-05 9.9955E-05 9.9955E-05 0.521352 9.9955E-05 9.9955E-05 0.209718
9.9964E-05 9.9964E-05 0.034211 9.9964E-05 0.0119898 0.0589025 0.894497 9.9964E-05
0.137871 0.83035 9.9964E-05 9.9964E-05 9.9964E-05 0.0128193 0.0185603 9.9964E-05
0.0143637 9.99551E-05 9.99551E-05 9.99551E-05 0.741921 9.99551E-05 0.243215 9.99551E-05
9.99731E-05 0.339805 0.438268 9.99731E-05 0.168714 0.0473569 0.00555696 9.99731E-05
9.994E-05 9.994E-05 9.994E-05 0.9993 9.994E-05 9.994E-05 9.994E-05 9.994E-05
0.0759501 9.99552E-05 0.393233 9.99552E-05 0.530317 9.99552E-05 9.99552E-05 9.99552E-05
9.9946E-05 9.9946E-05 9.9946E-05 9.9946E-05 9.9946E-05 9.9946E-05 0.738415 0.260985
9.994E-05 9.994E-05 9.994E-05 9.994E-05 9.994E-05 9.994E-05 0.9993 9.994E-05
9.9955E-05 0.141709 9.9955E-05 9.9955E-05 9.9955E-05 9.9955E-05 0.0178958 0.839895
9.99551E-05 9.99551E-05 0.892444 9.99551E-05 9.99551E-05 0.0308515 0.0762046 9.99551E-05
9.994E-05 9.994E-05 9.994E-05 9.994E-05 0.9993 9.994E-05 9.994E-05 9.994E-05
0.239571 9.9964E-05 0.0391992 9.9964E-05 9.9964E-05 0.717282 0.00354756 9.9964E-05
0.148305 9.99551E-05 0.785502 9.99551E-05 9.99551E-05 0.0656941 9.99551E-05 9.99551E-05
0.0299842 9.9982E-05 0.842461 9.9982E-05 0.0418236 0.0253782 0.00739117 0.0527616
9.99551E-05 9.99551E-05 0.0966526 0.174702 9.99551E-05 9.99551E-05 9.99551E-05 0.728146
9.995E-05 0.144534 0.612618 9.995E-05 0.242349 9.995E-05 9.995E-05 9.995E-05
9.9946E-05 9.9946E-05 0.655073 9.9946E-05 0.344328 9.9946E-05 9.9946E-05 9.9946E-05
9.99461E-05 9.99461E-05 9.99461E-05 0.162243 0.837158 9.99461E-05 9.99461E-05 9.99461E-05
0.9993 9.994E-05 9.994E-05 9.994E-05 9.994E-05 9.994E-05 9.994E-05 9.994E-05
9.99461E-05 9.99461E-05 9.99461E-05 0.0491428 9.99461E-05 9.99461E-05 0.950257 9.99461E-05
0.0851923 0.914208 9.99461E-05 9.99461E-05 9.99461E-05 9.99461E-05 9.99461E-05 9.99461E-05
9.99461E-05 9.99461E-05 9.99461E-05 0.480115 0.519285 9.99461E-05 9.99461E-05 9.99461E-05
0.448715 9.9955E-05 0.287973 9.9955E-05 9.9955E-05 0.262813 9.9955E-05 9.9955E-05
9.99551E-05 0.0121908 0.854655 9.99551E-05 9.99551E-05 0.132655 9.99551E-05 9.99551E-05
0.0209809 0.837964 0.00413006 0.136525 9.99641E-05 9.99641E-05 9.99641E-05 9.99641E-05
9.99641E-05 9.99641E-05 0.242678 9.99641E-05 0.014368 0.724836 9.99641E-05 0.0177184
