9.99461E-05 0.156373 9.99461E-05 0.13184 9.99461E-05 9.99461E-05 9.99461E-05 0.711188 9.99461E-05
9.99461E-05 9.99461E-05 0.195061 9.99461E-05 0.0370049 9.99461E-05 9.99461E-05 0.767334 9.99461E-05
9.99461E-05 9.99461E-05 9.99461E-05 0.597401 9.99461E-05 9.99461E-05 0.00361577 0.398383 9.99461E-05
9.99372E-05 9.99372E-05 0.997132 9.99372E-05 9.99372E-05 9.99372E-05 9.99372E-05 9.99372E-05 0.00216883
0.898255 0.0168327 0.0643126 0.0200999 9.9955E-05 9.9955E-05 9.9955E-05 9.9955E-05 9.9955E-05
9.995E-05 9.995E-05 9.995E-05 0.129012 0.014388 0.0296532 9.995E-05 9.995E-05 0.826447
9.9955E-05 0.162749 0.0916309 9.9955E-05 0.0644811 0.680639 9.9955E-05 9.9955E-05 9.9955E-05
9.99551E-05 9.99551E-05 0.0199428 0.0575499 9.99551E-05 0.058239 9.99551E-05 0.863769 9.99551E-05
9.99372E-05 9.99372E-05 9.99372E-05 9.99372E-05 0.52587 9.99372E-05 9.99372E-05 9.99372E-05 0.47343
0.545747 9.9937E-05 9.9937E-05 9.9937E-05 9.9937E-05 0.453554 9.9937E-05 9.9937E-05 9.9937E-05
9.993E-05 9.993E-05 9.993E-05 9.993E-05 9.993E-05 0.999201 9.993E-05 9.993E-05 9.993E-05
9.9946E-05 9.9946E-05 0.0601381 9.9946E-05 9.9946E-05 9.9946E-05 9.9946E-05 0.797699 0.141563
0.305505 0.125728 9.9982E-05 0.0766389 0.22278 0.208901 0.045138 0.0151093 9.9982E-05
9.993E-05 0.999201 9.993E-05 9.993E-05 9.993E-05 9.993E-05 9.993E-05 9.993E-05 9.993E-05
0.999201 9.993E-05 9.993E-05 9.993E-05 9.993E-05 9.993E-05 9.993E-05 9.993E-05 9.993E-05
9.993E-05 9.993E-05 9.993E-05 9.993E-05 0.999201 9.993E-05 9.993E-05 9.993E-05 9.993E-05
9.99461E-05 9.99461E-05 0.259415 9.99461E-05 9.99461E-05 9.99461E-05 9.99461E-05 0.634969 0.105016
0.124609 9.9955E-05 9.9955E-05 9.9955E-05 0.458859 0.274777 9.9955E-05 9.9955E-05 0.141256
9.99371E-05 9.99371E-05 9.99371E-05 9.99371E-05 9.99371E-05 9.99371E-05 9.99371E-05 0.0630438 0.936257
9.993E-05 9.993E-05 9.993E-05 9.993E-05 9.993E-05 9.993E-05 0.999201 9.993E-05 9.993E-05
9.99551E-05 0.0454317 9.99551E-05 9.99551E-05 0.158311 9.99551E-05 0.760126 0.0356313 9.99551E-05
9.99551E-05 9.99551E-05 0.0724274 9.99551E-05 0.587228 9.99551E-05 9.99551E-05 0.055434 0.28441
0.150897 9.99551E-05 9.99551E-05 0.000156234 0.764356 9.99551E-05 0.0840911 9.99551E-05 9.99551E-05
9.9946E-05 9.9946E-05 0.660797 9.9946E-05 9.9946E-05 0.0992746 0.239328 9.9946E-05 9.9946E-05
9.995E-05 9.995E-05 0.0205267 0.946769 9.995E-05 9.995E-05 0.0117272 9.995E-05 0.020477
0.806389 9.99461E-05 9.99461E-05 9.99461E-05 0.0469624 9.99461E-05 0.146049 9.99461E-05 9.99461E-05
9.993E-05 9.993E-05 0.940188 0.059112 9.993E-05 9.993E-05 9.993E-05 9.993E-05 9.993E-05
9.9955E-05 0.518568 9.9955E-05 9.9955E-05 0.0320277 9.9955E-05 0.0676171 9.9955E-05 0.381288
9.993E-05 9.993E-05 9.993E-05 9.993E-05 9.993E-05 9.993E-05 9.993E-05 0.999201 9.993E-05
9.99641E-05 0.0726227 0.082566 9.99641E-05 9.99641E-05 9.99641E-05 0.00129306 0.249698 0.59342
9.9955E-05 0.127635 9.9955E-05 0.552074 9.9955E-05 0.308547 9.9955E-05 0.0112442 9.9955E-05
9.993E-05 9.993E-05 9.993E-05 0.999201 9.993E-05 9.993E-05 9.993E-05 9.993E-05 9.993E-05
0.132897 0.203333 9.9955E-05 0.0373157 9.9955E-05 0.625954 9.9955E-05 9.9955E-05 9.9955E-05
9.99551E-05 9.99551E-05 0.0143739 0.0507671 0.139595 9.99551E-05 9.99551E-05 9.99551E-05 0.794764
9.99371E-05 9.99371E-05 0.883026 9.99371E-05 9.99371E-05 9.99371E-05 9.99371E-05 0.116275 9.99371E-05
9.99371E-05 9.99371E-05 9.99371E-05 9.99371E-05 0.973638 9.99371E-05 0.0256621 9.99371E-05 9.99371E-05
9.99461E-05 9.99461E-05 9.99461E-05 9.99461E-05 0.213812 9.99461E-05 0.0519307 9.99461E-05 0.733657
9.9964E-05 0.00151847 9.9964E-05 0.0550686 0.0622363 0.0210898 9.9964E-05 9.9964E-05 0.859687
9.99461E-05 9.99461E-05 9.99461E-05 9.99461E-05 9.99461E-05 0.889262 9.99461E-05 0.042809 0.0673298
0.0137428 9.99551E-05 0.0667086 9.99551E-05 9.99551E-05 9.99551E-05 0.0448722 9.99551E-05 0.874177
9.9937E-05 9.9937E-05 9.9937E-05 9.9937E-05 9.9937E-05 9.9937E-05 9.9937E-05 0.202022 0.797278
0.0300811 0.000179418 9.9955E-05 9.9955E-05 9.9955E-05 9.9955E-05 9.9955E-05 0.798052 0.171187
0.0428124 9.99371E-05 9.99371E-05 9.99371E-05 9.99371E-05 9.99371E-05 0.956488 9.99371E-05 9.99371E-05
9.99371E-05 0.00941773 9.99371E-05 0.989883 9.99371E-05 9.99371E-05 9.99371E-05 9.99371E-05 9.99371E-05
0.754868 0.0887103 9.99461E-05 9.99461E-05 9.99461E-05 9.99461E-05 0.155822 9.99461E-05 9.99461E-05
9.99462E-05 9.99462E-05 0.0941386 9.99462E-05 0.0449064 9.99462E-05 9.99462E-05 0.860355 9.99462E-05
9.99461E-05 9.99461E-05 9.99461E-05 9.99461E-05 0.760702 9.99461E-05 0.113219 9.99461E-05 0.125479
9.99372E-05 9.99372E-05 9.99372E-05 9.99372E-05 0.216918 9.99372E-05 9.99372E-05 9.99372E-05 0.782382
9.99461E-05 9.99461E-05 9.99461E-05 0.0852809 9.99461E-05 0.208909 0.70521 9.99461E-05 9.99461E-05
9.99371E-05 9.99371E-05 9.99371E-05 9.99371E-05 9.99371E-05 9.99371E-05 0.753927 9.99371E-05 0.245373
