9.99461E-05 9.99461E-05 0.51684 9.99461E-05 0.284471 9.99461E-05 0.198089 9.99461E-05 9.99461E-05
9.9946E-05 9.9946E-05 0.794602 9.9946E-05 9.9946E-05 0.120614 0.0841837 9.9946E-05 9.9946E-05
9.9946E-05 9.9946E-05 0.328384 9.9946E-05 0.594186 9.9946E-05 0.0768304 9.9946E-05 9.9946E-05
9.99371E-05 0.0183624 9.99371E-05 9.99371E-05 9.99371E-05 0.980938 9.99371E-05 9.99371E-05 9.99371E-05
9.9937E-05 9.9937E-05 9.9937E-05 0.456485 9.9937E-05 9.9937E-05 9.9937E-05 0.542815 9.9937E-05
0.457476 9.9973E-05 0.0106981 9.9973E-05 0.0153064 0.0338844 0.359954 9.9973E-05 0.122381
9.9964E-05 0.134788 9.9964E-05 9.9964E-05 0.227245 0.0777936 9.9964E-05 0.369276 0.190496
9.99371E-05 9.99371E-05 0.823623 9.99371E-05 9.99371E-05 9.99371E-05 9.99371E-05 9.99371E-05 0.175677
9.993E-05 9.993E-05 9.993E-05 9.993E-05 9.993E-05 9.993E-05 0.999201 9.993E-05 9.993E-05
9.993E-05 9.993E-05 9.993E-05 9.993E-05 9.993E-05 9.993E-05 9.993E-05 0.999201 9.993E-05
9.99373E-05 9.99373E-05 9.99373E-05 9.99373E-05 9.99373E-05 9.99373E-05 9.99373E-05 0.997331 0.00196946
0.127186 9.9946E-05 0.864012 9.9946E-05 9.9946E-05 9.9946E-05 9.9946E-05 9.9946E-05 0.00820199
0.0220543 0.097442 0.00665098 0.235625 0.0954209 9.9982E-05 0.149037 0.39357 9.9982E-05
9.99551E-05 9.99551E-05 9.99551E-05 9.99551E-05 0.567815 0.211963 0.0356216 0.184101 9.99551E-05
9.99371E-05 9.99371E-05 9.99371E-05 0.825267 9.99371E-05 9.99371E-05 9.99371E-05 0.174033 9.99371E-05
9.993E-05 0.999201 9.993E-05 9.993E-05 9.993E-05 9.993E-05 9.993E-05 9.993E-05 9.993E-05
0.128496 9.99551E-05 0.73553 9.99551E-05 9.99551E-05 0.110129 9.99551E-05 0.0253459 9.99551E-05
0.116162 0.572208 9.9955E-05 9.9955E-05 9.9955E-05 9.9955E-05 9.9955E-05 0.201311 0.109819
0.988077 9.99371E-05 0.0112238 9.99371E-05 9.99371E-05 9.99371E-05 9.99371E-05 9.99371E-05 9.99371E-05
9.99551E-05 0.681208 9.99551E-05 0.148703 9.99551E-05 0.0512679 0.118321 9.99551E-05 9.99551E-05
0.100191 0.65809 9.99461E-05 0.24112 9.99461E-05 9.99461E-05 9.99461E-05 9.99461E-05 9.99461E-05
0.211537 0.442743 0.173046 9.99641E-05 9.99641E-05 0.000697418 0.171576 9.99641E-05 9.99641E-05
9.99551E-05 0.777774 9.99551E-05 0.151587 9.99551E-05 9.99551E-05 0.00415963 9.99551E-05 0.0659799
9.99461E-05 9.99461E-05 9.99461E-05 9.99461E-05 9.99461E-05 0.630194 0.271996 9.99461E-05 0.0972104
9.99461E-05 9.99461E-05 9.99461E-05 9.99461E-05 0.872942 0.0541318 9.99461E-05 9.99461E-05 0.0723263
9.99551E-05 0.121971 9.99551E-05 0.825221 0.00538768 9.99551E-05 9.99551E-05 0.0469207 9.99551E-05
9.993E-05 9.993E-05 9.993E-05 9.993E-05 9.993E-05 0.999201 9.993E-05 9.993E-05 9.993E-05
0.516203 9.99731E-05 9.99731E-05 0.253738 0.0566931 0.115407 9.99731E-05 0.0487103 0.00894812
9.99374E-05 9.99374E-05 0.950375 9.99374E-05 9.99374E-05 9.99374E-05 0.0489259 9.99374E-05 9.99374E-05
0.64609 9.99551E-05 0.231453 9.99551E-05 9.99551E-05 0.084253 9.99551E-05 0.0377046 9.99551E-05
9.99372E-05 9.99372E-05 9.99372E-05 9.99372E-05 0.872276 9.99372E-05 9.99372E-05 0.127024 9.99372E-05
9.993E-05 9.993E-05 9.993E-05 9.993E-05 0.999201 9.993E-05 9.993E-05 9.993E-05 9.993E-05
9.9946E-05 9.9946E-05 9.9946E-05 9.9946E-05 0.055046 0.032936 9.9946E-05 0.911418 9.9946E-05
0.800782 9.99551E-05 9.99551E-05 9.99551E-05 0.0796933 0.00218354 0.116842 9.99551E-05 9.99551E-05
0.0392897 9.99461E-05 0.240076 9.99461E-05 9.99461E-05 0.720034 9.99461E-05 9.99461E-05 9.99461E-05
9.99371E-05 0.746134 9.99371E-05 9.99371E-05 9.99371E-05 9.99371E-05 0.253166 9.99371E-05 9.99371E-05
0.72949 0.145732 9.99461E-05 9.99461E-05 9.99461E-05 9.99461E-05 0.124178 9.99461E-05 9.99461E-05
0.641269 9.9955E-05 9.9955E-05 9.9955E-05 0.0486336 9.9955E-05 0.263115 9.9955E-05 0.0464822
9.993E-05 9.993E-05 9.993E-05 9.993E-05 9.993E-05 9.993E-05 9.993E-05 9.993E-05 0.999201
0.895056 9.99462E-05 9.99462E-05 0.0400799 9.99462E-05 0.0642647 9.99462E-05 9.99462E-05 9.99462E-05
0.856581 9.99371E-05 0.142719 9.99371E-05 9.99371E-05 9.99371E-05 9.99371E-05 9.99371E-05 9.99371E-05
0.175251 9.99371E-05 0.824049 9.99371E-05 9.99371E-05 9.99371E-05 9.99371E-05 9.99371E-05 9.99371E-05
9.99461E-05 0.216163 9.99461E-05 0.61637 9.99461E-05 9.99461E-05 0.166868 9.99461E-05 9.99461E-05
9.99371E-05 9.99371E-05 9.99371E-05 9.99371E-05 0.980065 9.99371E-05 9.99371E-05 9.99371E-05 0.0192354
9.993E-05 9.993E-05 9.993E-05 0.988228 9.993E-05 9.993E-05 9.993E-05 0.0110722 9.993E-05
9.99461E-05 0.0943857 0.86151 9.99461E-05 9.99461E-05 0.0435044 9.99461E-05 9.99461E-05 9.99461E-05
9.9946E-05 9.9946E-05 9.9946E-05 0.0555515 9.9946E-05 9.9946E-05 0.900907 9.9946E-05 0.0429423
0.921785 0.0775153 9.99372E-05 9.99372E-05 9.99372E-05 9.99372E-05 9.99372E-05 9.99372E-05 9.99372E-05
9.99551E-05 9.99551E-05 0.0253876 0.902887 9.99551E-05 0.0419002 9.99551E-05 9.99551E-05 0.0293254
0.178699 0.77242 9.99461E-05 9.99461E-05 9.99461E-05 9.99461E-05 9.99461E-05 0.0482805 9.99461E-05
