0.226795 9.9991E-05 0.0886012 0.684503
9.9982E-05 9.9982E-05 0.00180786 0.997992
0.585042 9.9982E-05 9.9982E-05 0.414758
0.144315 0.207664 9.9991E-05 0.64792
0.396785 9.9982E-05 0.603015 9.9982E-05
0.0168031 0.862677 9.9991E-05 0.120419
0.806243 0.0747952 0.118862 9.9991E-05
0.0529214 9.99821E-05 9.99821E-05 0.946879
9.99821E-05 0.939074 0.0607257 9.99821E-05
0.476629 9.9982E-05 0.523171 9.9982E-05
0.765804 9.99821E-05 0.233996 9.99821E-05
9.998E-05 9.998E-05 9.998E-05 0.9997
0.319237 0.158639 0.522024 9.9991E-05
0.948145 0.0516547 9.99821E-05 9.99821E-05
0.210561 9.9982E-05 0.789239 9.9982E-05
9.99821E-05 0.498861 0.500939 9.99821E-05
0.0494847 0.0580151 9.9991E-05 0.8924
0.248555 0.400111 0.351234 9.9991E-05
9.9982E-05 0.818434 9.9982E-05 0.181366
9.9982E-05 0.325466 0.674334 9.9982E-05
9.9982E-05 0.354298 0.645502 9.9982E-05
9.9991E-05 0.690499 0.225513 0.0838881
9.9982E-05 0.257614 0.742186 9.9982E-05
0.234954 0.203536 0.111193 0.450317
0.838987 0.057074 9.9991E-05 0.103839
0.0681269 9.9991E-05 0.899253 0.0325205
0.314585 9.99821E-05 9.99821E-05 0.685215
0.218223 0.624658 0.157019 9.9991E-05
9.99821E-05 9.99821E-05 0.0135963 0.986204
9.99821E-05 0.590828 9.99821E-05 0.408972
0.99722 9.9982E-05 9.9982E-05 0.00258012
0.9997 9.998E-05 9.998E-05 9.998E-05
0.727632 9.9982E-05 0.272168 9.9982E-05
0.130322 0.857564 9.9991E-05 0.0120146
0.0650536 0.0133125 9.9991E-05 0.921534
9.9982E-05 0.551229 0.448571 9.9982E-05
9.9982E-05 0.940702 9.9982E-05 0.0590984
0.0624089 0.882954 9.9991E-05 0.0545371
0.714542 0.175976 0.0740176 0.0354648
9.9991E-05 0.711542 0.0290021 0.259356
9.9982E-05 0.597649 9.9982E-05 0.402151
9.9982E-05 0.043998 9.9982E-05 0.955802
9.9982E-05 0.158085 0.841715 9.9982E-05
0.985012 9.9982E-05 9.9982E-05 0.0147878
0.041646 9.9982E-05 0.958154 9.9982E-05
9.998E-05 9.998E-05 9.998E-05 0.9997
9.9982E-05 0.639004 0.360796 9.9982E-05
9.99821E-05 0.988275 0.0115246 9.99821E-05
9.9982E-05 9.9982E-05 0.855699 0.144102
9.9982E-05 0.534256 0.465544 9.9982E-05
