0.0894032 0.313225 9.99561E-05 0.596872 9.99561E-05 9.99561E-05 9.99561E-05 9.99561E-05
9.99651E-05 0.905215 9.99651E-05 9.99651E-05 9.99651E-05 0.0608897 0.0103422 0.0231531
0.134708 9.99558E-05 9.99558E-05 0.43181 9.99558E-05 9.99558E-05 0.432982 9.99558E-05
9.99648E-05 9.99648E-05 9.99648E-05 0.361165 0.337381 0.201632 9.99648E-05 0.0994221
0.194574 9.99564E-05 9.99564E-05 9.99564E-05 0.0566777 9.99564E-05 9.99564E-05 0.748249
9.9956E-05 0.761792 9.9956E-05 9.9956E-05 0.176122 0.0615867 9.9956E-05 9.9956E-05
9.9974E-05 0.0292149 9.9974E-05 0.365502 0.106322 9.9974E-05 0.185513 0.313148
0.545674 9.99736E-05 0.0955175 9.99736E-05 9.99736E-05 0.0056853 0.313468 0.0393559
0.151016 0.0317809 0.631358 9.99648E-05 9.99648E-05 9.99648E-05 0.185445 9.99648E-05
0.210017 0.366813 9.99734E-05 0.0342182 0.173686 9.99734E-05 9.99734E-05 0.214966
9.99562E-05 9.99562E-05 9.99562E-05 9.99562E-05 0.567715 0.431089 9.99562E-05 0.000695802
0.026894 0.239632 9.99647E-05 9.99647E-05 0.27695 9.99647E-05 9.99647E-05 0.456124
9.99562E-05 9.99562E-05 0.470695 9.99562E-05 0.4172 9.99562E-05 9.99562E-05 0.111605
0.106564 0.175464 9.99648E-05 9.99648E-05 0.139973 9.99648E-05 9.99648E-05 0.577599
0.0424605 0.333281 0.164413 9.99647E-05 0.459445 9.99647E-05 9.99647E-05 9.99647E-05
0.342296 9.99649E-05 0.0527485 9.99649E-05 9.99649E-05 0.36251 9.99649E-05 0.242045
0.157019 0.218611 0.0929161 0.372003 0.0359823 0.123269 9.99823E-05 9.99823E-05
0.206503 0.231698 0.0215418 0.198333 0.0805734 0.0351345 0.226116 9.99912E-05
0.36088 0.0889842 9.99734E-05 0.0549967 0.149779 9.99734E-05 0.34506 9.99734E-05
9.99562E-05 0.622182 9.99562E-05 9.99562E-05 0.118193 9.99562E-05 9.99562E-05 0.259125
0.409006 0.112229 9.99652E-05 9.99652E-05 0.333376 9.99652E-05 9.99652E-05 0.144988
9.99734E-05 0.149402 9.99734E-05 0.133404 9.99734E-05 0.0928136 0.27307 0.35101
0.319238 9.9965E-05 0.474162 9.9965E-05 0.1215 0.0846994 9.9965E-05 9.9965E-05
9.99563E-05 0.681123 9.99563E-05 0.11522 9.99563E-05 9.99563E-05 9.99563E-05 0.203157
0.369985 9.99559E-05 9.99559E-05 0.348974 9.99559E-05 9.99559E-05 9.99559E-05 0.280542
0.191673 0.359041 0.349172 9.99648E-05 9.99648E-05 9.99648E-05 9.99648E-05 0.099714
0.112046 9.99737E-05 0.188242 9.99737E-05 0.192586 0.0404982 9.99737E-05 0.466328
9.99561E-05 0.289053 9.99561E-05 9.99561E-05 0.669306 9.99561E-05 9.99561E-05 0.0411413
0.116312 0.0972998 9.99825E-05 0.537296 0.0895365 9.99825E-05 0.113535 0.0458211
9.9965E-05 0.399263 0.302275 9.9965E-05 0.0941756 9.9965E-05 9.9965E-05 0.203887
0.130094 0.111363 9.99824E-05 0.448036 0.201531 9.99824E-05 0.00319453 0.105581
9.9956E-05 0.257887 9.9956E-05 0.153824 9.9956E-05 0.587789 9.9956E-05 9.9956E-05
0.126529 9.99653E-05 0.281075 0.310895 0.281101 9.99653E-05 9.99653E-05 9.99653E-05
0.755511 9.99559E-05 9.99559E-05 9.99559E-05 9.99559E-05 0.0739624 9.99559E-05 0.170027
9.9965E-05 9.9965E-05 0.565218 9.9965E-05 0.110214 0.293444 0.0307246 9.9965E-05
0.437073 9.99561E-05 9.99561E-05 9.99561E-05 0.103429 9.99561E-05 0.458999 9.99561E-05
9.99647E-05 0.531785 0.0962693 0.126449 9.99647E-05 0.245096 9.99647E-05 9.99647E-05
9.99737E-05 0.301706 0.173069 9.99737E-05 0.0497506 0.317257 9.99737E-05 0.157917
0.306908 9.99558E-05 9.99558E-05 0.142474 9.99558E-05 9.99558E-05 0.550118 9.99558E-05
0.654387 9.9956E-05 9.9956E-05 0.215352 9.9956E-05 9.9956E-05 0.129761 9.9956E-05
0.519962 0.46101 9.99561E-05 9.99561E-05 0.0185286 9.99561E-05 9.99561E-05 9.99561E-05
0.11846 9.99648E-05 9.99648E-05 9.99648E-05 0.285531 9.99648E-05 0.57648 0.019129
9.99562E-05 0.185092 9.99562E-05 9.99562E-05 9.99562E-05 9.99562E-05 0.641236 0.173172
0.436394 9.99558E-05 0.184204 9.99558E-05 0.378903 9.99558E-05 9.99558E-05 9.99558E-05
9.99648E-05 9.99648E-05 0.533083 0.215298 0.231003 9.99648E-05 9.99648E-05 0.0202166
0.926168 9.99474E-05 0.0732326 9.99474E-05 9.99474E-05 9.99474E-05 9.99474E-05 9.99474E-05
0.0517545 0.214868 0.542209 9.99736E-05 0.0448317 0.146037 9.99736E-05 9.99736E-05
0.338783 9.99648E-05 0.13549 0.352786 0.172541 9.99648E-05 9.99648E-05 9.99648E-05
9.99736E-05 0.00625438 0.015034 0.341732 9.99736E-05 0.345965 0.290715 9.99736E-05
0.0332857 9.99824E-05 0.185992 9.99824E-05 0.654263 0.00169321 0.0517965 0.0727696
0.0678079 0.0975039 9.99647E-05 9.99647E-05 0.808476 9.99647E-05 9.99647E-05 0.0258124
9.99562E-05 9.99562E-05 9.99562E-05 0.166081 0.468809 9.99562E-05 9.99562E-05 0.36461
9.9965E-05 0.0614377 0.866259 0.0318739 9.9965E-05 0.0400298 9.9965E-05 9.9965E-05
0.261889 0.0616093 9.99911E-05 0.211229 0.236861 0.0669385 0.0391048 0.122268
9.9956E-05 0.00468103 0.276142 0.718677 9.9956E-05 9.9956E-05 9.9956E-05 9.9956E-05
9.99558E-05 9.99558E-05 0.271125 9.99558E-05 9.99558E-05 0.355842 0.372534 9.99558E-05
0.251913 0.428175 0.0424614 9.99735E-05 9.99735E-05 0.15162 9.99735E-05 0.12553
0.187711 0.271644 0.286038 9.99824E-05 0.00730816 9.99824E-05 0.00412796 0.242971
0.580019 0.14111 9.99735E-05 9.99735E-05 0.0567607 0.160887 0.0609224 9.99735E-05
9.99648E-05 0.127481 0.0897111 9.99648E-05 0.717098 9.99648E-05 0.06531 9.99648E-05
9.99562E-05 9.99562E-05 0.0309657 9.99562E-05 9.99562E-05 9.99562E-05 0.548145 0.42039
9.99471E-05 9.99471E-05 9.99471E-05 9.99471E-05 9.99471E-05 0.368997 9.99471E-05 0.630403
9.99562E-05 9.99562E-05 0.350445 9.99562E-05 0.602923 9.99562E-05 0.0461318 9.99562E-05
0.184452 9.99647E-05 9.99647E-05 0.594319 9.99647E-05 0.0957378 0.125091 9.99647E-05
9.99736E-05 0.0608459 0.25663 9.99736E-05 0.1629 0.0735944 9.99736E-05 0.44573
9.99558E-05 9.99558E-05 0.753401 9.99558E-05 0.0975632 9.99558E-05 0.148536 9.99558E-05
0.037462 9.99646E-05 9.99646E-05 0.351688 9.99646E-05 0.122673 9.99646E-05 0.487777
9.99474E-05 9.99474E-05 0.490235 9.99474E-05 0.509166 9.99474E-05 9.99474E-05 9.99474E-05
0.204263 9.99651E-05 0.320908 9.99651E-05 9.99651E-05 9.99651E-05 0.331692 0.142738
9.99562E-05 9.99562E-05 9.99562E-05 9.99562E-05 9.99562E-05 0.322671 0.039919 0.63691
9.99468E-05 9.99468E-05 0.505414 9.99468E-05 9.99468E-05 9.99468E-05 9.99468E-05 0.493987
9.99647E-05 9.99647E-05 0.228661 9.99647E-05 9.99647E-05 0.23594 0.148644 0.386354
0.925644 9.99476E-05 9.99476E-05 9.99476E-05 9.99476E-05 9.99476E-05 9.99476E-05 0.0737559
0.0299812 9.99474E-05 9.99474E-05 9.99474E-05 9.99474E-05 9.99474E-05 9.99474E-05 0.969419
9.99735E-05 9.99735E-05 0.232892 0.347143 9.99735E-05 0.0358125 0.160076 0.223776
0.107284 9.99736E-05 9.99736E-05 9.99736E-05 0.170356 0.0989207 0.328785 0.294354
9.99563E-05 0.0508794 9.99563E-05 9.99563E-05 9.99563E-05 0.762576 9.99563E-05 0.186045
0.525688 0.136586 9.99736E-05 0.246231 9.99736E-05 0.0153646 0.0758293 9.99736E-05
0.408504 9.99565E-05 9.99565E-05 0.223966 9.99565E-05 9.99565E-05 9.99565E-05 0.36703
0.00593793 0.13386 0.502643 9.99824E-05 9.99824E-05 0.0464142 0.0319222 0.279023
9.99652E-05 9.99652E-05 0.287305 9.99652E-05 0.34646 0.257818 9.99652E-05 0.108017
0.0213082 9.99651E-05 9.99651E-05 0.110913 9.99651E-05 0.35437 9.99651E-05 0.513009
0.143807 9.99737E-05 0.473608 9.99737E-05 0.0118193 9.99737E-05 0.0435165 0.326949
9.99647E-05 0.58513 9.99647E-05 9.99647E-05 9.99647E-05 0.172495 0.119888 0.122087
0.152184 0.203025 0.335631 0.0639535 0.143742 9.99823E-05 9.99823E-05 0.101265
9.99736E-05 0.14324 0.0887458 9.99736E-05 0.242969 0.0143272 9.99736E-05 0.510419
9.99736E-05 0.0801481 0.428967 9.99736E-05 0.24475 9.99736E-05 0.0655815 0.180253
0.0156779 9.99558E-05 9.99558E-05 9.99558E-05 9.99558E-05 0.676252 0.30757 9.99558E-05
9.99479E-05 9.99479E-05 9.99479E-05 0.719225 9.99479E-05 0.280176 9.99479E-05 9.99479E-05
9.99564E-05 9.99564E-05 0.165131 9.99564E-05 0.769776 0.064593 9.99564E-05 9.99564E-05
0.792906 9.99563E-05 9.99563E-05 9.99563E-05 0.178196 0.0283982 9.99563E-05 9.99563E-05
0.244918 0.608906 9.99561E-05 9.99561E-05 0.145676 9.99561E-05 9.99561E-05 9.99561E-05
0.172216 0.0951445 9.99736E-05 9.99736E-05 0.231332 9.99736E-05 0.0149146 0.486093
0.193335 9.99826E-05 0.0390773 0.132627 0.167338 0.179188 0.288235 9.99826E-05
0.0900791 0.23051 9.99734E-05 9.99734E-05 0.0855064 9.99734E-05 0.135844 0.457761
9.99563E-05 0.515291 9.99563E-05 9.99563E-05 0.386839 9.99563E-05 0.0973694 9.99563E-05
9.99559E-05 0.197939 0.525625 9.99559E-05 9.99559E-05 9.99559E-05 9.99559E-05 0.275937
9.99648E-05 0.125986 9.99648E-05 9.99648E-05 0.148961 0.553791 0.170863 9.99648E-05
9.99648E-05 0.301252 9.99648E-05 0.299525 0.314452 9.99648E-05 9.99648E-05 0.084371
0.139419 9.99648E-05 9.99648E-05 9.99648E-05 0.680915 9.99648E-05 0.0320029 0.147263
9.99648E-05 0.0433919 0.16877 9.99648E-05 0.0901587 9.99648E-05 0.69728 9.99648E-05
0.16917 0.463105 0.084637 9.99649E-05 9.99649E-05 0.282688 9.99649E-05 9.99649E-05
9.99646E-05 0.259349 9.99646E-05 0.250829 0.27324 9.99646E-05 0.216183 9.99646E-05
9.99736E-05 9.99736E-05 0.172883 0.0236571 9.99736E-05 0.343579 0.441063 0.0185181
0.214887 9.99649E-05 0.310862 9.99649E-05 9.99649E-05 9.99649E-05 0.368861 0.10499
9.9956E-05 9.9956E-05 9.9956E-05 0.26084 0.224213 9.9956E-05 0.514447 9.9956E-05
9.99564E-05 9.99564E-05 9.99564E-05 9.99564E-05 0.0995293 0.0104244 0.889547 9.99564E-05
0.025692 9.99563E-05 9.99563E-05 9.99563E-05 9.99563E-05 0.412919 9.99563E-05 0.560889
0.193634 9.99565E-05 0.454959 0.350907 9.99565E-05 9.99565E-05 9.99565E-05 9.99565E-05
0.15217 9.99648E-05 9.99648E-05 0.680866 9.99648E-05 0.0437899 9.99648E-05 0.122774
9.9956E-05 9.9956E-05 9.9956E-05 0.191669 0.400018 9.9956E-05 0.407814 9.9956E-05
9.99648E-05 9.99648E-05 0.349474 0.0916679 0.252561 0.305897 9.99648E-05 9.99648E-05
9.99653E-05 9.99653E-05 0.789333 0.117462 9.99653E-05 0.0330288 0.0597768 9.99653E-05
0.6168 0.0901527 9.99823E-05 0.0289152 0.120115 0.00731967 0.136498 9.99823E-05
9.99652E-05 0.0599593 9.99652E-05 0.287351 9.99652E-05 9.99652E-05 0.2458 0.40649
0.0833205 0.0122435 9.99649E-05 0.133474 9.99649E-05 9.99649E-05 9.99649E-05 0.770562
9.99475E-05 9.99475E-05 9.99475E-05 9.99475E-05 0.883332 9.99475E-05 0.116068 9.99475E-05
0.631393 9.99475E-05 9.99475E-05 9.99475E-05 0.368007 9.99475E-05 9.99475E-05 9.99475E-05
9.99825E-05 0.0129696 0.0422401 0.567419 0.201332 0.0566982 9.99825E-05 0.119142
9.9956E-05 0.184109 0.2728 0.542591 9.9956E-05 9.9956E-05 9.9956E-05 9.9956E-05
0.160349 0.110008 9.99648E-05 9.99648E-05 0.493511 9.99648E-05 9.99648E-05 0.235732
0.249938 9.99649E-05 0.0519312 0.215549 0.482182 9.99649E-05 9.99649E-05 9.99649E-05
9.99559E-05 9.99559E-05 9.99559E-05 9.99559E-05 0.127299 0.185865 9.99559E-05 0.686336
9.99561E-05 9.99561E-05 0.0617361 9.99561E-05 9.99561E-05 0.653053 0.284711 9.99561E-05
0.689884 0.096932 9.99738E-05 9.99738E-05 0.0889198 0.00566454 9.99738E-05 0.1183
9.99647E-05 9.99647E-05 9.99647E-05 0.0686958 0.498899 9.99647E-05 0.0446433 0.387362
9.99737E-05 0.667899 0.0978869 0.018982 0.0301521 9.99737E-05 9.99737E-05 0.18478
9.99475E-05 9.99475E-05 0.887367 0.112033 9.99475E-05 9.99475E-05 9.99475E-05 9.99475E-05
9.99561E-05 9.99561E-05 0.0815246 9.99561E-05 0.525074 9.99561E-05 9.99561E-05 0.392902
0.436232 9.99648E-05 0.153197 9.99648E-05 9.99648E-05 9.99648E-05 0.40342 0.00675159
0.304237 9.99648E-05 9.99648E-05 0.102561 0.455832 9.99648E-05 9.99648E-05 0.13697
0.171573 9.99736E-05 0.221685 0.352502 9.99736E-05 9.99736E-05 0.096269 0.157671
9.994E-05 9.994E-05 9.994E-05 9.994E-05 0.9993 9.994E-05 9.994E-05 9.994E-05
9.9965E-05 0.220023 9.9965E-05 0.332196 9.9965E-05 9.9965E-05 0.160776 0.286606
0.301407 9.99647E-05 0.169795 9.99647E-05 0.328217 9.99647E-05 9.99647E-05 0.200181
9.99648E-05 0.504807 0.192623 9.99648E-05 0.189419 9.99648E-05 9.99648E-05 0.112751
9.99648E-05 0.35288 0.235125 9.99648E-05 0.207396 9.99648E-05 0.204199 9.99648E-05
0.29581 9.99736E-05 0.0693686 0.299746 9.99736E-05 9.99736E-05 0.0291861 0.305589
0.125792 9.99649E-05 0.115115 0.336733 9.99649E-05 9.99649E-05 9.99649E-05 0.421961
9.99558E-05 0.0962107 9.99558E-05 9.99558E-05 0.63206 0.27123 9.99558E-05 9.99558E-05
0.0417952 0.139289 0.26713 0.213689 0.108086 0.22981 9.99825E-05 9.99825E-05
9.99559E-05 9.99559E-05 0.460671 9.99559E-05 9.99559E-05 0.221605 9.99559E-05 0.317225
0.0265428 0.150608 0.475053 9.99825E-05 0.130525 9.99825E-05 0.115978 0.101092
0.211585 0.258255 9.99737E-05 9.99737E-05 0.364454 9.99737E-05 0.0816491 0.0837565
0.260774 9.99647E-05 0.225379 0.36694 9.99647E-05 9.99647E-05 9.99647E-05 0.146507
9.99562E-05 9.99562E-05 9.99562E-05 0.0600329 0.455957 9.99562E-05 0.483511 9.99562E-05
0.414658 0.0599631 0.192615 9.99647E-05 9.99647E-05 9.99647E-05 9.99647E-05 0.332364
0.353122 0.0585198 9.99826E-05 0.160637 9.99826E-05 0.00782001 0.122716 0.296985
9.99561E-05 0.541151 0.200809 9.99561E-05 0.25754 9.99561E-05 9.99561E-05 9.99561E-05
9.99562E-05 0.513696 9.99562E-05 9.99562E-05 0.15051 9.99562E-05 9.99562E-05 0.335294
9.99736E-05 0.422862 9.99736E-05 0.0152177 0.13409 0.360927 9.99736E-05 0.0666034
9.99557E-05 9.99557E-05 0.226943 0.398878 9.99557E-05 9.99557E-05 9.99557E-05 0.373679
9.99475E-05 9.99475E-05 9.99475E-05 0.463727 9.99475E-05 9.99475E-05 9.99475E-05 0.535673
9.99651E-05 9.99651E-05 9.99651E-05 9.99651E-05 0.0469091 0.342635 0.178227 0.431829
9.99471E-05 0.59125 9.99471E-05 9.99471E-05 9.99471E-05 9.99471E-05 9.99471E-05 0.40815
0.173282 9.99736E-05 0.0247351 9.99736E-05 0.389864 0.303102 0.108717 9.99736E-05
0.0105035 0.104025 0.0579515 0.315586 0.469742 9.99824E-05 9.99824E-05 0.0419908
0.244073 9.99562E-05 9.99562E-05 0.256833 9.99562E-05 0.498594 9.99562E-05 9.99562E-05
9.99563E-05 9.99563E-05 9.99563E-05 9.99563E-05 0.15367 9.99563E-05 0.016947 0.828884
9.99562E-05 0.0270381 9.99562E-05 9.99562E-05 9.99562E-05 9.99562E-05 0.949512 0.0229505
0.0300558 0.329077 0.133919 9.99649E-05 9.99649E-05 9.99649E-05 9.99649E-05 0.506549
0.0308605 9.9965E-05 0.711121 9.9965E-05 9.9965E-05 0.170724 0.0868948 9.9965E-05
9.9956E-05 0.101942 0.684886 9.9956E-05 0.212672 9.9956E-05 9.9956E-05 9.9956E-05
0.594797 0.259889 9.99648E-05 0.00812821 9.99648E-05 9.99648E-05 9.99648E-05 0.136786
0.0707023 9.99824E-05 0.158731 0.0709033 0.550519 0.0219988 9.99824E-05 0.126945
9.99738E-05 0.278446 9.99738E-05 9.99738E-05 0.043966 0.233735 0.184913 0.25864
9.99559E-05 9.99559E-05 0.349443 9.99559E-05 9.99559E-05 9.99559E-05 0.0190747 0.630983
0.190812 9.99737E-05 0.166787 9.99737E-05 0.275763 0.0134089 0.35293 9.99737E-05
0.371695 0.263653 0.20145 9.9965E-05 0.162801 9.9965E-05 9.9965E-05 9.9965E-05
9.99648E-05 0.111398 0.00727307 9.99648E-05 0.211747 9.99648E-05 9.99648E-05 0.669182
9.99474E-05 9.99474E-05 9.99474E-05 9.99474E-05 0.950147 0.0492536 9.99474E-05 9.99474E-05
9.99649E-05 9.99649E-05 9.99649E-05 0.680944 0.152116 0.0742677 9.99649E-05 0.0922726
9.99646E-05 0.208106 0.126865 0.192309 0.47232 9.99646E-05 9.99646E-05 9.99646E-05
0.0182705 9.99564E-05 0.788954 9.99564E-05 9.99564E-05 9.99564E-05 0.192276 9.99564E-05
0.270494 9.99561E-05 0.314643 9.99561E-05 9.99561E-05 9.99561E-05 0.414363 9.99561E-05
9.99646E-05 9.99646E-05 0.203436 9.99646E-05 0.437796 9.99646E-05 0.31567 0.0426984
9.99563E-05 9.99563E-05 9.99563E-05 9.99563E-05 0.765748 9.99563E-05 0.158701 0.0750515
9.99472E-05 9.99472E-05 9.99472E-05 0.0998227 9.99472E-05 9.99472E-05 0.899578 9.99472E-05
9.99912E-05 0.112235 0.19537 0.124432 0.0246498 0.156426 0.269706 0.117081
0.17713 9.99648E-05 0.159606 9.99648E-05 0.150803 9.99648E-05 9.99648E-05 0.512061
9.99561E-05 0.0221042 9.99561E-05 9.99561E-05 9.99561E-05 9.99561E-05 0.038161 0.939235
9.99735E-05 0.173621 9.99735E-05 0.325215 0.392154 9.99735E-05 0.0137574 0.0949525
0.0447695 0.421983 9.99823E-05 0.189145 0.0956233 9.99823E-05 0.0804634 0.167816
9.99559E-05 9.99559E-05 0.443121 9.99559E-05 0.359976 9.99559E-05 0.196403 9.99559E-05
9.99561E-05 9.99561E-05 9.99561E-05 9.99561E-05 0.7672 9.99561E-05 0.0913176 0.140983
0.102667 9.99735E-05 0.462335 9.99735E-05 9.99735E-05 0.270101 0.152277 0.0123196
9.99562E-05 9.99562E-05 0.238488 9.99562E-05 9.99562E-05 0.114001 9.99562E-05 0.647011
0.900923 0.098477 9.99472E-05 9.99472E-05 9.99472E-05 9.99472E-05 9.99472E-05 9.99472E-05
9.99645E-05 0.146648 0.209068 0.182714 9.99645E-05 9.99645E-05 9.99645E-05 0.46117
9.99474E-05 9.99474E-05 9.99474E-05 9.99474E-05 9.99474E-05 9.99474E-05 0.674969 0.324432
0.0770629 0.915255 9.99564E-05 9.99564E-05 9.99564E-05 0.00718217 9.99564E-05 9.99564E-05
0.0715481 0.356095 0.00195731 9.99823E-05 0.130027 9.99823E-05 0.0903945 0.349778
9.99649E-05 0.133133 9.99649E-05 0.483136 0.160009 9.99649E-05 0.223322 9.99649E-05
9.99562E-05 9.99562E-05 9.99562E-05 0.23302 0.752124 9.99562E-05 9.99562E-05 0.0143563
9.99735E-05 9.99735E-05 0.211031 0.048165 9.99735E-05 0.348759 0.0854877 0.306257
9.99648E-05 9.99648E-05 0.0153362 9.99648E-05 0.705128 9.99648E-05 0.0632609 0.215875
9.99559E-05 0.357807 9.99559E-05 9.99559E-05 0.311264 9.99559E-05 0.330429 9.99559E-05
9.99648E-05 9.99648E-05 0.375995 0.0747464 9.99648E-05 0.446602 9.99648E-05 0.102257
0.0743532 9.99648E-05 0.176321 9.99648E-05 0.531126 0.2178 9.99648E-05 9.99648E-05
0.179907 0.158064 9.99647E-05 9.99647E-05 0.290349 9.99647E-05 0.37128 9.99647E-05
9.99736E-05 0.13419 0.0913797 0.23302 0.279432 0.261678 9.99736E-05 9.99736E-05
9.99476E-05 9.99476E-05 9.99476E-05 0.586474 9.99476E-05 9.99476E-05 0.412926 9.99476E-05
0.191001 9.99648E-05 9.99648E-05 0.517611 9.99648E-05 0.0410643 9.99648E-05 0.249924
9.99563E-05 0.327492 9.99563E-05 0.394655 0.277352 9.99563E-05 9.99563E-05 9.99563E-05
0.111045 9.99563E-05 9.99563E-05 9.99563E-05 9.99563E-05 0.136451 0.752005 9.99563E-05
0.442245 9.99471E-05 9.99471E-05 9.99471E-05 0.557155 9.99471E-05 9.99471E-05 9.99471E-05
0.103752 0.243708 0.130044 9.99735E-05 0.17118 9.99735E-05 9.99735E-05 0.351016
0.342527 9.99565E-05 9.99565E-05 9.99565E-05 0.345349 9.99565E-05 9.99565E-05 0.311624
0.326275 9.99738E-05 0.156906 0.433739 9.99738E-05 9.99738E-05 0.0269578 0.0558229
9.995E-05 0.129725 0.143128 9.995E-05 0.726648 9.995E-05 9.995E-05 9.995E-05
0.0377062 9.99737E-05 9.99737E-05 0.0201975 0.848628 0.0880413 9.99737E-05 0.00512722
9.99471E-05 9.99471E-05 9.99471E-05 0.687234 9.99471E-05 9.99471E-05 9.99471E-05 0.312167
9.9965E-05 0.281979 0.481407 0.222498 9.9965E-05 0.0137161 9.9965E-05 9.9965E-05
0.90044 9.99475E-05 0.0989601 9.99475E-05 9.99475E-05 9.99475E-05 9.99475E-05 9.99475E-05
9.99736E-05 0.365157 9.99736E-05 0.107609 0.3011 0.00738966 9.99736E-05 0.218445
9.99565E-05 0.055715 9.99565E-05 0.920511 9.99565E-05 9.99565E-05 0.0232744 9.99565E-05
0.590999 0.0670433 9.99649E-05 9.99649E-05 9.99649E-05 0.157913 0.183646 9.99649E-05
9.99558E-05 0.255589 9.99558E-05 0.400478 9.99558E-05 9.99558E-05 0.343432 9.99558E-05
9.99646E-05 9.99646E-05 0.426267 9.99646E-05 0.202842 0.0331911 9.99646E-05 0.337299
9.9947E-05 9.9947E-05 0.925821 9.9947E-05 9.9947E-05 9.9947E-05 0.0735789 9.9947E-05
0.031615 9.99563E-05 9.99563E-05 9.99563E-05 0.202427 9.99563E-05 9.99563E-05 0.765458
0.336787 9.99562E-05 0.607516 9.99562E-05 9.99562E-05 9.99562E-05 9.99562E-05 0.0551969
0.303223 9.99563E-05 9.99563E-05 0.205955 9.99563E-05 9.99563E-05 0.490322 9.99563E-05
9.99474E-05 0.52483 9.99474E-05 9.99474E-05 0.47457 9.99474E-05 9.99474E-05 9.99474E-05
9.99473E-05 9.99473E-05 9.99473E-05 9.99473E-05 0.0878921 9.99473E-05 0.911508 9.99473E-05
9.99739E-05 0.128538 0.385068 0.0700925 0.287012 9.99739E-05 9.99739E-05 0.128989
0.0605061 9.99561E-05 9.99561E-05 0.370431 9.99561E-05 0.568563 9.99561E-05 9.99561E-05
9.99737E-05 0.357969 0.128042 0.0175072 9.99737E-05 0.00203867 0.494144 9.99737E-05
9.99647E-05 0.190671 9.99647E-05 9.99647E-05 0.154648 9.99647E-05 0.206758 0.447524
9.99736E-05 0.210796 9.99736E-05 0.563298 0.159219 0.0594166 9.99736E-05 0.00697059
9.9956E-05 9.9956E-05 9.9956E-05 9.9956E-05 0.493164 0.440342 0.0659945 9.9956E-05
0.255263 0.290487 9.99736E-05 0.200716 9.99736E-05 0.0735023 9.99736E-05 0.179732
9.99735E-05 0.316062 0.0915666 9.99735E-05 0.304788 0.125161 0.162123 9.99735E-05
9.99558E-05 0.369818 9.99558E-05 9.99558E-05 9.99558E-05 9.99558E-05 0.116985 0.512697
0.195994 9.99735E-05 0.516389 0.0241355 0.0998386 9.99735E-05 9.99735E-05 0.163342
9.99647E-05 0.412873 0.277025 9.99647E-05 0.216046 0.0936562 9.99647E-05 9.99647E-05
0.49854 9.99468E-05 9.99468E-05 9.99468E-05 9.99468E-05 9.99468E-05 9.99468E-05 0.50086
9.99558E-05 9.99558E-05 9.99558E-05 9.99558E-05 0.488278 0.0959717 9.99558E-05 0.415251
9.9965E-05 0.405534 0.219932 9.9965E-05 9.9965E-05 0.0176118 0.356523 9.9965E-05
0.562844 0.23997 9.99561E-05 9.99561E-05 9.99561E-05 0.196687 9.99561E-05 9.99561E-05
0.324505 9.9956E-05 9.9956E-05 0.146256 9.9956E-05 0.528739 9.9956E-05 9.9956E-05
9.99646E-05 0.179409 9.99646E-05 0.337798 0.437803 9.99646E-05 9.99646E-05 0.0445903
0.175524 0.0888254 9.9956E-05 0.735151 9.9956E-05 9.9956E-05 9.9956E-05 9.9956E-05
9.99648E-05 0.550535 9.99648E-05 0.0165181 0.323892 9.99648E-05 9.99648E-05 0.108655
0.0714422 0.10949 9.99824E-05 0.153559 0.355588 0.218846 9.99824E-05 0.0908751
9.99648E-05 0.597414 9.99648E-05 9.99648E-05 9.99648E-05 0.0223719 0.0207536 0.359061
0.264192 9.99647E-05 9.99647E-05 9.99647E-05 0.131723 9.99647E-05 0.36923 0.234455
9.99649E-05 0.286739 9.99649E-05 0.00831825 0.324044 9.99649E-05 9.99649E-05 0.3805
0.098929 9.99737E-05 0.152883 9.99737E-05 0.142271 0.542355 0.0632622 9.99737E-05
9.99563E-05 9.99563E-05 9.99563E-05 0.0743335 9.99563E-05 0.0201315 0.905035 9.99563E-05
9.99563E-05 9.99563E-05 0.821508 0.169629 9.99563E-05 0.00836371 9.99563E-05 9.99563E-05
9.99645E-05 0.372087 0.0443004 9.99645E-05 0.207916 9.99645E-05 0.375297 9.99645E-05
0.0508279 0.0774514 9.99647E-05 9.99647E-05 9.99647E-05 9.99647E-05 0.412151 0.45917
9.99561E-05 9.99561E-05 0.194382 9.99561E-05 0.760144 9.99561E-05 0.0449741 9.99561E-05
9.99737E-05 0.148878 9.99737E-05 0.0903562 0.198207 9.99737E-05 0.412343 0.149915
9.99472E-05 9.99472E-05 9.99472E-05 9.99472E-05 0.451086 9.99472E-05 9.99472E-05 0.548314
9.9956E-05 0.187885 0.277133 9.9956E-05 9.9956E-05 9.9956E-05 0.534482 9.9956E-05
9.99476E-05 9.99476E-05 9.99476E-05 9.99476E-05 0.404062 0.595338 9.99476E-05 9.99476E-05
9.99649E-05 0.571283 0.198193 9.99649E-05 0.0657702 9.99649E-05 9.99649E-05 0.164353
0.318019 9.99562E-05 0.13924 0.542241 9.99562E-05 9.99562E-05 9.99562E-05 9.99562E-05
9.99477E-05 0.948924 9.99477E-05 0.0504762 9.99477E-05 9.99477E-05 9.99477E-05 9.99477E-05
