0.510921 0.0591821 9.99561E-05 9.99561E-05 0.429397 9.99561E-05 9.99561E-05 9.99561E-05
9.99473E-05 0.83065 9.99473E-05 9.99473E-05 9.99473E-05 0.16875 9.99473E-05 9.99473E-05
0.351205 0.0304999 9.99735E-05 9.99735E-05 0.42262 0.0513145 9.99735E-05 0.144061
0.149589 0.638656 9.99736E-05 0.0311216 0.135075 9.99736E-05 9.99736E-05 0.0452579
9.99737E-05 9.99737E-05 0.0084331 9.99737E-05 0.115377 0.272784 0.273014 0.330093
0.295296 9.99561E-05 9.99561E-05 9.99561E-05 0.444807 9.99561E-05 9.99561E-05 0.259398
9.99472E-05 9.99472E-05 9.99472E-05 9.99472E-05 0.950191 0.0492088 9.99472E-05 9.99472E-05
9.99474E-05 9.99474E-05 9.99474E-05 9.99474E-05 0.381271 0.618129 9.99474E-05 9.99474E-05
0.158399 9.9956E-05 9.9956E-05 9.9956E-05 0.8003 9.9956E-05 9.9956E-05 0.040801
9.99736E-05 0.101977 9.99736E-05 9.99736E-05 0.181643 0.190833 0.469139 0.0561072
9.99647E-05 0.110855 0.0789037 9.99647E-05 0.0100891 9.99647E-05 0.799753 9.99647E-05
9.99562E-05 9.99562E-05 0.0967809 0.652167 9.99562E-05 9.99562E-05 0.250552 9.99562E-05
9.99557E-05 9.99557E-05 9.99557E-05 0.469569 9.99557E-05 0.244839 0.285092 9.99557E-05
9.99647E-05 9.99647E-05 9.99647E-05 0.309793 0.311058 9.99647E-05 0.272535 0.106215
0.166166 0.0108622 0.0952414 9.99825E-05 0.275822 9.99825E-05 0.056998 0.394711
0.182255 0.429353 9.99649E-05 9.99649E-05 0.262727 9.99649E-05 9.99649E-05 0.125265
9.99562E-05 0.589841 0.347703 9.99562E-05 0.0619555 9.99562E-05 9.99562E-05 9.99562E-05
9.99647E-05 0.00762419 9.99647E-05 9.99647E-05 0.559017 9.99647E-05 0.406564 0.0263954
9.99737E-05 0.14325 0.0415214 9.99737E-05 0.0919458 9.99737E-05 0.08881 0.634173
9.99651E-05 9.99651E-05 9.99651E-05 0.019688 0.251844 0.494277 0.23379 9.99651E-05
0.173159 0.61037 0.0552684 9.99646E-05 9.99646E-05 0.160803 9.99646E-05 9.99646E-05
9.99562E-05 0.431253 9.99562E-05 9.99562E-05 9.99562E-05 0.542647 0.0256002 9.99562E-05
9.99559E-05 0.00531808 0.655319 9.99559E-05 0.338863 9.99559E-05 9.99559E-05 9.99559E-05
9.99648E-05 0.100906 0.261447 0.0387569 0.59849 9.99648E-05 9.99648E-05 9.99648E-05
9.9965E-05 0.471176 9.9965E-05 0.221684 0.0799332 0.226806 9.9965E-05 9.9965E-05
9.9965E-05 0.581485 9.9965E-05 9.9965E-05 0.310228 9.9965E-05 0.0357415 0.0721458
9.99565E-05 0.0948926 0.364564 0.540043 9.99565E-05 9.99565E-05 9.99565E-05 9.99565E-05
9.99561E-05 9.99561E-05 9.99561E-05 9.99561E-05 0.644111 9.99561E-05 0.140361 0.215029
9.994E-05 9.994E-05 9.994E-05 9.994E-05 0.9993 9.994E-05 9.994E-05 9.994E-05
9.99563E-05 9.99563E-05 9.99563E-05 0.706084 0.0339718 0.259445 9.99563E-05 9.99563E-05
9.99472E-05 9.99472E-05 9.99472E-05 9.99472E-05 0.829553 9.99472E-05 0.169847 9.99472E-05
9.99648E-05 0.185446 9.99648E-05 0.71469 9.99648E-05 0.0590556 0.0404079 9.99648E-05
9.99561E-05 0.00694686 9.99561E-05 9.99561E-05 0.394728 0.597826 9.99561E-05 9.99561E-05
9.994E-05 9.994E-05 9.994E-05 9.994E-05 9.994E-05 9.994E-05 9.994E-05 0.9993
0.0309302 0.374114 9.99737E-05 0.135289 0.21487 9.99737E-05 0.244497 9.99737E-05
9.99736E-05 0.0266261 9.99736E-05 0.0439443 0.858362 0.033681 9.99736E-05 0.0370868
0.377919 0.116538 9.99825E-05 0.225358 0.211728 0.0496117 9.99825E-05 0.0186456
0.219006 0.0334891 9.99824E-05 0.155317 0.154226 9.99824E-05 0.234323 0.203439
9.99648E-05 0.254272 0.110898 0.461492 0.172938 9.99648E-05 9.99648E-05 9.99648E-05
9.99651E-05 0.249182 0.119306 9.99651E-05 0.252424 9.99651E-05 9.99651E-05 0.378688
0.0539507 9.99649E-05 0.61361 9.99649E-05 0.158706 9.99649E-05 9.99649E-05 0.173334
0.236151 9.99473E-05 9.99473E-05 9.99473E-05 9.99473E-05 9.99473E-05 9.99473E-05 0.76325
9.99736E-05 0.00943324 9.99736E-05 0.296715 0.457978 0.0572818 9.99736E-05 0.178292
9.99647E-05 0.360809 9.99647E-05 9.99647E-05 0.184371 0.120794 9.99647E-05 0.333626
9.9956E-05 0.0933935 9.9956E-05 0.139212 0.766895 9.9956E-05 9.9956E-05 9.9956E-05
9.99647E-05 9.99647E-05 0.0747041 9.99647E-05 0.0670652 0.289555 0.568276 9.99647E-05
0.0191881 0.274726 9.99648E-05 0.684393 9.99648E-05 0.0212922 9.99648E-05 9.99648E-05
9.99564E-05 9.99564E-05 9.99564E-05 9.99564E-05 0.676576 0.262442 0.0604823 9.99564E-05
9.99647E-05 0.08592 9.99647E-05 9.99647E-05 0.0650571 9.99647E-05 0.393603 0.45502
9.99558E-05 9.99558E-05 0.107048 9.99558E-05 9.99558E-05 9.99558E-05 0.324752 0.5677
0.127098 9.99824E-05 0.0357453 0.314183 0.0286908 9.99824E-05 0.285927 0.208156
9.99824E-05 0.607069 0.179967 0.0623061 0.0429692 0.0981106 0.00937786 9.99824E-05
0.00780604 9.99474E-05 9.99474E-05 9.99474E-05 9.99474E-05 0.991594 9.99474E-05 9.99474E-05
9.99647E-05 0.0543129 9.99647E-05 9.99647E-05 0.233781 0.489947 9.99647E-05 0.221559
0.442975 9.99648E-05 9.99648E-05 0.116296 0.194935 9.99648E-05 0.245394 9.99648E-05
0.0581455 9.99646E-05 9.99646E-05 9.99646E-05 0.0760993 9.99646E-05 0.333833 0.531522
0.350691 9.99737E-05 9.99737E-05 9.99737E-05 0.0729749 0.240486 0.041613 0.293935
9.994E-05 9.994E-05 9.994E-05 9.994E-05 9.994E-05 9.994E-05 0.9993 9.994E-05
9.99563E-05 0.468403 9.99563E-05 9.99563E-05 0.0471782 9.99563E-05 9.99563E-05 0.483919
0.0522931 0.369313 0.159584 0.0270984 9.99736E-05 9.99736E-05 0.391412 9.99736E-05
9.99468E-05 9.99468E-05 9.99468E-05 9.99468E-05 0.462114 0.537286 9.99468E-05 9.99468E-05
9.99476E-05 0.939995 9.99476E-05 9.99476E-05 0.059405 9.99476E-05 9.99476E-05 9.99476E-05
9.99472E-05 9.99472E-05 9.99472E-05 9.99472E-05 0.450217 9.99472E-05 9.99472E-05 0.549183
0.681282 9.9956E-05 9.9956E-05 9.9956E-05 0.252089 9.9956E-05 9.9956E-05 0.0661298
9.99737E-05 9.99737E-05 0.0989277 0.1016 0.221715 0.25943 0.318027 9.99737E-05
9.99558E-05 0.651645 0.172031 9.99558E-05 9.99558E-05 9.99558E-05 9.99558E-05 0.175824
0.180067 0.0571839 0.25994 9.99736E-05 9.99736E-05 9.99736E-05 0.438348 0.0641609
0.0830746 9.99562E-05 0.690608 0.225817 9.99562E-05 9.99562E-05 9.99562E-05 9.99562E-05
0.181902 0.193157 9.99735E-05 0.122682 9.99735E-05 9.99735E-05 0.42466 0.077299
0.0875028 9.99559E-05 9.99559E-05 9.99559E-05 0.201352 9.99559E-05 9.99559E-05 0.710645
0.13583 0.16743 9.9974E-05 9.9974E-05 0.553319 0.111904 0.0312174 9.9974E-05
9.99646E-05 0.23315 9.99646E-05 9.99646E-05 0.137973 0.0809085 9.99646E-05 0.547569
9.9956E-05 9.9956E-05 9.9956E-05 0.168031 0.546569 0.2849 9.9956E-05 9.9956E-05
0.436944 9.99651E-05 9.99651E-05 0.405726 9.99651E-05 0.055987 0.100944 9.99651E-05
0.216231 9.99648E-05 9.99648E-05 9.99648E-05 0.357654 9.99648E-05 0.0707713 0.354944
9.99648E-05 0.548384 9.99648E-05 0.0284153 0.377721 0.0450803 9.99648E-05 9.99648E-05
9.99559E-05 9.99559E-05 9.99559E-05 0.527828 9.99559E-05 0.390054 0.081618 9.99559E-05
0.0170719 9.99565E-05 0.54185 9.99565E-05 9.99565E-05 9.99565E-05 0.440578 9.99565E-05
0.0726405 0.0483817 9.99824E-05 9.99824E-05 0.264708 0.130692 0.30791 0.175467
0.343288 9.99646E-05 9.99646E-05 9.99646E-05 0.16637 9.99646E-05 0.172619 0.317323
9.994E-05 9.994E-05 9.994E-05 9.994E-05 9.994E-05 9.994E-05 0.9993 9.994E-05
9.99737E-05 9.99737E-05 9.99737E-05 0.206262 0.0575342 0.24551 0.00901191 0.481382
0.343018 9.99737E-05 0.209497 9.99737E-05 0.198464 0.227088 9.99737E-05 0.0216326
0.283296 9.99563E-05 9.99563E-05 0.697864 9.99563E-05 9.99563E-05 0.0183403 9.99563E-05
0.183606 0.439255 9.99649E-05 0.235463 0.141277 9.99649E-05 9.99649E-05 9.99649E-05
0.384028 0.0763485 9.99562E-05 9.99562E-05 0.539123 9.99562E-05 9.99562E-05 9.99562E-05
0.596283 0.0602004 9.99558E-05 9.99558E-05 9.99558E-05 9.99558E-05 0.343016 9.99558E-05
9.99559E-05 0.661041 9.99559E-05 9.99559E-05 9.99559E-05 0.232519 9.99559E-05 0.10594
0.57331 9.99477E-05 9.99477E-05 9.99477E-05 0.42609 9.99477E-05 9.99477E-05 9.99477E-05
0.550777 0.319722 9.99563E-05 9.99563E-05 9.99563E-05 0.129001 9.99563E-05 9.99563E-05
0.195688 0.688377 9.9964E-05 9.9964E-05 9.9964E-05 9.9964E-05 0.115435 9.9964E-05
0.23179 0.428268 9.99736E-05 0.109958 0.0338121 9.99736E-05 9.99736E-05 0.195872
9.99647E-05 9.99647E-05 0.371167 9.99647E-05 0.24216 9.99647E-05 0.379856 0.00641789
0.124716 0.419815 9.995E-05 9.995E-05 0.454969 9.995E-05 9.995E-05 9.995E-05
9.99561E-05 9.99561E-05 0.100164 0.450814 9.99561E-05 9.99561E-05 9.99561E-05 0.448522
9.9956E-05 9.9956E-05 0.201692 0.0854623 9.9956E-05 9.9956E-05 0.712346 9.9956E-05
9.9956E-05 9.9956E-05 9.9956E-05 0.128426 9.9956E-05 0.856326 9.9956E-05 0.0147487
0.0933535 0.121867 9.99737E-05 0.0892707 9.99737E-05 9.99737E-05 0.247557 0.447652
9.99736E-05 9.99736E-05 0.121191 0.127545 9.99736E-05 0.0647587 0.514548 0.171657
0.0863312 0.00934961 9.99736E-05 0.426851 9.99736E-05 9.99736E-05 0.0467103 0.430458
9.99469E-05 9.99469E-05 9.99469E-05 9.99469E-05 0.669241 9.99469E-05 9.99469E-05 0.33016
9.99647E-05 9.99647E-05 0.101131 0.0773547 9.99647E-05 0.364024 9.99647E-05 0.457091
9.99475E-05 0.367922 9.99475E-05 9.99475E-05 0.631478 9.99475E-05 9.99475E-05 9.99475E-05
9.9965E-05 0.200442 0.0808014 0.190249 9.9965E-05 9.9965E-05 0.528108 9.9965E-05
9.99736E-05 0.544371 9.99736E-05 0.0857416 0.299237 0.0386434 9.99736E-05 0.0317067
9.99561E-05 0.405344 9.99561E-05 0.17351 9.99561E-05 9.99561E-05 9.99561E-05 0.420646
9.9956E-05 9.9956E-05 0.166237 0.344824 9.9956E-05 9.9956E-05 9.9956E-05 0.488439
0.351454 9.9956E-05 0.183773 9.9956E-05 0.464273 9.9956E-05 9.9956E-05 9.9956E-05
0.0219566 0.0693841 0.25357 0.331415 0.286823 9.99823E-05 9.99823E-05 0.0366502
9.99737E-05 0.121247 9.99737E-05 0.307932 9.99737E-05 0.245789 0.00230164 0.32243
9.99474E-05 0.769052 9.99474E-05 9.99474E-05 0.230349 9.99474E-05 9.99474E-05 9.99474E-05
9.99473E-05 9.99473E-05 9.99473E-05 9.99473E-05 9.99473E-05 9.99473E-05 0.79523 0.20417
0.13186 0.657187 9.99735E-05 9.99735E-05 0.127045 0.0132961 0.0703115 9.99735E-05
0.0851869 9.99737E-05 9.99737E-05 9.99737E-05 0.504587 0.212872 0.0217893 0.175265
9.99476E-05 0.210776 9.99476E-05 9.99476E-05 9.99476E-05 0.788624 9.99476E-05 9.99476E-05
0.268225 9.9956E-05 9.9956E-05 0.532275 9.9956E-05 9.9956E-05 0.199 9.9956E-05
0.011967 9.99736E-05 0.118951 9.99736E-05 0.144103 0.162634 0.562045 9.99736E-05
0.00238641 9.99566E-05 9.99566E-05 0.667506 0.329608 9.99566E-05 9.99566E-05 9.99566E-05
0.144599 9.99736E-05 0.00291038 9.99736E-05 0.0742044 0.724761 9.99736E-05 0.0532252
0.301696 0.200972 9.99647E-05 9.99647E-05 0.099785 9.99647E-05 9.99647E-05 0.397148
0.0653376 9.99649E-05 9.99649E-05 0.364573 0.0888983 9.99649E-05 9.99649E-05 0.480791
0.097728 0.166249 9.99824E-05 9.99824E-05 0.289194 0.145616 0.220965 0.0800488
9.99563E-05 9.99563E-05 0.304096 0.395341 0.300063 9.99563E-05 9.99563E-05 9.99563E-05
0.410146 9.99736E-05 0.150941 0.342769 0.032897 0.0629464 9.99736E-05 9.99736E-05
0.676294 0.022968 9.99561E-05 9.99561E-05 9.99561E-05 9.99561E-05 9.99561E-05 0.300238
9.99559E-05 0.0838491 9.99559E-05 0.401169 9.99559E-05 9.99559E-05 0.514482 9.99559E-05
9.99563E-05 0.711983 0.12316 9.99563E-05 0.164358 9.99563E-05 9.99563E-05 9.99563E-05
9.9956E-05 0.191192 9.9956E-05 0.312263 9.9956E-05 9.9956E-05 9.9956E-05 0.496046
9.99648E-05 0.323195 9.99648E-05 0.253837 0.169992 9.99648E-05 9.99648E-05 0.252576
0.0504224 9.99647E-05 0.163277 0.594375 9.99647E-05 9.99647E-05 9.99647E-05 0.191526
0.0390656 9.99564E-05 9.99564E-05 9.99564E-05 0.0555285 9.99564E-05 0.904906 9.99564E-05
9.99562E-05 0.172485 9.99562E-05 9.99562E-05 0.675772 9.99562E-05 9.99562E-05 0.151243
0.116966 0.324162 9.99736E-05 9.99736E-05 9.99736E-05 0.108361 0.21135 0.238862
9.99562E-05 9.99562E-05 9.99562E-05 9.99562E-05 0.45621 9.99562E-05 0.322084 0.221206
9.99473E-05 0.375635 9.99473E-05 9.99473E-05 9.99473E-05 0.623765 9.99473E-05 9.99473E-05
9.99471E-05 9.99471E-05 0.822158 9.99471E-05 9.99471E-05 9.99471E-05 0.177242 9.99471E-05
0.138766 0.0277697 9.9965E-05 9.9965E-05 0.6214 0.211664 9.9965E-05 9.9965E-05
0.0402995 0.219268 9.99733E-05 9.99733E-05 0.234149 9.99733E-05 0.414647 0.0913364
0.0873963 0.223882 0.224143 9.99646E-05 9.99646E-05 9.99646E-05 9.99646E-05 0.464179
9.99559E-05 9.99559E-05 9.99559E-05 0.303357 0.599041 9.99559E-05 9.99559E-05 0.0971026
9.99646E-05 9.99646E-05 9.99646E-05 0.141484 0.582704 0.160687 9.99646E-05 0.114725
0.00967677 0.487872 9.99736E-05 0.00273319 0.348574 9.99736E-05 0.150844 9.99736E-05
9.99647E-05 9.99647E-05 9.99647E-05 0.265496 9.99647E-05 0.148174 0.0726883 0.513242
0.188012 0.0662405 9.99824E-05 0.135574 9.99824E-05 0.328093 0.162584 0.119296
9.99648E-05 0.566492 9.99648E-05 0.250152 9.99648E-05 0.137366 0.0455905 9.99648E-05
0.308158 0.21387 9.996E-05 0.145445 0.332127 9.996E-05 9.996E-05 9.996E-05
9.99737E-05 0.2098 0.381752 0.369157 0.00691432 0.0320768 9.99737E-05 9.99737E-05
9.99559E-05 0.600379 9.99559E-05 0.0964813 9.99559E-05 9.99559E-05 9.99559E-05 0.30264
9.994E-05 9.994E-05 9.994E-05 9.994E-05 0.9993 9.994E-05 9.994E-05 9.994E-05
9.99738E-05 0.156356 9.99738E-05 9.99738E-05 0.0896672 0.212649 0.0431525 0.497875
9.99561E-05 9.99561E-05 0.873544 9.99561E-05 0.120253 0.00570375 9.99561E-05 9.99561E-05
0.364311 0.264553 9.99737E-05 9.99737E-05 9.99737E-05 0.105946 0.0393034 0.225586
9.99564E-05 0.855207 9.99564E-05 9.99564E-05 9.99564E-05 0.0730443 9.99564E-05 0.0712494
9.9956E-05 0.00754139 9.9956E-05 9.9956E-05 0.263746 9.9956E-05 9.9956E-05 0.728212
0.575486 9.99472E-05 9.99472E-05 9.99472E-05 9.99472E-05 0.423914 9.99472E-05 9.99472E-05
9.99557E-05 0.433429 9.99557E-05 0.455601 0.11047 9.99557E-05 9.99557E-05 9.99557E-05
0.14373 0.524323 9.99559E-05 0.331448 9.99559E-05 9.99559E-05 9.99559E-05 9.99559E-05
0.236648 9.99563E-05 9.99563E-05 9.99563E-05 9.99563E-05 9.99563E-05 0.0186189 0.744233
0.0215927 0.2304 9.99649E-05 9.99649E-05 0.347031 9.99649E-05 9.99649E-05 0.400577
0.181881 0.376066 9.99735E-05 9.99735E-05 9.99735E-05 0.0587115 0.270797 0.112244
9.99647E-05 0.129727 9.99647E-05 9.99647E-05 0.117018 0.321137 9.99647E-05 0.431718
9.99566E-05 9.99566E-05 9.99566E-05 9.99566E-05 0.418217 0.209219 9.99566E-05 0.372064
9.9965E-05 0.63253 9.9965E-05 0.0902946 9.9965E-05 9.9965E-05 0.0947251 0.182051
9.994E-05 9.994E-05 9.994E-05 9.994E-05 9.994E-05 9.994E-05 9.994E-05 0.9993
9.99476E-05 9.99476E-05 9.99476E-05 9.99476E-05 0.585854 9.99476E-05 9.99476E-05 0.413546
0.29694 0.533968 9.99559E-05 0.168593 9.99559E-05 9.99559E-05 9.99559E-05 9.99559E-05
9.99473E-05 9.99473E-05 0.715701 9.99473E-05 9.99473E-05 9.99473E-05 9.99473E-05 0.283699
9.99564E-05 9.99564E-05 9.99564E-05 0.0572469 0.534206 9.99564E-05 9.99564E-05 0.408047
0.359012 0.0267609 0.298444 0.158406 0.0217595 9.99912E-05 0.124237 0.0112799
0.0562727 0.0281405 9.99649E-05 0.811466 9.99649E-05 0.103721 9.99649E-05 9.99649E-05
0.357417 0.0795964 9.99736E-05 0.0121097 0.543312 9.99736E-05 0.00726509 9.99736E-05
9.99647E-05 0.288133 9.99647E-05 0.0832368 0.293852 9.99647E-05 9.99647E-05 0.334378
9.99648E-05 9.99648E-05 9.99648E-05 0.460782 0.283611 0.138434 9.99648E-05 0.116774
9.99645E-05 0.140637 9.99645E-05 9.99645E-05 0.122747 0.253816 9.99645E-05 0.4824
0.209628 0.13144 9.99735E-05 9.99735E-05 9.99735E-05 0.523679 0.0416672 0.0932856
9.99558E-05 9.99558E-05 9.99558E-05 9.99558E-05 0.322928 0.531322 0.145251 9.99558E-05
9.99736E-05 0.00546751 9.99736E-05 9.99736E-05 0.687754 0.0864379 0.0983237 0.121717
9.99735E-05 0.119433 9.99735E-05 9.99735E-05 0.0765028 0.209538 0.180643 0.413584
0.653889 9.99562E-05 0.0237818 9.99562E-05 9.99562E-05 9.99562E-05 9.99562E-05 0.321829
9.99649E-05 0.360589 9.99649E-05 9.99649E-05 0.190402 0.117327 0.331282 9.99649E-05
9.99649E-05 0.0743892 0.0989978 9.99649E-05 9.99649E-05 0.803021 0.0231925 9.99649E-05
9.99563E-05 0.255116 9.99563E-05 0.542957 9.99563E-05 9.99563E-05 0.201427 9.99563E-05
0.0643621 0.0774397 9.99736E-05 9.99736E-05 0.778776 0.0472277 0.0318949 9.99736E-05
0.693859 9.99563E-05 9.99563E-05 9.99563E-05 9.99563E-05 0.274 9.99563E-05 0.0316406
0.0667356 9.9965E-05 9.9965E-05 0.0995764 0.363807 9.9965E-05 9.9965E-05 0.469481
9.99736E-05 9.99736E-05 0.0344204 9.99736E-05 0.0273551 0.552684 0.0239333 0.361308
9.99558E-05 9.99558E-05 9.99558E-05 9.99558E-05 0.0616964 9.99558E-05 0.0951874 0.842616
9.99652E-05 0.288925 9.99652E-05 0.0633967 9.99652E-05 0.12834 0.518939 9.99652E-05
0.18445 9.99823E-05 0.000304778 0.0245443 0.205247 9.99823E-05 0.35345 0.231804
0.0941465 0.144077 0.302912 9.99736E-05 0.262878 0.195686 9.99736E-05 9.99736E-05
9.99473E-05 9.99473E-05 9.99473E-05 9.99473E-05 9.99473E-05 0.324039 9.99473E-05 0.675362
0.156565 9.996E-05 9.996E-05 9.996E-05 0.667475 0.130451 9.996E-05 0.0451097
0.297898 9.99648E-05 9.99648E-05 9.99648E-05 0.185727 0.434881 9.99648E-05 0.0810933
0.0404193 0.698317 0.0418628 9.99735E-05 9.99735E-05 9.99735E-05 0.13002 0.0890807
0.0655357 9.9965E-05 9.9965E-05 9.9965E-05 9.9965E-05 0.324848 0.289474 0.319742
9.9956E-05 9.9956E-05 9.9956E-05 9.9956E-05 0.07429 9.9956E-05 0.326642 0.598568
9.99471E-05 0.921171 0.0782294 9.99471E-05 9.99471E-05 9.99471E-05 9.99471E-05 9.99471E-05
9.99649E-05 0.44915 9.99649E-05 0.395716 9.99649E-05 9.99649E-05 0.0454142 0.10932
0.0949202 0.0204455 9.99737E-05 0.105289 0.651984 9.99737E-05 9.99737E-05 0.127062
9.994E-05 9.994E-05 9.994E-05 9.994E-05 9.994E-05 9.994E-05 9.994E-05 0.9993
0.473951 0.356545 0.0442839 9.99653E-05 9.99653E-05 9.99653E-05 0.124821 9.99653E-05
0.117088 9.99648E-05 9.99648E-05 9.99648E-05 0.340878 9.99648E-05 0.159336 0.382298
9.99647E-05 9.99647E-05 9.99647E-05 0.0239997 0.513411 0.19145 9.99647E-05 0.27074
0.380452 0.417833 9.99563E-05 9.99563E-05 9.99563E-05 9.99563E-05 0.201215 9.99563E-05
9.99475E-05 0.606416 9.99475E-05 9.99475E-05 0.392985 9.99475E-05 9.99475E-05 9.99475E-05
0.269254 9.99473E-05 9.99473E-05 9.99473E-05 0.730147 9.99473E-05 9.99473E-05 9.99473E-05
9.99474E-05 9.99474E-05 9.99474E-05 0.854163 9.99474E-05 9.99474E-05 9.99474E-05 0.145237
9.99475E-05 9.99475E-05 9.99475E-05 0.943197 0.0562035 9.99475E-05 9.99475E-05 9.99475E-05
0.0442552 0.227746 9.99736E-05 9.99736E-05 0.210744 0.0707962 9.99736E-05 0.446158
9.996E-05 0.251314 9.996E-05 0.515514 9.996E-05 0.209113 9.996E-05 0.0236588
0.274103 9.99562E-05 9.99562E-05 9.99562E-05 0.440337 9.99562E-05 0.28506 9.99562E-05
9.99471E-05 9.99471E-05 0.206289 9.99471E-05 0.793111 9.99471E-05 9.99471E-05 9.99471E-05
9.994E-05 9.994E-05 9.994E-05 9.994E-05 9.994E-05 9.994E-05 9.994E-05 0.9993
9.99651E-05 9.99651E-05 0.340884 0.226827 9.99651E-05 0.11841 0.313479 9.99651E-05
9.9947E-05 0.205735 9.9947E-05 9.9947E-05 0.793665 9.9947E-05 9.9947E-05 9.9947E-05
9.99476E-05 9.99476E-05 9.99476E-05 9.99476E-05 0.617652 9.99476E-05 9.99476E-05 0.381748
9.99476E-05 9.99476E-05 9.99476E-05 9.99476E-05 9.99476E-05 0.671551 9.99476E-05 0.327849
9.99561E-05 0.721581 9.99561E-05 0.13913 9.99561E-05 9.99561E-05 0.138789 9.99561E-05
0.0867297 0.571232 0.0974179 9.99735E-05 0.235311 9.99735E-05 9.99735E-05 0.00900927
9.99559E-05 0.662126 0.071485 9.99559E-05 9.99559E-05 9.99559E-05 9.99559E-05 0.265889
0.130281 9.99647E-05 9.99647E-05 0.163074 0.227597 9.99647E-05 9.99647E-05 0.478648
0.559148 0.162088 9.99735E-05 0.0797912 9.99735E-05 0.187387 9.99735E-05 0.0112851
9.99648E-05 0.566277 9.99648E-05 0.131171 0.265219 9.99648E-05 0.0369336 9.99648E-05
0.00309424 9.99738E-05 0.017631 9.99738E-05 0.0455711 0.455723 9.99738E-05 0.47768
0.0565654 9.99737E-05 0.307961 0.0885093 0.390138 9.99737E-05 0.156526 9.99737E-05
9.99649E-05 9.99649E-05 0.251332 9.99649E-05 0.127369 0.252078 9.99649E-05 0.368821
9.997E-05 0.03995 0.0684949 9.997E-05 0.344415 9.997E-05 0.252662 0.294179
0.67345 0.151241 0.170819 0.0040896 9.99651E-05 9.99651E-05 9.99651E-05 9.99651E-05
9.99564E-05 0.676511 9.99564E-05 0.132278 9.99564E-05 0.190711 9.99564E-05 9.99564E-05
9.99567E-05 9.99567E-05 0.485372 9.99567E-05 9.99567E-05 0.500336 0.0137916 9.99567E-05
9.99558E-05 0.395889 9.99558E-05 0.206186 9.99558E-05 9.99558E-05 9.99558E-05 0.397425
9.99473E-05 9.99473E-05 9.99473E-05 0.964221 9.99473E-05 9.99473E-05 9.99473E-05 0.0351795
0.00408264 9.99737E-05 9.99737E-05 9.99737E-05 0.578768 0.0794583 0.145521 0.191869
0.0279226 9.99649E-05 0.0623615 0.609442 0.299874 9.99649E-05 9.99649E-05 9.99649E-05
9.9956E-05 0.0319865 9.9956E-05 0.0935052 0.874009 9.9956E-05 9.9956E-05 9.9956E-05
9.99559E-05 0.0430248 9.99559E-05 9.99559E-05 0.300215 0.656261 9.99559E-05 9.99559E-05
0.375278 0.0214463 0.152201 9.99736E-05 0.444499 9.99736E-05 0.00627612 9.99736E-05
9.99558E-05 9.99558E-05 9.99558E-05 9.99558E-05 0.450581 0.0952873 0.453632 9.99558E-05
9.99565E-05 0.0359363 9.99565E-05 9.99565E-05 0.39214 9.99565E-05 0.571424 9.99565E-05
9.99649E-05 9.99649E-05 0.0154557 9.99649E-05 9.99649E-05 0.295882 0.430513 0.25775
9.99561E-05 0.705624 0.192652 9.99561E-05 0.101224 9.99561E-05 9.99561E-05 9.99561E-05
0.505894 9.99559E-05 9.99559E-05 9.99559E-05 0.157334 9.99559E-05 9.99559E-05 0.336272
9.99473E-05 9.99473E-05 9.99473E-05 9.99473E-05 0.128345 9.99473E-05 0.871055 9.99473E-05
9.99562E-05 9.99562E-05 9.99562E-05 0.348975 0.280047 0.370478 9.99562E-05 9.99562E-05
9.99737E-05 9.99737E-05 9.99737E-05 0.018593 0.184238 0.0130516 0.229847 0.55397
9.99561E-05 9.99561E-05 9.99561E-05 0.065449 0.436553 9.99561E-05 9.99561E-05 0.497498
9.99472E-05 9.99472E-05 9.99472E-05 9.99472E-05 0.238966 9.99472E-05 9.99472E-05 0.760434
9.99478E-05 0.0457676 9.99478E-05 9.99478E-05 9.99478E-05 9.99478E-05 9.99478E-05 0.953633
0.101172 9.99739E-05 9.99739E-05 0.0173519 0.744295 9.99739E-05 0.104158 0.0327245
9.99562E-05 9.99562E-05 9.99562E-05 9.99562E-05 0.251243 9.99562E-05 0.134551 0.613706
0.383535 9.99648E-05 9.99648E-05 0.123134 0.072058 9.99648E-05 9.99648E-05 0.420874
0.188558 0.0472251 9.99736E-05 0.130221 0.342375 9.99736E-05 9.99736E-05 0.291321
9.99566E-05 9.99566E-05 9.99566E-05 9.99566E-05 0.370661 0.0342246 0.594614 9.99566E-05
0.333579 9.99562E-05 0.0679401 9.99562E-05 9.99562E-05 9.99562E-05 9.99562E-05 0.597981
0.253318 0.0478612 0.0181528 0.358607 9.99737E-05 0.321761 9.99737E-05 9.99737E-05
0.358932 9.99648E-05 9.99648E-05 0.0537139 9.99648E-05 0.459972 0.126982 9.99648E-05
9.99564E-05 9.99564E-05 9.99564E-05 0.197356 9.99564E-05 0.00837317 0.793771 9.99564E-05
9.99562E-05 9.99562E-05 9.99562E-05 9.99562E-05 0.373678 0.428519 9.99562E-05 0.197304
0.120466 9.996E-05 9.996E-05 9.996E-05 0.265254 9.996E-05 0.161676 0.452205
9.99735E-05 0.0271066 0.348257 0.141717 0.370929 9.99735E-05 9.99735E-05 0.11169
9.99647E-05 0.218616 0.0243351 9.99647E-05 9.99647E-05 9.99647E-05 0.417919 0.338731
