0.0827731 9.99652E-05 9.99652E-05 0.734285 0.166225 9.99652E-05 9.99652E-05 0.0163165
9.9956E-05 0.450704 9.9956E-05 0.392896 9.9956E-05 9.9956E-05 0.1559 9.9956E-05
0.179853 9.99647E-05 9.99647E-05 0.284179 0.0457599 9.99647E-05 0.489808 9.99647E-05
9.99736E-05 9.99736E-05 0.383382 0.0819113 9.99736E-05 0.0439082 0.370175 0.120323
0.191679 0.186412 0.492749 9.99649E-05 0.128762 9.99649E-05 9.99649E-05 9.99649E-05
0.146448 0.274442 9.99648E-05 9.99648E-05 9.99648E-05 9.99648E-05 0.0160467 0.562664
9.99646E-05 0.498668 9.99646E-05 9.99646E-05 9.99646E-05 0.432997 0.00726261 0.0606728
9.99473E-05 9.99473E-05 9.99473E-05 9.99473E-05 0.435384 9.99473E-05 0.564016 9.99473E-05
9.99648E-05 0.338686 9.99648E-05 9.99648E-05 9.99648E-05 0.386583 0.0518377 0.222493
0.520723 0.0609864 0.179699 9.99738E-05 9.99738E-05 0.121974 0.116317 9.99738E-05
0.090635 9.99647E-05 9.99647E-05 9.99647E-05 0.49529 9.99647E-05 0.334041 0.0796338
9.99557E-05 9.99557E-05 9.99557E-05 0.410755 9.99557E-05 9.99557E-05 0.0647214 0.524024
9.99649E-05 0.302892 9.99649E-05 0.155442 0.270113 0.271153 9.99649E-05 9.99649E-05
0.240462 0.159173 0.326765 0.116705 9.99735E-05 9.99735E-05 0.156594 9.99735E-05
9.99736E-05 0.112894 0.096724 0.569344 9.99736E-05 0.138756 0.0819824 9.99736E-05
9.99476E-05 9.99476E-05 9.99476E-05 9.99476E-05 0.394572 9.99476E-05 9.99476E-05 0.604829
9.99824E-05 0.0572879 9.99824E-05 0.00202531 0.33879 0.161144 0.106444 0.334109
9.99647E-05 0.128707 0.278009 9.99647E-05 9.99647E-05 9.99647E-05 0.0552569 0.537627
0.0941698 0.840227 0.0388466 9.99648E-05 9.99648E-05 0.0263569 9.99648E-05 9.99648E-05
9.99475E-05 9.99475E-05 0.517588 0.481812 9.99475E-05 9.99475E-05 9.99475E-05 9.99475E-05
0.340212 9.99651E-05 0.24781 9.99651E-05 9.99651E-05 0.314291 9.99651E-05 0.0972877
0.244271 9.99735E-05 9.99735E-05 0.107293 0.0450141 9.99735E-05 0.420904 0.182218
9.9965E-05 9.9965E-05 0.210467 0.0544746 9.9965E-05 0.519925 0.214733 9.9965E-05
0.367251 0.0070724 0.220652 0.0988438 0.00956303 9.99824E-05 0.296418 9.99824E-05
0.401493 9.99561E-05 0.067018 9.99561E-05 9.99561E-05 9.99561E-05 9.99561E-05 0.530989
0.186694 9.99648E-05 9.99648E-05 0.331073 0.179668 9.99648E-05 0.302165 9.99648E-05
0.838539 0.0482702 9.99565E-05 9.99565E-05 9.99565E-05 9.99565E-05 0.112691 9.99565E-05
9.9965E-05 0.292313 9.9965E-05 9.9965E-05 9.9965E-05 0.305841 0.38746 0.0139868
9.99562E-05 0.0751151 9.99562E-05 0.816137 9.99562E-05 9.99562E-05 9.99562E-05 0.108248
0.124096 0.192311 9.99734E-05 0.0878713 0.0794616 9.99734E-05 0.51596 9.99734E-05
0.17606 9.9956E-05 9.9956E-05 0.654417 9.9956E-05 9.9956E-05 9.9956E-05 0.169023
9.9965E-05 0.421319 0.0813553 0.257842 9.9965E-05 9.9965E-05 9.9965E-05 0.239084
9.99738E-05 9.99738E-05 0.158997 9.99738E-05 0.0709783 0.276289 0.460929 0.0325072
9.99561E-05 0.592147 9.99561E-05 9.99561E-05 0.289838 0.117516 9.99561E-05 9.99561E-05
0.0390809 9.99648E-05 0.0142928 9.99648E-05 9.99648E-05 9.99648E-05 0.59028 0.355947
0.196913 9.99559E-05 9.99559E-05 0.0771657 9.99559E-05 9.99559E-05 9.99559E-05 0.725421
9.99651E-05 0.171784 9.99651E-05 9.99651E-05 0.300777 0.444716 9.99651E-05 0.0823228
9.99649E-05 0.200481 9.99649E-05 9.99649E-05 0.156277 0.157825 0.485018 9.99649E-05
0.27065 0.258309 0.0785007 0.188114 0.1093 9.99824E-05 0.0949257 9.99824E-05
0.0452117 9.99647E-05 9.99647E-05 0.20272 0.196618 9.99647E-05 9.99647E-05 0.555051
9.99737E-05 0.0947703 0.158565 9.99737E-05 0.114113 9.99737E-05 0.461783 0.170469
9.9956E-05 0.593706 9.9956E-05 0.319926 9.9956E-05 9.9956E-05 0.0858678 9.9956E-05
9.99737E-05 0.0818095 0.231902 0.384767 9.99737E-05 9.99737E-05 0.255676 0.0455463
9.99474E-05 9.99474E-05 0.557771 0.44163 9.99474E-05 9.99474E-05 9.99474E-05 9.99474E-05
9.99561E-05 9.99561E-05 0.27674 9.99561E-05 9.99561E-05 9.99561E-05 0.157265 0.565495
9.99648E-05 0.431888 9.99648E-05 0.426043 0.129029 9.99648E-05 9.99648E-05 0.0126412
0.0364338 0.401403 0.120521 0.0847611 9.99737E-05 9.99737E-05 0.356581 9.99737E-05
9.9956E-05 0.413947 9.9956E-05 9.9956E-05 9.9956E-05 0.23055 0.355003 9.9956E-05
9.99646E-05 0.412722 9.99646E-05 9.99646E-05 9.99646E-05 0.267014 0.0775746 0.242289
9.99558E-05 0.478448 0.162105 9.99558E-05 9.99558E-05 9.99558E-05 0.358947 9.99558E-05
9.99562E-05 9.99562E-05 9.99562E-05 0.544711 9.99562E-05 0.271463 9.99562E-05 0.183326
0.494306 9.99648E-05 0.203034 0.113663 9.99648E-05 9.99648E-05 0.188598 9.99648E-05
9.99647E-05 9.99647E-05 0.0562624 0.584969 0.176187 9.99647E-05 0.182182 9.99647E-05
0.023545 9.99471E-05 9.99471E-05 0.975855 9.99471E-05 9.99471E-05 9.99471E-05 9.99471E-05
0.156936 9.99647E-05 0.0965905 9.99647E-05 0.392593 9.99647E-05 0.353481 9.99647E-05
0.0083314 9.99736E-05 0.430158 0.0925506 0.445636 0.023024 9.99736E-05 9.99736E-05
0.213702 0.402888 0.096066 0.0396885 9.99736E-05 9.99736E-05 9.99736E-05 0.247355
0.435581 9.99473E-05 9.99473E-05 9.99473E-05 9.99473E-05 0.563819 9.99473E-05 9.99473E-05
0.0438598 0.159026 9.99825E-05 0.181034 0.0691248 9.99825E-05 0.0996898 0.447066
9.99648E-05 0.349904 9.99648E-05 9.99648E-05 0.192482 0.099741 9.99648E-05 0.357472
0.0493854 0.860886 9.9956E-05 9.9956E-05 0.0892286 9.9956E-05 9.9956E-05 9.9956E-05
9.99736E-05 0.548449 9.99736E-05 0.019502 9.99736E-05 0.0729071 0.151549 0.207293
0.0583646 9.99647E-05 9.99647E-05 0.0170027 0.642883 0.28135 9.99647E-05 9.99647E-05
9.99474E-05 9.99474E-05 9.99474E-05 0.524763 9.99474E-05 9.99474E-05 9.99474E-05 0.474638
0.114535 9.99651E-05 9.99651E-05 9.99651E-05 0.201146 9.99651E-05 0.237508 0.446411
9.99558E-05 9.99558E-05 0.00979494 9.99558E-05 9.99558E-05 9.99558E-05 0.580371 0.409335
9.9965E-05 0.155963 9.9965E-05 0.261754 9.9965E-05 0.206367 9.9965E-05 0.375516
9.99474E-05 0.121155 9.99474E-05 9.99474E-05 0.878245 9.99474E-05 9.99474E-05 9.99474E-05
9.99736E-05 0.0279072 0.00337287 9.99736E-05 0.190502 9.99736E-05 0.132191 0.645727
0.140625 9.99734E-05 0.0105893 0.48376 9.99734E-05 9.99734E-05 0.299916 0.0648098
9.99473E-05 9.99473E-05 0.393308 9.99473E-05 9.99473E-05 9.99473E-05 0.606092 9.99473E-05
0.0417126 9.996E-05 0.397025 0.484654 0.0762084 9.996E-05 9.996E-05 9.996E-05
9.99647E-05 0.0153063 0.139124 0.463139 9.99647E-05 9.99647E-05 9.99647E-05 0.382031
0.274774 0.63812 9.99564E-05 9.99564E-05 9.99564E-05 9.99564E-05 9.99564E-05 0.0866062
9.99646E-05 9.99646E-05 0.138784 0.317528 0.31644 9.99646E-05 0.226849 9.99646E-05
9.99647E-05 0.333213 0.310332 9.99647E-05 0.169191 0.186863 9.99647E-05 9.99647E-05
0.150059 0.155584 0.0171006 9.99739E-05 9.99739E-05 0.174944 9.99739E-05 0.502013
9.99647E-05 9.99647E-05 9.99647E-05 0.563472 0.307721 9.99647E-05 0.0263 0.102107
9.99557E-05 9.99557E-05 9.99557E-05 0.485064 9.99557E-05 0.406838 0.107598 9.99557E-05
9.99736E-05 9.99736E-05 0.136906 0.131595 0.549812 9.99736E-05 0.108731 0.0726561
9.99648E-05 9.99648E-05 9.99648E-05 0.239106 0.444484 0.273141 0.0428697 9.99648E-05
0.163833 0.0944738 0.496663 9.9965E-05 0.24463 9.9965E-05 9.9965E-05 9.9965E-05
0.250384 0.201403 9.99649E-05 9.99649E-05 0.100901 9.99649E-05 9.99649E-05 0.446913
0.248847 0.572305 0.0913355 0.056437 9.99736E-05 9.99736E-05 0.0307753 9.99736E-05
9.99565E-05 0.739045 9.99565E-05 0.105824 0.154631 9.99565E-05 9.99565E-05 9.99565E-05
0.492605 0.180579 0.046076 9.99649E-05 9.99649E-05 9.99649E-05 9.99649E-05 0.28034
0.9993 9.994E-05 9.994E-05 9.994E-05 9.994E-05 9.994E-05 9.994E-05 9.994E-05
9.99563E-05 9.99563E-05 0.245498 0.439472 9.99563E-05 9.99563E-05 0.314531 9.99563E-05
9.99739E-05 0.0712482 9.99739E-05 0.453762 0.38852 9.99739E-05 0.0715214 0.0146492
0.332965 0.578812 0.0200293 9.99647E-05 9.99647E-05 0.0677937 9.99647E-05 9.99647E-05
9.99559E-05 9.99559E-05 9.99559E-05 0.263727 0.404826 9.99559E-05 9.99559E-05 0.330947
0.381825 0.238703 9.99649E-05 9.99649E-05 0.0622042 9.99649E-05 9.99649E-05 0.316868
0.0271234 9.997E-05 0.148168 0.411504 0.218324 0.19458 9.997E-05 9.997E-05
0.148688 9.99648E-05 0.361032 0.21033 9.99648E-05 9.99648E-05 9.99648E-05 0.27955
9.99648E-05 0.378969 9.99648E-05 0.0541028 9.99648E-05 9.99648E-05 0.0617125 0.504816
9.99647E-05 9.99647E-05 0.252907 0.151426 0.312314 9.99647E-05 0.282954 9.99647E-05
0.424686 0.276175 0.179492 9.99648E-05 0.119246 9.99648E-05 9.99648E-05 9.99648E-05
0.342732 9.9965E-05 0.12372 9.9965E-05 9.9965E-05 0.143835 9.9965E-05 0.389312
0.744615 0.144334 9.99558E-05 9.99558E-05 9.99558E-05 9.99558E-05 0.110552 9.99558E-05
9.99648E-05 9.99648E-05 0.0202549 0.670403 0.0782912 9.99648E-05 0.230651 9.99648E-05
9.99476E-05 0.994231 9.99476E-05 0.00516884 9.99476E-05 9.99476E-05 9.99476E-05 9.99476E-05
0.329723 9.99646E-05 9.99646E-05 9.99646E-05 9.99646E-05 0.153372 0.163087 0.353418
0.379175 0.574927 9.99559E-05 9.99559E-05 0.0453987 9.99559E-05 9.99559E-05 9.99559E-05
0.0838875 0.0632573 9.99738E-05 0.175832 0.267933 9.99738E-05 0.408791 9.99738E-05
0.104163 0.176129 0.403628 0.236755 0.0704831 0.0086423 9.99823E-05 9.99823E-05
9.99559E-05 0.360277 0.243189 9.99559E-05 0.396034 9.99559E-05 9.99559E-05 9.99559E-05
0.193209 9.99735E-05 9.99735E-05 9.99735E-05 0.130375 0.177957 0.441831 0.0563276
0.20435 9.99735E-05 9.99735E-05 0.086283 0.271476 9.99735E-05 0.367512 0.07008
0.168768 0.178638 9.99735E-05 0.127127 0.48519 9.99735E-05 0.0399771 9.99735E-05
0.222513 0.42269 9.99561E-05 9.99561E-05 0.354297 9.99561E-05 9.99561E-05 9.99561E-05
9.99738E-05 0.362576 9.99738E-05 0.00987816 0.114889 9.99738E-05 0.0797925 0.432565
9.99563E-05 0.470882 9.99563E-05 9.99563E-05 9.99563E-05 9.99563E-05 0.285251 0.243367
0.388603 9.99649E-05 0.0701471 9.99649E-05 9.99649E-05 0.00871758 0.532132 9.99649E-05
9.99472E-05 9.99472E-05 9.99472E-05 0.884455 9.99472E-05 0.114945 9.99472E-05 9.99472E-05
9.99737E-05 0.298713 0.270587 9.99737E-05 9.99737E-05 0.132696 0.0763964 0.221307
0.90392 9.99475E-05 9.99475E-05 9.99475E-05 9.99475E-05 9.99475E-05 9.99475E-05 0.0954805
9.99648E-05 0.277251 0.086767 0.611314 9.99648E-05 9.99648E-05 0.0242679 9.99648E-05
9.99563E-05 0.146189 0.273879 9.99563E-05 9.99563E-05 9.99563E-05 0.579433 9.99563E-05
9.99645E-05 0.0446664 9.99645E-05 9.99645E-05 9.99645E-05 0.222769 0.465593 0.266572
0.0809234 9.9965E-05 0.588217 9.9965E-05 9.9965E-05 0.26552 9.9965E-05 0.0649398
9.99562E-05 9.99562E-05 0.159774 9.99562E-05 9.99562E-05 9.99562E-05 0.344807 0.494919
0.343936 9.99649E-05 9.99649E-05 0.0982446 9.99649E-05 0.201906 9.99649E-05 0.355514
9.99736E-05 0.460764 0.132402 0.225923 0.102993 9.99736E-05 0.0776173 9.99736E-05
9.99473E-05 9.99473E-05 9.99473E-05 9.99473E-05 9.99473E-05 9.99473E-05 0.421928 0.577473
0.249134 9.996E-05 0.210138 0.369887 0.170442 9.996E-05 9.996E-05 9.996E-05
9.9956E-05 9.9956E-05 9.9956E-05 0.359418 0.0184794 9.9956E-05 0.621602 9.9956E-05
0.782558 9.99648E-05 0.00687004 0.168243 9.99648E-05 9.99648E-05 9.99648E-05 0.0419286
0.25636 9.99648E-05 0.250463 0.38316 0.109618 9.99648E-05 9.99648E-05 9.99648E-05
0.351663 0.246482 9.99734E-05 0.245091 9.99734E-05 9.99734E-05 0.12933 0.0271338
0.0753406 0.446693 9.99822E-05 0.0194768 0.252874 9.99822E-05 0.174646 0.0307699
9.99647E-05 0.535036 9.99647E-05 9.99647E-05 0.079159 0.0734507 9.99647E-05 0.311955
9.9965E-05 9.9965E-05 9.9965E-05 0.0473056 0.251806 0.40612 0.294369 9.9965E-05
9.99473E-05 0.613556 9.99473E-05 9.99473E-05 0.385844 9.99473E-05 9.99473E-05 9.99473E-05
9.99474E-05 9.99474E-05 9.99474E-05 0.198183 0.801217 9.99474E-05 9.99474E-05 9.99474E-05
0.583942 9.99738E-05 0.119229 0.0717448 9.99738E-05 0.0238243 9.99738E-05 0.200959
9.99477E-05 9.99477E-05 0.942635 9.99477E-05 9.99477E-05 9.99477E-05 0.0567648 9.99477E-05
0.323519 0.109164 9.99825E-05 0.126446 0.206484 0.03937 0.194817 9.99825E-05
0.301543 9.99562E-05 9.99562E-05 9.99562E-05 0.391117 9.99562E-05 0.30684 9.99562E-05
0.0171569 9.99823E-05 0.310098 0.142841 0.107488 9.99823E-05 0.109398 0.312819
9.9965E-05 9.9965E-05 0.126179 0.516923 9.9965E-05 0.172606 0.183892 9.9965E-05
0.109272 9.99648E-05 0.449656 0.37991 9.99648E-05 9.99648E-05 0.0607623 9.99648E-05
9.99654E-05 9.99654E-05 0.0687683 9.99654E-05 0.712264 0.155585 0.0629834 9.99654E-05
0.0597999 0.109379 0.0883304 0.204704 0.367746 9.99824E-05 0.169841 9.99824E-05
9.99563E-05 0.222465 9.99563E-05 0.421746 0.355288 9.99563E-05 9.99563E-05 9.99563E-05
0.759704 9.99564E-05 9.99564E-05 0.0330435 9.99564E-05 9.99564E-05 0.206753 9.99564E-05
0.57212 9.99565E-05 0.237298 9.99565E-05 9.99565E-05 9.99565E-05 9.99565E-05 0.190082
0.283318 0.332523 9.99735E-05 9.99735E-05 0.141286 9.99735E-05 0.148691 0.0938816
9.9965E-05 0.304601 9.9965E-05 9.9965E-05 9.9965E-05 0.0311094 0.0338948 0.629995
9.99649E-05 9.99649E-05 0.196755 0.555471 0.202094 9.99649E-05 9.99649E-05 0.0452804
9.99559E-05 9.99559E-05 9.99559E-05 0.182323 9.99559E-05 0.534976 0.282202 9.99559E-05
0.118167 9.99824E-05 9.99824E-05 0.268831 0.180563 0.00880307 0.324975 0.0984613
9.994E-05 9.994E-05 9.994E-05 9.994E-05 9.994E-05 9.994E-05 0.9993 9.994E-05
0.533176 0.449512 0.00494498 9.99647E-05 9.99647E-05 9.99647E-05 0.0119679 9.99647E-05
9.99557E-05 9.99557E-05 9.99557E-05 0.108536 0.190225 9.99557E-05 0.700739 9.99557E-05
0.158497 9.99647E-05 0.114395 0.610291 9.99647E-05 9.99647E-05 9.99647E-05 0.116417
9.99647E-05 0.402191 9.99647E-05 9.99647E-05 0.161209 9.99647E-05 0.224682 0.211519
0.446791 9.99736E-05 9.99736E-05 0.0766974 0.430375 0.00841833 0.0374188 9.99736E-05
0.448544 9.99647E-05 9.99647E-05 0.0441449 0.279249 9.99647E-05 0.227663 9.99647E-05
9.99479E-05 9.99479E-05 9.99479E-05 9.99479E-05 0.628614 9.99479E-05 9.99479E-05 0.370787
9.996E-05 0.173566 9.996E-05 9.996E-05 0.436777 9.996E-05 0.0532339 0.336023
0.0920819 0.788037 9.99735E-05 0.022005 0.0581987 9.99735E-05 9.99735E-05 0.0393777
9.99471E-05 9.99471E-05 9.99471E-05 0.469255 9.99471E-05 9.99471E-05 0.530145 9.99471E-05
9.99648E-05 0.0537596 9.99648E-05 9.99648E-05 0.564109 0.0655783 0.316154 9.99648E-05
9.99562E-05 9.99562E-05 9.99562E-05 0.0570626 0.0947033 9.99562E-05 9.99562E-05 0.847734
9.99646E-05 9.99646E-05 0.144394 0.581229 0.158903 9.99646E-05 0.115075 9.99646E-05
0.330173 9.99738E-05 0.0108597 0.147563 0.496385 0.0147199 9.99738E-05 9.99738E-05
9.99647E-05 0.316317 9.99647E-05 0.185816 0.409237 0.0882306 9.99647E-05 9.99647E-05
9.99559E-05 0.553576 9.99559E-05 0.238854 9.99559E-05 0.20707 9.99559E-05 9.99559E-05
0.2314 0.583569 9.99736E-05 0.041643 9.99736E-05 0.0953476 0.0477405 9.99736E-05
9.99649E-05 0.00337053 9.99649E-05 0.0541274 9.99649E-05 9.99649E-05 0.19924 0.742862
9.99645E-05 0.298086 0.00332445 9.99645E-05 0.259519 9.99645E-05 9.99645E-05 0.438671
0.106496 9.99645E-05 0.422355 0.256212 9.99645E-05 9.99645E-05 9.99645E-05 0.214537
9.99477E-05 9.99477E-05 9.99477E-05 0.268454 9.99477E-05 9.99477E-05 0.730947 9.99477E-05
0.866323 0.112372 9.99558E-05 9.99558E-05 9.99558E-05 9.99558E-05 9.99558E-05 0.0208059
0.0100298 9.99648E-05 0.00501631 9.99648E-05 9.99648E-05 9.99648E-05 0.645727 0.338827
9.99647E-05 9.99647E-05 0.158894 0.469677 0.0425823 9.99647E-05 0.328447 9.99647E-05
9.99473E-05 9.99473E-05 9.99473E-05 0.895178 9.99473E-05 0.104223 9.99473E-05 9.99473E-05
0.387335 9.9965E-05 9.9965E-05 9.9965E-05 0.0192789 0.341575 0.251411 9.9965E-05
0.219442 0.375482 9.99736E-05 0.0779953 0.242942 9.99736E-05 0.0838396 9.99736E-05
9.99561E-05 9.99561E-05 0.584834 0.222035 9.99561E-05 0.192631 9.99561E-05 9.99561E-05
9.99562E-05 9.99562E-05 9.99562E-05 0.0285287 0.52597 9.99562E-05 0.445002 9.99562E-05
9.9965E-05 0.329505 9.9965E-05 0.33207 9.9965E-05 9.9965E-05 0.13308 0.204945
0.0718078 0.483829 9.9965E-05 9.9965E-05 9.9965E-05 9.9965E-05 0.0675387 0.376425
9.9956E-05 0.401997 9.9956E-05 9.9956E-05 0.476332 0.121171 9.9956E-05 9.9956E-05
9.99564E-05 9.99564E-05 0.129271 0.629766 9.99564E-05 0.240464 9.99564E-05 9.99564E-05
0.583716 9.99471E-05 9.99471E-05 9.99471E-05 9.99471E-05 9.99471E-05 0.415684 9.99471E-05
9.99562E-05 9.99562E-05 0.100121 0.221376 9.99562E-05 9.99562E-05 0.678004 9.99562E-05
9.99561E-05 0.840575 9.99561E-05 0.148699 9.99561E-05 9.99561E-05 9.99561E-05 0.0102261
9.99738E-05 0.0279377 0.107097 9.99738E-05 0.260381 0.0703695 0.533915 9.99738E-05
9.99647E-05 0.101874 0.131132 9.99647E-05 0.487493 9.99647E-05 0.279101 9.99647E-05
9.9965E-05 0.350088 0.00657535 0.135429 0.507508 9.9965E-05 9.9965E-05 9.9965E-05
9.9956E-05 9.9956E-05 9.9956E-05 9.9956E-05 0.339227 9.9956E-05 0.362507 0.297766
0.472187 0.0416063 9.99646E-05 9.99646E-05 0.412435 9.99646E-05 9.99646E-05 0.0733728
0.136681 9.99734E-05 0.219647 0.0970079 0.252728 9.99734E-05 0.293637 9.99734E-05
0.490699 0.436196 9.99651E-05 0.0424426 9.99651E-05 9.99651E-05 0.0302617 9.99651E-05
9.99649E-05 9.99649E-05 9.99649E-05 0.238142 9.99649E-05 0.280232 0.392315 0.0889119
0.41742 9.9965E-05 9.9965E-05 0.51321 9.9965E-05 0.0421525 9.9965E-05 0.0268174
9.99471E-05 9.99471E-05 9.99471E-05 0.143241 0.856159 9.99471E-05 9.99471E-05 9.99471E-05
9.99649E-05 0.317986 0.142175 0.0707865 9.99649E-05 9.99649E-05 0.468653 9.99649E-05
9.99474E-05 0.659286 0.340114 9.99474E-05 9.99474E-05 9.99474E-05 9.99474E-05 9.99474E-05
9.99475E-05 9.99475E-05 9.99475E-05 9.99475E-05 0.974393 9.99475E-05 0.0250069 9.99475E-05
9.99559E-05 9.99559E-05 0.552774 9.99559E-05 0.263061 9.99559E-05 9.99559E-05 0.183664
9.99648E-05 0.575192 0.254245 9.99648E-05 9.99648E-05 9.99648E-05 0.0936259 0.0765374
9.99562E-05 0.157464 9.99562E-05 0.239854 9.99562E-05 9.99562E-05 0.602182 9.99562E-05
0.0398623 9.99736E-05 9.99736E-05 0.517715 0.301977 0.0854367 0.05471 9.99736E-05
9.99647E-05 0.396411 9.99647E-05 9.99647E-05 0.40923 0.186092 0.00786726 9.99647E-05
9.99649E-05 0.447386 0.242534 9.99649E-05 0.288368 9.99649E-05 9.99649E-05 0.0213122
0.361903 9.99736E-05 0.0944539 9.99736E-05 0.11362 0.0289226 9.99736E-05 0.400801
9.99737E-05 0.0200404 9.99737E-05 0.304205 9.99737E-05 0.170589 0.228865 0.276
0.514336 9.99562E-05 9.99562E-05 9.99562E-05 0.45556 9.99562E-05 9.99562E-05 0.0296044
0.885433 9.99561E-05 9.99561E-05 0.0491473 9.99561E-05 9.99561E-05 0.0649198 9.99561E-05
9.99647E-05 0.192999 9.99647E-05 0.251899 9.99647E-05 9.99647E-05 0.381508 0.173194
9.99649E-05 0.20886 0.361535 0.379331 9.99649E-05 9.99649E-05 0.049874 9.99649E-05
9.99562E-05 9.99562E-05 0.151486 9.99562E-05 0.278121 9.99562E-05 9.99562E-05 0.569893
9.99476E-05 9.99476E-05 9.99476E-05 0.56295 9.99476E-05 9.99476E-05 0.436451 9.99476E-05
0.146883 0.191259 0.100511 0.560947 9.99652E-05 9.99652E-05 9.99652E-05 9.99652E-05
0.18972 0.153959 9.99737E-05 0.263509 0.0410133 0.351499 9.99737E-05 9.99737E-05
9.99473E-05 9.99473E-05 9.99473E-05 9.99473E-05 0.928219 9.99473E-05 9.99473E-05 0.0711811
9.9947E-05 9.9947E-05 0.118516 9.9947E-05 9.9947E-05 9.9947E-05 0.880884 9.9947E-05
9.99469E-05 9.99469E-05 9.99469E-05 9.99469E-05 9.99469E-05 9.99469E-05 0.628967 0.370433
0.690732 9.99651E-05 9.99651E-05 9.99651E-05 0.230939 0.037101 9.99651E-05 0.0408283
9.99649E-05 9.99649E-05 0.277595 0.246912 0.157045 9.99649E-05 0.318048 9.99649E-05
9.99647E-05 0.272496 9.99647E-05 0.0132031 9.99647E-05 0.512357 9.99647E-05 0.201544
9.99735E-05 0.142182 9.99735E-05 0.203254 0.317624 0.226397 0.110242 9.99735E-05
9.99561E-05 0.12463 9.99561E-05 9.99561E-05 0.0186082 9.99561E-05 0.856262 9.99561E-05
0.00678122 9.99562E-05 9.99562E-05 0.770215 9.99562E-05 9.99562E-05 0.222504 9.99562E-05
9.99473E-05 0.439194 0.560206 9.99473E-05 9.99473E-05 9.99473E-05 9.99473E-05 9.99473E-05
0.117521 9.996E-05 0.112061 0.42647 0.343547 9.996E-05 9.996E-05 9.996E-05
0.0965043 0.0392759 9.99735E-05 0.111325 0.462381 9.99735E-05 9.99735E-05 0.290215
0.2044 9.99559E-05 9.99559E-05 0.0759853 9.99559E-05 0.719115 9.99559E-05 9.99559E-05
9.99564E-05 0.106059 9.99564E-05 0.803759 9.99564E-05 9.99564E-05 9.99564E-05 0.0896825
0.100433 0.391765 0.0593745 0.335645 0.112482 9.99735E-05 9.99735E-05 9.99735E-05
0.135202 9.99648E-05 9.99648E-05 0.395171 0.264022 9.99648E-05 9.99648E-05 0.205205
9.9965E-05 9.9965E-05 9.9965E-05 9.9965E-05 0.200998 0.170328 0.554597 0.0736768
0.538944 9.99562E-05 9.99562E-05 9.99562E-05 0.459753 9.99562E-05 9.99562E-05 0.000802584
9.99647E-05 0.0554333 0.264935 9.99647E-05 0.268574 0.410658 9.99647E-05 9.99647E-05
9.99561E-05 0.197584 9.99561E-05 9.99561E-05 9.99561E-05 9.99561E-05 0.637579 0.164337
9.99474E-05 9.99474E-05 0.10605 9.99474E-05 9.99474E-05 9.99474E-05 0.89335 9.99474E-05
9.99557E-05 0.407011 0.448648 9.99557E-05 0.143842 9.99557E-05 9.99557E-05 9.99557E-05
0.280948 0.0330517 0.0342302 9.99911E-05 0.0848665 0.0129072 0.25229 0.301606
0.338799 9.99735E-05 9.99735E-05 0.140268 0.0905599 9.99735E-05 0.00299837 0.427075
9.99561E-05 9.99561E-05 9.99561E-05 0.351765 0.271385 9.99561E-05 9.99561E-05 0.37635
9.99649E-05 9.99649E-05 0.109741 0.00188043 9.99649E-05 9.99649E-05 0.724868 0.163111
0.0368989 0.120067 0.014233 0.284286 0.00679677 9.99913E-05 0.379996 0.157622
9.99564E-05 9.99564E-05 0.20296 0.476849 0.319691 9.99564E-05 9.99564E-05 9.99564E-05
0.548906 9.99648E-05 9.99648E-05 0.127889 0.260958 9.99648E-05 0.0618459 9.99648E-05
9.9965E-05 0.0484692 0.173786 0.56509 9.9965E-05 9.9965E-05 0.212255 9.9965E-05
0.562517 0.112733 9.99562E-05 0.32425 9.99562E-05 9.99562E-05 9.99562E-05 9.99562E-05
9.99475E-05 0.408325 9.99475E-05 9.99475E-05 9.99475E-05 9.99475E-05 0.591075 9.99475E-05
0.150197 0.336614 0.0478732 0.0473674 0.0158042 9.99825E-05 0.401944 9.99825E-05
9.9965E-05 0.14048 0.308716 9.9965E-05 9.9965E-05 0.0679363 9.9965E-05 0.482468
9.99563E-05 9.99563E-05 0.554229 0.168938 9.99563E-05 9.99563E-05 0.276333 9.99563E-05
0.353423 9.99648E-05 9.99648E-05 0.40433 9.99648E-05 0.0576202 0.184227 9.99648E-05
0.271516 9.99647E-05 0.538731 9.99647E-05 0.0477227 9.99647E-05 0.141631 9.99647E-05
9.99738E-05 9.99738E-05 0.0804499 9.99738E-05 0.0177133 0.542965 0.052053 0.306518
0.636784 9.99476E-05 9.99476E-05 9.99476E-05 9.99476E-05 9.99476E-05 0.362617 9.99476E-05
9.9956E-05 9.9956E-05 9.9956E-05 9.9956E-05 0.0514349 9.9956E-05 0.624473 0.323592
0.40539 0.198973 0.310703 0.0361239 9.99736E-05 9.99736E-05 0.04851 9.99736E-05
0.100637 0.58293 9.9965E-05 0.0606186 0.255414 9.9965E-05 9.9965E-05 9.9965E-05
9.99563E-05 9.99563E-05 9.99563E-05 0.0712301 0.490406 9.99563E-05 9.99563E-05 0.437864
9.99565E-05 0.437954 9.99565E-05 9.99565E-05 9.99565E-05 9.99565E-05 0.0926036 0.468942
