0.148084 0.128043 9.99559E-05 0.723374 9.99559E-05 9.99559E-05 9.99559E-05 9.99559E-05
0.126419 0.866976 9.99559E-05 9.99559E-05 9.99559E-05 9.99559E-05 9.99559E-05 0.0061061
0.200824 9.99737E-05 0.155288 9.99737E-05 0.454752 9.99737E-05 0.146064 0.0427711
9.99561E-05 0.56778 0.0371703 0.39455 9.99561E-05 9.99561E-05 9.99561E-05 9.99561E-05
0.0960609 0.0534985 9.99648E-05 9.99648E-05 0.087125 9.99648E-05 9.99648E-05 0.762916
0.217035 0.486633 9.99737E-05 0.150335 9.99737E-05 0.140763 9.99737E-05 0.00493429
9.9956E-05 9.9956E-05 0.0859931 0.755377 9.9956E-05 9.9956E-05 0.15813 9.9956E-05
0.264652 9.99558E-05 9.99558E-05 0.530256 9.99558E-05 9.99558E-05 9.99558E-05 0.204592
0.243687 0.134048 0.0895546 0.28637 0.198111 0.0480301 9.99824E-05 9.99824E-05
0.011764 9.9965E-05 9.9965E-05 0.904374 9.9965E-05 9.9965E-05 0.0151033 0.0683586
9.99559E-05 9.99559E-05 9.99559E-05 9.99559E-05 0.354299 0.24491 9.99559E-05 0.400291
0.162816 9.99559E-05 9.99559E-05 9.99559E-05 0.110546 9.99559E-05 0.726138 9.99559E-05
0.111224 9.99564E-05 0.047383 0.840893 9.99564E-05 9.99564E-05 9.99564E-05 9.99564E-05
0.0525608 0.0506428 0.0672203 9.99823E-05 0.0271041 0.336848 0.465424 9.99823E-05
9.99649E-05 0.451265 9.99649E-05 0.00783693 9.99649E-05 9.99649E-05 0.0609906 0.479508
9.99649E-05 0.0442443 0.0165854 0.719531 9.99649E-05 9.99649E-05 0.21924 9.99649E-05
9.99564E-05 0.0986045 9.99564E-05 0.336997 9.99564E-05 0.563899 9.99564E-05 9.99564E-05
9.995E-05 0.254518 9.995E-05 0.363633 9.995E-05 9.995E-05 0.381349 9.995E-05
9.9956E-05 0.46018 9.9956E-05 9.9956E-05 9.9956E-05 9.9956E-05 0.23335 0.305971
9.99561E-05 9.99561E-05 9.99561E-05 0.0468791 9.99561E-05 0.463394 0.489227 9.99561E-05
9.99561E-05 0.409197 9.99561E-05 9.99561E-05 0.140194 9.99561E-05 0.45011 9.99561E-05
0.314312 0.0720493 9.99738E-05 0.242685 9.99738E-05 0.0264875 9.99738E-05 0.344166
9.9956E-05 9.9956E-05 9.9956E-05 9.9956E-05 9.9956E-05 0.109466 0.143879 0.746155
9.99567E-05 0.639022 9.99567E-05 9.99567E-05 9.99567E-05 0.304077 0.0564006 9.99567E-05
9.99561E-05 9.99561E-05 9.99561E-05 9.99561E-05 9.99561E-05 0.482175 0.502308 0.0150175
0.140626 0.0394452 9.99738E-05 0.677902 0.12323 9.99738E-05 9.99738E-05 0.0184963
0.558563 9.99649E-05 9.99649E-05 0.109091 0.0930306 0.238916 9.99649E-05 9.99649E-05
9.99558E-05 0.550709 9.99558E-05 0.355427 9.99558E-05 9.99558E-05 0.0933651 9.99558E-05
9.99563E-05 0.189883 0.0956695 0.713948 9.99563E-05 9.99563E-05 9.99563E-05 9.99563E-05
0.593808 9.9956E-05 0.0617062 9.9956E-05 9.9956E-05 9.9956E-05 9.9956E-05 0.343986
9.99472E-05 0.391953 9.99472E-05 0.607447 9.99472E-05 9.99472E-05 9.99472E-05 9.99472E-05
9.99649E-05 0.347001 0.177333 0.165191 9.99649E-05 0.310075 9.99649E-05 9.99649E-05
9.9956E-05 9.9956E-05 9.9956E-05 0.542024 0.326598 0.130879 9.9956E-05 9.9956E-05
9.99737E-05 0.214207 9.99737E-05 0.66208 9.99737E-05 0.000158475 0.00830138 0.114953
0.120185 9.99649E-05 9.99649E-05 9.99649E-05 9.99649E-05 0.275385 0.318239 0.285791
9.99559E-05 0.539291 9.99559E-05 0.458028 9.99559E-05 9.99559E-05 0.00218044 9.99559E-05
0.0560596 0.0568397 9.99558E-05 0.886601 9.99558E-05 9.99558E-05 9.99558E-05 9.99558E-05
0.087216 0.167256 0.106101 9.99736E-05 9.99736E-05 9.99736E-05 0.146718 0.492408
9.9956E-05 0.289578 9.9956E-05 0.706245 9.9956E-05 0.00367682 9.9956E-05 9.9956E-05
9.9965E-05 0.768643 0.161761 0.0069487 0.062247 9.9965E-05 9.9965E-05 9.9965E-05
9.99647E-05 0.115471 9.99647E-05 0.197229 9.99647E-05 0.108574 0.578327 9.99647E-05
9.99647E-05 9.99647E-05 9.99647E-05 0.845902 0.0317305 9.99647E-05 0.0301401 0.091827
0.841072 0.158328 9.99479E-05 9.99479E-05 9.99479E-05 9.99479E-05 9.99479E-05 9.99479E-05
0.491668 0.507732 9.99478E-05 9.99478E-05 9.99478E-05 9.99478E-05 9.99478E-05 9.99478E-05
0.257033 9.99561E-05 0.485267 0.2572 9.99561E-05 9.99561E-05 9.99561E-05 9.99561E-05
0.116346 0.579604 0.154027 9.99646E-05 9.99646E-05 9.99646E-05 0.149623 9.99646E-05
9.99558E-05 0.179422 9.99558E-05 0.560824 9.99558E-05 9.99558E-05 9.99558E-05 0.259254
0.175586 0.387644 9.99734E-05 0.175496 9.99734E-05 0.0972559 9.99734E-05 0.163719
0.310457 9.99561E-05 9.99561E-05 9.99561E-05 9.99561E-05 0.440433 0.24861 9.99561E-05
0.203956 0.35954 9.99649E-05 0.0895421 9.99649E-05 0.346562 9.99649E-05 9.99649E-05
9.99559E-05 0.358469 9.99559E-05 0.31474 0.326291 9.99559E-05 9.99559E-05 9.99559E-05
9.99737E-05 9.99737E-05 0.135867 0.0261883 9.99737E-05 0.481178 0.349592 0.00687409
0.117731 9.99736E-05 9.99736E-05 9.99736E-05 0.0970632 0.0280095 0.0714646 0.685432
0.458047 0.44119 9.99559E-05 9.99559E-05 0.100263 9.99559E-05 9.99559E-05 9.99559E-05
0.301227 9.99563E-05 9.99563E-05 9.99563E-05 0.296527 9.99563E-05 9.99563E-05 0.401745
9.99477E-05 0.243007 9.99477E-05 9.99477E-05 9.99477E-05 9.99477E-05 9.99477E-05 0.756393
0.352951 0.0406671 9.99647E-05 0.364983 9.99647E-05 0.240999 9.99647E-05 9.99647E-05
9.9956E-05 0.541568 9.9956E-05 9.9956E-05 0.0495186 9.9956E-05 0.408414 9.9956E-05
0.0840795 0.526603 9.99647E-05 9.99647E-05 0.197678 9.99647E-05 9.99647E-05 0.19124
0.409962 0.0197917 9.99647E-05 9.99647E-05 0.139795 0.430052 9.99647E-05 9.99647E-05
9.99649E-05 0.0473553 9.99649E-05 9.99649E-05 0.484936 0.171808 9.99649E-05 0.2955
9.99474E-05 9.99474E-05 0.0411831 0.958217 9.99474E-05 9.99474E-05 9.99474E-05 9.99474E-05
9.99649E-05 9.99649E-05 0.192622 0.265212 0.303439 0.238327 9.99649E-05 9.99649E-05
0.431585 9.99561E-05 9.99561E-05 9.99561E-05 0.136728 9.99561E-05 0.431187 9.99561E-05
0.360542 0.638859 9.99473E-05 9.99473E-05 9.99473E-05 9.99473E-05 9.99473E-05 9.99473E-05
0.982601 9.99471E-05 9.99471E-05 9.99471E-05 9.99471E-05 9.99471E-05 9.99471E-05 0.0167996
0.0617462 9.9965E-05 9.9965E-05 0.679913 0.0369233 0.221018 9.9965E-05 9.9965E-05
9.99473E-05 0.165021 9.99473E-05 0.834379 9.99473E-05 9.99473E-05 9.99473E-05 9.99473E-05
0.421805 0.150705 0.118641 9.99653E-05 9.99653E-05 9.99653E-05 9.99653E-05 0.308448
0.160717 9.99738E-05 9.99738E-05 0.0336302 0.161246 0.160293 9.99738E-05 0.483813
0.171983 0.110102 9.99735E-05 9.99735E-05 0.0603802 9.99735E-05 0.0228156 0.63442
0.0476732 9.99562E-05 9.99562E-05 0.890478 9.99562E-05 0.0613493 9.99562E-05 9.99562E-05
0.238054 9.99736E-05 9.99736E-05 9.99736E-05 0.109475 0.314142 0.0676911 0.270339
9.99563E-05 0.302945 9.99563E-05 9.99563E-05 0.691075 9.99563E-05 0.00548006 9.99563E-05
9.99825E-05 0.463788 0.00502988 0.161338 0.0482147 0.288579 9.99825E-05 0.03285
9.99558E-05 0.123471 9.99558E-05 0.454276 9.99558E-05 9.99558E-05 0.421753 9.99558E-05
0.0990085 0.741956 9.99564E-05 9.99564E-05 9.99564E-05 9.99564E-05 9.99564E-05 0.158536
0.112995 9.9965E-05 0.0335761 9.9965E-05 0.356396 0.496632 9.9965E-05 9.9965E-05
0.256121 0.380059 9.99736E-05 0.0234671 0.0358598 9.99736E-05 0.304193 9.99736E-05
0.309169 0.296998 9.99649E-05 9.99649E-05 0.295561 9.99649E-05 9.99649E-05 0.0978726
0.254398 0.384313 9.99562E-05 9.99562E-05 9.99562E-05 9.99562E-05 0.360789 9.99562E-05
9.99651E-05 0.269695 9.99651E-05 0.0329063 0.174025 0.522974 9.99651E-05 9.99651E-05
0.233546 0.154538 9.99651E-05 0.486924 9.99651E-05 9.99651E-05 9.99651E-05 0.124592
9.994E-05 9.994E-05 9.994E-05 9.994E-05 9.994E-05 9.994E-05 0.9993 9.994E-05
9.99472E-05 0.79831 9.99472E-05 0.20109 9.99472E-05 9.99472E-05 9.99472E-05 9.99472E-05
0.560422 0.10275 9.99647E-05 0.162588 9.99647E-05 9.99647E-05 9.99647E-05 0.173841
9.99559E-05 0.433106 9.99559E-05 9.99559E-05 9.99559E-05 0.40401 9.99559E-05 0.162385
9.9956E-05 9.9956E-05 0.141276 9.9956E-05 9.9956E-05 0.0868336 0.771391 9.9956E-05
9.99475E-05 9.99475E-05 0.184133 9.99475E-05 9.99475E-05 9.99475E-05 0.815267 9.99475E-05
9.99649E-05 0.0755924 0.233844 0.509943 9.99649E-05 9.99649E-05 9.99649E-05 0.180221
0.630453 9.99564E-05 0.0527183 9.99564E-05 9.99564E-05 9.99564E-05 0.316329 9.99564E-05
9.99559E-05 9.99559E-05 9.99559E-05 9.99559E-05 9.99559E-05 0.729054 0.26366 0.00678541
9.994E-05 9.994E-05 9.994E-05 0.9993 9.994E-05 9.994E-05 9.994E-05 9.994E-05
9.99469E-05 9.99469E-05 9.99469E-05 0.21934 9.99469E-05 0.78006 9.99469E-05 9.99469E-05
9.99649E-05 9.99649E-05 9.99649E-05 0.711254 0.109785 0.0308508 0.14771 9.99649E-05
0.290086 9.99562E-05 9.99562E-05 0.156136 0.553278 9.99562E-05 9.99562E-05 9.99562E-05
9.99649E-05 0.0658645 9.99649E-05 0.112906 9.99649E-05 0.747588 0.0732408 9.99649E-05
0.108708 9.99562E-05 9.99562E-05 9.99562E-05 9.99562E-05 0.802885 0.0879076 9.99562E-05
9.99649E-05 0.0847157 9.99649E-05 0.423243 0.143629 9.99649E-05 9.99649E-05 0.348012
9.99561E-05 9.99561E-05 0.411069 0.050811 9.99561E-05 0.53762 9.99561E-05 9.99561E-05
0.284603 9.99648E-05 0.0993985 9.99648E-05 9.99648E-05 0.450505 0.165093 9.99648E-05
0.072072 0.0599649 9.9965E-05 0.42504 9.9965E-05 9.9965E-05 9.9965E-05 0.442524
9.99558E-05 0.138973 9.99558E-05 9.99558E-05 0.542797 0.317731 9.99558E-05 9.99558E-05
9.99561E-05 9.99561E-05 9.99561E-05 0.370935 0.24239 9.99561E-05 0.386175 9.99561E-05
9.9956E-05 9.9956E-05 9.9956E-05 0.0943345 9.9956E-05 9.9956E-05 0.528016 0.37715
9.99559E-05 0.300209 9.99559E-05 9.99559E-05 9.99559E-05 0.13832 9.99559E-05 0.560972
0.312766 9.99559E-05 9.99559E-05 0.315718 9.99559E-05 9.99559E-05 9.99559E-05 0.371016
0.0629579 0.336231 9.99736E-05 0.0300352 0.549795 9.99736E-05 0.0206813 9.99736E-05
0.709223 9.99648E-05 0.125758 9.99648E-05 9.99648E-05 0.160351 9.99648E-05 0.00426852
9.99736E-05 0.39601 0.0893126 0.122004 9.99736E-05 9.99736E-05 0.304052 0.088322
9.99649E-05 0.195724 9.99649E-05 0.109003 9.99649E-05 9.99649E-05 0.33019 0.364683
0.105797 0.00818801 9.99736E-05 0.605287 9.99736E-05 9.99736E-05 0.279245 0.00118351
9.994E-05 0.9993 9.994E-05 9.994E-05 9.994E-05 9.994E-05 9.994E-05 9.994E-05
9.99646E-05 0.552243 0.145145 0.113781 9.99646E-05 9.99646E-05 9.99646E-05 0.18843
9.99568E-05 0.345901 9.99568E-05 9.99568E-05 0.271201 9.99568E-05 0.382398 9.99568E-05
9.99562E-05 0.0948793 9.99562E-05 0.195281 0.70934 9.99562E-05 9.99562E-05 9.99562E-05
9.99561E-05 0.725497 9.99561E-05 9.99561E-05 0.25979 0.014213 9.99561E-05 9.99561E-05
9.99654E-05 0.055802 0.162316 0.239009 9.99654E-05 9.99654E-05 9.99654E-05 0.542473
9.99474E-05 0.0789754 9.99474E-05 9.99474E-05 9.99474E-05 9.99474E-05 9.99474E-05 0.920425
9.99474E-05 9.99474E-05 9.99474E-05 0.957543 9.99474E-05 9.99474E-05 0.0418572 9.99474E-05
9.99648E-05 0.485164 0.224 9.99648E-05 0.052546 9.99648E-05 0.23789 9.99648E-05
0.546705 0.00304554 9.99646E-05 9.99646E-05 9.99646E-05 0.396266 0.0535833 9.99646E-05
0.730476 9.99559E-05 0.0343355 9.99559E-05 0.234688 9.99559E-05 9.99559E-05 9.99559E-05
9.99649E-05 0.0663794 9.99649E-05 0.57949 0.246606 9.99649E-05 0.107125 9.99649E-05
9.99649E-05 9.99649E-05 0.185265 0.357925 0.32044 9.99649E-05 9.99649E-05 0.13597
9.99561E-05 9.99561E-05 9.99561E-05 0.0656363 0.857713 0.0761507 9.99561E-05 9.99561E-05
9.99476E-05 9.99476E-05 9.99476E-05 0.680075 0.319325 9.99476E-05 9.99476E-05 9.99476E-05
0.134054 0.703687 9.99561E-05 9.99561E-05 0.161759 9.99561E-05 9.99561E-05 9.99561E-05
0.152198 9.9947E-05 9.9947E-05 0.847203 9.9947E-05 9.9947E-05 9.9947E-05 9.9947E-05
9.99563E-05 0.598425 9.99563E-05 0.35225 9.99563E-05 0.0488259 9.99563E-05 9.99563E-05
9.9965E-05 0.0712175 0.0577361 0.490574 0.380073 9.9965E-05 9.9965E-05 9.9965E-05
0.308539 0.690862 9.99472E-05 9.99472E-05 9.99472E-05 9.99472E-05 9.99472E-05 9.99472E-05
9.9956E-05 9.9956E-05 9.9956E-05 9.9956E-05 0.211484 0.697762 9.9956E-05 0.0902535
0.0694683 0.420994 0.0231773 0.381041 0.105019 9.99735E-05 9.99735E-05 9.99735E-05
0.281645 9.99652E-05 0.0410738 0.651515 9.99652E-05 0.0253661 9.99652E-05 9.99652E-05
9.99561E-05 0.301588 9.99561E-05 0.313273 9.99561E-05 9.99561E-05 9.99561E-05 0.38464
0.0973625 9.99561E-05 0.42587 9.99561E-05 0.476267 9.99561E-05 9.99561E-05 9.99561E-05
0.0625681 9.99477E-05 9.99477E-05 0.936832 9.99477E-05 9.99477E-05 9.99477E-05 9.99477E-05
9.9965E-05 0.373494 9.9965E-05 9.9965E-05 9.9965E-05 0.310981 0.251971 0.063155
9.99469E-05 9.99469E-05 9.99469E-05 0.799293 9.99469E-05 0.200107 9.99469E-05 9.99469E-05
0.0456243 9.99651E-05 0.711472 0.0353244 9.99651E-05 9.99651E-05 9.99651E-05 0.207179
9.99736E-05 0.230991 9.99736E-05 0.308898 0.00486368 0.141866 0.313082 9.99736E-05
0.161685 9.99648E-05 9.99648E-05 9.99648E-05 0.0852585 9.99648E-05 0.0192868 0.73337
9.99646E-05 0.252621 9.99646E-05 0.0267798 0.429635 9.99646E-05 0.290565 9.99646E-05
9.99649E-05 0.823434 0.102185 9.99649E-05 9.99649E-05 9.99649E-05 0.00575462 0.0682257
0.17455 9.99559E-05 9.99559E-05 0.141845 9.99559E-05 0.683105 9.99559E-05 9.99559E-05
0.108422 0.405048 9.99736E-05 0.418368 9.99736E-05 0.00169011 0.0661722 9.99736E-05
9.99562E-05 0.486565 9.99562E-05 0.187837 9.99562E-05 9.99562E-05 9.99562E-05 0.325098
0.630284 0.041328 9.99648E-05 9.99648E-05 9.99648E-05 0.022494 0.305494 9.99648E-05
9.99474E-05 0.618738 9.99474E-05 9.99474E-05 9.99474E-05 0.380663 9.99474E-05 9.99474E-05
9.99649E-05 9.99649E-05 9.99649E-05 0.224087 0.0625922 0.284795 0.428126 9.99649E-05
0.245134 9.99558E-05 9.99558E-05 0.32606 9.99558E-05 9.99558E-05 0.428306 9.99558E-05
9.996E-05 9.996E-05 9.996E-05 0.123142 9.996E-05 0.54183 0.23092 0.103708
9.99561E-05 9.99561E-05 9.99561E-05 0.856536 0.112583 9.99561E-05 9.99561E-05 0.0303814
0.274492 9.99649E-05 0.260298 9.99649E-05 0.0290241 9.99649E-05 0.435786 9.99649E-05
9.99561E-05 9.99561E-05 0.590093 9.99561E-05 9.99561E-05 9.99561E-05 0.372154 0.0372534
0.051421 0.0059376 0.0823721 0.365337 9.99737E-05 9.99737E-05 9.99737E-05 0.494633
9.99649E-05 0.312081 9.99649E-05 0.51641 9.99649E-05 0.149138 9.99649E-05 0.021972
9.99649E-05 0.0446202 9.99649E-05 0.0531554 0.554841 0.346983 9.99649E-05 9.99649E-05
0.116093 0.107816 9.99652E-05 0.452876 9.99652E-05 9.99652E-05 9.99652E-05 0.322815
9.99649E-05 0.135615 0.275794 9.99649E-05 9.99649E-05 9.99649E-05 0.546743 0.0414479
9.99562E-05 0.270587 9.99562E-05 9.99562E-05 9.99562E-05 0.189577 9.99562E-05 0.539336
9.99647E-05 0.494706 9.99647E-05 9.99647E-05 0.233929 0.222467 0.0484978 9.99647E-05
0.444919 0.178278 9.99561E-05 0.376303 9.99561E-05 9.99561E-05 9.99561E-05 9.99561E-05
0.162465 0.0866209 9.99646E-05 0.710193 9.99646E-05 0.0403214 9.99646E-05 9.99646E-05
0.401878 0.189429 0.0719025 0.125962 9.99736E-05 9.99736E-05 0.210528 9.99736E-05
0.491979 9.99566E-05 0.0527773 0.454744 9.99566E-05 9.99566E-05 9.99566E-05 9.99566E-05
9.99561E-05 0.563092 9.99561E-05 9.99561E-05 9.99561E-05 9.99561E-05 0.0808673 0.355541
9.99649E-05 0.634549 9.99649E-05 9.99649E-05 0.0837772 0.0564997 0.224775 9.99649E-05
0.108138 0.183648 0.204945 0.374323 9.99735E-05 9.99735E-05 9.99735E-05 0.128646
9.99648E-05 9.99648E-05 9.99648E-05 0.432341 0.176835 0.185194 9.99648E-05 0.205229
0.204005 0.113552 9.99651E-05 9.99651E-05 0.139754 9.99651E-05 0.54229 9.99651E-05
0.131836 0.473789 9.99737E-05 9.99737E-05 0.214172 9.99737E-05 0.0789886 0.100914
9.99557E-05 9.99557E-05 0.527679 0.324728 9.99557E-05 0.147093 9.99557E-05 9.99557E-05
0.19585 9.99649E-05 9.99649E-05 9.99649E-05 0.176277 0.0279482 0.599525 9.99649E-05
0.187052 9.9965E-05 9.9965E-05 0.634761 0.136781 0.0410055 9.9965E-05 9.9965E-05
9.9956E-05 0.443801 9.9956E-05 9.9956E-05 9.9956E-05 0.164558 0.391141 9.9956E-05
9.99649E-05 0.0863834 9.99649E-05 0.14488 9.99649E-05 0.369425 9.99649E-05 0.398912
0.0596252 9.99647E-05 9.99647E-05 0.721882 0.176024 9.99647E-05 9.99647E-05 0.0420689
9.99473E-05 0.976917 9.99473E-05 9.99473E-05 9.99473E-05 9.99473E-05 0.0224832 9.99473E-05
0.199061 0.374179 9.99562E-05 9.99562E-05 0.42626 9.99562E-05 9.99562E-05 9.99562E-05
9.99649E-05 0.23271 0.0593048 9.99649E-05 9.99649E-05 0.473184 0.234401 9.99649E-05
0.00860862 0.00349113 0.141129 0.827246 9.99739E-05 0.019225 9.99739E-05 9.99739E-05
0.226052 9.99735E-05 9.99735E-05 0.312189 9.99735E-05 0.0607034 0.205446 0.19531
0.331211 0.0976551 9.9956E-05 0.570634 9.9956E-05 9.9956E-05 9.9956E-05 9.9956E-05
9.99646E-05 0.157595 9.99646E-05 0.222207 0.486602 9.99646E-05 0.133196 9.99646E-05
9.99735E-05 9.99735E-05 0.0981811 0.177941 0.415286 9.99735E-05 0.158434 0.149857
0.14724 0.344543 9.99648E-05 9.99648E-05 0.0111045 0.496713 9.99648E-05 9.99648E-05
0.164723 0.448806 9.99735E-05 0.0628222 0.12942 0.19393 9.99735E-05 9.99735E-05
0.419302 9.99737E-05 0.0481262 0.226405 9.99737E-05 0.159964 0.145902 9.99737E-05
9.9947E-05 0.137658 9.9947E-05 0.861742 9.9947E-05 9.9947E-05 9.9947E-05 9.9947E-05
9.99476E-05 0.181007 9.99476E-05 0.818393 9.99476E-05 9.99476E-05 9.99476E-05 9.99476E-05
9.99648E-05 0.483703 0.232809 0.144077 0.139011 9.99648E-05 9.99648E-05 9.99648E-05
0.412026 9.99649E-05 9.99649E-05 9.99649E-05 0.0845243 0.499357 0.00369276 9.99649E-05
9.99647E-05 0.336235 9.99647E-05 0.439872 0.0285689 9.99647E-05 9.99647E-05 0.194924
9.99478E-05 9.99478E-05 9.99478E-05 9.99478E-05 9.99478E-05 0.572931 9.99478E-05 0.426469
9.9956E-05 9.9956E-05 9.9956E-05 0.480858 0.503342 9.9956E-05 9.9956E-05 0.0152997
0.00953507 0.88473 0.105236 9.99563E-05 9.99563E-05 9.99563E-05 9.99563E-05 9.99563E-05
9.99646E-05 0.213332 9.99646E-05 0.635028 0.0502187 9.99646E-05 0.101022 9.99646E-05
9.9965E-05 9.9965E-05 9.9965E-05 0.476481 0.247906 0.0228668 0.252346 9.9965E-05
0.033714 9.997E-05 0.235849 9.997E-05 9.997E-05 0.171527 0.104552 0.454058
9.99649E-05 0.098905 0.0291865 0.645343 9.99649E-05 9.99649E-05 0.226165 9.99649E-05
0.0382375 0.0172988 9.99824E-05 0.19885 0.253188 0.372008 0.120217 9.99824E-05
0.277429 0.373789 9.9965E-05 9.9965E-05 0.00494136 9.9965E-05 0.343441 9.9965E-05
0.0537249 0.344139 0.0399755 0.56176 9.99649E-05 9.99649E-05 9.99649E-05 9.99649E-05
0.251834 0.353106 9.99736E-05 0.00457267 0.00967636 9.99736E-05 0.380511 9.99736E-05
0.555795 9.99737E-05 9.99737E-05 9.99737E-05 0.161285 0.044431 0.0337092 0.20448
0.156931 0.211296 9.99737E-05 9.99737E-05 0.121675 9.99737E-05 0.357631 0.152168
9.9965E-05 9.9965E-05 0.318092 0.0687594 9.9965E-05 9.9965E-05 0.32641 0.286339
0.136055 0.0898194 9.99648E-05 0.361711 9.99648E-05 0.412015 9.99648E-05 9.99648E-05
9.99824E-05 0.125269 0.114712 9.99824E-05 0.200303 0.0143521 0.333707 0.211457
9.99562E-05 0.134655 0.133488 9.99562E-05 9.99562E-05 0.731358 9.99562E-05 9.99562E-05
0.0752786 9.99824E-05 9.99824E-05 0.368286 0.0473193 0.184968 0.0644177 0.259531
9.99646E-05 0.604935 9.99646E-05 9.99646E-05 9.99646E-05 0.120454 0.0934576 0.180754
0.0246069 9.99648E-05 0.0682105 0.414846 0.491936 9.99648E-05 9.99648E-05 9.99648E-05
9.99652E-05 0.494496 0.0810883 0.399125 0.0248902 9.99652E-05 9.99652E-05 9.99652E-05
9.9965E-05 0.377534 0.108721 9.9965E-05 0.348115 9.9965E-05 9.9965E-05 0.165231
0.56256 9.99559E-05 9.99559E-05 0.13012 0.30682 9.99559E-05 9.99559E-05 9.99559E-05
0.741606 9.99558E-05 9.99558E-05 9.99558E-05 9.99558E-05 0.00822241 0.249672 9.99558E-05
0.9993 9.994E-05 9.994E-05 9.994E-05 9.994E-05 9.994E-05 9.994E-05 9.994E-05
0.501971 9.99561E-05 9.99561E-05 0.493475 9.99561E-05 9.99561E-05 0.00405413 9.99561E-05
9.99473E-05 9.99473E-05 9.99473E-05 0.928011 9.99473E-05 9.99473E-05 0.0713891 9.99473E-05
0.181353 9.99561E-05 9.99561E-05 0.609559 9.99561E-05 9.99561E-05 9.99561E-05 0.208588
9.99559E-05 9.99559E-05 0.114702 0.443504 9.99559E-05 9.99559E-05 9.99559E-05 0.441295
0.0293988 9.997E-05 9.997E-05 0.156878 9.997E-05 0.356251 0.265265 0.191907
9.99561E-05 0.358966 9.99561E-05 0.522603 9.99561E-05 0.117931 9.99561E-05 9.99561E-05
9.99558E-05 0.129506 0.481117 9.99558E-05 9.99558E-05 9.99558E-05 9.99558E-05 0.388877
9.99652E-05 0.631257 0.0323102 0.237905 9.99652E-05 9.99652E-05 9.99652E-05 0.0981275
9.99825E-05 9.99825E-05 0.313841 0.0819149 0.0457236 0.515057 0.0100453 0.0332176
9.9956E-05 9.9956E-05 0.228471 0.265721 9.9956E-05 9.9956E-05 9.9956E-05 0.505309
0.101244 0.298759 9.99737E-05 0.349017 9.99737E-05 9.99737E-05 0.135779 0.114902
0.070302 0.130391 9.99736E-05 9.99736E-05 0.485211 0.239619 0.0741764 9.99736E-05
9.99475E-05 0.260619 9.99475E-05 9.99475E-05 9.99475E-05 0.738781 9.99475E-05 9.99475E-05
0.661316 0.131189 9.99646E-05 0.199734 9.99646E-05 9.99646E-05 0.00736113 9.99646E-05
9.99824E-05 0.00336632 9.99824E-05 0.509027 0.0740336 0.048637 0.132882 0.231854
0.219239 0.632732 9.99559E-05 9.99559E-05 9.99559E-05 9.99559E-05 0.14753 9.99559E-05
0.26846 9.99824E-05 0.00414607 9.99824E-05 0.121835 0.528244 0.0498585 0.0272557
9.99649E-05 0.694192 9.99649E-05 9.99649E-05 0.011965 9.99649E-05 0.17901 0.114433
0.102809 9.99735E-05 0.0765676 0.564569 9.99735E-05 9.99735E-05 0.171892 0.0838626
9.99648E-05 0.0817903 9.99648E-05 0.601039 0.103893 9.99648E-05 9.99648E-05 0.212878
9.99557E-05 9.99557E-05 9.99557E-05 0.501505 0.376616 9.99557E-05 0.121379 9.99557E-05
9.99563E-05 0.442621 9.99563E-05 0.215012 9.99563E-05 0.341867 9.99563E-05 9.99563E-05
0.414184 0.0620809 0.28533 0.238004 9.9965E-05 9.9965E-05 9.9965E-05 9.9965E-05
9.99561E-05 0.227228 9.99561E-05 9.99561E-05 9.99561E-05 0.0344339 9.99561E-05 0.737838
9.9956E-05 0.580248 0.0221696 9.9956E-05 9.9956E-05 0.397082 9.9956E-05 9.9956E-05
0.371574 0.246692 9.99565E-05 9.99565E-05 9.99565E-05 9.99565E-05 0.381235 9.99565E-05
9.99469E-05 9.99469E-05 9.99469E-05 0.24503 9.99469E-05 9.99469E-05 0.754371 9.99469E-05
0.418642 0.0503382 9.99648E-05 0.252698 9.99648E-05 9.99648E-05 9.99648E-05 0.277922
0.576643 9.99561E-05 9.99561E-05 9.99561E-05 9.99561E-05 0.391369 9.99561E-05 0.0314886
0.0717815 9.99566E-05 9.99566E-05 0.842404 9.99566E-05 0.0853148 9.99566E-05 9.99566E-05
0.0751792 0.410277 9.99648E-05 9.99648E-05 0.26731 9.99648E-05 9.99648E-05 0.246834
0.390061 0.609339 9.9947E-05 9.9947E-05 9.9947E-05 9.9947E-05 9.9947E-05 9.9947E-05
0.891783 9.99562E-05 9.99562E-05 9.99562E-05 0.000555547 9.99562E-05 0.107162 9.99562E-05
9.99736E-05 0.0118952 0.0514642 0.357198 0.112046 9.99736E-05 9.99736E-05 0.467097
0.0665657 9.99559E-05 9.99559E-05 9.99559E-05 0.444403 9.99559E-05 9.99559E-05 0.488532
0.20292 9.99736E-05 0.159424 0.423119 9.99736E-05 0.0751553 9.99736E-05 0.139082
0.155538 0.404773 9.99645E-05 0.361179 9.99645E-05 9.99645E-05 0.0781099 9.99645E-05
0.159562 0.203968 0.334306 0.192432 9.99735E-05 0.109433 9.99735E-05 9.99735E-05
0.43829 0.0681555 9.997E-05 9.997E-05 0.059755 0.222468 0.211032 9.997E-05
0.407668 0.203736 9.99738E-05 9.99738E-05 9.99738E-05 0.269414 0.0889462 0.0299361
0.594398 0.12544 0.141665 9.99735E-05 0.0423717 0.095826 9.99735E-05 9.99735E-05
