0.14008 9.99461E-05 9.99461E-05 9.99461E-05 0.0227964 9.99461E-05 0.628373 9.99461E-05 0.20815 9.99461E-05
9.9937E-05 9.9937E-05 9.9937E-05 0.0157069 9.9937E-05 9.9937E-05 0.972619 9.9937E-05 9.9937E-05 0.0109742
9.99461E-05 0.0161455 9.99461E-05 9.99461E-05 9.99461E-05 9.99461E-05 0.368425 9.99461E-05 0.602691 0.0121385
9.99201E-05 9.99201E-05 9.99201E-05 0.999101 9.99201E-05 9.99201E-05 9.99201E-05 9.99201E-05 9.99201E-05 9.99201E-05
0.0490408 9.9937E-05 0.880308 0.0699516 9.9937E-05 9.9937E-05 9.9937E-05 9.9937E-05 9.9937E-05 9.9937E-05
9.9946E-05 0.766927 9.9946E-05 9.9946E-05 0.0807848 9.9946E-05 9.9946E-05 0.0376301 0.114059 9.9946E-05
0.145246 9.9946E-05 9.9946E-05 0.108928 0.0423184 0.702909 9.9946E-05 9.9946E-05 9.9946E-05 9.9946E-05
9.99371E-05 9.99371E-05 9.99371E-05 0.0783827 9.99371E-05 9.99371E-05 0.811466 0.109452 9.99371E-05 9.99371E-05
9.99282E-05 0.353839 9.99282E-05 9.99282E-05 0.645362 9.99282E-05 9.99282E-05 9.99282E-05 9.99282E-05 9.99282E-05
9.99281E-05 9.99281E-05 0.347821 9.99281E-05 9.99281E-05 0.65138 9.99281E-05 9.99281E-05 9.99281E-05 9.99281E-05
9.99201E-05 9.99201E-05 9.99201E-05 9.99201E-05 9.99201E-05 0.999101 9.99201E-05 9.99201E-05 9.99201E-05 9.99201E-05
9.99461E-05 0.160533 0.0126599 0.042736 9.99461E-05 9.99461E-05 0.783471 9.99461E-05 9.99461E-05 9.99461E-05
0.135503 9.99551E-05 0.531382 9.99551E-05 0.205459 9.99551E-05 9.99551E-05 0.114424 0.0127331 9.99551E-05
0.999101 9.99201E-05 9.99201E-05 9.99201E-05 9.99201E-05 9.99201E-05 9.99201E-05 9.99201E-05 9.99201E-05 9.99201E-05
9.99201E-05 9.99201E-05 0.999101 9.99201E-05 9.99201E-05 9.99201E-05 9.99201E-05 9.99201E-05 9.99201E-05 9.99201E-05
9.99201E-05 9.99201E-05 9.99201E-05 9.99201E-05 0.999101 9.99201E-05 9.99201E-05 9.99201E-05 9.99201E-05 9.99201E-05
9.994E-05 0.15327 9.994E-05 0.330507 9.994E-05 9.994E-05 0.473189 0.0424344 9.994E-05 9.994E-05
9.9955E-05 0.15172 0.0373561 9.9955E-05 0.448475 0.281161 9.9955E-05 0.0807878 9.9955E-05 9.9955E-05
9.99282E-05 0.959708 9.99282E-05 9.99282E-05 9.99282E-05 9.99282E-05 0.0394923 9.99282E-05 9.99282E-05 9.99282E-05
9.99201E-05 9.99201E-05 9.99201E-05 9.99201E-05 9.99201E-05 9.99201E-05 9.99201E-05 9.99201E-05 9.99201E-05 0.999101
0.042325 9.99461E-05 9.99461E-05 9.99461E-05 0.307976 9.99461E-05 0.042934 9.99461E-05 9.99461E-05 0.606166
9.99461E-05 0.236835 9.99461E-05 0.128365 0.629754 9.99461E-05 0.00444683 9.99461E-05 9.99461E-05 9.99461E-05
9.99551E-05 9.99551E-05 0.168836 9.99551E-05 0.74399 9.99551E-05 0.0040922 0.0227656 9.99551E-05 0.0598159
0.0223192 9.9955E-05 9.9955E-05 0.579536 9.9955E-05 9.9955E-05 9.9955E-05 0.0956834 0.0389024 0.263059
9.99371E-05 9.99371E-05 9.99371E-05 0.0375262 9.99371E-05 9.99371E-05 9.99371E-05 0.0467829 0.914991 9.99371E-05
9.99371E-05 9.99371E-05 0.812219 9.99371E-05 0.034894 9.99371E-05 9.99371E-05 9.99371E-05 9.99371E-05 0.152187
9.99281E-05 9.99281E-05 9.99281E-05 0.917121 9.99281E-05 9.99281E-05 9.99281E-05 9.99281E-05 0.0820794 9.99281E-05
0.542464 0.372182 9.99371E-05 9.99371E-05 0.0846551 9.99371E-05 9.99371E-05 9.99371E-05 9.99371E-05 9.99371E-05
9.99284E-05 9.99284E-05 9.99284E-05 9.99284E-05 9.99284E-05 9.99284E-05 0.989504 0.00969706 9.99284E-05 9.99284E-05
9.99552E-05 0.58488 9.99552E-05 0.28311 0.0428224 0.0437544 0.0449334 9.99552E-05 9.99552E-05 9.99552E-05
9.99372E-05 9.99372E-05 9.99372E-05 9.99372E-05 9.99372E-05 0.166648 9.99372E-05 0.015972 0.816681 9.99372E-05
9.99201E-05 9.99201E-05 9.99201E-05 9.99201E-05 9.99201E-05 9.99201E-05 9.99201E-05 9.99201E-05 0.999101 9.99201E-05
0.0539986 9.9946E-05 9.9946E-05 0.00543838 9.9946E-05 0.892062 9.9946E-05 9.9946E-05 0.0479009 9.9946E-05
9.9946E-05 0.774282 9.9946E-05 0.0150982 0.133236 9.9946E-05 9.9946E-05 9.9946E-05 0.076785 9.9946E-05
9.99201E-05 9.99201E-05 9.99201E-05 0.999101 9.99201E-05 9.99201E-05 9.99201E-05 9.99201E-05 9.99201E-05 9.99201E-05
9.9946E-05 0.00250895 9.9946E-05 9.9946E-05 0.90493 9.9946E-05 9.9946E-05 9.9946E-05 0.0040488 0.0879129
9.99461E-05 0.662249 9.99461E-05 0.0122435 0.237277 9.99461E-05 9.99461E-05 9.99461E-05 9.99461E-05 0.0876306
9.99461E-05 0.873032 9.99461E-05 9.99461E-05 9.99461E-05 9.99461E-05 9.99461E-05 0.0251146 0.0502138 0.0510399
9.99201E-05 9.99201E-05 9.99201E-05 9.99201E-05 9.99201E-05 9.99201E-05 9.99201E-05 0.999101 9.99201E-05 9.99201E-05
9.99462E-05 0.895239 0.0284225 9.99462E-05 9.99462E-05 9.99462E-05 9.99462E-05 0.0118677 9.99462E-05 0.0638714
9.99281E-05 0.867477 9.99281E-05 9.99281E-05 9.99281E-05 9.99281E-05 0.131724 9.99281E-05 9.99281E-05 9.99281E-05
0.000679419 0.261374 9.99461E-05 0.0254689 9.99461E-05 9.99461E-05 0.711878 9.99461E-05 9.99461E-05 9.99461E-05
9.99201E-05 9.99201E-05 9.99201E-05 9.99201E-05 9.99201E-05 9.99201E-05 9.99201E-05 9.99201E-05 9.99201E-05 0.999101
0.0407658 9.99371E-05 9.99371E-05 9.99371E-05 9.99371E-05 9.99371E-05 9.99371E-05 0.0656811 0.892854 9.99371E-05
0.00206054 9.99372E-05 0.961771 9.99372E-05 9.99372E-05 9.99372E-05 9.99372E-05 9.99372E-05 9.99372E-05 0.0354689
9.99282E-05 9.99282E-05 9.99282E-05 0.118215 9.99282E-05 9.99282E-05 0.880986 9.99282E-05 9.99282E-05 9.99282E-05
9.9946E-05 0.109985 9.9946E-05 9.9946E-05 0.556543 9.9946E-05 9.9946E-05 0.117919 9.9946E-05 0.214954
9.99283E-05 0.728641 9.99283E-05 9.99283E-05 0.270559 9.99283E-05 9.99283E-05 9.99283E-05 9.99283E-05 9.99283E-05
9.99551E-05 9.99551E-05 0.225969 0.053171 9.99551E-05 9.99551E-05 9.99551E-05 0.101719 0.111325 0.507316
9.99371E-05 0.270433 9.99371E-05 9.99371E-05 9.99371E-05 0.0563351 9.99371E-05 9.99371E-05 9.99371E-05 0.672533
