9.9937E-05 0.253891 9.9937E-05 0.723537 9.9937E-05 9.9937E-05 0.0218725 9.9937E-05 9.9937E-05 9.9937E-05
9.99461E-05 9.99461E-05 9.99461E-05 0.167096 9.99461E-05 9.99461E-05 0.12823 9.99461E-05 0.595923 0.108151
9.99461E-05 0.553229 9.99461E-05 0.0343559 9.99461E-05 9.99461E-05 9.99461E-05 0.083065 0.328751 9.99461E-05
9.99281E-05 9.99281E-05 9.99281E-05 9.99281E-05 9.99281E-05 9.99281E-05 9.99281E-05 0.0157323 9.99281E-05 0.983468
9.99371E-05 0.0709899 0.0940807 9.99371E-05 9.99371E-05 0.83423 9.99371E-05 9.99371E-05 9.99371E-05 9.99371E-05
9.995E-05 0.0805201 9.995E-05 0.0318847 0.796033 0.0126504 0.0784121 9.995E-05 9.995E-05 9.995E-05
0.0808911 0.0779111 0.669901 9.9955E-05 9.9955E-05 9.9955E-05 0.0382048 9.9955E-05 9.9955E-05 0.132592
9.99462E-05 0.0362459 0.0142537 9.99462E-05 9.99462E-05 9.99462E-05 9.99462E-05 0.00552269 0.943378 9.99462E-05
0.391021 9.99371E-05 9.99371E-05 9.99371E-05 0.313712 9.99371E-05 0.294567 9.99371E-05 9.99371E-05 9.99371E-05
9.99281E-05 9.99281E-05 0.852892 9.99281E-05 9.99281E-05 0.146309 9.99281E-05 9.99281E-05 9.99281E-05 9.99281E-05
9.99201E-05 9.99201E-05 0.999101 9.99201E-05 9.99201E-05 9.99201E-05 9.99201E-05 9.99201E-05 9.99201E-05 9.99201E-05
9.99201E-05 9.99201E-05 9.99201E-05 9.99201E-05 9.99201E-05 9.99201E-05 9.99201E-05 9.99201E-05 0.999101 9.99201E-05
0.173662 0.146908 0.101835 9.9964E-05 0.0604614 0.465631 9.9964E-05 9.9964E-05 9.9964E-05 0.0511036
9.99372E-05 0.431186 0.23975 9.99372E-05 9.99372E-05 9.99372E-05 9.99372E-05 9.99372E-05 9.99372E-05 0.328364
9.99201E-05 9.99201E-05 9.99201E-05 9.99201E-05 9.99201E-05 0.999101 9.99201E-05 9.99201E-05 9.99201E-05 9.99201E-05
0.999101 9.99201E-05 9.99201E-05 9.99201E-05 9.99201E-05 9.99201E-05 9.99201E-05 9.99201E-05 9.99201E-05 9.99201E-05
9.99551E-05 0.0272004 9.99551E-05 9.99551E-05 0.0384776 9.99551E-05 0.0312529 9.99551E-05 0.835995 0.0665748
0.447489 9.9937E-05 0.323518 9.9937E-05 0.228294 9.9937E-05 9.9937E-05 9.9937E-05 9.9937E-05 9.9937E-05
9.9937E-05 9.9937E-05 9.9937E-05 9.9937E-05 0.916223 9.9937E-05 0.044816 9.9937E-05 0.0382612 9.9937E-05
0.63694 9.99461E-05 9.99461E-05 9.99461E-05 9.99461E-05 0.000638945 0.199213 0.162609 9.99461E-05 9.99461E-05
9.99201E-05 9.99201E-05 9.99201E-05 9.99201E-05 9.99201E-05 9.99201E-05 9.99201E-05 0.999101 9.99201E-05 9.99201E-05
0.576223 9.99371E-05 9.99371E-05 9.99371E-05 0.185622 9.99371E-05 9.99371E-05 9.99371E-05 0.237456 9.99371E-05
0.730857 0.0103465 0.0289127 9.99551E-05 9.99551E-05 0.151188 9.99551E-05 0.0781963 9.99551E-05 9.99551E-05
9.99201E-05 9.99201E-05 9.99201E-05 9.99201E-05 9.99201E-05 9.99201E-05 0.999101 9.99201E-05 9.99201E-05 9.99201E-05
9.99461E-05 0.951993 9.99461E-05 9.99461E-05 0.0112075 9.99461E-05 0.0191313 0.0170683 9.99461E-05 9.99461E-05
0.176119 9.99281E-05 9.99281E-05 9.99281E-05 9.99281E-05 0.823082 9.99281E-05 9.99281E-05 9.99281E-05 9.99281E-05
9.99201E-05 9.99201E-05 9.99201E-05 9.99201E-05 9.99201E-05 9.99201E-05 9.99201E-05 9.99201E-05 9.99201E-05 0.999101
0.0837909 9.99462E-05 9.99462E-05 9.99462E-05 0.39728 0.206515 9.99462E-05 9.99462E-05 9.99462E-05 0.311814
9.99201E-05 9.99201E-05 9.99201E-05 0.999101 9.99201E-05 9.99201E-05 9.99201E-05 9.99201E-05 9.99201E-05 9.99201E-05
0.0345409 9.99462E-05 9.99462E-05 9.99462E-05 0.542749 9.99462E-05 9.99462E-05 9.99462E-05 0.323673 0.0984376
9.99282E-05 0.714296 0.284904 9.99282E-05 9.99282E-05 9.99282E-05 9.99282E-05 9.99282E-05 9.99282E-05 9.99282E-05
9.99282E-05 0.960015 9.99282E-05 9.99282E-05 9.99282E-05 0.039186 9.99282E-05 9.99282E-05 9.99282E-05 9.99282E-05
9.99459E-05 0.0279909 0.814879 9.99459E-05 9.99459E-05 0.0984291 9.99459E-05 9.99459E-05 9.99459E-05 0.0581011
9.99371E-05 0.0611152 0.00383444 9.99371E-05 0.934351 9.99371E-05 9.99371E-05 9.99371E-05 9.99371E-05 9.99371E-05
9.99281E-05 9.99281E-05 9.99281E-05 9.99281E-05 9.99281E-05 9.99281E-05 9.99281E-05 9.99281E-05 0.447695 0.551505
0.984237 9.99281E-05 9.99281E-05 0.0149633 9.99281E-05 9.99281E-05 9.99281E-05 9.99281E-05 9.99281E-05 9.99281E-05
0.173935 9.99461E-05 9.99461E-05 0.00851906 0.763785 9.99461E-05 9.99461E-05 0.0531609 9.99461E-05 9.99461E-05
0.018931 9.9955E-05 0.0436076 0.0698154 0.658732 9.9955E-05 0.208414 9.9955E-05 9.9955E-05 9.9955E-05
9.99462E-05 9.99462E-05 0.810597 9.99462E-05 0.0539494 9.99462E-05 0.00501023 9.99462E-05 0.129843 9.99462E-05
9.99372E-05 9.99372E-05 9.99372E-05 9.99372E-05 0.60913 9.99372E-05 0.38928 9.99372E-05 0.000891063 9.99372E-05
9.99281E-05 9.99281E-05 9.99281E-05 9.99281E-05 0.77204 9.99281E-05 9.99281E-05 9.99281E-05 0.227161 9.99281E-05
9.99281E-05 9.99281E-05 9.99281E-05 9.99281E-05 0.0394027 9.99281E-05 9.99281E-05 9.99281E-05 0.959798 9.99281E-05
9.99282E-05 9.99282E-05 9.99282E-05 9.99282E-05 9.99282E-05 0.0788257 9.99282E-05 0.920375 9.99282E-05 9.99282E-05
9.99201E-05 0.999101 9.99201E-05 9.99201E-05 9.99201E-05 9.99201E-05 9.99201E-05 9.99201E-05 9.99201E-05 9.99201E-05
9.99282E-05 9.99282E-05 9.99282E-05 9.99282E-05 9.99282E-05 0.888231 9.99282E-05 0.11097 9.99282E-05 9.99282E-05
0.0245881 9.99371E-05 9.99371E-05 9.99371E-05 9.99371E-05 9.99371E-05 9.99371E-05 9.99371E-05 0.882081 0.0926314
0.405696 9.99461E-05 9.99461E-05 0.0297463 0.175566 9.99461E-05 9.99461E-05 0.388392 9.99461E-05 9.99461E-05
9.99282E-05 9.99282E-05 9.99282E-05 9.99282E-05 0.852915 9.99282E-05 9.99282E-05 0.146286 9.99282E-05 9.99282E-05
9.99461E-05 9.99461E-05 9.99461E-05 0.116107 9.99461E-05 0.677422 0.0215281 0.184343 9.99461E-05 9.99461E-05
9.99371E-05 9.99371E-05 0.0457386 9.99371E-05 0.0306998 9.99371E-05 9.99371E-05 0.922862 9.99371E-05 9.99371E-05
