0.165589 0.743006 0.0913047 9.9991E-05
9.9982E-05 0.941198 0.0586025 9.9982E-05
0.485104 0.514696 9.9982E-05 9.9982E-05
0.0826418 0.710996 0.00562936 0.200733
0.575835 9.9982E-05 0.423965 9.9982E-05
0.060013 9.9982E-05 9.9982E-05 0.939787
0.722521 0.00613694 0.225721 0.0456213
9.998E-05 0.9997 9.998E-05 9.998E-05
9.9982E-05 9.9982E-05 0.35152 0.64828
0.755371 9.9982E-05 0.244429 9.9982E-05
0.947894 9.99821E-05 0.0519058 9.99821E-05
9.9982E-05 0.944918 9.9982E-05 0.0548824
0.503587 9.9991E-05 0.442021 0.0542914
0.85721 0.135269 9.9991E-05 0.00742153
0.419889 9.9982E-05 0.579911 9.9982E-05
9.99821E-05 9.99821E-05 0.823216 0.176584
9.9982E-05 0.954164 9.9982E-05 0.0456357
0.220428 9.9991E-05 0.537915 0.241557
9.998E-05 9.998E-05 9.998E-05 0.9997
9.9991E-05 0.000515723 0.941711 0.0576733
9.99821E-05 9.99821E-05 0.742814 0.256986
9.9991E-05 0.133127 0.376455 0.490318
0.00939405 0.0418227 0.948683 9.9991E-05
0.212775 0.498407 0.139522 0.149296
0.848953 0.0872963 9.9991E-05 0.0636502
0.237961 9.9982E-05 0.76184 9.9982E-05
0.305334 0.636346 9.9991E-05 0.0582206
0.257209 9.9991E-05 0.0587925 0.683899
9.998E-05 0.9997 9.998E-05 9.998E-05
9.99821E-05 0.341786 9.99821E-05 0.658014
0.994211 0.00558917 9.9982E-05 9.9982E-05
0.9997 9.998E-05 9.998E-05 9.998E-05
0.895436 9.9982E-05 0.104364 9.9982E-05
9.9991E-05 0.0892908 0.0681902 0.842419
0.0412629 0.833985 9.9991E-05 0.124652
9.9991E-05 0.00749456 0.847176 0.145229
9.9982E-05 9.9982E-05 0.111886 0.887914
0.0930109 9.9982E-05 9.9982E-05 0.906789
0.827228 0.0388349 0.0120411 0.121896
0.016603 0.0925114 9.9991E-05 0.890786
9.9982E-05 0.145198 9.9982E-05 0.854602
9.9982E-05 0.854265 9.9982E-05 0.145535
9.998E-05 9.998E-05 0.9997 9.998E-05
0.907058 0.092742 9.9982E-05 9.9982E-05
0.276542 9.9982E-05 0.723258 9.9982E-05
9.998E-05 0.9997 9.998E-05 9.998E-05
9.9982E-05 9.9982E-05 0.670239 0.329561
9.99821E-05 9.99821E-05 0.095531 0.904269
0.207571 0.0465116 0.745817 9.9991E-05
9.9982E-05 9.9982E-05 0.652949 0.346851
