0.74704 9.9991E-05 0.109518 0.143342
0.973766 9.9982E-05 9.9982E-05 0.0260344
0.464678 9.9991E-05 0.49378 0.041442
0.688768 0.195171 0.115961 9.9991E-05
9.9982E-05 9.9982E-05 0.586344 0.413456
0.0828455 0.876054 0.0410006 9.9991E-05
0.0217808 0.0656083 0.849236 0.063375
0.992474 9.99821E-05 0.00732644 9.99821E-05
9.9982E-05 0.762599 9.9982E-05 0.237201
9.9982E-05 9.9982E-05 0.776451 0.223349
9.99821E-05 9.99821E-05 0.90474 0.0950601
0.83337 0.16643 9.9982E-05 9.9982E-05
9.9991E-05 0.0833257 0.547603 0.368972
0.113446 0.00197278 0.884482 9.9991E-05
9.9982E-05 9.9982E-05 0.409103 0.590697
9.9991E-05 0.174894 0.013691 0.811315
0.886965 0.112835 9.9982E-05 9.9982E-05
9.9991E-05 0.257727 0.306397 0.435775
0.0484897 0.95131 9.9982E-05 9.9982E-05
9.9982E-05 0.0984977 9.9982E-05 0.901302
0.0707918 0.241191 9.9991E-05 0.687917
0.100625 0.524939 9.9991E-05 0.374337
9.9991E-05 0.109272 0.0343575 0.856271
0.494921 0.211504 0.201773 0.0918018
0.123824 0.0749005 0.801175 9.9991E-05
9.9982E-05 9.9982E-05 0.274871 0.724929
0.73059 0.0293913 0.239919 9.9991E-05
9.9991E-05 0.659349 0.232253 0.108298
0.92933 9.99821E-05 9.99821E-05 0.0704696
0.358113 0.641687 9.99821E-05 9.99821E-05
9.998E-05 9.998E-05 0.9997 9.998E-05
9.998E-05 9.998E-05 0.9997 9.998E-05
9.9982E-05 9.9982E-05 0.970056 0.0297441
9.9982E-05 0.975575 0.0242252 9.9982E-05
0.783339 0.126427 0.0901346 9.9991E-05
9.9982E-05 0.256867 9.9982E-05 0.742933
9.9982E-05 0.909211 9.9982E-05 0.0905891
9.9982E-05 0.958689 0.0411106 9.9982E-05
0.0646419 0.108668 0.714746 0.111945
0.167281 0.832519 9.99821E-05 9.99821E-05
0.196147 0.803653 9.9982E-05 9.9982E-05
0.829854 0.169946 9.9982E-05 9.9982E-05
0.0318998 9.99821E-05 9.99821E-05 0.9679
0.108952 9.9982E-05 0.890848 9.9982E-05
9.9982E-05 9.9982E-05 0.345559 0.654241
0.97463 9.9982E-05 9.9982E-05 0.0251702
9.9982E-05 0.335117 9.9982E-05 0.664683
9.99821E-05 0.889479 9.99821E-05 0.110321
0.112423 9.9991E-05 0.147376 0.7401
9.9982E-05 0.434407 9.9982E-05 0.565393
