9.99912E-05 0.302722 0.697178
9.999E-05 0.389774 0.610126
9.999E-05 0.249416 0.750484
9.999E-05 0.9998 9.999E-05
0.524604 0.475296 9.99913E-05
0.418972 0.311316 0.269711
9.999E-05 0.9998 9.999E-05
0.0603262 0.939574 9.99912E-05
9.999E-05 9.999E-05 0.9998
0.688896 0.104922 0.206182
0.128269 0.871631 9.99913E-05
0.8369 0.163001 9.99912E-05
0.310147 0.341862 0.347991
0.9998 9.999E-05 9.999E-05
0.339907 0.34893 0.311163
9.99912E-05 0.517356 0.482544
9.999E-05 9.999E-05 0.9998
0.155164 0.372112 0.472724
0.689561 0.310339 9.99912E-05
9.999E-05 0.9998 9.999E-05
0.348514 0.384343 0.267143
0.421757 0.396811 0.181432
9.99913E-05 0.895255 0.104645
0.874291 0.125609 9.99912E-05
0.129242 0.530845 0.339913
0.455246 0.544654 9.99913E-05
9.999E-05 0.9998 9.999E-05
0.9998 9.999E-05 9.999E-05
0.9998 9.999E-05 9.999E-05
9.99913E-05 0.104276 0.895624
0.883117 0.116783 9.99912E-05
0.838371 9.99912E-05 0.161529
0.436643 0.563257 9.99913E-05
0.509402 0.0747073 0.415891
9.999E-05 0.9998 9.999E-05
9.99912E-05 0.517403 0.482497
0.583081 0.263707 0.153212
0.77075 0.22915 9.99912E-05
0.37321 9.99913E-05 0.62669
9.99913E-05 0.312975 0.686925
0.955299 9.99913E-05 0.0446007
0.087604 0.886185 0.0262106
9.99912E-05 0.984333 0.0155672
0.978238 9.99912E-05 0.0216618
0.377325 0.25289 0.369785
9.99913E-05 0.666887 0.333013
9.99913E-05 0.850801 0.149099
9.99912E-05 0.392589 0.607311
0.487234 9.99913E-05 0.512666
9.99912E-05 0.318017 0.681883
0.300241 9.99913E-05 0.699659
0.381117 0.618783 9.99912E-05
0.995034 9.99912E-05 0.00486637
0.51575 0.322454 0.161797
0.9998 9.999E-05 9.999E-05
9.99912E-05 0.872187 0.127713
0.028157 0.971743 9.99912E-05
9.99912E-05 0.872996 0.126904
0.714917 0.181706 0.103377
9.99912E-05 0.643256 0.356644
0.0266446 0.973255 9.99913E-05
0.00384958 0.437551 0.558599
0.248973 0.307183 0.443844
0.923478 0.0764223 9.99912E-05
0.230224 0.326215 0.443561
9.999E-05 0.9998 9.999E-05
0.0318169 0.462601 0.505582
0.118038 0.881862 9.99913E-05
0.315594 0.601925 0.082481
0.524468 0.372844 0.102688
0.620259 0.379641 9.99912E-05
0.758688 0.241212 9.99912E-05
9.99912E-05 0.591434 0.408466
0.919131 9.99913E-05 0.0807694
0.866049 0.133851 9.99912E-05
0.36993 0.62997 9.99913E-05
0.584454 0.284672 0.130873
0.665871 0.334029 9.99912E-05
0.251774 0.153797 0.594429
0.837916 9.99912E-05 0.161984
0.71863 9.99912E-05 0.28127
0.507266 0.289577 0.203156
0.420588 0.219412 0.36
0.44511 0.429214 0.125676
0.134863 9.99912E-05 0.865037
9.999E-05 9.999E-05 0.9998
0.369342 0.630558 9.99912E-05
0.57004 0.42986 9.99913E-05
0.0186051 0.329708 0.651687
0.0836578 0.195391 0.720951
0.328395 9.99912E-05 0.671505
9.99912E-05 0.17562 0.82428
0.0604427 9.99912E-05 0.939457
0.369004 0.389925 0.24107
0.560443 0.187022 0.252535
0.382846 0.617054 9.99912E-05
0.886324 0.113576 9.99912E-05
0.320493 0.679407 9.99912E-05
0.832477 9.99912E-05 0.167423
0.531748 9.99912E-05 0.468152
0.254919 0.62993 0.115151
0.65383 0.34607 9.99912E-05
0.191563 0.456166 0.352271
9.999E-05 0.9998 9.999E-05
0.0241488 0.34948 0.626371
0.169438 0.387788 0.442774
0.39355 0.207776 0.398674
0.596949 9.99913E-05 0.402951
0.374609 0.318553 0.306838
9.99912E-05 0.46151 0.53839
0.509136 0.490764 9.99913E-05
0.473185 0.44109 0.0857254
0.42876 0.57114 9.99913E-05
0.470484 9.99912E-05 0.529416
9.999E-05 9.999E-05 0.9998
0.9998 9.999E-05 9.999E-05
0.0967131 0.903187 9.99912E-05
0.033988 0.601729 0.364283
0.21458 0.78532 9.99913E-05
0.543057 0.239237 0.217706
9.999E-05 0.9998 9.999E-05
9.99912E-05 0.954983 0.044917
9.99913E-05 0.408757 0.591143
0.9998 9.999E-05 9.999E-05
0.010016 0.989884 9.99913E-05
0.57112 0.42878 9.99912E-05
0.471737 0.528163 9.99912E-05
0.410805 0.57358 0.0156148
0.51664 9.99912E-05 0.48326
0.0608107 0.524485 0.414705
0.47237 0.266309 0.261322
0.0705224 0.929378 9.99912E-05
0.213174 0.773065 0.013761
0.139455 0.573569 0.286977
0.248955 0.545036 0.206009
0.254592 0.745308 9.99912E-05
0.585933 0.413967 9.99913E-05
9.99912E-05 0.327155 0.672745
0.174777 0.436536 0.388688
0.720505 0.146657 0.132838
0.638373 0.089421 0.272206
0.940785 0.0591153 9.99912E-05
9.999E-05 0.9998 9.999E-05
0.718109 0.281791 9.99912E-05
0.107302 0.307799 0.584899
9.99912E-05 0.992283 0.00761712
0.418726 0.581174 9.99912E-05
0.344202 0.516525 0.139273
0.541721 0.458179 9.99913E-05
0.371242 9.99914E-05 0.628658
0.412455 0.587445 9.99912E-05
0.444035 0.216876 0.339089
0.303391 9.99912E-05 0.696509
0.374603 0.529208 0.0961882
0.145441 0.854459 9.99913E-05
0.879174 0.120726 9.99913E-05
0.346809 0.302169 0.351022
0.332244 0.119366 0.548389
0.0659042 9.99912E-05 0.933996
9.99912E-05 0.732424 0.267476
9.999E-05 0.9998 9.999E-05
0.754019 9.99913E-05 0.245881
9.999E-05 0.9998 9.999E-05
9.99912E-05 0.802863 0.197037
0.069294 0.607279 0.323427
0.671297 0.328603 9.99913E-05
0.118768 9.99912E-05 0.881132
0.289883 0.30239 0.407727
0.543139 0.456761 9.99912E-05
9.99913E-05 0.897949 0.101951
0.0947814 0.62744 0.277779
0.117744 0.882156 9.99912E-05
0.381804 0.045528 0.572668
0.104794 0.895106 9.99912E-05
9.99912E-05 0.496438 0.503462
0.790228 9.99912E-05 0.209672
0.379657 0.306964 0.313379
0.68551 0.31439 9.99912E-05
9.99912E-05 0.535182 0.464719
0.360722 0.446438 0.192841
9.99913E-05 0.122968 0.876932
0.665401 9.99913E-05 0.334499
0.711031 0.288869 9.99912E-05
0.259184 0.740716 9.99912E-05
9.999E-05 0.9998 9.999E-05
0.49094 0.329703 0.179357
9.99912E-05 0.227393 0.772507
0.727846 0.272054 9.99914E-05
0.227204 0.772696 9.99913E-05
0.9998 9.999E-05 9.999E-05
9.99913E-05 0.182314 0.817586
0.341897 0.238562 0.41954
0.238195 0.0593162 0.702489
0.107612 0.305667 0.586721
9.99912E-05 0.0399553 0.959945
9.99912E-05 0.963758 0.0361417
0.210366 0.427104 0.36253
0.78346 9.99912E-05 0.21644
0.714074 0.285826 9.99912E-05
0.257195 0.742705 9.99913E-05
0.66144 0.33846 9.99912E-05
0.657278 9.99912E-05 0.342622
0.537593 0.458017 0.00438989
0.566804 0.343664 0.0895319
0.743558 9.99912E-05 0.256342
0.481054 0.518846 9.99912E-05
0.839239 0.160661 9.99912E-05
0.251018 9.99912E-05 0.748882
9.999E-05 0.9998 9.999E-05
0.0641195 0.349738 0.586142
0.738075 9.99912E-05 0.261825
9.99912E-05 0.888764 0.111136
9.99912E-05 0.890277 0.109623
0.163849 9.99912E-05 0.836051
9.999E-05 9.999E-05 0.9998
0.94956 9.99913E-05 0.0503404
0.622906 9.99912E-05 0.376994
0.21459 0.205849 0.579561
9.99912E-05 0.94351 0.0563898
9.999E-05 0.9998 9.999E-05
9.99912E-05 0.639233 0.360667
9.999E-05 0.9998 9.999E-05
0.806316 9.99913E-05 0.193584
0.266015 0.162585 0.571401
0.9998 9.999E-05 9.999E-05
0.844095 0.155805 9.99912E-05
9.999E-05 9.999E-05 0.9998
0.24376 0.669633 0.0866065
0.110292 0.27918 0.610527
0.394812 0.352272 0.252916
0.178951 0.820949 9.99913E-05
0.107885 0.892015 9.99912E-05
0.165644 9.99913E-05 0.834256
0.369291 0.275064 0.355645
0.298448 0.701452 9.99913E-05
0.164183 0.835717 9.99912E-05
0.818858 0.181042 9.99913E-05
0.949952 0.0499482 9.99913E-05
0.708709 9.99912E-05 0.291191
9.99912E-05 0.513492 0.486408
0.433752 0.460036 0.106212
0.706645 9.99912E-05 0.293255
0.809604 9.99912E-05 0.190296
0.08993 0.787536 0.122534
0.372332 0.362183 0.265485
0.9998 9.999E-05 9.999E-05
9.99912E-05 0.810036 0.189864
0.0780663 0.26144 0.660493
0.619746 9.99912E-05 0.380154
0.0621257 0.392023 0.545852
0.598595 0.401305 9.99912E-05
0.00638454 0.534597 0.459018
9.999E-05 0.9998 9.999E-05
9.999E-05 0.9998 9.999E-05
0.952254 0.0476456 9.99913E-05
0.58367 0.366096 0.0502336
9.999E-05 9.999E-05 0.9998
0.644603 0.284164 0.071233
0.439275 9.99912E-05 0.560625
0.35516 0.417386 0.227454
9.999E-05 0.9998 9.999E-05
