0.859603 0.140297 9.99912E-05
9.999E-05 0.948265 0.0516353
9.999E-05 0.238307 0.761593
0.119474 0.880426 9.99913E-05
0.440819 9.99912E-05 0.559081
0.5596 9.99912E-05 0.4403
0.0471825 0.952718 9.99913E-05
9.999E-05 0.636894 0.363006
0.797499 0.202401 9.99912E-05
0.193577 0.599526 0.206897
9.999E-05 9.999E-05 0.9998
0.599447 0.0051293 0.395424
0.730412 0.269488 9.99912E-05
0.993089 9.99913E-05 0.00681062
0.300342 0.449065 0.250593
9.99912E-05 0.861568 0.138332
0.958622 9.99912E-05 0.0412782
0.422016 0.577884 9.99912E-05
0.429853 0.570047 9.99911E-05
0.761497 0.0532602 0.185242
0.222023 0.331533 0.446443
0.343146 0.611093 0.0457606
9.999E-05 0.9998 9.999E-05
0.715112 0.181707 0.103182
9.99913E-05 0.838099 0.161801
9.999E-05 9.999E-05 0.9998
0.563044 0.231493 0.205463
9.99912E-05 0.831048 0.168852
0.9998 9.999E-05 9.999E-05
0.9998 9.999E-05 9.999E-05
0.9998 9.999E-05 9.999E-05
9.99912E-05 0.384742 0.615158
0.460111 9.99912E-05 0.539789
0.790373 9.99914E-05 0.209527
9.999E-05 0.9998 9.999E-05
9.99912E-05 0.589658 0.410242
0.18781 9.99912E-05 0.81209
9.99912E-05 0.666056 0.333844
0.76628 0.23362 9.99912E-05
0.327869 0.660069 0.012062
9.99911E-05 0.279091 0.720809
0.930311 0.01234 0.0573491
9.99912E-05 0.313728 0.686173
0.179477 0.473961 0.346562
0.438125 0.103996 0.457878
9.999E-05 9.999E-05 0.9998
9.99913E-05 0.659806 0.340094
0.777385 9.99912E-05 0.222515
0.412513 0.127601 0.459887
0.866564 0.0227507 0.110685
9.99913E-05 0.783128 0.216772
0.527714 0.472186 9.99913E-05
0.9998 9.999E-05 9.999E-05
0.9998 9.999E-05 9.999E-05
9.999E-05 9.999E-05 0.9998
0.773987 9.99912E-05 0.225913
0.564172 0.217753 0.218075
9.99912E-05 0.845007 0.154893
0.693893 0.249899 0.0562083
0.354784 0.427579 0.217637
0.206748 0.793152 9.99912E-05
0.392057 0.607843 9.99912E-05
9.99913E-05 0.46961 0.53029
0.462175 9.99912E-05 0.537725
0.0371142 0.595955 0.366931
9.999E-05 0.9998 9.999E-05
0.0500509 0.949849 9.99913E-05
0.366116 0.479596 0.154289
9.999E-05 9.999E-05 0.9998
9.999E-05 0.9998 9.999E-05
0.520463 9.99913E-05 0.479437
9.99912E-05 0.869466 0.130434
0.752124 0.247776 9.99913E-05
0.821712 0.0255931 0.152695
0.195453 0.804447 9.99912E-05
0.9998 9.999E-05 9.999E-05
9.99913E-05 0.12414 0.87576
0.0982757 0.541404 0.360321
0.526479 9.99912E-05 0.473421
0.488922 0.510978 9.99911E-05
0.328961 0.107438 0.563601
0.0568988 0.470504 0.472597
0.0885129 9.99913E-05 0.911387
0.9998 9.999E-05 9.999E-05
0.923978 9.99912E-05 0.0759225
0.400055 0.599845 9.99912E-05
0.120475 0.879425 9.99913E-05
0.0517331 0.154677 0.79359
0.712466 0.0877819 0.199752
0.358247 0.584727 0.0570255
0.9998 9.999E-05 9.999E-05
0.499409 0.500491 9.99912E-05
0.503789 9.99912E-05 0.496111
0.255637 0.332227 0.412136
9.999E-05 0.9998 9.999E-05
9.999E-05 0.9998 9.999E-05
0.978451 0.0214491 9.99912E-05
0.174928 0.824972 9.99913E-05
9.99913E-05 0.422297 0.577603
0.159728 0.840172 9.99912E-05
0.201046 0.583252 0.215703
0.41939 9.99912E-05 0.58051
0.464746 9.99912E-05 0.535154
0.242057 9.99912E-05 0.757843
0.750946 0.248954 9.99912E-05
0.142806 9.99912E-05 0.857094
0.0624526 9.99912E-05 0.937447
0.12606 0.260358 0.613582
9.99913E-05 0.102694 0.897206
0.884631 0.00972178 0.105647
0.372346 0.627554 9.99912E-05
0.554226 0.411055 0.0347196
0.0654147 0.783667 0.150918
0.9998 9.999E-05 9.999E-05
0.93196 0.0679404 9.99914E-05
0.9998 9.999E-05 9.999E-05
0.729528 0.125765 0.144706
9.99913E-05 0.9309 0.0690005
0.438166 0.561734 9.99912E-05
0.616885 0.383015 9.99912E-05
0.895902 0.103998 9.99913E-05
9.999E-05 9.999E-05 0.9998
0.0245718 0.752452 0.222976
9.999E-05 9.999E-05 0.9998
0.9998 9.999E-05 9.999E-05
0.90638 9.99913E-05 0.0935198
0.663674 0.123942 0.212384
0.19012 0.184224 0.625656
9.99912E-05 0.84733 0.15257
0.879056 9.99912E-05 0.120844
0.626541 0.373359 9.99913E-05
0.484495 0.515405 9.99912E-05
0.227107 0.53767 0.235223
0.347929 0.651971 9.99911E-05
0.651265 9.99913E-05 0.348635
0.530783 0.274192 0.195026
0.612498 0.0980036 0.289498
9.99912E-05 0.0996163 0.900284
0.88553 0.11437 9.99912E-05
9.99912E-05 0.483802 0.516098
9.99913E-05 0.0061359 0.993764
0.158641 0.758548 0.0828115
0.775007 0.224893 9.99912E-05
9.999E-05 9.999E-05 0.9998
0.319671 0.25632 0.424009
0.377453 0.141877 0.48067
0.171179 0.828721 9.99912E-05
0.434521 9.99912E-05 0.565379
0.9998 9.999E-05 9.999E-05
0.895196 9.99913E-05 0.104704
9.99912E-05 0.506337 0.493563
9.99912E-05 0.58751 0.41239
0.205439 0.204002 0.590558
0.409646 0.370449 0.219905
0.585699 0.414201 9.99912E-05
0.9998 9.999E-05 9.999E-05
0.536369 0.29659 0.167041
0.662907 0.276069 0.061024
0.466967 0.532933 9.99912E-05
0.077657 9.99912E-05 0.922243
0.303803 0.247169 0.449028
9.99914E-05 0.864722 0.135178
0.226356 0.773544 9.99912E-05
0.952659 9.99912E-05 0.047241
9.99912E-05 0.649599 0.350301
9.99912E-05 0.939044 0.0608559
0.430736 0.569164 9.99912E-05
0.767542 0.232358 9.99913E-05
0.521489 9.99912E-05 0.478411
0.596786 0.216004 0.187209
0.763242 0.236658 9.99913E-05
9.999E-05 0.9998 9.999E-05
0.661385 9.99912E-05 0.338515
0.123319 0.475338 0.401343
0.0641204 0.783567 0.152313
0.373221 0.626679 9.99913E-05
0.675475 0.316061 0.00846397
0.569285 0.430615 9.99912E-05
9.99912E-05 0.895125 0.104775
0.3777 0.6222 9.99912E-05
0.9998 9.999E-05 9.999E-05
0.614022 0.385878 9.99912E-05
9.99912E-05 0.983742 0.0161582
0.485657 0.159812 0.354531
0.527083 0.472817 9.99912E-05
0.895564 0.104336 9.99912E-05
0.0159532 0.926247 0.0578
0.357013 0.642887 9.99912E-05
0.632106 9.99912E-05 0.367794
0.55747 0.31316 0.12937
0.449642 9.99914E-05 0.550258
0.553267 0.446633 9.99912E-05
0.718772 0.281128 9.99912E-05
0.416008 0.194264 0.389728
0.527656 9.99913E-05 0.472244
9.99912E-05 0.59464 0.40526
0.426016 0.573884 9.99912E-05
9.999E-05 0.9998 9.999E-05
0.0731927 0.340562 0.586246
0.512426 0.487474 9.99912E-05
0.526896 0.263715 0.209389
0.9998 9.999E-05 9.999E-05
0.70582 9.99912E-05 0.29408
0.9998 9.999E-05 9.999E-05
0.542361 0.457539 9.99912E-05
0.669068 0.119772 0.211159
9.99912E-05 0.941183 0.058717
9.99913E-05 0.743948 0.255952
0.592049 0.407851 9.99912E-05
9.999E-05 0.9998 9.999E-05
0.398573 9.99912E-05 0.601327
0.85168 9.99912E-05 0.14822
0.467999 0.531901 9.99912E-05
9.999E-05 0.9998 9.999E-05
0.488433 0.511467 9.99912E-05
0.9998 9.999E-05 9.999E-05
0.593312 9.99913E-05 0.406588
0.329901 0.304889 0.36521
9.999E-05 0.9998 9.999E-05
9.999E-05 0.9998 9.999E-05
0.0304312 9.99912E-05 0.969469
0.9998 9.999E-05 9.999E-05
9.99913E-05 0.639365 0.360535
0.367111 0.369171 0.263717
9.999E-05 0.9998 9.999E-05
9.99912E-05 0.796888 0.203012
0.635019 0.364881 9.99913E-05
0.176165 0.599221 0.224614
0.711258 0.288642 9.99912E-05
0.473614 0.526286 9.99912E-05
0.161156 9.99911E-05 0.838744
0.84324 0.125338 0.0314212
0.460691 9.99913E-05 0.539209
0.349349 0.650551 9.99913E-05
0.821178 9.99913E-05 0.178722
0.167006 0.832894 9.99912E-05
9.99912E-05 0.901298 0.0986022
0.832976 0.166924 9.99913E-05
9.999E-05 0.9998 9.999E-05
0.00402191 0.0780388 0.917939
0.340599 0.659301 9.99912E-05
0.311123 0.315062 0.373815
9.999E-05 0.9998 9.999E-05
9.99913E-05 0.988213 0.0116875
0.832623 9.99912E-05 0.167277
0.0498032 0.0732736 0.876923
0.456237 0.0596489 0.484114
0.780453 0.219447 9.99912E-05
9.99913E-05 0.316332 0.683568
0.624999 0.374901 9.99911E-05
0.636871 0.363029 9.99912E-05
0.0130141 0.429007 0.557979
9.99912E-05 0.338038 0.661862
9.999E-05 0.9998 9.999E-05
0.55021 0.449691 9.99913E-05
0.359762 0.639436 0.00080217
0.9998 9.999E-05 9.999E-05
9.99912E-05 0.527204 0.472696
0.550469 0.449431 9.99913E-05
0.40076 0.59914 9.99912E-05
0.48858 0.319638 0.191781
