9.99474E-05 0.420774 9.99474E-05 0.13792 9.99474E-05 0.440707 9.99474E-05 9.99474E-05 9.99474E-05
9.99562E-05 0.22326 0.355683 9.99562E-05 0.190051 9.99562E-05 9.99562E-05 0.230506 9.99562E-05
0.0250288 9.99648E-05 9.99648E-05 9.99648E-05 0.146391 9.99648E-05 0.356866 0.204655 0.26666
0.30409 9.99477E-05 9.99477E-05 9.99477E-05 9.99477E-05 0.512103 0.183207 9.99477E-05 9.99477E-05
9.99565E-05 0.0786646 0.448574 9.99565E-05 9.99565E-05 9.99565E-05 0.284942 0.18732 9.99565E-05
9.99649E-05 9.99649E-05 0.293987 9.99649E-05 0.102863 0.0454631 0.326269 9.99649E-05 0.231018
9.99563E-05 0.505262 9.99563E-05 0.121585 0.264776 9.99563E-05 0.107877 9.99563E-05 9.99563E-05
9.99559E-05 0.0510813 0.0748702 9.99559E-05 9.99559E-05 0.362886 9.99559E-05 0.510662 9.99559E-05
9.99649E-05 0.13608 0.229879 0.20617 0.0215005 9.99649E-05 9.99649E-05 0.40597 9.99649E-05
9.99558E-05 9.99558E-05 0.189969 0.388928 9.99558E-05 9.99558E-05 0.300415 9.99558E-05 0.120188
9.99558E-05 0.370156 0.5038 9.99558E-05 0.078191 0.0473532 9.99558E-05 9.99558E-05 9.99558E-05
0.00410158 9.99474E-05 9.99474E-05 0.262991 9.99474E-05 9.99474E-05 9.99474E-05 0.732308 9.99474E-05
9.99561E-05 0.350927 0.160839 9.99561E-05 0.254439 9.99561E-05 0.233296 9.99561E-05 9.99561E-05
9.99473E-05 0.476412 0.448574 9.99473E-05 9.99473E-05 9.99473E-05 9.99473E-05 0.0744142 9.99473E-05
9.99647E-05 0.165225 9.99647E-05 0.705963 0.0469363 0.0700942 9.99647E-05 9.99647E-05 0.0113821
9.99556E-05 0.488926 0.177862 9.99556E-05 9.99556E-05 9.99556E-05 0.320899 9.99556E-05 0.0118128
0.0960306 0.175342 0.263674 9.99736E-05 0.0418588 0.308779 9.99736E-05 0.114016 9.99736E-05
9.99559E-05 0.345981 0.0517317 9.99559E-05 9.99559E-05 0.0637038 9.99559E-05 9.99559E-05 0.538084
9.99648E-05 9.99648E-05 0.0318466 9.99648E-05 0.327434 0.272085 0.091775 9.99648E-05 0.276459
9.99472E-05 0.678257 9.99472E-05 9.99472E-05 0.224256 9.99472E-05 9.99472E-05 9.99472E-05 0.0968879
9.99476E-05 0.622037 9.99476E-05 0.274552 9.99476E-05 9.99476E-05 0.102811 9.99476E-05 9.99476E-05
9.99647E-05 0.425666 9.99647E-05 0.0102875 0.419322 0.0498697 9.99647E-05 0.0944546 9.99647E-05
9.99389E-05 0.953709 9.99389E-05 9.99389E-05 9.99389E-05 9.99389E-05 9.99389E-05 0.0455919 9.99389E-05
9.99563E-05 0.488746 9.99563E-05 0.160817 9.99563E-05 9.99563E-05 0.28253 0.0674075 9.99563E-05
0.114398 0.105111 9.99735E-05 0.0553919 0.142762 9.99735E-05 9.99735E-05 0.239725 0.342312
9.99382E-05 0.561983 9.99382E-05 9.99382E-05 9.99382E-05 9.99382E-05 9.99382E-05 9.99382E-05 0.437318
9.99562E-05 0.366815 0.14872 0.00356065 9.99562E-05 9.99562E-05 9.99562E-05 0.480404 9.99562E-05
9.99472E-05 9.99472E-05 0.0457482 0.421779 0.531873 9.99472E-05 9.99472E-05 9.99472E-05 9.99472E-05
9.99648E-05 9.99648E-05 0.433562 0.139652 9.99648E-05 0.150201 0.262272 0.0139121 9.99648E-05
0.338749 9.99562E-05 9.99562E-05 9.99562E-05 9.99562E-05 0.0161709 0.0357574 9.99562E-05 0.608823
9.99559E-05 9.99559E-05 0.620211 0.188072 9.99559E-05 9.99559E-05 0.0424994 0.148718 9.99559E-05
9.99558E-05 0.327059 9.99558E-05 0.525437 9.99558E-05 9.99558E-05 9.99558E-05 0.00205437 0.14495
9.9956E-05 9.9956E-05 0.528182 9.9956E-05 0.0790599 9.9956E-05 9.9956E-05 0.145387 0.246872
0.121321 9.99646E-05 9.99646E-05 0.319593 0.109729 0.249935 9.99646E-05 9.99646E-05 0.199022
0.0456108 0.176187 9.99561E-05 9.99561E-05 9.99561E-05 0.774027 0.00367611 9.99561E-05 9.99561E-05
9.99476E-05 9.99476E-05 9.99476E-05 9.99476E-05 0.0782371 0.160509 9.99476E-05 0.760654 9.99476E-05
0.286599 0.0398743 9.99557E-05 0.200324 0.472703 9.99557E-05 9.99557E-05 9.99557E-05 9.99557E-05
9.99384E-05 0.952375 9.99384E-05 9.99384E-05 9.99384E-05 9.99384E-05 0.0469256 9.99384E-05 9.99384E-05
9.99648E-05 9.99648E-05 0.0291984 0.0958264 9.99648E-05 0.0549126 9.99648E-05 0.348499 0.471164
9.99649E-05 0.000564708 0.206972 0.198211 0.0546303 9.99649E-05 9.99649E-05 9.99649E-05 0.539222
0.0264937 0.766584 9.9956E-05 9.9956E-05 0.0250654 9.9956E-05 9.9956E-05 9.9956E-05 0.181357
9.9965E-05 0.664544 9.9965E-05 0.216726 0.0522496 0.0218825 0.0441985 9.9965E-05 9.9965E-05
9.9956E-05 9.9956E-05 0.296172 9.9956E-05 0.0890172 0.198846 9.9956E-05 0.415465 9.9956E-05
0.286516 0.380164 9.99647E-05 0.0558313 9.99647E-05 9.99647E-05 0.0847609 0.192328 9.99647E-05
0.637311 9.99384E-05 9.99384E-05 0.36199 9.99384E-05 9.99384E-05 9.99384E-05 9.99384E-05 9.99384E-05
0.347985 0.282995 0.0640777 9.99563E-05 9.99563E-05 9.99563E-05 9.99563E-05 0.304443 9.99563E-05
9.99474E-05 9.99474E-05 9.99474E-05 9.99474E-05 0.83554 9.99474E-05 0.0156245 9.99474E-05 0.148236
9.99562E-05 0.811795 0.019459 0.0915357 9.99562E-05 0.0767104 9.99562E-05 9.99562E-05 9.99562E-05
0.52091 9.99472E-05 9.99472E-05 9.99472E-05 0.175004 9.99472E-05 0.303487 9.99472E-05 9.99472E-05
0.168441 0.448691 9.99559E-05 9.99559E-05 9.99559E-05 9.99559E-05 0.175358 9.99559E-05 0.207011
0.184589 0.203991 9.9956E-05 9.9956E-05 9.9956E-05 0.437187 9.9956E-05 0.173733 9.9956E-05
0.0633683 0.0984684 9.99647E-05 0.215627 9.99647E-05 0.036514 0.585623 9.99647E-05 9.99647E-05
0.070662 0.34181 9.99648E-05 0.0560662 9.99648E-05 9.99648E-05 9.99648E-05 0.490684 0.0403785
9.99645E-05 0.0524251 0.417597 0.272917 9.99645E-05 0.0170783 9.99645E-05 0.239582 9.99645E-05
0.148018 0.5086 9.9956E-05 0.0401311 9.9956E-05 9.9956E-05 9.9956E-05 9.9956E-05 0.302752
9.99558E-05 0.0502697 9.99558E-05 9.99558E-05 0.0985606 0.69147 9.99558E-05 0.1592 9.99558E-05
9.99824E-05 0.0175355 0.321011 0.126067 0.0852801 0.228523 0.220122 9.99824E-05 0.00126137
0.392559 9.99472E-05 9.99472E-05 0.0173473 9.99472E-05 9.99472E-05 9.99472E-05 0.589494 9.99472E-05
9.9965E-05 0.602431 9.9965E-05 0.0303828 9.9965E-05 9.9965E-05 0.154869 0.161142 0.0507761
9.99472E-05 0.917959 9.99472E-05 9.99472E-05 9.99472E-05 9.99472E-05 0.0110781 9.99472E-05 0.0703628
9.99383E-05 0.336113 9.99383E-05 9.99383E-05 9.99383E-05 9.99383E-05 9.99383E-05 9.99383E-05 0.663188
9.99559E-05 0.00591973 9.99559E-05 0.71954 9.99559E-05 9.99559E-05 0.0978628 0.176178 9.99559E-05
9.99383E-05 0.646753 9.99383E-05 9.99383E-05 9.99383E-05 9.99383E-05 9.99383E-05 0.352548 9.99383E-05
9.99561E-05 0.645771 0.175617 9.99561E-05 9.99561E-05 0.0607632 0.117349 9.99561E-05 9.99561E-05
9.9956E-05 9.9956E-05 0.0608413 9.9956E-05 0.0345026 0.485714 9.9956E-05 0.418442 9.9956E-05
0.152695 0.176758 9.99469E-05 9.99469E-05 9.99469E-05 0.669947 9.99469E-05 9.99469E-05 9.99469E-05
0.367494 9.9956E-05 9.9956E-05 0.461012 9.9956E-05 0.100559 0.0704354 9.9956E-05 9.9956E-05
0.0418719 9.99474E-05 0.237013 0.720516 9.99474E-05 9.99474E-05 9.99474E-05 9.99474E-05 9.99474E-05
9.99646E-05 9.99646E-05 9.99646E-05 0.146428 0.145757 0.346591 0.294948 0.0658758 9.99646E-05
9.99475E-05 9.99475E-05 9.99475E-05 0.152196 9.99475E-05 9.99475E-05 0.79171 0.0554945 9.99475E-05
9.9956E-05 9.9956E-05 0.250215 0.635249 0.03313 0.0809059 9.9956E-05 9.9956E-05 9.9956E-05
0.00587968 9.9956E-05 9.9956E-05 0.308766 0.388861 0.295994 9.9956E-05 9.9956E-05 9.9956E-05
9.9947E-05 0.387638 9.9947E-05 9.9947E-05 9.9947E-05 0.566915 9.9947E-05 0.0448472 9.9947E-05
9.99562E-05 9.99562E-05 9.99562E-05 0.165702 0.100634 9.99562E-05 0.472454 9.99562E-05 0.260711
0.66083 0.33847 9.99382E-05 9.99382E-05 9.99382E-05 9.99382E-05 9.99382E-05 9.99382E-05 9.99382E-05
9.99474E-05 0.572717 9.99474E-05 9.99474E-05 9.99474E-05 9.99474E-05 9.99474E-05 0.0947516 0.331932
9.99562E-05 0.533145 0.409308 9.99562E-05 0.00082419 9.99562E-05 9.99562E-05 0.0562234 9.99562E-05
0.167007 9.99647E-05 9.99647E-05 0.195436 9.99647E-05 0.169183 9.99647E-05 0.147408 0.320567
9.99648E-05 9.99648E-05 9.99648E-05 0.121444 0.194245 0.298149 0.136675 9.99648E-05 0.249087
0.142782 9.9947E-05 0.623833 0.232785 9.9947E-05 9.9947E-05 9.9947E-05 9.9947E-05 9.9947E-05
0.0803476 0.310954 9.99558E-05 0.308194 9.99558E-05 9.99558E-05 0.300005 9.99558E-05 9.99558E-05
9.99386E-05 9.99386E-05 9.99386E-05 9.99386E-05 0.955577 9.99386E-05 9.99386E-05 0.0437231 9.99386E-05
9.99472E-05 0.842878 9.99472E-05 9.99472E-05 9.99472E-05 9.99472E-05 0.0229132 9.99472E-05 0.133609
9.99648E-05 0.445561 9.99648E-05 9.99648E-05 0.135386 0.0409733 0.192666 0.185014 9.99648E-05
9.99562E-05 9.99562E-05 0.0675527 9.99562E-05 0.337449 0.538335 9.99562E-05 0.0561634 9.99562E-05
9.99382E-05 9.99382E-05 9.99382E-05 0.585116 9.99382E-05 9.99382E-05 9.99382E-05 0.414184 9.99382E-05
0.00410795 0.307343 0.232117 0.188569 9.99647E-05 9.99647E-05 0.267463 9.99647E-05 9.99647E-05
9.99384E-05 0.718803 9.99384E-05 9.99384E-05 9.99384E-05 0.280497 9.99384E-05 9.99384E-05 9.99384E-05
0.137514 9.99562E-05 0.157313 9.99562E-05 9.99562E-05 9.99562E-05 0.135676 0.568997 9.99562E-05
9.99384E-05 0.662068 9.99384E-05 9.99384E-05 9.99384E-05 9.99384E-05 0.337232 9.99384E-05 9.99384E-05
0.281085 9.9956E-05 0.597771 9.9956E-05 0.0393987 0.0812454 9.9956E-05 9.9956E-05 9.9956E-05
9.9947E-05 9.9947E-05 0.698867 9.9947E-05 9.9947E-05 0.0652619 0.235272 9.9947E-05 9.9947E-05
9.99562E-05 0.501738 9.99562E-05 9.99562E-05 9.99562E-05 0.260714 0.017465 9.99562E-05 0.219583
9.99473E-05 9.99473E-05 9.99473E-05 0.769681 0.0320541 9.99473E-05 9.99473E-05 0.197665 9.99473E-05
0.331067 9.99472E-05 9.99472E-05 0.16793 0.500403 9.99472E-05 9.99472E-05 9.99472E-05 9.99472E-05
9.99647E-05 0.535814 0.0685833 9.99647E-05 0.0238183 0.0966989 0.274685 9.99647E-05 9.99647E-05
0.236242 9.9965E-05 0.207964 9.9965E-05 0.0443076 9.9965E-05 0.191461 9.9965E-05 0.319626
9.99561E-05 0.199994 9.99561E-05 0.137531 9.99561E-05 9.99561E-05 9.99561E-05 0.423473 0.238502
9.99648E-05 0.0326147 9.99648E-05 0.312958 0.373366 9.99648E-05 9.99648E-05 0.226134 0.0545267
9.99388E-05 9.99388E-05 9.99388E-05 9.99388E-05 9.99388E-05 9.99388E-05 0.0104811 0.988819 9.99388E-05
9.99561E-05 9.99561E-05 9.99561E-05 0.165269 9.99561E-05 0.391283 9.99561E-05 0.0266183 0.41633
0.0467934 0.288646 9.99647E-05 9.99647E-05 0.0231352 9.99647E-05 9.99647E-05 0.213551 0.427474
9.99383E-05 9.99383E-05 0.162868 9.99383E-05 9.99383E-05 0.836432 9.99383E-05 9.99383E-05 9.99383E-05
9.99648E-05 9.99648E-05 0.0166925 0.410928 9.99648E-05 0.048044 9.99648E-05 0.106486 0.41745
9.99649E-05 0.288826 0.0963013 0.168891 9.99649E-05 9.99649E-05 0.41757 9.99649E-05 0.0280115
9.99562E-05 0.258421 9.99562E-05 9.99562E-05 9.99562E-05 0.123467 0.525916 0.091697 9.99562E-05
9.99386E-05 0.338715 9.99386E-05 9.99386E-05 0.660586 9.99386E-05 9.99386E-05 9.99386E-05 9.99386E-05
9.99647E-05 9.99647E-05 9.99647E-05 0.121539 0.211318 0.214122 0.305524 9.99647E-05 0.147097
0.77723 9.9965E-05 0.0275334 0.012519 9.9965E-05 9.9965E-05 0.0916653 9.9965E-05 0.0906525
0.0914673 9.9965E-05 0.569325 0.0347878 9.9965E-05 9.9965E-05 0.248716 9.9965E-05 0.0553042
9.99475E-05 9.99475E-05 9.99475E-05 9.99475E-05 0.0390449 0.757825 0.20253 9.99475E-05 9.99475E-05
9.99649E-05 9.99649E-05 0.191648 0.279152 0.173809 0.35018 9.99649E-05 9.99649E-05 0.00481078
9.99562E-05 0.370934 9.99562E-05 0.192733 9.99562E-05 0.346348 9.99562E-05 9.99562E-05 0.089485
9.99557E-05 0.214859 0.680917 0.0679656 9.99557E-05 9.99557E-05 9.99557E-05 0.0357587 9.99557E-05
9.99564E-05 9.99564E-05 9.99564E-05 0.0511522 0.226176 0.245367 9.99564E-05 9.99564E-05 0.476805
9.99474E-05 9.99474E-05 9.99474E-05 0.278608 0.150586 9.99474E-05 9.99474E-05 9.99474E-05 0.570206
9.9956E-05 0.297227 9.9956E-05 9.9956E-05 9.9956E-05 0.288813 0.142104 9.9956E-05 0.271357
9.99478E-05 9.99478E-05 0.290448 0.26349 9.99478E-05 9.99478E-05 9.99478E-05 9.99478E-05 0.445462
0.0233867 0.145252 9.99562E-05 9.99562E-05 0.14349 9.99562E-05 9.99562E-05 0.687372 9.99562E-05
9.99557E-05 0.385028 9.99557E-05 9.99557E-05 9.99557E-05 0.260267 0.0981375 9.99557E-05 0.256067
9.99384E-05 9.99384E-05 9.99384E-05 9.99384E-05 9.99384E-05 9.99384E-05 0.479392 0.519908 9.99384E-05
9.99647E-05 9.99647E-05 9.99647E-05 0.074487 0.296514 0.126384 9.99647E-05 0.293924 0.208292
0.156433 9.99558E-05 9.99558E-05 0.210287 9.99558E-05 9.99558E-05 9.99558E-05 0.274969 0.357811
9.99563E-05 0.217146 0.49728 9.99563E-05 9.99563E-05 9.99563E-05 0.154387 0.130687 9.99563E-05
9.99382E-05 0.936926 9.99382E-05 9.99382E-05 9.99382E-05 9.99382E-05 9.99382E-05 0.0623743 9.99382E-05
0.224386 9.99382E-05 9.99382E-05 9.99382E-05 9.99382E-05 9.99382E-05 0.774914 9.99382E-05 9.99382E-05
0.122333 0.280125 9.99647E-05 9.99647E-05 9.99647E-05 0.324441 0.130992 0.141709 9.99647E-05
0.219349 9.9939E-05 9.9939E-05 0.779952 9.9939E-05 9.9939E-05 9.9939E-05 9.9939E-05 9.9939E-05
9.99473E-05 9.99473E-05 9.99473E-05 0.235508 0.410732 0.35316 9.99473E-05 9.99473E-05 9.99473E-05
9.99645E-05 0.457553 9.99645E-05 0.120157 0.184426 9.99645E-05 9.99645E-05 0.0657006 0.171764
9.99561E-05 0.470341 9.99561E-05 0.0625481 9.99561E-05 9.99561E-05 0.377227 9.99561E-05 0.0893835
9.99474E-05 0.455854 0.444408 9.99474E-05 9.99474E-05 9.99474E-05 9.99474E-05 9.99474E-05 0.0991381
9.99477E-05 0.427406 0.156282 9.99477E-05 0.415712 9.99477E-05 9.99477E-05 9.99477E-05 9.99477E-05
9.99474E-05 9.99474E-05 9.99474E-05 9.99474E-05 0.473625 9.99474E-05 9.99474E-05 0.0464915 0.479284
9.99735E-05 0.22578 9.99735E-05 0.49408 0.198414 0.002039 0.0440192 0.0353688 9.99735E-05
9.99384E-05 9.99384E-05 9.99384E-05 9.99384E-05 9.99384E-05 9.99384E-05 9.99384E-05 0.749748 0.249553
9.99561E-05 0.141489 9.99561E-05 0.0187648 9.99561E-05 0.153654 0.685592 9.99561E-05 9.99561E-05
9.99474E-05 0.358205 9.99474E-05 0.225824 0.415371 9.99474E-05 9.99474E-05 9.99474E-05 9.99474E-05
9.99646E-05 0.0854671 0.261933 9.99646E-05 0.549556 0.0839037 9.99646E-05 0.01874 9.99646E-05
0.25151 9.99565E-05 0.64746 9.99565E-05 9.99565E-05 9.99565E-05 9.99565E-05 0.0806561 0.0198746
0.150311 0.166058 0.072354 0.202017 0.290878 0.0931779 0.0250046 9.99824E-05 9.99824E-05
9.99649E-05 0.0203483 9.99649E-05 0.331022 0.458609 9.99649E-05 9.99649E-05 0.0869859 0.102636
0.290212 0.51799 9.9956E-05 9.9956E-05 0.13869 0.052608 9.9956E-05 9.9956E-05 9.9956E-05
9.99385E-05 9.99385E-05 0.298715 0.700586 9.99385E-05 9.99385E-05 9.99385E-05 9.99385E-05 9.99385E-05
9.99648E-05 0.588217 0.0030423 0.145989 9.99648E-05 9.99648E-05 0.00527725 9.99648E-05 0.257075
9.99822E-05 0.367351 0.109267 0.315756 0.0038377 0.061652 0.0257424 0.116193 9.99822E-05
9.99471E-05 0.468466 9.99471E-05 9.99471E-05 9.99471E-05 9.99471E-05 0.0801406 0.450794 9.99471E-05
9.99559E-05 0.30539 9.99559E-05 0.0617447 0.279271 0.353094 9.99559E-05 9.99559E-05 9.99559E-05
9.99559E-05 0.200125 9.99559E-05 0.550325 0.100342 9.99559E-05 0.148709 9.99559E-05 9.99559E-05
9.99561E-05 0.294743 9.99561E-05 0.217941 9.99561E-05 0.20413 9.99561E-05 9.99561E-05 0.282686
0.10883 0.640595 9.99647E-05 9.99647E-05 0.125892 9.99647E-05 9.99647E-05 0.0793975 0.0448863
0.559089 9.9956E-05 0.360565 9.9956E-05 9.9956E-05 9.9956E-05 9.9956E-05 0.049983 0.0298627
9.9965E-05 0.18201 0.259992 9.9965E-05 9.9965E-05 0.135533 0.275728 0.146337 9.9965E-05
9.9956E-05 0.15299 9.9956E-05 0.352043 9.9956E-05 9.9956E-05 0.0812824 0.413184 9.9956E-05
9.99471E-05 9.99471E-05 9.99471E-05 9.99471E-05 9.99471E-05 0.490531 0.336051 0.172818 9.99471E-05
9.99563E-05 0.375683 9.99563E-05 0.491219 0.0520841 9.99563E-05 0.0805145 9.99563E-05 9.99563E-05
9.99648E-05 0.592917 0.302245 0.0569503 0.0363522 9.99648E-05 9.99648E-05 9.99648E-05 0.0111358
9.99558E-05 0.358493 0.48853 0.0363348 9.99558E-05 9.99558E-05 0.116143 9.99558E-05 9.99558E-05
9.9947E-05 0.169193 0.0791627 9.9947E-05 0.751044 9.9947E-05 9.9947E-05 9.9947E-05 9.9947E-05
9.99476E-05 9.99476E-05 0.269869 0.198922 0.530609 9.99476E-05 9.99476E-05 9.99476E-05 9.99476E-05
9.99471E-05 0.260266 9.99471E-05 9.99471E-05 9.99471E-05 0.212416 9.99471E-05 9.99471E-05 0.526718
0.175127 0.261255 9.9956E-05 0.347618 9.9956E-05 9.9956E-05 9.9956E-05 0.2155 9.9956E-05
0.126847 9.99735E-05 9.99735E-05 0.301987 0.0842442 0.135834 0.171752 9.99735E-05 0.179036
9.99476E-05 9.99476E-05 0.0437947 9.99476E-05 9.99476E-05 9.99476E-05 0.407942 9.99476E-05 0.547663
9.99388E-05 0.538589 9.99388E-05 9.99388E-05 0.460712 9.99388E-05 9.99388E-05 9.99388E-05 9.99388E-05
9.99646E-05 0.255878 9.99646E-05 0.267044 0.0415433 9.99646E-05 9.99646E-05 0.0517485 0.383386
9.99736E-05 9.99736E-05 0.199412 0.052922 9.99736E-05 0.601736 0.062833 0.0467537 0.036043
0.105479 0.576937 0.201823 9.99561E-05 9.99561E-05 9.99561E-05 9.99561E-05 9.99561E-05 0.115262
0.399838 9.99473E-05 9.99473E-05 0.334655 0.264907 9.99473E-05 9.99473E-05 9.99473E-05 9.99473E-05
0.0652806 0.328912 0.209259 9.99647E-05 9.99647E-05 0.103264 9.99647E-05 0.292884 9.99647E-05
9.99471E-05 0.104776 9.99471E-05 9.99471E-05 9.99471E-05 9.99471E-05 0.725378 9.99471E-05 0.169246
9.99646E-05 9.99646E-05 0.186899 0.463107 9.99646E-05 0.0478653 9.99646E-05 0.143853 0.157876
9.99474E-05 9.99474E-05 9.99474E-05 0.525233 9.99474E-05 0.355429 9.99474E-05 0.118739 9.99474E-05
0.0317969 0.435192 0.0304109 9.99649E-05 0.142545 9.99649E-05 9.99649E-05 9.99649E-05 0.359655
0.196115 9.99476E-05 0.181692 9.99476E-05 9.99476E-05 9.99476E-05 0.621593 9.99476E-05 9.99476E-05
0.39586 0.482586 0.033724 9.99564E-05 9.99564E-05 0.0873296 9.99564E-05 9.99564E-05 9.99564E-05
9.99471E-05 9.99471E-05 9.99471E-05 0.453564 0.0301478 9.99471E-05 9.99471E-05 9.99471E-05 0.515689
9.99647E-05 9.99647E-05 9.99647E-05 0.148298 0.122362 0.230786 0.266409 0.231745 9.99647E-05
0.0198104 9.99473E-05 9.99473E-05 9.99473E-05 0.59087 9.99473E-05 0.38872 9.99473E-05 9.99473E-05
9.99384E-05 9.99384E-05 9.99384E-05 0.782259 9.99384E-05 0.217041 9.99384E-05 9.99384E-05 9.99384E-05
0.291908 0.3893 0.0580021 9.99649E-05 0.0785834 0.181807 9.99649E-05 9.99649E-05 9.99649E-05
9.99471E-05 0.698856 9.99471E-05 9.99471E-05 9.99471E-05 9.99471E-05 0.289653 0.0108913 9.99471E-05
0.0695232 9.99648E-05 0.0954356 9.99648E-05 0.336687 9.99648E-05 9.99648E-05 0.416094 0.0818595
0.0611722 0.285483 0.115015 9.99738E-05 0.479502 0.010044 9.99738E-05 0.0484845 9.99738E-05
0.373746 0.548479 9.99471E-05 9.99471E-05 9.99471E-05 9.99471E-05 9.99471E-05 0.0771755 9.99471E-05
0.14411 0.266088 0.0524624 9.99735E-05 0.318852 9.99735E-05 9.99735E-05 0.0552194 0.162968
9.99737E-05 0.203824 0.0956939 0.0688211 9.99737E-05 0.385093 9.99737E-05 0.130877 0.115391
0.0732979 9.99736E-05 0.186131 9.99736E-05 0.385907 0.108033 0.129193 9.99736E-05 0.117137
9.99474E-05 0.536662 0.243428 0.21931 9.99474E-05 9.99474E-05 9.99474E-05 9.99474E-05 9.99474E-05
9.99562E-05 0.129406 0.243722 9.99562E-05 9.99562E-05 0.559183 0.0671887 9.99562E-05 9.99562E-05
9.99474E-05 0.736365 9.99474E-05 9.99474E-05 9.99474E-05 9.99474E-05 0.0701702 0.192865 9.99474E-05
9.99651E-05 0.0394694 0.033777 9.99651E-05 0.440207 0.231053 9.99651E-05 0.255094 9.99651E-05
0.0612304 0.0580376 9.99559E-05 9.99559E-05 0.741336 9.99559E-05 0.138897 9.99559E-05 9.99559E-05
9.99646E-05 0.0646063 9.99646E-05 0.208414 0.22948 0.239824 9.99646E-05 0.257275 9.99646E-05
9.99475E-05 9.99475E-05 0.152485 0.821659 9.99475E-05 9.99475E-05 9.99475E-05 0.0252564 9.99475E-05
9.99559E-05 9.99559E-05 0.365309 0.230476 0.256798 9.99559E-05 9.99559E-05 9.99559E-05 0.146917
9.99559E-05 9.99559E-05 9.99559E-05 0.207374 9.99559E-05 0.277959 0.490235 9.99559E-05 0.0239316
0.228122 0.0531124 9.9956E-05 9.9956E-05 0.126485 9.9956E-05 9.9956E-05 0.591781 9.9956E-05
0.300617 9.99472E-05 9.99472E-05 9.99472E-05 9.99472E-05 0.427359 9.99472E-05 0.271424 9.99472E-05
9.9956E-05 0.421858 9.9956E-05 9.9956E-05 0.0392509 9.9956E-05 0.169153 9.9956E-05 0.369238
0.0635259 0.599995 0.00659148 0.0900171 0.0244998 9.99738E-05 0.215071 9.99738E-05 9.99738E-05
0.00294936 0.530057 0.089906 9.99646E-05 9.99646E-05 0.0217115 9.99646E-05 0.354976 9.99646E-05
9.99559E-05 9.99559E-05 0.105379 9.99559E-05 0.429931 9.99559E-05 0.178408 9.99559E-05 0.285782
9.995E-05 9.995E-05 0.148005 9.995E-05 9.995E-05 9.995E-05 0.0193369 0.490281 0.341878
9.99472E-05 9.99472E-05 0.220874 9.99472E-05 0.614114 9.99472E-05 9.99472E-05 0.164412 9.99472E-05
0.23228 0.278117 9.9956E-05 0.0877342 9.9956E-05 9.9956E-05 9.9956E-05 0.401369 9.9956E-05
9.9956E-05 0.000121079 9.9956E-05 9.9956E-05 0.721172 0.24192 9.9956E-05 0.0362869 9.9956E-05
9.99649E-05 0.0399338 9.99649E-05 9.99649E-05 0.220154 0.0835039 0.267062 9.99649E-05 0.388947
0.00185797 0.349832 9.99562E-05 9.99562E-05 9.99562E-05 9.99562E-05 9.99562E-05 0.0050607 0.64275
9.99474E-05 0.31873 9.99474E-05 9.99474E-05 0.61107 9.99474E-05 9.99474E-05 0.0696006 9.99474E-05
9.99469E-05 0.127106 9.99469E-05 9.99469E-05 9.99469E-05 9.99469E-05 0.328027 0.544267 9.99469E-05
9.99648E-05 0.119945 9.99648E-05 0.30844 0.0444937 9.99648E-05 9.99648E-05 0.409587 0.117134
0.0451719 0.302148 0.176552 9.99737E-05 0.00987662 0.378974 9.99737E-05 9.99737E-05 0.0869781
9.993E-05 9.993E-05 9.993E-05 9.993E-05 0.999201 9.993E-05 9.993E-05 9.993E-05 9.993E-05
0.27642 0.274539 9.99652E-05 9.99652E-05 0.0427911 9.99652E-05 0.196067 0.209783 9.99652E-05
9.99564E-05 9.99564E-05 0.00202689 0.75599 9.99564E-05 9.99564E-05 9.99564E-05 0.154709 0.0867739
9.99649E-05 9.99649E-05 0.135153 0.200662 0.130622 9.99649E-05 9.99649E-05 0.288223 0.24494
0.385975 9.99472E-05 9.99472E-05 0.561991 0.0514347 9.99472E-05 9.99472E-05 9.99472E-05 9.99472E-05
0.371965 0.276078 9.99558E-05 9.99558E-05 9.99558E-05 0.322713 0.0287449 9.99558E-05 9.99558E-05
0.155867 0.328374 9.9947E-05 9.9947E-05 9.9947E-05 0.515159 9.9947E-05 9.9947E-05 9.9947E-05
9.99474E-05 9.99474E-05 9.99474E-05 9.99474E-05 0.148463 9.99474E-05 0.823689 0.0272488 9.99474E-05
0.102694 0.235501 0.207333 9.99826E-05 0.0034366 9.99826E-05 0.242216 0.0630782 0.14554
0.437938 9.99472E-05 9.99472E-05 0.0289898 0.532473 9.99472E-05 9.99472E-05 9.99472E-05 9.99472E-05
9.99475E-05 9.99475E-05 0.148334 9.99475E-05 0.595777 0.255289 9.99475E-05 9.99475E-05 9.99475E-05
9.99562E-05 0.345642 9.99562E-05 0.153396 0.132746 9.99562E-05 0.367716 9.99562E-05 9.99562E-05
9.99648E-05 0.102674 9.99648E-05 0.227242 0.298095 9.99648E-05 0.242519 0.129069 9.99648E-05
9.99473E-05 0.871203 9.99473E-05 9.99473E-05 0.0718886 9.99473E-05 0.0563086 9.99473E-05 9.99473E-05
9.99386E-05 9.99386E-05 9.99386E-05 0.27626 0.72304 9.99386E-05 9.99386E-05 9.99386E-05 9.99386E-05
9.99384E-05 9.99384E-05 9.99384E-05 9.99384E-05 9.99384E-05 9.99384E-05 0.927385 0.071915 9.99384E-05
9.99647E-05 0.0877915 9.99647E-05 0.274553 0.0954899 0.040342 9.99647E-05 0.501423 9.99647E-05
0.0121891 0.711949 0.137782 9.99647E-05 0.0962518 9.99647E-05 0.0414287 9.99647E-05 9.99647E-05
9.99651E-05 0.331867 0.227654 0.233578 0.0663621 9.99651E-05 0.140138 9.99651E-05 9.99651E-05
0.142302 9.99561E-05 0.202355 0.438327 9.99561E-05 9.99561E-05 0.216516 9.99561E-05 9.99561E-05
0.365109 0.344115 9.99734E-05 0.0530021 0.126436 0.0610074 9.99734E-05 9.99734E-05 0.0500313
9.9947E-05 9.9947E-05 9.9947E-05 0.790815 9.9947E-05 0.112691 9.9947E-05 9.9947E-05 0.0958941
9.99558E-05 0.491517 9.99558E-05 9.99558E-05 0.161002 9.99558E-05 0.0686949 0.278286 9.99558E-05
9.99384E-05 9.99384E-05 0.85556 9.99384E-05 9.99384E-05 0.14374 9.99384E-05 9.99384E-05 9.99384E-05
9.9956E-05 9.9956E-05 0.357122 9.9956E-05 0.190779 0.392118 9.9956E-05 0.0594817 9.9956E-05
9.99562E-05 9.99562E-05 9.99562E-05 0.237433 0.0336776 0.621955 9.99562E-05 0.106435 9.99562E-05
0.999201 9.993E-05 9.993E-05 9.993E-05 9.993E-05 9.993E-05 9.993E-05 9.993E-05 9.993E-05
0.576837 9.99561E-05 9.99561E-05 0.332901 0.0842278 0.0055345 9.99561E-05 9.99561E-05 9.99561E-05
0.0716401 9.99649E-05 9.99649E-05 0.33537 0.15712 0.00654711 9.99649E-05 9.99649E-05 0.428923
9.99559E-05 0.173675 9.99559E-05 0.445578 9.99559E-05 0.109156 9.99559E-05 0.271091 9.99559E-05
9.99474E-05 9.99474E-05 0.395498 9.99474E-05 9.99474E-05 9.99474E-05 0.0664549 9.99474E-05 0.537447
9.99734E-05 0.400331 0.180684 9.99734E-05 0.165697 9.99734E-05 0.135039 0.0896975 0.0282518
0.00619601 0.915488 9.99648E-05 9.99648E-05 0.0301871 0.0103628 9.99648E-05 9.99648E-05 0.0373659
9.99559E-05 9.99559E-05 9.99559E-05 0.207253 0.0314585 9.99559E-05 0.264601 0.496188 9.99559E-05
9.99471E-05 0.108523 9.99471E-05 9.99471E-05 9.99471E-05 9.99471E-05 0.618797 0.272081 9.99471E-05
9.99386E-05 9.99386E-05 9.99386E-05 0.784241 9.99386E-05 9.99386E-05 0.215059 9.99386E-05 9.99386E-05
9.99559E-05 0.285659 9.99559E-05 9.99559E-05 0.280358 0.062828 9.99559E-05 0.370656 9.99559E-05
9.99475E-05 9.99475E-05 0.463557 0.421931 9.99475E-05 9.99475E-05 9.99475E-05 0.113913 9.99475E-05
9.99647E-05 0.31086 0.0260003 0.0541677 9.99647E-05 9.99647E-05 0.349529 9.99647E-05 0.259043
9.99564E-05 0.180136 0.137306 9.99564E-05 0.283199 9.99564E-05 9.99564E-05 9.99564E-05 0.398859
9.9956E-05 9.9956E-05 9.9956E-05 0.0607608 0.217507 9.9956E-05 0.49837 0.222863 9.9956E-05
0.28464 9.99475E-05 9.99475E-05 9.99475E-05 9.99475E-05 9.99475E-05 9.99475E-05 0.219815 0.494945
9.99648E-05 0.0581594 0.175816 9.99648E-05 0.341248 0.0230532 0.401324 9.99648E-05 9.99648E-05
0.0603195 9.99475E-05 0.462046 9.99475E-05 9.99475E-05 9.99475E-05 9.99475E-05 9.99475E-05 0.477035
9.9956E-05 0.535141 0.0560468 0.255072 9.9956E-05 9.9956E-05 0.153241 9.9956E-05 9.9956E-05
9.99473E-05 0.611957 9.99473E-05 9.99473E-05 9.99473E-05 0.16108 9.99473E-05 0.226364 9.99473E-05
9.99558E-05 0.578975 9.99558E-05 0.0836555 9.99558E-05 9.99558E-05 0.199765 9.99558E-05 0.137104
9.99566E-05 9.99566E-05 0.333463 9.99566E-05 0.165985 9.99566E-05 0.224882 0.275169 9.99566E-05
