9.99649E-05 9.99649E-05 0.000705197 0.0438346 9.99649E-05 0.151768 0.357301 9.99649E-05 0.445991
0.131595 9.99563E-05 9.99563E-05 9.99563E-05 9.99563E-05 9.99563E-05 0.137532 0.292615 0.437758
9.99476E-05 0.707739 9.99476E-05 9.99476E-05 9.99476E-05 0.0993031 9.99476E-05 0.192358 9.99476E-05
9.99475E-05 9.99475E-05 9.99475E-05 0.14986 9.99475E-05 0.306189 9.99475E-05 9.99475E-05 0.543352
0.498176 9.99473E-05 9.99473E-05 0.255552 9.99473E-05 9.99473E-05 0.245672 9.99473E-05 9.99473E-05
0.0154139 9.99735E-05 0.349826 0.239221 9.99735E-05 0.12615 0.116076 0.153014 9.99735E-05
9.99478E-05 0.5954 9.99478E-05 0.139256 9.99478E-05 0.264744 9.99478E-05 9.99478E-05 9.99478E-05
0.306362 0.341335 9.99473E-05 9.99473E-05 0.351703 9.99473E-05 9.99473E-05 9.99473E-05 9.99473E-05
9.9947E-05 0.414961 9.9947E-05 0.260019 9.9947E-05 0.324421 9.9947E-05 9.9947E-05 9.9947E-05
0.0250157 9.99473E-05 9.99473E-05 9.99473E-05 9.99473E-05 9.99473E-05 9.99473E-05 0.537883 0.436501
9.99649E-05 0.178076 9.99649E-05 0.207663 0.458654 0.0761397 9.99649E-05 0.0790672 9.99649E-05
0.0413278 9.99563E-05 0.640884 9.99563E-05 0.00711516 0.310174 9.99563E-05 9.99563E-05 9.99563E-05
9.993E-05 9.993E-05 9.993E-05 9.993E-05 0.999201 9.993E-05 9.993E-05 9.993E-05 9.993E-05
9.9947E-05 9.9947E-05 9.9947E-05 9.9947E-05 9.9947E-05 0.600617 9.9947E-05 0.359776 0.0390081
9.99563E-05 0.111977 9.99563E-05 9.99563E-05 9.99563E-05 0.74644 0.12721 0.0138724 9.99563E-05
9.99474E-05 9.99474E-05 9.99474E-05 0.0969661 0.169991 9.99474E-05 0.732443 9.99474E-05 9.99474E-05
0.700088 9.99559E-05 9.99559E-05 9.99559E-05 0.237177 0.0261753 9.99559E-05 0.0360598 9.99559E-05
0.192564 9.99561E-05 0.250895 9.99561E-05 9.99561E-05 9.99561E-05 0.348489 0.207552 9.99561E-05
9.99561E-05 9.99561E-05 9.99561E-05 0.000783277 0.253245 0.432832 0.31264 9.99561E-05 9.99561E-05
9.9947E-05 9.9947E-05 0.398841 0.278169 9.9947E-05 9.9947E-05 9.9947E-05 0.322391 9.9947E-05
9.99647E-05 0.166027 9.99647E-05 9.99647E-05 0.0770994 0.541646 0.0110991 0.203729 9.99647E-05
0.104491 0.0511515 9.99561E-05 0.699062 9.99561E-05 9.99561E-05 0.144796 9.99561E-05 9.99561E-05
0.247589 9.99475E-05 9.99475E-05 0.153412 0.5984 9.99475E-05 9.99475E-05 9.99475E-05 9.99475E-05
9.99383E-05 9.99383E-05 0.00753433 9.99383E-05 9.99383E-05 9.99383E-05 9.99383E-05 0.991766 9.99383E-05
0.589029 9.99561E-05 9.99561E-05 9.99561E-05 9.99561E-05 9.99561E-05 0.198419 0.0797511 0.132301
0.144642 9.99736E-05 0.0240766 9.99736E-05 0.0282302 0.122753 9.99736E-05 0.127946 0.552052
9.99648E-05 9.99648E-05 0.119561 0.110484 9.99648E-05 9.99648E-05 0.0844488 0.0110879 0.674018
9.99557E-05 0.226267 9.99557E-05 0.230793 0.124534 9.99557E-05 9.99557E-05 9.99557E-05 0.417906
0.135755 9.99648E-05 9.99648E-05 0.0179948 9.99648E-05 0.0394475 9.99648E-05 0.508494 0.297909
0.669482 0.329818 9.99389E-05 9.99389E-05 9.99389E-05 9.99389E-05 9.99389E-05 9.99389E-05 9.99389E-05
0.0707314 9.9956E-05 9.9956E-05 9.9956E-05 9.9956E-05 0.227158 9.9956E-05 0.584898 0.116713
9.99647E-05 0.370146 9.99647E-05 0.0659723 0.0033385 9.99647E-05 0.4026 9.99647E-05 0.157543
0.132649 0.25875 9.9956E-05 9.9956E-05 0.471791 9.9956E-05 9.9956E-05 0.136311 9.9956E-05
0.467083 9.99563E-05 9.99563E-05 0.355725 9.99563E-05 0.170096 9.99563E-05 0.00659616 9.99563E-05
9.9965E-05 9.9965E-05 0.058608 0.376457 9.9965E-05 9.9965E-05 0.252871 0.254957 0.0567073
0.578307 9.99382E-05 9.99382E-05 9.99382E-05 9.99382E-05 0.420993 9.99382E-05 9.99382E-05 9.99382E-05
9.99473E-05 9.99473E-05 9.99473E-05 0.286599 0.00673063 9.99473E-05 9.99473E-05 9.99473E-05 0.706071
9.99475E-05 0.0537861 0.322557 9.99475E-05 9.99475E-05 9.99475E-05 9.99475E-05 0.623057 9.99475E-05
0.0342222 9.99646E-05 9.99646E-05 0.441657 0.0879244 9.99646E-05 9.99646E-05 0.0821141 0.353682
9.99473E-05 9.99473E-05 0.823376 9.99473E-05 9.99473E-05 9.99473E-05 0.139813 9.99473E-05 0.0362112
9.993E-05 0.999201 9.993E-05 9.993E-05 9.993E-05 9.993E-05 9.993E-05 9.993E-05 9.993E-05
9.99471E-05 9.99471E-05 9.99471E-05 9.99471E-05 0.354898 0.240987 9.99471E-05 9.99471E-05 0.403516
0.344056 9.99558E-05 9.99558E-05 0.109589 9.99558E-05 9.99558E-05 0.378266 0.167589 9.99558E-05
9.99561E-05 0.0142148 0.560665 9.99561E-05 0.0230501 9.99561E-05 9.99561E-05 9.99561E-05 0.401571
0.157596 0.287652 0.178103 0.0839165 0.160839 9.99825E-05 0.0685728 0.0631205 9.99825E-05
0.174621 0.107087 0.260157 0.0483239 9.99823E-05 0.0961812 0.0392432 0.274186 9.99823E-05
0.269704 0.215327 9.99561E-05 9.99561E-05 0.288693 0.225777 9.99561E-05 9.99561E-05 9.99561E-05
0.0489595 0.0390229 9.99736E-05 0.0908853 9.99736E-05 0.564369 0.142091 0.114372 9.99736E-05
0.208332 0.309027 9.99478E-05 9.99478E-05 9.99478E-05 9.99478E-05 9.99478E-05 0.482041 9.99478E-05
0.285875 0.471255 9.99647E-05 0.19618 9.99647E-05 9.99647E-05 0.011663 0.0346278 9.99647E-05
9.99563E-05 0.605158 9.99563E-05 9.99563E-05 0.0681182 9.99563E-05 9.99563E-05 0.114481 0.211743
0.868977 9.99383E-05 9.99383E-05 0.130324 9.99383E-05 9.99383E-05 9.99383E-05 9.99383E-05 9.99383E-05
0.363755 9.99649E-05 9.99649E-05 0.0077108 9.99649E-05 0.0767529 0.504368 9.99649E-05 0.0470135
0.00769866 0.0757311 0.032191 0.0237017 9.99735E-05 0.724871 9.99735E-05 0.135506 9.99735E-05
0.0801682 9.99648E-05 9.99648E-05 9.99648E-05 9.99648E-05 0.339166 0.376753 0.0393658 0.164147
0.269227 9.99649E-05 0.0396614 0.190446 9.99649E-05 0.353344 0.146922 9.99649E-05 9.99649E-05
9.99474E-05 0.405658 9.99474E-05 0.112402 9.99474E-05 9.99474E-05 9.99474E-05 9.99474E-05 0.481341
9.99381E-05 0.741215 9.99381E-05 9.99381E-05 9.99381E-05 9.99381E-05 9.99381E-05 0.258086 9.99381E-05
0.0590387 0.373826 9.99648E-05 0.114378 9.99648E-05 0.390287 9.99648E-05 0.0620698 9.99648E-05
0.290689 0.131427 9.99648E-05 9.99648E-05 0.276709 9.99648E-05 0.297365 9.99648E-05 0.0034095
0.00443753 0.288904 9.99649E-05 0.420676 9.99649E-05 0.0522657 9.99649E-05 0.233317 9.99649E-05
9.99477E-05 0.574263 0.019696 9.99477E-05 9.99477E-05 9.99477E-05 9.99477E-05 0.405441 9.99477E-05
0.187943 9.99557E-05 9.99557E-05 9.99557E-05 0.174959 0.442109 9.99557E-05 9.99557E-05 0.194489
0.064756 9.9956E-05 0.0641438 9.9956E-05 0.471267 9.9956E-05 9.9956E-05 0.399334 9.9956E-05
0.291818 9.9965E-05 9.9965E-05 0.0417042 0.0832325 0.44439 9.9965E-05 9.9965E-05 0.138456
9.99558E-05 9.99558E-05 9.99558E-05 0.407447 9.99558E-05 0.237339 0.303063 9.99558E-05 0.0516506
0.367075 9.99735E-05 0.0764423 0.137483 9.99735E-05 0.0975944 0.0153351 0.305769 9.99735E-05
0.385289 9.99647E-05 9.99647E-05 9.99647E-05 0.0909584 0.0468012 0.0793209 9.99647E-05 0.397231
0.432922 0.0624884 0.50399 9.99474E-05 9.99474E-05 9.99474E-05 9.99474E-05 9.99474E-05 9.99474E-05
9.9956E-05 9.9956E-05 9.9956E-05 9.9956E-05 0.331231 0.0205615 0.276227 0.371481 9.9956E-05
9.99563E-05 9.99563E-05 9.99563E-05 9.99563E-05 0.0479444 0.102635 0.561846 0.287074 9.99563E-05
9.99475E-05 9.99475E-05 0.212022 9.99475E-05 9.99475E-05 0.451366 9.99475E-05 9.99475E-05 0.336013
0.228367 0.352225 9.9956E-05 0.303682 0.115227 9.9956E-05 9.9956E-05 9.9956E-05 9.9956E-05
0.0857626 0.824148 0.0714778 9.99562E-05 9.99562E-05 9.99562E-05 9.99562E-05 0.0181122 9.99562E-05
0.460555 9.99473E-05 9.99473E-05 0.166067 0.372778 9.99473E-05 9.99473E-05 9.99473E-05 9.99473E-05
9.99471E-05 9.99471E-05 0.0344963 9.99471E-05 0.199105 0.765799 9.99471E-05 9.99471E-05 9.99471E-05
9.99562E-05 9.99562E-05 0.161794 0.332044 9.99562E-05 9.99562E-05 9.99562E-05 0.33133 0.174332
9.99477E-05 9.99477E-05 0.175852 9.99477E-05 9.99477E-05 0.500376 0.323173 9.99477E-05 9.99477E-05
0.153968 9.99474E-05 9.99474E-05 9.99474E-05 9.99474E-05 0.232109 9.99474E-05 0.613324 9.99474E-05
0.41541 9.9956E-05 0.0404506 0.170618 9.9956E-05 0.373021 9.9956E-05 9.9956E-05 9.9956E-05
9.99558E-05 9.99558E-05 9.99558E-05 0.384131 0.134659 0.457824 9.99558E-05 0.0228866 9.99558E-05
9.99563E-05 9.99563E-05 0.0812709 9.99563E-05 0.574749 9.99563E-05 0.0605177 9.99563E-05 0.282963
9.9956E-05 0.443365 9.9956E-05 9.9956E-05 9.9956E-05 9.9956E-05 0.331267 0.144165 0.0807028
9.99559E-05 0.0786352 0.746698 9.99559E-05 9.99559E-05 9.99559E-05 0.0665295 9.99559E-05 0.107637
0.0468505 9.99562E-05 0.327802 9.99562E-05 9.99562E-05 0.507555 9.99562E-05 0.117293 9.99562E-05
9.99649E-05 0.0400723 9.99649E-05 0.05805 9.99649E-05 9.99649E-05 0.378938 0.434556 0.0879835
9.99391E-05 9.99391E-05 9.99391E-05 0.590245 9.99391E-05 9.99391E-05 9.99391E-05 0.409055 9.99391E-05
9.99475E-05 9.99475E-05 9.99475E-05 0.0119948 9.99475E-05 9.99475E-05 0.428879 0.558526 9.99475E-05
0.367181 0.15379 9.9965E-05 0.0496174 9.9965E-05 0.201081 9.9965E-05 0.227932 9.9965E-05
0.184625 0.237553 9.9965E-05 0.131658 0.249877 0.195887 9.9965E-05 9.9965E-05 9.9965E-05
9.99476E-05 9.99476E-05 9.99476E-05 0.261889 0.189935 0.547577 9.99476E-05 9.99476E-05 9.99476E-05
9.99646E-05 0.072921 0.485953 0.035494 9.99646E-05 0.206995 9.99646E-05 9.99646E-05 0.198237
9.99472E-05 9.99472E-05 0.275634 0.3136 9.99472E-05 9.99472E-05 9.99472E-05 9.99472E-05 0.410166
9.99477E-05 0.465251 9.99477E-05 0.359812 0.174338 9.99477E-05 9.99477E-05 9.99477E-05 9.99477E-05
0.333929 0.224449 9.99563E-05 9.99563E-05 9.99563E-05 0.154263 9.99563E-05 0.286859 9.99563E-05
9.99558E-05 9.99558E-05 9.99558E-05 0.265668 9.99558E-05 9.99558E-05 0.285203 0.210538 0.238091
0.0377004 9.9956E-05 9.9956E-05 9.9956E-05 0.173 0.255291 9.9956E-05 9.9956E-05 0.533509
9.99736E-05 0.198008 0.0455243 0.110134 9.99736E-05 0.303145 0.0303667 9.99736E-05 0.312523
0.137007 9.99735E-05 0.131951 0.0328544 0.175782 9.99735E-05 9.99735E-05 0.00313061 0.518975
9.99557E-05 0.319705 9.99557E-05 0.00178202 9.99557E-05 0.611809 9.99557E-05 0.0662041 9.99557E-05
9.99561E-05 0.0248475 9.99561E-05 9.99561E-05 9.99561E-05 0.284486 9.99561E-05 0.604632 0.0855343
9.99472E-05 9.99472E-05 9.99472E-05 0.322014 9.99472E-05 0.151098 9.99472E-05 0.526288 9.99472E-05
0.133789 0.27311 9.99647E-05 9.99647E-05 9.99647E-05 0.43249 0.130812 9.99647E-05 0.0293983
9.9956E-05 0.797056 9.9956E-05 0.0990858 0.00825042 9.9956E-05 9.9956E-05 9.9956E-05 0.0951078
9.99648E-05 9.99648E-05 0.00899002 0.0953007 0.185558 0.633112 0.0766395 9.99648E-05 9.99648E-05
9.99559E-05 9.99559E-05 9.99559E-05 0.0526797 9.99559E-05 0.556002 9.99559E-05 0.112281 0.278538
9.9947E-05 9.9947E-05 0.138336 9.9947E-05 9.9947E-05 9.9947E-05 9.9947E-05 0.46324 0.397824
9.99647E-05 0.134584 9.99647E-05 9.99647E-05 0.155947 0.565038 0.0618906 0.08214 9.99647E-05
9.99557E-05 0.275661 9.99557E-05 0.146632 0.181307 9.99557E-05 9.99557E-05 0.3959 9.99557E-05
9.9956E-05 9.9956E-05 0.303308 9.9956E-05 0.0192577 9.9956E-05 9.9956E-05 0.482975 0.193959
9.99557E-05 9.99557E-05 9.99557E-05 9.99557E-05 0.113623 0.292088 0.0363869 9.99557E-05 0.557403
9.9965E-05 9.9965E-05 0.0273337 0.0417757 9.9965E-05 0.108391 9.9965E-05 0.312328 0.509772
9.99561E-05 9.99561E-05 9.99561E-05 0.305982 0.0108602 0.542177 0.14048 9.99561E-05 9.99561E-05
0.604343 9.99471E-05 9.99471E-05 0.0188339 9.99471E-05 0.376223 9.99471E-05 9.99471E-05 9.99471E-05
9.99562E-05 0.317577 9.99562E-05 9.99562E-05 0.0284568 0.570471 9.99562E-05 9.99562E-05 0.082996
9.99561E-05 0.751431 0.0905667 9.99561E-05 9.99561E-05 9.99561E-05 9.99561E-05 0.00123032 0.156273
9.99558E-05 9.99558E-05 0.19983 0.438242 0.257748 9.99558E-05 9.99558E-05 0.103681 9.99558E-05
9.99478E-05 9.99478E-05 9.99478E-05 9.99478E-05 0.414969 9.99478E-05 9.99478E-05 0.0441082 0.540323
0.0505468 9.99474E-05 9.99474E-05 9.99474E-05 9.99474E-05 0.66804 9.99474E-05 0.280813 9.99474E-05
0.808014 9.99474E-05 9.99474E-05 9.99474E-05 9.99474E-05 9.99474E-05 0.144121 9.99474E-05 0.0472647
9.99648E-05 9.99648E-05 0.334706 0.400106 9.99648E-05 9.99648E-05 0.00826625 0.00118407 0.255337
0.162193 0.654697 9.99473E-05 9.99473E-05 9.99473E-05 9.99473E-05 9.99473E-05 0.182511 9.99473E-05
9.99646E-05 9.99646E-05 0.308747 0.247312 9.99646E-05 0.123288 0.156341 0.163913 9.99646E-05
9.99468E-05 0.512418 9.99468E-05 9.99468E-05 0.211994 9.99468E-05 9.99468E-05 0.274988 9.99468E-05
9.99471E-05 0.678012 0.0875467 9.99471E-05 9.99471E-05 9.99471E-05 0.233842 9.99471E-05 9.99471E-05
0.0381626 9.99472E-05 9.99472E-05 9.99472E-05 9.99472E-05 0.648024 9.99472E-05 9.99472E-05 0.313214
0.0214728 9.99648E-05 9.99648E-05 0.239484 0.13408 0.528614 0.0759499 9.99648E-05 9.99648E-05
0.182027 0.12313 9.99648E-05 9.99648E-05 0.393436 9.99648E-05 9.99648E-05 0.111152 0.189855
9.99386E-05 9.99386E-05 9.99386E-05 0.703747 9.99386E-05 9.99386E-05 9.99386E-05 0.295554 9.99386E-05
9.99736E-05 0.0963258 0.212685 9.99736E-05 0.0584626 9.99736E-05 0.109221 0.482014 0.0409919
0.524907 9.99472E-05 9.99472E-05 9.99472E-05 0.303767 0.170727 9.99472E-05 9.99472E-05 9.99472E-05
9.99561E-05 9.99561E-05 0.182147 9.99561E-05 0.126546 0.634852 9.99561E-05 9.99561E-05 0.0559552
9.9947E-05 9.9947E-05 9.9947E-05 9.9947E-05 0.646658 9.9947E-05 0.100571 9.9947E-05 0.252172
9.9947E-05 9.9947E-05 9.9947E-05 0.238376 9.9947E-05 9.9947E-05 0.395403 9.9947E-05 0.365621
0.171965 9.99473E-05 0.814098 0.0133377 9.99473E-05 9.99473E-05 9.99473E-05 9.99473E-05 9.99473E-05
9.99561E-05 0.264035 0.0381563 9.99561E-05 9.99561E-05 0.0518804 9.99561E-05 9.99561E-05 0.645429
9.99479E-05 0.506786 9.99479E-05 0.474549 0.0180655 9.99479E-05 9.99479E-05 9.99479E-05 9.99479E-05
0.092066 9.99476E-05 9.99476E-05 0.734713 9.99476E-05 9.99476E-05 9.99476E-05 9.99476E-05 0.172621
9.99563E-05 9.99563E-05 0.367186 9.99563E-05 9.99563E-05 0.212809 0.0704509 9.99563E-05 0.349054
0.0678104 0.179901 9.99736E-05 0.357933 9.99736E-05 0.149283 0.234744 9.99736E-05 0.0100283
9.99823E-05 0.508997 0.0309866 0.0768048 0.166545 0.165769 0.0209803 9.99823E-05 0.0297177
9.99392E-05 9.99392E-05 9.99392E-05 9.99392E-05 0.0373484 9.99392E-05 0.961952 9.99392E-05 9.99392E-05
0.0729487 0.724205 9.9956E-05 9.9956E-05 0.128979 9.9956E-05 9.9956E-05 0.0733681 9.9956E-05
9.994E-05 9.994E-05 0.294655 0.479673 9.994E-05 9.994E-05 9.994E-05 9.994E-05 0.225072
9.99736E-05 9.99736E-05 0.131735 0.507453 9.99736E-05 0.212687 0.00650754 0.0989229 0.0423945
0.654832 9.99474E-05 0.0607237 9.99474E-05 9.99474E-05 9.99474E-05 0.283844 9.99474E-05 9.99474E-05
9.9947E-05 0.0935098 9.9947E-05 9.9947E-05 9.9947E-05 9.9947E-05 9.9947E-05 0.462347 0.443543
0.420171 0.13052 0.00130633 9.9956E-05 9.9956E-05 9.9956E-05 9.9956E-05 9.9956E-05 0.447504
0.0489668 9.99471E-05 9.99471E-05 9.99471E-05 0.125443 9.99471E-05 0.82499 9.99471E-05 9.99471E-05
0.159513 0.301151 0.255978 0.282858 9.99559E-05 9.99559E-05 9.99559E-05 9.99559E-05 9.99559E-05
9.99564E-05 9.99564E-05 0.0274169 0.23124 0.571472 9.99564E-05 9.99564E-05 9.99564E-05 0.169371
9.9956E-05 9.9956E-05 0.391712 0.539128 0.00621599 9.9956E-05 9.9956E-05 9.9956E-05 0.0624435
9.99558E-05 9.99558E-05 0.253156 9.99558E-05 0.211406 9.99558E-05 9.99558E-05 0.406559 0.128379
0.46665 0.0922015 0.440549 9.99471E-05 9.99471E-05 9.99471E-05 9.99471E-05 9.99471E-05 9.99471E-05
0.0743187 9.99559E-05 0.098803 9.99559E-05 9.99559E-05 9.99559E-05 0.0685867 9.99559E-05 0.757792
9.99651E-05 0.404261 0.170373 0.0954923 9.99651E-05 0.301773 0.0276998 9.99651E-05 9.99651E-05
0.198205 9.9956E-05 0.276881 9.9956E-05 9.9956E-05 9.9956E-05 0.274285 9.9956E-05 0.250129
0.414701 9.99648E-05 0.066453 9.99648E-05 0.449244 0.0613204 9.99648E-05 9.99648E-05 0.00788182
9.99557E-05 0.255821 9.99557E-05 9.99557E-05 0.515869 0.112777 9.99557E-05 9.99557E-05 0.115033
9.99472E-05 0.307777 9.99472E-05 9.99472E-05 9.99472E-05 0.205775 0.485848 9.99472E-05 9.99472E-05
9.99472E-05 9.99472E-05 9.99472E-05 9.99472E-05 0.509773 0.12249 9.99472E-05 0.367138 9.99472E-05
0.0919067 9.99559E-05 9.99559E-05 0.0689792 0.142606 9.99559E-05 9.99559E-05 0.696009 9.99559E-05
0.137927 0.0271803 0.0100566 0.198207 9.99824E-05 9.99824E-05 0.191026 0.399249 0.0361546
9.99389E-05 9.99389E-05 0.772321 9.99389E-05 9.99389E-05 0.22698 9.99389E-05 9.99389E-05 9.99389E-05
0.163016 9.9956E-05 9.9956E-05 0.0504489 0.394249 0.391786 9.9956E-05 9.9956E-05 9.9956E-05
9.99475E-05 9.99475E-05 0.232271 9.99475E-05 0.423567 9.99475E-05 0.343562 9.99475E-05 9.99475E-05
9.9956E-05 0.0529658 9.9956E-05 0.455672 0.247403 9.9956E-05 9.9956E-05 9.9956E-05 0.243459
9.99654E-05 9.99654E-05 0.00205031 9.99654E-05 0.156282 0.0971518 9.99654E-05 0.374059 0.370057
0.764753 9.99386E-05 9.99386E-05 9.99386E-05 9.99386E-05 9.99386E-05 9.99386E-05 9.99386E-05 0.234548
0.275369 0.255155 9.99559E-05 9.99559E-05 9.99559E-05 0.436911 9.99559E-05 9.99559E-05 0.0320659
0.192216 9.9965E-05 9.9965E-05 0.181936 0.500975 0.00197876 0.122495 9.9965E-05 9.9965E-05
9.99559E-05 9.99559E-05 0.0498208 9.99559E-05 9.99559E-05 0.323643 0.478967 9.99559E-05 0.147069
0.422854 9.99558E-05 9.99558E-05 0.0936425 9.99558E-05 9.99558E-05 9.99558E-05 0.21855 0.264454
9.9939E-05 9.9939E-05 9.9939E-05 9.9939E-05 9.9939E-05 0.162754 9.9939E-05 0.836546 9.9939E-05
0.522324 9.99648E-05 0.0353864 9.99648E-05 0.324859 9.99648E-05 0.0530586 0.063972 9.99648E-05
0.121951 0.471869 0.0907564 0.106297 9.99647E-05 9.99647E-05 9.99647E-05 0.208728 9.99647E-05
0.133599 0.528018 9.9956E-05 9.9956E-05 0.0489478 9.9956E-05 9.9956E-05 0.288935 9.9956E-05
9.99386E-05 0.405547 9.99386E-05 9.99386E-05 9.99386E-05 9.99386E-05 9.99386E-05 9.99386E-05 0.593754
0.188488 9.99736E-05 0.101131 9.99736E-05 0.137719 9.99736E-05 0.175553 0.306156 0.090653
0.592427 9.99472E-05 9.99472E-05 9.99472E-05 9.99472E-05 9.99472E-05 0.113942 9.99472E-05 0.293031
9.995E-05 0.11971 0.0781113 9.995E-05 9.995E-05 0.475298 0.32638 9.995E-05 9.995E-05
0.035108 9.99737E-05 0.148491 0.395503 9.99737E-05 0.0959728 9.99737E-05 0.183718 0.140906
9.9956E-05 9.9956E-05 9.9956E-05 9.9956E-05 0.0525444 0.00650884 9.9956E-05 0.699636 0.240811
9.99646E-05 9.99646E-05 9.99646E-05 0.00539418 0.108095 9.99646E-05 0.0584125 0.210163 0.617536
9.99561E-05 9.99561E-05 0.050732 0.132204 9.99561E-05 0.0527153 9.99561E-05 0.763849 9.99561E-05
0.307301 0.112068 9.99736E-05 0.0309215 0.079245 0.335518 9.99736E-05 9.99736E-05 0.134646
9.99382E-05 9.99382E-05 9.99382E-05 9.99382E-05 9.99382E-05 0.714237 0.285064 9.99382E-05 9.99382E-05
0.0864612 0.00724878 9.99736E-05 0.205335 0.583716 9.99736E-05 0.0104629 0.106476 9.99736E-05
9.99562E-05 0.251572 9.99562E-05 0.371068 0.268049 9.99562E-05 9.99562E-05 9.99562E-05 0.108812
9.9948E-05 0.307639 0.296383 9.9948E-05 9.9948E-05 9.9948E-05 9.9948E-05 9.9948E-05 0.395378
0.160693 9.99564E-05 9.99564E-05 9.99564E-05 0.342411 0.137124 0.359272 9.99564E-05 9.99564E-05
0.06669 9.99562E-05 0.00589439 9.99562E-05 9.99562E-05 9.99562E-05 9.99562E-05 0.000754164 0.926162
9.99558E-05 9.99558E-05 0.00252809 0.0662851 9.99558E-05 0.436501 0.494186 9.99558E-05 9.99558E-05
0.0209633 0.117407 9.99649E-05 9.99649E-05 0.16801 9.99649E-05 0.401042 0.292178 9.99649E-05
9.99651E-05 0.0572931 0.267266 9.99651E-05 0.0639908 0.567863 0.0431868 9.99651E-05 9.99651E-05
9.99649E-05 9.99649E-05 0.00157507 0.627847 9.99649E-05 0.0130674 9.99649E-05 0.212005 0.145106
9.99649E-05 0.0130174 9.99649E-05 9.99649E-05 0.290015 0.0522613 9.99649E-05 0.562651 0.0816554
9.99475E-05 9.99475E-05 9.99475E-05 0.0679722 0.679888 9.99475E-05 9.99475E-05 0.25154 9.99475E-05
9.99475E-05 0.438138 9.99475E-05 9.99475E-05 9.99475E-05 0.475854 9.99475E-05 9.99475E-05 0.085408
0.418383 0.499043 9.9947E-05 9.9947E-05 9.9947E-05 9.9947E-05 9.9947E-05 0.0819745 9.9947E-05
0.133257 9.99648E-05 0.585052 0.00998454 0.0656946 9.99648E-05 9.99648E-05 9.99648E-05 0.205612
0.00984114 9.99559E-05 9.99559E-05 9.99559E-05 0.279913 9.99559E-05 0.308773 0.400973 9.99559E-05
9.99474E-05 0.251329 9.99474E-05 9.99474E-05 9.99474E-05 9.99474E-05 0.0588343 9.99474E-05 0.689237
0.748272 9.99383E-05 9.99383E-05 9.99383E-05 0.251028 9.99383E-05 9.99383E-05 9.99383E-05 9.99383E-05
9.99472E-05 0.120869 0.373501 9.99472E-05 9.99472E-05 0.50503 9.99472E-05 9.99472E-05 9.99472E-05
9.99736E-05 0.446987 9.99736E-05 9.99736E-05 0.0527156 0.124319 0.339548 0.0316756 0.00445522
9.99474E-05 9.99474E-05 0.047997 0.45888 9.99474E-05 9.99474E-05 9.99474E-05 9.99474E-05 0.492523
9.99562E-05 9.99562E-05 9.99562E-05 9.99562E-05 9.99562E-05 0.0260135 0.183844 0.535909 0.253734
9.9956E-05 0.433699 0.0208016 0.0405741 9.9956E-05 0.504426 9.9956E-05 9.9956E-05 9.9956E-05
9.99645E-05 0.522895 0.134104 0.0925562 9.99645E-05 0.130825 9.99645E-05 9.99645E-05 0.11922
9.99471E-05 9.99471E-05 9.99471E-05 9.99471E-05 0.146726 9.99471E-05 0.230825 0.621849 9.99471E-05
9.99737E-05 0.0473197 9.99737E-05 0.0282245 0.0607403 0.166858 9.99737E-05 0.460624 0.235934
9.99647E-05 0.368251 0.00612975 0.170505 9.99647E-05 9.99647E-05 9.99647E-05 0.391557 0.0631575
0.417604 0.341436 9.99558E-05 0.00739561 9.99558E-05 9.99558E-05 9.99558E-05 9.99558E-05 0.233065
9.99472E-05 9.99472E-05 0.113931 0.227419 9.99472E-05 9.99472E-05 9.99472E-05 9.99472E-05 0.658051
0.379714 0.0761531 0.38355 9.995E-05 9.995E-05 9.995E-05 9.995E-05 0.160083 9.995E-05
9.993E-05 0.999201 9.993E-05 9.993E-05 9.993E-05 9.993E-05 9.993E-05 9.993E-05 9.993E-05
0.0255061 9.995E-05 0.201735 9.995E-05 9.995E-05 0.537063 0.235196 9.995E-05 9.995E-05
9.99471E-05 9.99471E-05 0.204418 9.99471E-05 9.99471E-05 9.99471E-05 0.669064 0.125918 9.99471E-05
9.99471E-05 9.99471E-05 9.99471E-05 0.514777 9.99471E-05 0.106724 0.3779 9.99471E-05 9.99471E-05
0.523165 9.99471E-05 9.99471E-05 0.0866012 9.99471E-05 9.99471E-05 9.99471E-05 9.99471E-05 0.389634
9.99472E-05 9.99472E-05 9.99472E-05 0.340958 9.99472E-05 9.99472E-05 0.0132304 0.645212 9.99472E-05
9.99648E-05 9.99648E-05 0.159404 9.99648E-05 0.136528 0.0425212 0.384422 9.99648E-05 0.276725
9.99474E-05 0.856819 0.0374263 9.99474E-05 9.99474E-05 9.99474E-05 9.99474E-05 9.99474E-05 0.105155
9.99471E-05 9.99471E-05 0.0518824 0.797786 9.99471E-05 9.99471E-05 9.99471E-05 0.149732 9.99471E-05
0.663175 9.9956E-05 9.9956E-05 9.9956E-05 9.9956E-05 0.139738 0.189124 0.00746373 9.9956E-05
0.073793 0.0249039 0.00283882 9.99647E-05 9.99647E-05 9.99647E-05 9.99647E-05 0.112618 0.785447
0.141193 9.99559E-05 0.202071 0.275798 9.99559E-05 9.99559E-05 9.99559E-05 0.380438 9.99559E-05
9.99649E-05 9.99649E-05 0.177906 0.225396 0.166061 9.99649E-05 0.234029 0.196208 9.99649E-05
9.9939E-05 9.9939E-05 9.9939E-05 9.9939E-05 0.294411 0.70489 9.9939E-05 9.9939E-05 9.9939E-05
0.381173 0.310612 9.99475E-05 9.99475E-05 0.307616 9.99475E-05 9.99475E-05 9.99475E-05 9.99475E-05
9.99474E-05 0.347817 9.99474E-05 9.99474E-05 9.99474E-05 0.451186 0.200398 9.99474E-05 9.99474E-05
9.99478E-05 0.402277 9.99478E-05 0.149427 9.99478E-05 0.447696 9.99478E-05 9.99478E-05 9.99478E-05
0.0964808 0.429803 9.99735E-05 0.0973632 9.99735E-05 0.165022 0.182231 9.99735E-05 0.0287997
9.99302E-05 9.99302E-05 9.99302E-05 9.99302E-05 9.99302E-05 0.999201 9.99302E-05 9.99302E-05 9.99302E-05
0.106263 9.99736E-05 9.99736E-05 0.159964 0.093358 0.456118 9.99736E-05 0.17472 0.00927715
9.99648E-05 0.396377 9.99648E-05 0.231901 9.99648E-05 0.115783 0.00687878 9.99648E-05 0.24866
0.847063 9.99474E-05 9.99474E-05 0.0394494 0.112888 9.99474E-05 9.99474E-05 9.99474E-05 9.99474E-05
0.318062 9.99647E-05 9.99647E-05 0.445041 0.00951526 9.99647E-05 0.216853 0.0101287 9.99647E-05
0.202332 0.175906 9.99648E-05 9.99648E-05 9.99648E-05 0.328116 9.99648E-05 0.122384 0.170862
0.139925 9.99647E-05 9.99647E-05 9.99647E-05 9.99647E-05 0.163508 0.492133 0.124063 0.0799721
0.2594 0.0432786 0.0743427 0.615325 9.9965E-05 9.9965E-05 9.9965E-05 9.9965E-05 0.00725355
0.580779 9.99648E-05 0.070982 9.99648E-05 0.115806 9.99648E-05 9.99648E-05 0.0235597 0.208473
9.99561E-05 0.16035 0.255446 9.99561E-05 0.17762 0.406084 9.99561E-05 9.99561E-05 9.99561E-05
9.99648E-05 0.0267201 0.11481 9.99648E-05 0.710446 0.012004 9.99648E-05 9.99648E-05 0.135621
9.99473E-05 9.99473E-05 9.99473E-05 0.0766005 9.99473E-05 0.622201 0.300598 9.99473E-05 9.99473E-05
0.0528806 9.99473E-05 9.99473E-05 0.161271 9.99473E-05 9.99473E-05 9.99473E-05 0.785248 9.99473E-05
9.99382E-05 0.454905 9.99382E-05 9.99382E-05 9.99382E-05 0.544396 9.99382E-05 9.99382E-05 9.99382E-05
0.495837 0.0104399 9.99557E-05 9.99557E-05 9.99557E-05 0.427758 9.99557E-05 9.99557E-05 0.0654656
0.495036 0.482399 9.99566E-05 9.99566E-05 0.0182738 0.00379127 9.99566E-05 9.99566E-05 9.99566E-05
9.9956E-05 9.9956E-05 9.9956E-05 0.0595326 0.185019 0.198284 9.9956E-05 0.556665 9.9956E-05
0.0250064 0.297644 0.0406607 9.99737E-05 0.463724 0.114422 0.0582435 9.99737E-05 9.99737E-05
0.341398 9.99737E-05 0.182109 0.207712 9.99737E-05 0.0485166 9.99737E-05 0.0789641 0.141
9.9947E-05 0.173813 9.9947E-05 0.596201 9.9947E-05 0.229386 9.9947E-05 9.9947E-05 9.9947E-05
0.143088 9.99563E-05 9.99563E-05 9.99563E-05 9.99563E-05 0.105865 0.0604214 0.690126 9.99563E-05
9.99559E-05 9.99559E-05 0.513455 0.152178 9.99559E-05 0.219051 9.99559E-05 0.114817 9.99559E-05
0.0573459 9.99563E-05 0.1957 9.99563E-05 0.178311 0.568144 9.99563E-05 9.99563E-05 9.99563E-05
9.9947E-05 0.635868 9.9947E-05 9.9947E-05 0.114796 0.248737 9.9947E-05 9.9947E-05 9.9947E-05
0.371112 9.99478E-05 9.99478E-05 9.99478E-05 9.99478E-05 9.99478E-05 9.99478E-05 0.496182 0.132106
9.99558E-05 9.99558E-05 0.121642 9.99558E-05 0.588481 9.99558E-05 9.99558E-05 0.252001 0.0373765
0.0824473 9.99475E-05 9.99475E-05 9.99475E-05 9.99475E-05 9.99475E-05 9.99475E-05 0.0431609 0.873792
