9.99731E-05 0.0930372 0.696075 9.99731E-05 0.0924424 9.99731E-05 0.118146
9.996E-05 0.0955248 0.818329 9.996E-05 0.085746 9.996E-05 9.996E-05
9.9964E-05 0.0335221 0.184844 9.9964E-05 0.781234 9.9964E-05 9.9964E-05
0.174111 9.99731E-05 0.659016 9.99731E-05 0.0950063 9.99731E-05 0.0715673
9.9964E-05 9.9964E-05 9.9964E-05 9.9964E-05 0.124628 0.794255 0.0807163
0.841605 9.9955E-05 9.9955E-05 9.9955E-05 0.157895 9.9955E-05 9.9955E-05
9.9955E-05 0.116498 9.9955E-05 9.9955E-05 9.9955E-05 9.9955E-05 0.883002
9.99641E-05 9.99641E-05 0.737705 0.0841792 0.177716 9.99641E-05 9.99641E-05
0.608433 0.391067 9.99551E-05 9.99551E-05 9.99551E-05 9.99551E-05 9.99551E-05
9.9964E-05 9.9964E-05 9.9964E-05 0.111735 9.9964E-05 0.583572 0.304293
9.995E-05 9.995E-05 9.995E-05 0.9994 9.995E-05 9.995E-05 9.995E-05
0.0518292 9.9955E-05 0.947671 9.9955E-05 9.9955E-05 9.9955E-05 9.9955E-05
0.0504841 0.168166 0.0532029 0.214698 0.0261576 0.449054 0.0382377
0.0643831 9.99641E-05 0.0452602 9.99641E-05 9.99641E-05 9.99641E-05 0.889957
9.995E-05 9.995E-05 9.995E-05 9.995E-05 9.995E-05 0.9994 9.995E-05
9.99552E-05 0.90408 9.99552E-05 9.99552E-05 0.0954204 9.99552E-05 9.99552E-05
0.0431878 9.99641E-05 0.929323 9.99641E-05 9.99641E-05 9.99641E-05 0.0270889
0.216163 0.257866 9.9973E-05 0.440508 9.9973E-05 0.0851624 9.9973E-05
0.948201 9.9955E-05 0.0512992 9.9955E-05 9.9955E-05 9.9955E-05 9.9955E-05
9.99641E-05 0.967617 9.99641E-05 9.99641E-05 0.0265162 0.00546646 9.99641E-05
0.0487485 0.88076 0.0199953 9.9982E-05 0.00119165 0.0491047 9.9982E-05
0.367606 0.399157 0.214585 9.9973E-05 9.9973E-05 9.9973E-05 0.0183519
9.9973E-05 0.716537 9.9973E-05 9.9973E-05 0.0821035 0.199015 0.00204466
0.0772611 0.167617 0.400962 0.0952482 0.144456 9.9991E-05 0.114356
9.995E-05 9.995E-05 9.995E-05 9.995E-05 0.9994 9.995E-05 9.995E-05
9.9964E-05 0.154989 9.9964E-05 9.9964E-05 0.00492 0.839691 9.9964E-05
0.0217707 9.99641E-05 0.546206 9.99641E-05 0.431623 9.99641E-05 9.99641E-05
0.502318 0.110403 9.99731E-05 9.99731E-05 9.99731E-05 0.133124 0.253856
9.99553E-05 0.079411 0.920089 9.99553E-05 9.99553E-05 9.99553E-05 9.99553E-05
0.563617 9.99552E-05 0.435883 9.99552E-05 9.99552E-05 9.99552E-05 9.99552E-05
9.99551E-05 9.99551E-05 9.99551E-05 9.99551E-05 0.0344445 9.99551E-05 0.965056
9.99551E-05 9.99551E-05 9.99551E-05 9.99551E-05 0.44237 9.99551E-05 0.55713
9.9955E-05 9.9955E-05 9.9955E-05 9.9955E-05 9.9955E-05 0.257853 0.741647
0.886936 9.99551E-05 9.99551E-05 9.99551E-05 0.112564 9.99551E-05 9.99551E-05
0.103908 9.9964E-05 0.749697 9.9964E-05 0.145996 9.9964E-05 9.9964E-05
0.0339907 0.962312 9.9964E-05 9.9964E-05 9.9964E-05 9.9964E-05 0.00329734
0.736846 0.22989 0.0328644 9.9964E-05 9.9964E-05 9.9964E-05 9.9964E-05
0.9258 9.99551E-05 9.99551E-05 0.0737004 9.99551E-05 9.99551E-05 9.99551E-05
9.9955E-05 9.9955E-05 0.031487 0.968013 9.9955E-05 9.9955E-05 9.9955E-05
0.839316 9.99641E-05 0.0920038 9.99641E-05 9.99641E-05 0.0682808 9.99641E-05
0.759566 9.995E-05 0.239934 9.995E-05 9.995E-05 9.995E-05 9.995E-05
0.123241 9.99551E-05 0.876259 9.99551E-05 9.99551E-05 9.99551E-05 9.99551E-05
9.99641E-05 0.722419 0.00711943 9.99641E-05 9.99641E-05 0.270062 9.99641E-05
9.9964E-05 9.9964E-05 9.9964E-05 0.0537059 0.846476 9.9964E-05 0.0994185
9.99551E-05 0.0041819 9.99551E-05 9.99551E-05 9.99551E-05 0.995318 9.99551E-05
9.99552E-05 9.99552E-05 0.927609 0.0718915 9.99552E-05 9.99552E-05 9.99552E-05
0.218892 0.780608 9.9955E-05 9.9955E-05 9.9955E-05 9.9955E-05 9.9955E-05
0.903533 0.0521713 9.99641E-05 9.99641E-05 9.99641E-05 0.0438954 9.99641E-05
9.99821E-05 0.2999 0.0472067 0.0205907 0.116031 0.516072 9.99821E-05
0.242008 0.735402 9.99641E-05 0.0221896 9.99641E-05 9.99641E-05 9.99641E-05
