0.0241486 0.673987 0.0869814 9.997E-05 9.997E-05 9.997E-05 0.214583
0.0676505 0.93185 9.9955E-05 9.9955E-05 9.9955E-05 9.9955E-05 9.9955E-05
0.0644535 0.407105 9.99641E-05 9.99641E-05 9.99641E-05 9.99641E-05 0.528041
9.99731E-05 0.53844 9.99731E-05 0.087424 0.268298 9.99731E-05 0.105538
9.9955E-05 9.9955E-05 0.866315 9.9955E-05 9.9955E-05 9.9955E-05 0.133185
9.9973E-05 0.000576601 9.9973E-05 0.0422973 0.897651 9.9973E-05 0.0591753
9.997E-05 9.997E-05 9.997E-05 0.717891 0.00784109 0.104998 0.168969
0.0636979 0.928005 9.99731E-05 0.00378362 9.99731E-05 9.99731E-05 0.00421397
9.99551E-05 9.99551E-05 9.99551E-05 9.99551E-05 0.529229 0.470271 9.99551E-05
9.9955E-05 9.9955E-05 0.26798 0.731521 9.9955E-05 9.9955E-05 9.9955E-05
9.995E-05 9.995E-05 9.995E-05 0.9994 9.995E-05 9.995E-05 9.995E-05
9.9964E-05 0.823258 0.0162707 9.9964E-05 0.160072 9.9964E-05 9.9964E-05
9.9973E-05 9.9973E-05 0.707877 9.9973E-05 0.0524634 0.0471898 0.19217
0.0093141 0.0223911 0.099782 0.177927 9.9982E-05 9.9982E-05 0.690386
9.99551E-05 9.99551E-05 0.970123 0.0293777 9.99551E-05 9.99551E-05 9.99551E-05
9.995E-05 9.995E-05 9.995E-05 9.995E-05 9.995E-05 0.9994 9.995E-05
9.99641E-05 0.800186 9.99641E-05 0.0177704 0.181644 9.99641E-05 9.99641E-05
9.9964E-05 9.9964E-05 9.9964E-05 0.311758 0.144538 0.543304 9.9964E-05
9.995E-05 9.995E-05 9.995E-05 9.995E-05 0.9994 9.995E-05 9.995E-05
0.9994 9.995E-05 9.995E-05 9.995E-05 9.995E-05 9.995E-05 9.995E-05
0.756979 9.99641E-05 9.99641E-05 9.99641E-05 0.0707236 0.171898 9.99641E-05
9.9982E-05 0.125156 0.0382401 0.00620953 0.374781 0.455413 9.9982E-05
0.0023241 9.9964E-05 0.263285 9.9964E-05 9.9964E-05 0.733991 9.9964E-05
0.183276 0.38453 9.9982E-05 0.146862 0.183236 9.9982E-05 0.101896
9.99551E-05 9.99551E-05 9.99551E-05 9.99551E-05 0.0764002 9.99551E-05 0.9231
9.9955E-05 9.9955E-05 0.846263 9.9955E-05 9.9955E-05 0.153237 9.9955E-05
9.99641E-05 0.564262 9.99641E-05 9.99641E-05 0.100324 9.99641E-05 0.335014
9.99821E-05 9.99821E-05 0.292961 0.0588378 0.561001 0.024658 0.0623424
9.99552E-05 0.883024 9.99552E-05 9.99552E-05 9.99552E-05 0.116476 9.99552E-05
9.996E-05 0.307001 9.996E-05 9.996E-05 0.647698 0.0449013 9.996E-05
9.99551E-05 9.99551E-05 9.99551E-05 0.326709 9.99551E-05 9.99551E-05 0.672791
9.995E-05 9.995E-05 9.995E-05 9.995E-05 9.995E-05 9.995E-05 0.9994
9.9955E-05 9.9955E-05 0.0741856 0.925315 9.9955E-05 9.9955E-05 9.9955E-05
9.9964E-05 9.9964E-05 9.9964E-05 9.9964E-05 0.832194 0.0547513 0.112654
9.9964E-05 0.625587 9.9964E-05 9.9964E-05 0.247556 9.9964E-05 0.126457
9.995E-05 9.995E-05 9.995E-05 9.995E-05 9.995E-05 0.9994 9.995E-05
0.135709 9.99641E-05 9.99641E-05 9.99641E-05 0.749509 0.114382 9.99641E-05
9.9973E-05 9.9973E-05 9.9973E-05 0.066106 0.792498 0.108984 0.0321124
0.040187 0.169156 9.99731E-05 0.769948 0.020409 9.99731E-05 9.99731E-05
0.0489826 0.0122134 0.0702638 9.99731E-05 0.86824 9.99731E-05 9.99731E-05
9.9955E-05 0.124025 9.9955E-05 9.9955E-05 0.875475 9.9955E-05 9.9955E-05
9.99551E-05 0.729312 9.99551E-05 9.99551E-05 0.270188 9.99551E-05 9.99551E-05
0.944835 9.99551E-05 0.0546652 9.99551E-05 9.99551E-05 9.99551E-05 9.99551E-05
9.99551E-05 9.99551E-05 9.99551E-05 9.99551E-05 9.99551E-05 0.0110609 0.988439
0.000516455 9.99552E-05 0.998984 9.99552E-05 9.99552E-05 9.99552E-05 9.99552E-05
9.99551E-05 0.903313 9.99551E-05 9.99551E-05 9.99551E-05 0.0961874 9.99551E-05
0.49363 9.9964E-05 9.9964E-05 9.9964E-05 0.136268 0.369701 9.9964E-05
9.99552E-05 9.99552E-05 9.99552E-05 9.99552E-05 0.761581 0.237919 9.99552E-05
0.264185 0.0620545 0.673361 9.99641E-05 9.99641E-05 9.99641E-05 9.99641E-05
0.795251 9.9964E-05 9.9964E-05 0.0530463 0.151303 9.9964E-05 9.9964E-05
