0.0683318 0.0794082 0.755517 0.0967427
0.148636 9.99912E-05 0.665816 0.185448
9.999E-05 0.305171 0.453604 0.241125
0.134163 0.450192 0.0557748 0.35987
0.547466 9.99912E-05 0.0471201 0.405313
9.99912E-05 0.13101 0.469705 0.399185
0.117799 0.612115 0.00136174 0.268723
9.99823E-05 9.99823E-05 0.909121 0.0906788
9.999E-05 0.109986 0.318001 0.571913
0.552777 9.99825E-05 9.99825E-05 0.447023
0.0986932 0.446789 0.150595 0.303922
0.0159963 0.427126 9.99912E-05 0.556778
0.0196943 9.99912E-05 0.538252 0.441954
0.453394 9.99912E-05 0.439247 0.107258
0.447545 9.99824E-05 0.552255 9.99824E-05
9.998E-05 9.998E-05 9.998E-05 0.9997
0.379127 9.99912E-05 0.354174 0.266599
9.99825E-05 9.99825E-05 0.0952214 0.904579
0.473383 0.526417 9.99824E-05 9.99824E-05
9.99912E-05 0.259517 0.0643509 0.676032
0.273678 9.99824E-05 0.726122 9.99824E-05
9.99912E-05 0.0472786 0.907518 0.0451029
0.0954348 0.904365 9.99825E-05 9.99825E-05
0.0268447 0.496488 0.476567 9.99912E-05
0.13502 0.112297 0.752583 9.99912E-05
0.114872 9.99912E-05 0.214347 0.67068
0.316784 9.99912E-05 0.429473 0.253643
0.445937 0.328694 0.0231198 0.202249
9.998E-05 9.998E-05 9.998E-05 0.9997
0.0301421 0.455776 9.99912E-05 0.513982
9.998E-05 9.998E-05 9.998E-05 0.9997
9.998E-05 9.998E-05 0.9997 9.998E-05
0.455817 0.25644 0.252268 0.035475
9.99912E-05 0.751346 0.148955 0.0995999
9.998E-05 9.998E-05 0.9997 9.998E-05
9.99825E-05 9.99825E-05 0.849276 0.150524
0.237696 0.0392331 0.0291234 0.693947
0.541211 9.99827E-05 0.458589 9.99827E-05
9.99913E-05 0.312443 0.0664281 0.621029
0.756042 9.99826E-05 0.243758 9.99826E-05
9.99826E-05 0.255425 0.744375 9.99826E-05
9.99824E-05 9.99824E-05 0.392591 0.607209
0.710495 0.202052 9.99912E-05 0.0873527
9.99824E-05 0.181937 0.817863 9.99824E-05
0.0619022 9.99912E-05 0.0488937 0.889104
0.46048 9.99825E-05 0.53932 9.99825E-05
9.99825E-05 9.99825E-05 0.485006 0.514794
9.99825E-05 0.217415 9.99825E-05 0.782385
0.213918 9.99913E-05 0.659323 0.126659
0.766436 9.99824E-05 0.233364 9.99824E-05
9.99912E-05 0.922153 0.0254235 0.0523231
9.99912E-05 0.109495 0.326962 0.563444
9.99824E-05 0.422662 9.99824E-05 0.577138
0.201632 0.133033 0.18361 0.481724
9.998E-05 0.9997 9.998E-05 9.998E-05
0.19597 0.527584 0.00778452 0.268662
9.99912E-05 0.0238822 0.707154 0.268864
9.99824E-05 9.99824E-05 0.509965 0.489835
0.0510025 0.535137 9.99912E-05 0.41376
0.549222 0.298664 0.152015 9.99912E-05
9.99825E-05 0.0102158 0.989584 9.99825E-05
0.00432359 0.383408 0.378472 0.233797
0.308432 9.99912E-05 0.539817 0.151651
0.0259441 0.0751005 9.99912E-05 0.898855
9.99824E-05 0.834483 9.99824E-05 0.165317
9.99823E-05 0.0838712 0.915929 9.99823E-05
0.254056 0.0128486 0.144013 0.589083
0.413093 9.99826E-05 0.586707 9.99826E-05
9.99912E-05 0.0109713 0.631065 0.357864
0.0424074 9.99912E-05 0.622007 0.335485
9.99825E-05 0.17771 0.82209 9.99825E-05
9.99912E-05 0.105891 0.225476 0.668533
0.0669478 0.450551 0.482402 9.99912E-05
9.998E-05 9.998E-05 9.998E-05 0.9997
9.998E-05 9.998E-05 0.9997 9.998E-05
0.874937 9.99825E-05 0.124863 9.99825E-05
9.99826E-05 9.99826E-05 0.328691 0.671109
0.0816509 9.99912E-05 0.258869 0.65938
0.167179 9.99912E-05 0.602214 0.230507
9.99824E-05 0.429457 0.570343 9.99824E-05
9.99824E-05 9.99824E-05 0.732666 0.267134
9.99913E-05 0.0941291 0.278768 0.627003
9.99912E-05 0.308178 0.191242 0.50048
9.99825E-05 0.660705 0.339095 9.99825E-05
9.99825E-05 0.646005 0.353795 9.99825E-05
9.998E-05 9.998E-05 9.998E-05 0.9997
9.99825E-05 0.71371 9.99825E-05 0.28609
0.421729 9.99825E-05 0.578071 9.99825E-05
0.814371 9.99826E-05 0.185429 9.99826E-05
9.998E-05 9.998E-05 9.998E-05 0.9997
9.99912E-05 0.230244 0.446972 0.322684
9.99912E-05 0.412989 0.102333 0.484579
9.998E-05 9.998E-05 0.9997 9.998E-05
0.229285 9.99912E-05 0.385541 0.385074
9.99912E-05 0.331426 0.580516 0.0879578
9.998E-05 9.998E-05 0.9997 9.998E-05
9.99823E-05 9.99823E-05 0.929573 0.0702267
9.99914E-05 0.177868 0.2391 0.582932
9.998E-05 9.998E-05 9.998E-05 0.9997
0.122335 0.206984 0.670581 9.99913E-05
9.99825E-05 9.99825E-05 0.797388 0.202412
9.99825E-05 9.99825E-05 0.625159 0.374641
9.99824E-05 0.476145 0.523655 9.99824E-05
0.128237 9.99913E-05 0.0749324 0.79673
0.108714 9.99912E-05 0.687257 0.203929
0.211232 9.99824E-05 0.788568 9.99824E-05
0.0110581 0.10542 9.99913E-05 0.883421
9.99823E-05 9.99823E-05 0.671622 0.328178
9.99823E-05 9.99823E-05 0.269031 0.730769
0.0113067 9.99913E-05 0.0330907 0.955503
0.394062 0.327832 0.278005 9.99913E-05
0.123971 9.99912E-05 0.215628 0.660301
0.230687 0.194097 0.575116 9.99913E-05
0.383019 0.226334 9.99912E-05 0.390546
0.830356 0.169444 9.99827E-05 9.99827E-05
0.0501787 9.99825E-05 9.99825E-05 0.949621
0.189603 9.99825E-05 9.99825E-05 0.810197
0.251516 0.498875 0.249509 9.99913E-05
0.452338 9.99826E-05 0.547462 9.99826E-05
0.589705 9.99824E-05 9.99824E-05 0.410095
0.455072 9.99912E-05 0.427803 0.117025
9.99824E-05 0.49212 0.50768 9.99824E-05
0.660961 0.162918 9.99912E-05 0.176021
9.99912E-05 0.380493 0.328765 0.290641
0.0535734 0.00104488 0.945282 9.99912E-05
0.614126 0.372307 9.99912E-05 0.0134671
9.99913E-05 0.0977685 0.453952 0.44818
0.593323 0.207866 0.198667 0.000143548
0.9997 9.998E-05 9.998E-05 9.998E-05
0.246752 9.99911E-05 0.730181 0.0229672
0.0416412 9.99912E-05 0.684548 0.273711
0.479236 9.99824E-05 0.520564 9.99824E-05
0.185098 9.99824E-05 0.814702 9.99824E-05
0.454281 0.158992 0.188998 0.197728
0.171088 0.815597 0.0132144 9.99913E-05
9.99825E-05 0.429191 9.99825E-05 0.570609
9.99913E-05 0.368868 0.00812216 0.62291
0.118684 0.126998 0.528082 0.226235
0.495051 0.0541337 9.99912E-05 0.450715
9.99824E-05 9.99824E-05 0.533797 0.466003
0.0112474 9.99912E-05 0.582265 0.406387
9.99824E-05 9.99824E-05 0.525486 0.474314
0.522138 9.99912E-05 0.381626 0.0961354
9.998E-05 9.998E-05 9.998E-05 0.9997
9.99824E-05 0.120248 0.879552 9.99824E-05
0.373725 9.99824E-05 9.99824E-05 0.626075
0.235581 0.61905 9.99912E-05 0.145268
0.101715 9.99912E-05 0.176784 0.7214
0.243176 9.99912E-05 0.427823 0.3289
9.99912E-05 0.0771249 0.837674 0.0851008
9.99912E-05 0.228105 0.621505 0.15029
0.821264 9.99825E-05 0.178536 9.99825E-05
9.99912E-05 0.358216 0.0131631 0.628521
9.99825E-05 0.0906215 9.99825E-05 0.909179
0.528612 9.99824E-05 0.471188 9.99824E-05
9.99824E-05 9.99824E-05 0.163209 0.836591
0.648697 9.99823E-05 0.351103 9.99823E-05
0.462748 9.99913E-05 0.101267 0.435886
0.253914 9.99912E-05 0.151402 0.594584
0.518805 9.99912E-05 0.126138 0.354957
0.611179 0.341094 0.0476268 9.99912E-05
0.133033 9.99912E-05 0.865564 0.00130299
0.62698 0.0606785 9.99913E-05 0.312242
9.99824E-05 0.671985 9.99824E-05 0.327815
0.0801068 0.274863 0.579669 0.0653618
0.408577 0.303905 9.99912E-05 0.287418
9.99824E-05 0.402046 9.99824E-05 0.597754
9.99913E-05 0.0872917 0.650424 0.262184
9.99913E-05 0.15835 0.391399 0.450151
0.708401 0.110512 0.180987 9.99912E-05
9.99914E-05 0.0490943 0.817235 0.13357
9.99913E-05 0.555963 0.240286 0.203651
9.998E-05 9.998E-05 0.9997 9.998E-05
0.182628 0.172285 0.413495 0.231592
0.0763259 9.99912E-05 0.245413 0.678161
0.125224 0.290361 0.343166 0.241249
0.137163 0.41981 9.99913E-05 0.442927
9.99826E-05 0.0182506 0.981549 9.99826E-05
0.227877 0.00872049 0.162042 0.60136
9.99824E-05 0.534558 0.465242 9.99824E-05
9.99913E-05 0.0910418 0.410042 0.498816
9.998E-05 9.998E-05 9.998E-05 0.9997
0.112463 9.99912E-05 0.437232 0.450206
9.99912E-05 0.430308 0.460938 0.108654
0.454871 0.381531 0.163498 9.99912E-05
0.438818 9.99824E-05 0.560982 9.99824E-05
9.99825E-05 9.99825E-05 0.88469 0.11511
0.0698055 0.354279 0.348911 0.227005
9.99824E-05 0.773485 9.99824E-05 0.226315
0.397307 9.99912E-05 0.25779 0.344804
0.232572 9.99826E-05 0.767228 9.99826E-05
0.476374 0.260156 9.99912E-05 0.26337
0.246813 0.396944 0.0592942 0.296949
9.99824E-05 9.99824E-05 0.139732 0.860068
9.99823E-05 0.0218819 0.977918 9.99823E-05
9.99913E-05 0.207049 0.327478 0.465373
0.411099 9.99824E-05 9.99824E-05 0.588701
0.350832 9.99911E-05 0.188885 0.460183
9.99825E-05 0.799712 9.99825E-05 0.200088
0.0641907 0.344231 9.99912E-05 0.591478
9.99824E-05 9.99824E-05 0.851897 0.147903
0.135327 0.16386 0.558732 0.142081
0.644043 0.355757 9.99824E-05 9.99824E-05
0.288431 0.71137 9.99825E-05 9.99825E-05
9.99824E-05 9.99824E-05 0.160716 0.839084
0.0716898 0.383158 0.26194 0.283213
9.99825E-05 0.86945 9.99825E-05 0.13035
9.99824E-05 0.193795 0.806005 9.99824E-05
0.0664018 0.53122 0.209453 0.192925
9.99912E-05 0.626058 0.242656 0.131186
0.39279 0.60701 9.99827E-05 9.99827E-05
0.939068 9.99825E-05 0.0607321 9.99825E-05
0.000458456 0.202327 0.744153 0.0530616
9.99826E-05 0.1869 0.8129 9.99826E-05
9.99912E-05 0.626108 0.0359037 0.337888
0.641091 9.99825E-05 9.99825E-05 0.358709
0.575509 9.99825E-05 9.99825E-05 0.424292
9.99825E-05 9.99825E-05 0.450025 0.549775
9.99824E-05 9.99824E-05 0.908135 0.091665
9.99823E-05 0.0614404 0.93836 9.99823E-05
0.147832 0.0980447 0.697841 0.0562825
9.99827E-05 0.787107 0.212693 9.99827E-05
9.99825E-05 9.99825E-05 0.287927 0.711873
0.314241 9.99826E-05 9.99826E-05 0.685559
0.231298 0.203538 0.298633 0.26653
0.0252987 9.99826E-05 0.974501 9.99826E-05
0.00652477 0.218382 0.0271041 0.747989
0.254683 0.25986 0.0823981 0.403059
0.152014 0.237909 0.0841819 0.525894
9.99912E-05 0.225334 0.420992 0.353574
0.116653 9.99914E-05 0.813777 0.0694699
0.540445 9.99912E-05 0.266706 0.192749
0.0338821 9.99825E-05 0.965918 9.99825E-05
0.288426 9.99913E-05 0.0833385 0.628135
0.0217863 9.99912E-05 0.827388 0.150726
0.114072 0.0165318 0.857401 0.011995
9.99825E-05 9.99825E-05 0.0933643 0.906436
9.99824E-05 0.0856376 9.99824E-05 0.914162
0.0389448 0.259275 0.516143 0.185637
0.596958 0.193097 9.99912E-05 0.209845
9.99824E-05 9.99824E-05 0.404585 0.595215
9.99913E-05 0.449908 0.318975 0.231017
9.998E-05 9.998E-05 0.9997 9.998E-05
0.312266 0.687534 9.99825E-05 9.99825E-05
9.998E-05 0.9997 9.998E-05 9.998E-05
0.559843 0.349618 9.99912E-05 0.0904385
0.661461 0.0586334 9.99912E-05 0.279806
0.461238 0.0215076 0.517154 9.99912E-05
0.755864 0.243936 9.99824E-05 9.99824E-05
0.295821 9.99912E-05 0.124163 0.579916
9.99824E-05 0.413397 9.99824E-05 0.586403
9.99826E-05 9.99826E-05 0.542568 0.457232
0.25252 9.99913E-05 0.102219 0.645161
0.209704 9.99913E-05 0.0343924 0.755804
0.0970914 0.441437 0.247158 0.214314
9.998E-05 9.998E-05 0.9997 9.998E-05
9.998E-05 9.998E-05 9.998E-05 0.9997
0.51631 0.0825787 9.99912E-05 0.401011
0.265264 9.99825E-05 9.99825E-05 0.734536
0.104292 0.112658 0.165038 0.618012
0.470057 9.99912E-05 0.173439 0.356405
