0.729785 0.270015 9.99824E-05 9.99824E-05
9.99825E-05 0.524849 9.99825E-05 0.474951
0.266829 0.357072 0.375999 9.99912E-05
9.999E-05 0.254968 0.445927 0.299005
9.99824E-05 0.729728 9.99824E-05 0.270072
9.99824E-05 0.208633 0.791167 9.99824E-05
9.99824E-05 9.99824E-05 0.447034 0.552766
0.127754 0.306013 9.99912E-05 0.566132
9.99823E-05 0.170797 0.829003 9.99823E-05
0.202723 9.99825E-05 9.99825E-05 0.797077
0.455972 0.543828 9.99823E-05 9.99823E-05
0.131979 9.99913E-05 0.0330617 0.834859
0.346231 0.209772 0.293174 0.150823
0.678767 9.99824E-05 9.99824E-05 0.321034
0.513715 0.23593 0.250256 9.99913E-05
0.14923 9.99913E-05 0.82907 0.0216
9.99824E-05 0.878533 0.121267 9.99824E-05
0.101533 9.99912E-05 0.379103 0.519264
0.237257 9.99913E-05 0.720149 0.0424937
9.99826E-05 0.285354 9.99826E-05 0.714446
9.99912E-05 0.224485 0.500056 0.275359
0.522595 9.99825E-05 0.477205 9.99825E-05
0.233204 9.99912E-05 0.477468 0.289227
0.319807 9.99912E-05 0.482511 0.197582
0.0411578 0.136361 0.373142 0.44934
0.0156083 0.984192 9.99826E-05 9.99826E-05
0.333583 9.99823E-05 9.99823E-05 0.666217
0.064302 0.60943 0.326168 9.99913E-05
0.0231201 0.470724 0.506056 9.99912E-05
0.186244 0.345994 0.467661 9.99912E-05
9.99823E-05 0.37625 0.62355 9.99823E-05
9.99824E-05 9.99824E-05 0.410073 0.589727
9.99825E-05 0.703503 9.99825E-05 0.296297
0.395045 9.99912E-05 0.479137 0.125718
0.717085 9.99824E-05 9.99824E-05 0.282716
9.99826E-05 9.99826E-05 0.20033 0.79947
9.99912E-05 0.382248 0.215262 0.40239
9.99912E-05 0.166106 0.697052 0.136741
9.99827E-05 0.338999 9.99827E-05 0.660801
0.993876 9.99824E-05 9.99824E-05 0.0059237
0.00882369 0.362128 0.334495 0.294553
0.315012 0.485065 0.199824 9.99912E-05
0.0103312 9.99912E-05 0.0656041 0.923965
9.99912E-05 0.646216 0.108824 0.24486
9.99912E-05 0.467654 0.380665 0.15158
0.199288 9.99824E-05 0.800512 9.99824E-05
9.99913E-05 0.671945 0.114551 0.213404
0.148885 0.413126 0.32917 0.108819
0.769901 9.99825E-05 0.229899 9.99825E-05
0.411265 0.588535 9.99825E-05 9.99825E-05
0.0186702 0.252237 0.527638 0.201455
0.448454 9.99913E-05 0.239207 0.312239
9.99913E-05 0.0270403 0.504895 0.467965
9.998E-05 9.998E-05 0.9997 9.998E-05
0.253648 0.0193283 0.0296949 0.697329
0.0522336 0.149735 9.99913E-05 0.797931
9.99913E-05 0.63988 0.0934954 0.266524
9.99824E-05 9.99824E-05 0.186203 0.813597
0.045028 0.338409 0.390497 0.226066
0.194985 0.00447256 9.99912E-05 0.800442
0.310543 0.467832 0.176115 0.0455102
9.99913E-05 0.625684 0.124944 0.249272
0.190662 0.689596 0.119642 9.99912E-05
9.99825E-05 0.0422378 9.99825E-05 0.957562
9.99825E-05 0.713341 0.286459 9.99825E-05
0.351095 9.99912E-05 0.0527217 0.596084
9.99913E-05 0.477138 0.130776 0.391987
0.134309 9.99912E-05 0.188316 0.677275
9.99913E-05 0.602742 0.228829 0.16833
0.242729 9.99825E-05 9.99825E-05 0.757071
0.289874 0.345027 0.205202 0.159896
0.330911 0.0597926 9.99912E-05 0.609197
0.832447 9.99827E-05 0.167353 9.99827E-05
0.011278 0.988522 9.99825E-05 9.99825E-05
9.99912E-05 0.0702575 0.928575 0.00106783
9.99825E-05 0.633298 9.99825E-05 0.366502
0.236366 9.99826E-05 0.763434 9.99826E-05
9.99825E-05 9.99825E-05 0.548103 0.451697
9.99912E-05 0.0503823 0.159236 0.790282
0.949961 9.99825E-05 0.0498394 9.99825E-05
0.198418 9.99912E-05 0.240113 0.561369
9.998E-05 0.9997 9.998E-05 9.998E-05
0.061726 0.0754091 0.0307963 0.832069
9.99913E-05 0.304343 0.419884 0.275673
0.0946417 0.624077 0.181198 0.100083
0.236864 0.0473064 0.715729 9.99912E-05
0.0983736 9.99912E-05 0.298796 0.60273
0.711889 9.99912E-05 0.0805916 0.20742
0.265133 0.239283 0.318796 0.176789
0.423126 0.365799 0.210975 9.99912E-05
0.0865514 0.0354199 0.877929 9.99913E-05
9.99823E-05 9.99823E-05 0.457495 0.542305
9.99826E-05 0.729811 9.99826E-05 0.269989
0.0699165 0.135871 9.99912E-05 0.794112
9.99826E-05 9.99826E-05 0.913265 0.0865346
0.600687 0.129859 9.99912E-05 0.269354
0.0654932 0.092645 0.371254 0.470608
0.398385 9.99912E-05 0.107746 0.493769
9.99824E-05 0.79834 0.20146 9.99824E-05
0.500869 0.351144 9.99912E-05 0.147887
0.130908 9.99912E-05 0.0258654 0.843127
9.99912E-05 0.729781 0.100845 0.169274
0.348961 9.99825E-05 9.99825E-05 0.650839
0.509163 9.99914E-05 0.385689 0.105048
0.783879 9.99825E-05 0.215921 9.99825E-05
0.0282841 0.274293 0.697323 9.99912E-05
9.99824E-05 0.848866 0.150934 9.99824E-05
9.99825E-05 0.907223 9.99825E-05 0.0925771
0.0831156 0.240815 9.99912E-05 0.67597
0.640612 0.357469 9.99913E-05 0.00181844
9.99825E-05 0.323163 0.676637 9.99825E-05
0.448397 9.99824E-05 0.551403 9.99824E-05
0.353608 0.311596 0.334696 9.99912E-05
0.0471362 9.99824E-05 0.952664 9.99824E-05
0.63926 0.225217 0.135423 9.99913E-05
0.0319873 0.967813 9.99824E-05 9.99824E-05
0.0864063 0.654994 0.250517 0.00808261
9.99825E-05 9.99825E-05 0.320615 0.679185
9.998E-05 9.998E-05 0.9997 9.998E-05
0.250739 0.343343 0.405818 9.99912E-05
0.9997 9.998E-05 9.998E-05 9.998E-05
0.220303 0.763845 9.99912E-05 0.0157514
0.181833 0.54789 0.270177 9.99912E-05
0.336624 9.99827E-05 0.663176 9.99827E-05
9.99825E-05 9.99825E-05 0.26634 0.733461
0.627381 0.194747 9.99912E-05 0.177772
9.998E-05 9.998E-05 9.998E-05 0.9997
9.99912E-05 0.155544 0.683696 0.16066
0.512589 0.311335 9.99912E-05 0.175975
9.99825E-05 0.902972 0.096828 9.99825E-05
9.99823E-05 0.385622 9.99823E-05 0.614178
0.70281 9.99827E-05 0.29699 9.99827E-05
0.133822 0.0641561 9.99912E-05 0.801922
0.32539 0.030809 0.3935 0.250301
9.99824E-05 0.33836 9.99824E-05 0.66144
0.0391674 9.99824E-05 0.960633 9.99824E-05
9.99911E-05 0.197913 0.2991 0.502886
0.184591 9.99824E-05 9.99824E-05 0.815209
9.99823E-05 0.429406 0.570394 9.99823E-05
9.998E-05 9.998E-05 0.9997 9.998E-05
9.99912E-05 0.0891318 0.666719 0.24405
0.0971627 0.902637 9.99825E-05 9.99825E-05
0.877037 9.99825E-05 9.99825E-05 0.122763
0.460565 9.99826E-05 9.99826E-05 0.539235
0.442578 9.99826E-05 9.99826E-05 0.557222
0.0321842 0.599103 0.368613 9.99913E-05
9.99822E-05 0.209315 0.790485 9.99822E-05
9.99912E-05 0.749868 0.159266 0.0907655
9.99824E-05 0.896053 0.103747 9.99824E-05
9.99824E-05 0.786591 0.213209 9.99824E-05
0.0383874 0.227956 9.99912E-05 0.733557
0.124799 0.509419 0.179143 0.186639
9.99913E-05 0.027179 0.787255 0.185466
0.0321364 9.99913E-05 0.042598 0.925166
0.178134 9.99913E-05 0.742523 0.0792432
0.625612 0.374188 9.99825E-05 9.99825E-05
9.99823E-05 0.918544 9.99823E-05 0.0812556
0.0359882 9.99912E-05 0.843531 0.120381
0.351226 9.99912E-05 0.447372 0.201302
9.99823E-05 0.540591 0.459209 9.99823E-05
9.99825E-05 0.334556 0.665244 9.99825E-05
0.297586 0.171483 0.164121 0.36681
9.99824E-05 0.435887 9.99824E-05 0.563913
0.741056 0.100867 0.157977 9.99912E-05
0.119521 0.0919813 0.507845 0.280652
0.323633 0.363714 0.312553 9.99912E-05
9.99913E-05 0.0679384 0.245986 0.685976
9.998E-05 9.998E-05 0.9997 9.998E-05
9.998E-05 0.9997 9.998E-05 9.998E-05
9.99825E-05 9.99825E-05 0.0784414 0.921359
0.362101 9.99824E-05 9.99824E-05 0.637699
0.162066 0.483593 9.99913E-05 0.354241
0.0847224 0.615508 0.240139 0.0596307
0.273945 0.489457 9.99912E-05 0.236497
0.330007 0.290252 0.379641 9.99912E-05
0.0286491 0.844084 0.0352914 0.0919759
0.0820652 0.917735 9.99824E-05 9.99824E-05
0.395085 9.99913E-05 0.546501 0.0583141
9.99825E-05 0.592109 9.99825E-05 0.407691
0.300318 0.699482 9.99827E-05 9.99827E-05
9.99912E-05 0.359475 0.418633 0.221791
0.0147324 0.307777 0.519729 0.157762
0.0162198 0.98358 9.99824E-05 9.99824E-05
9.99912E-05 0.560639 0.0653059 0.373955
0.438441 0.374339 0.187119 9.99912E-05
0.208441 9.99912E-05 0.0750634 0.716396
0.241646 0.141196 9.99912E-05 0.617058
9.99912E-05 0.259496 0.204983 0.535421
9.99825E-05 0.418852 9.99825E-05 0.580948
0.0436916 9.99913E-05 0.728516 0.227693
9.99826E-05 0.908446 0.0913539 9.99826E-05
0.569316 0.202385 0.228198 9.99912E-05
0.448934 9.99824E-05 0.550866 9.99824E-05
0.587041 0.412759 9.99824E-05 9.99824E-05
9.99912E-05 0.442299 0.0196174 0.537983
0.0380516 0.961748 9.99826E-05 9.99826E-05
9.99826E-05 0.677227 0.322573 9.99826E-05
9.99824E-05 0.255036 9.99824E-05 0.744764
0.164534 0.694699 9.99912E-05 0.140667
9.99824E-05 0.443502 0.556298 9.99824E-05
9.998E-05 9.998E-05 9.998E-05 0.9997
9.99824E-05 0.653735 0.346065 9.99824E-05
0.426511 9.99825E-05 9.99825E-05 0.573289
0.538233 9.99824E-05 9.99824E-05 0.461567
0.128861 0.180266 0.643223 0.0476506
0.162619 0.576803 0.223396 0.037182
9.99912E-05 0.137756 0.530398 0.331746
9.998E-05 9.998E-05 0.9997 9.998E-05
9.99912E-05 0.217347 0.116882 0.66567
9.998E-05 9.998E-05 0.9997 9.998E-05
0.117052 0.325659 0.346351 0.210938
9.99912E-05 0.222294 0.601592 0.176014
9.99823E-05 9.99823E-05 0.335234 0.664566
9.99826E-05 9.99826E-05 0.55305 0.44675
0.0985945 0.173847 0.0137772 0.713781
0.0101523 0.420258 0.569489 9.99913E-05
9.99826E-05 0.557207 9.99826E-05 0.442593
0.0644584 0.4356 0.163026 0.336915
0.428117 9.99824E-05 9.99824E-05 0.571683
0.402899 9.99823E-05 9.99823E-05 0.596901
9.99826E-05 0.124155 0.875645 9.99826E-05
9.99912E-05 0.263205 0.061237 0.675458
9.99824E-05 0.753472 9.99824E-05 0.246328
0.378823 9.99824E-05 9.99824E-05 0.620977
0.0648138 9.99913E-05 0.573981 0.361105
9.99824E-05 9.99824E-05 0.490332 0.509468
0.313341 0.222479 0.00832367 0.455856
0.123029 0.479652 0.17988 0.217438
0.122532 0.530245 0.00188233 0.345341
0.573513 9.99824E-05 0.426287 9.99824E-05
0.918706 9.99824E-05 0.0810939 9.99824E-05
9.99912E-05 0.629769 0.305154 0.064977
0.164716 9.99824E-05 0.835084 9.99824E-05
0.490357 0.509443 9.99823E-05 9.99823E-05
0.474842 9.99824E-05 9.99824E-05 0.524958
9.998E-05 9.998E-05 9.998E-05 0.9997
9.99825E-05 9.99825E-05 0.804779 0.195021
0.32547 9.99913E-05 0.0504824 0.623948
0.198102 0.357141 9.99911E-05 0.444657
0.488607 0.167946 0.0562752 0.287172
0.584127 9.99912E-05 0.322074 0.0936994
9.99824E-05 0.0138161 9.99824E-05 0.985984
9.99911E-05 0.367284 0.62244 0.0101767
0.011994 9.99912E-05 0.171811 0.816095
0.49734 0.290499 9.99913E-05 0.212061
0.194111 9.99912E-05 0.529773 0.276017
0.191637 0.415043 0.212754 0.180566
0.0989055 0.553709 9.99913E-05 0.347286
9.99825E-05 0.535186 9.99825E-05 0.464614
9.99912E-05 0.496505 0.116162 0.387233
9.99913E-05 0.280049 0.564547 0.155304
0.0589457 9.99913E-05 0.591908 0.349046
0.0645631 0.910477 0.0248602 9.99913E-05
0.106616 0.00293822 0.343426 0.54702
0.0603909 0.196619 0.289098 0.453892
9.99824E-05 9.99824E-05 0.809828 0.189972
9.99825E-05 0.805932 9.99825E-05 0.193868
0.639594 9.99824E-05 0.360206 9.99824E-05
0.199589 9.99912E-05 0.235758 0.564553
0.242889 0.300236 0.194775 0.262101
9.99825E-05 0.250888 9.99825E-05 0.748913
