0.423245 0.219446 9.99824E-05 9.99824E-05 0.286085 0.0710242
9.997E-05 0.136421 0.697348 0.165931 9.997E-05 9.997E-05
9.99738E-05 0.368316 9.99738E-05 0.592128 9.99738E-05 0.0392566
0.628016 0.137953 9.99739E-05 9.99739E-05 0.233732 9.99739E-05
0.395807 0.337653 9.99824E-05 0.140351 9.99824E-05 0.125988
9.99826E-05 0.359141 0.218521 0.150625 9.99826E-05 0.271513
9.99736E-05 9.99736E-05 9.99736E-05 0.700021 0.278282 0.0213968
9.99824E-05 0.10267 0.587512 0.173859 9.99824E-05 0.135759
0.483544 0.365189 0.150967 9.99736E-05 9.99736E-05 9.99736E-05
9.99647E-05 0.950136 9.99647E-05 0.0494642 9.99647E-05 9.99647E-05
0.0818714 9.99736E-05 9.99736E-05 0.363711 9.99736E-05 0.554117
0.09356 9.99736E-05 9.99736E-05 0.401939 0.504201 9.99736E-05
9.99737E-05 9.99737E-05 0.305286 0.631279 0.0631351 9.99737E-05
0.00956806 9.99736E-05 0.259443 9.99736E-05 0.730689 9.99736E-05
0.25678 0.380963 0.359512 9.99826E-05 0.00254437 9.99826E-05
9.99739E-05 0.0272307 0.838016 9.99739E-05 9.99739E-05 0.134453
9.9965E-05 9.9965E-05 9.9965E-05 9.9965E-05 0.114652 0.884948
0.0472341 9.99653E-05 0.952366 9.99653E-05 9.99653E-05 9.99653E-05
0.600279 9.99648E-05 0.399321 9.99648E-05 9.99648E-05 9.99648E-05
9.99736E-05 0.0731935 9.99736E-05 0.710453 9.99736E-05 0.216053
0.0952575 9.99825E-05 0.404135 0.395492 9.99825E-05 0.104916
0.147113 0.536034 0.290835 0.015926 0.0099915 9.99912E-05
0.55862 9.99825E-05 9.99825E-05 0.278171 0.00974762 0.153261
0.773487 9.99826E-05 0.0201143 0.132973 9.99826E-05 0.0732254
9.999E-05 0.216625 0.310903 0.0688077 0.269487 0.134077
9.99651E-05 9.99651E-05 9.99651E-05 0.97774 9.99651E-05 0.0218603
0.469634 9.99736E-05 9.99736E-05 0.0188447 9.99736E-05 0.511222
9.99739E-05 9.99739E-05 0.0836063 0.825863 9.99739E-05 0.0902304
0.437767 9.99649E-05 0.561833 9.99649E-05 9.99649E-05 9.99649E-05
9.99653E-05 9.99653E-05 9.99653E-05 0.979533 0.0200672 9.99653E-05
0.108503 9.99824E-05 0.830796 0.0374387 0.0230616 9.99824E-05
0.222745 0.420319 0.266908 0.0174439 9.99912E-05 0.0724845
0.240772 9.99825E-05 0.0771765 9.99825E-05 0.206077 0.475774
9.99825E-05 9.99825E-05 0.634801 0.0649373 0.0248277 0.275234
0.468056 0.195107 9.99824E-05 0.298857 9.99824E-05 0.0377805
0.700833 0.0962312 9.99823E-05 9.99823E-05 0.0700328 0.132703
0.194019 9.99824E-05 9.99824E-05 0.149535 0.152391 0.503855
0.0489114 0.118706 9.99825E-05 0.788335 0.043848 9.99825E-05
0.583193 0.27774 0.0083817 9.99824E-05 9.99824E-05 0.130485
0.385735 9.99647E-05 0.613866 9.99647E-05 9.99647E-05 9.99647E-05
9.99649E-05 9.99649E-05 0.926768 0.0728319 9.99649E-05 9.99649E-05
9.99736E-05 9.99736E-05 0.593768 0.260847 0.145085 9.99736E-05
9.99647E-05 9.99647E-05 0.178423 0.821178 9.99647E-05 9.99647E-05
0.36552 9.99652E-05 9.99652E-05 9.99652E-05 9.99652E-05 0.63408
9.99737E-05 9.99737E-05 0.267916 0.680962 0.0508226 9.99737E-05
0.048955 9.99654E-05 9.99654E-05 9.99654E-05 0.950645 9.99654E-05
0.0952081 9.99647E-05 9.99647E-05 9.99647E-05 0.904392 9.99647E-05
9.99738E-05 0.433514 0.104163 9.99738E-05 0.462023 9.99738E-05
0.11689 0.50032 9.99735E-05 0.38249 9.99735E-05 9.99735E-05
9.99739E-05 0.259284 9.99739E-05 9.99739E-05 0.210994 0.529422
0.198044 9.99649E-05 9.99649E-05 0.801556 9.99649E-05 9.99649E-05
0.180169 9.99735E-05 0.492056 0.327476 9.99735E-05 9.99735E-05
9.99648E-05 9.99648E-05 9.99648E-05 0.997125 9.99648E-05 0.00247546
0.559913 9.99647E-05 0.439687 9.99647E-05 9.99647E-05 9.99647E-05
9.99649E-05 9.99649E-05 9.99649E-05 0.599331 9.99649E-05 0.400269
9.99824E-05 0.522567 0.220389 9.99824E-05 0.00173192 0.255112
9.99737E-05 9.99737E-05 0.703971 0.112508 0.183221 9.99737E-05
9.99651E-05 9.99651E-05 0.750999 0.248601 9.99651E-05 9.99651E-05
0.686263 9.99649E-05 9.99649E-05 0.313337 9.99649E-05 9.99649E-05
9.99648E-05 9.99648E-05 9.99648E-05 0.879836 9.99648E-05 0.119764
0.389306 0.0248729 0.177549 9.99824E-05 0.408072 9.99824E-05
0.120091 0.671112 9.99736E-05 9.99736E-05 9.99736E-05 0.208497
0.158534 9.99651E-05 9.99651E-05 0.841066 9.99651E-05 9.99651E-05
0.396701 0.297609 0.236665 9.99823E-05 9.99823E-05 0.0688244
0.311139 9.99648E-05 9.99648E-05 0.688461 9.99648E-05 9.99648E-05
0.167338 0.239283 9.99824E-05 0.520051 0.0731274 9.99824E-05
9.99648E-05 0.0954007 0.904199 9.99648E-05 9.99648E-05 9.99648E-05
0.120023 9.99825E-05 0.451657 0.219172 9.99825E-05 0.208949
0.218124 9.99648E-05 9.99648E-05 0.781476 9.99648E-05 9.99648E-05
9.99823E-05 0.076696 0.0684478 0.761548 0.0931079 9.99823E-05
9.99823E-05 0.330832 0.3295 0.268789 0.0706782 9.99823E-05
0.17646 9.99824E-05 9.99824E-05 0.683007 0.0223776 0.117956
9.99912E-05 0.0393011 0.0637214 0.250104 0.196236 0.450538
9.99738E-05 9.99738E-05 0.654735 9.99738E-05 0.0973278 0.247637
0.77556 9.99736E-05 9.99736E-05 0.136794 0.0873456 9.99736E-05
9.996E-05 9.996E-05 0.9995 9.996E-05 9.996E-05 9.996E-05
0.00465349 9.99912E-05 0.261116 0.391702 0.269307 0.0731211
9.99737E-05 0.0101563 0.679833 0.309711 9.99737E-05 9.99737E-05
0.9995 9.996E-05 9.996E-05 9.996E-05 9.996E-05 9.996E-05
9.99648E-05 9.99648E-05 0.261148 0.738452 9.99648E-05 9.99648E-05
0.157324 9.99647E-05 9.99647E-05 0.842276 9.99647E-05 9.99647E-05
9.99825E-05 0.351471 0.16115 9.99825E-05 0.260017 0.227162
0.149783 0.336688 9.99736E-05 9.99736E-05 9.99736E-05 0.513229
9.99647E-05 0.0673131 0.932287 9.99647E-05 9.99647E-05 9.99647E-05
9.9965E-05 0.577358 9.9965E-05 0.422243 9.9965E-05 9.9965E-05
9.998E-05 0.140658 0.424145 0.331188 0.103809 9.998E-05
9.996E-05 9.996E-05 9.996E-05 0.9995 9.996E-05 9.996E-05
9.9965E-05 9.9965E-05 9.9965E-05 0.166881 0.832719 9.9965E-05
9.99652E-05 9.99652E-05 0.663851 0.335749 9.99652E-05 9.99652E-05
0.240827 0.232908 0.00764951 0.387952 9.99912E-05 0.130564
9.99824E-05 9.99824E-05 0.268747 0.498339 0.227941 0.00477329
9.99653E-05 9.99653E-05 0.821239 9.99653E-05 0.178361 9.99653E-05
9.997E-05 0.0875515 0.225998 9.997E-05 9.997E-05 0.686151
9.99735E-05 0.618558 0.272117 9.99735E-05 0.109026 9.99735E-05
0.232144 9.99737E-05 0.290219 0.477337 9.99737E-05 9.99737E-05
9.99736E-05 0.0532159 0.206311 0.740173 9.99736E-05 9.99736E-05
0.375388 9.99736E-05 9.99736E-05 0.504043 9.99736E-05 0.120268
9.99823E-05 0.206657 0.321319 0.228068 0.243756 9.99823E-05
0.585358 0.309564 9.99738E-05 9.99738E-05 0.104778 9.99738E-05
0.32673 9.99736E-05 9.99736E-05 0.385034 9.99736E-05 0.287936
9.99649E-05 0.815815 9.99649E-05 0.183785 9.99649E-05 9.99649E-05
9.99651E-05 9.99651E-05 0.372048 0.627552 9.99651E-05 9.99651E-05
0.108492 0.154964 0.713473 9.99825E-05 9.99825E-05 0.02287
9.99647E-05 0.319118 0.680482 9.99647E-05 9.99647E-05 9.99647E-05
9.99737E-05 9.99737E-05 0.104191 0.652254 0.243254 9.99737E-05
9.99647E-05 9.99647E-05 0.520999 0.478601 9.99647E-05 9.99647E-05
0.087324 0.0564663 0.499914 0.344195 0.0120009 9.99911E-05
0.124942 0.139847 0.734912 9.99735E-05 9.99735E-05 9.99735E-05
0.0508399 0.94876 9.99652E-05 9.99652E-05 9.99652E-05 9.99652E-05
0.0751399 9.99823E-05 0.569143 9.99823E-05 0.170821 0.184696
0.0654248 0.396201 0.21413 0.0349305 0.289214 9.99911E-05
9.99737E-05 0.498963 0.317033 9.99737E-05 9.99737E-05 0.183704
9.99824E-05 0.0668652 0.842706 0.0385169 9.99824E-05 0.0517118
0.677571 9.99824E-05 0.225642 9.99824E-05 0.00616579 0.090422
0.0478095 0.710127 9.99826E-05 0.0638975 9.99826E-05 0.177966
9.99912E-05 0.292955 0.202405 0.0111988 0.187796 0.305545
9.99651E-05 9.99651E-05 9.99651E-05 0.658262 9.99651E-05 0.341338
9.996E-05 9.996E-05 0.9995 9.996E-05 9.996E-05 9.996E-05
9.99649E-05 9.99649E-05 0.933104 0.0664965 9.99649E-05 9.99649E-05
9.996E-05 9.996E-05 9.996E-05 0.9995 9.996E-05 9.996E-05
9.99825E-05 9.99825E-05 0.133196 0.10243 0.144191 0.619983
0.0475299 0.338338 0.457542 0.0279413 9.99913E-05 0.128549
9.99738E-05 0.932653 0.0484542 9.99738E-05 0.0185931 9.99738E-05
0.190596 9.998E-05 0.466087 0.0807298 0.262387 9.998E-05
0.0626171 0.414327 9.99824E-05 0.302297 0.220559 9.99824E-05
9.99649E-05 0.747515 0.252085 9.99649E-05 9.99649E-05 9.99649E-05
0.608976 9.9965E-05 9.9965E-05 9.9965E-05 9.9965E-05 0.390624
0.598981 0.400619 9.99652E-05 9.99652E-05 9.99652E-05 9.99652E-05
9.99825E-05 0.120571 0.110923 0.315672 9.99825E-05 0.452634
9.99912E-05 0.276645 0.0217769 0.371909 0.320364 0.00920571
9.99736E-05 9.99736E-05 0.917492 0.065647 0.0165612 9.99736E-05
9.99646E-05 0.222351 9.99646E-05 0.777249 9.99646E-05 9.99646E-05
0.31672 9.99824E-05 9.99824E-05 0.634805 0.0103882 0.0378871
0.0853022 0.505335 9.99824E-05 0.362229 9.99824E-05 0.0469336
9.99647E-05 0.287257 9.99647E-05 0.712343 9.99647E-05 9.99647E-05
0.315833 0.479026 9.99824E-05 0.0967312 9.99824E-05 0.108209
0.754945 9.99824E-05 0.131244 0.0746111 0.0389993 9.99824E-05
9.99648E-05 0.909959 9.99648E-05 0.0896408 9.99648E-05 9.99648E-05
9.99651E-05 9.99651E-05 9.99651E-05 0.8967 0.1029 9.99651E-05
9.99736E-05 0.153179 0.313843 9.99736E-05 0.532678 9.99736E-05
0.694469 9.99734E-05 0.287841 9.99734E-05 0.0173902 9.99734E-05
0.189579 0.13663 9.99825E-05 0.190878 0.482714 9.99825E-05
9.9965E-05 9.9965E-05 0.856301 9.9965E-05 9.9965E-05 0.143299
9.99649E-05 9.99649E-05 0.816618 0.182982 9.99649E-05 9.99649E-05
0.34089 0.219292 0.0933845 9.99912E-05 0.0668492 0.279484
0.0416181 9.9965E-05 9.9965E-05 0.957982 9.9965E-05 9.9965E-05
0.205515 9.99823E-05 0.112983 0.305892 9.99823E-05 0.375411
9.99649E-05 0.839015 0.160586 9.99649E-05 9.99649E-05 9.99649E-05
9.99737E-05 0.612147 9.99737E-05 0.075134 9.99737E-05 0.312419
0.540413 9.99825E-05 0.23779 0.198078 0.0235192 9.99825E-05
0.483224 9.99824E-05 0.0369361 0.414686 9.99824E-05 0.0649548
9.99825E-05 0.213042 0.587524 9.99825E-05 0.0711511 0.128083
0.214856 0.254637 9.99824E-05 0.520397 0.00990988 9.99824E-05
9.99651E-05 0.521746 9.99651E-05 9.99651E-05 9.99651E-05 0.477854
0.110622 9.9965E-05 0.888978 9.9965E-05 9.9965E-05 9.9965E-05
9.99649E-05 9.99649E-05 0.823037 0.176563 9.99649E-05 9.99649E-05
0.333041 9.99737E-05 9.99737E-05 0.270805 9.99737E-05 0.395855
9.99735E-05 0.0505024 0.226447 0.722751 9.99735E-05 9.99735E-05
0.0273124 0.117174 0.192396 0.291533 9.99912E-05 0.371484
0.456908 9.99824E-05 9.99824E-05 0.306471 0.135198 0.101224
9.99651E-05 0.643447 9.99651E-05 9.99651E-05 9.99651E-05 0.356153
0.303595 0.0109412 0.406869 9.99825E-05 9.99825E-05 0.278395
0.510704 0.140746 0.218921 9.99912E-05 0.0426392 0.086889
0.752625 9.99825E-05 0.0631287 0.174433 9.99825E-05 0.00961249
0.586238 9.99737E-05 9.99737E-05 0.281912 9.99737E-05 0.13155
0.202559 0.583788 0.213353 9.99738E-05 9.99738E-05 9.99738E-05
9.9965E-05 0.518812 9.9965E-05 0.480788 9.9965E-05 9.9965E-05
9.99653E-05 0.503835 9.99653E-05 9.99653E-05 0.495765 9.99653E-05
0.438775 9.99736E-05 0.284566 0.276359 9.99736E-05 9.99736E-05
0.041745 9.99737E-05 9.99737E-05 0.521868 9.99737E-05 0.436088
0.0192107 9.99649E-05 9.99649E-05 0.980389 9.99649E-05 9.99649E-05
0.615448 0.0992454 0.140074 0.145032 9.99825E-05 9.99825E-05
0.60778 9.99737E-05 0.0642951 0.327625 9.99737E-05 9.99737E-05
0.0525429 9.997E-05 9.997E-05 0.779348 9.997E-05 0.16781
9.99647E-05 9.99647E-05 0.554063 9.99647E-05 0.445537 9.99647E-05
9.99826E-05 0.352512 0.160796 9.99826E-05 0.0555046 0.430988
0.190045 9.99648E-05 0.809555 9.99648E-05 9.99648E-05 9.99648E-05
9.99647E-05 0.334188 0.665412 9.99647E-05 9.99647E-05 9.99647E-05
9.998E-05 0.265042 0.275154 0.169987 0.289616 9.998E-05
0.718211 9.99736E-05 0.00684907 9.99736E-05 9.99736E-05 0.27464
9.99736E-05 9.99736E-05 0.51905 0.246573 9.99736E-05 0.234077
9.99825E-05 0.103938 0.0559778 0.805812 0.0340723 9.99825E-05
0.952792 9.99651E-05 9.99651E-05 0.0468077 9.99651E-05 9.99651E-05
0.416634 0.119217 9.99738E-05 0.463849 9.99738E-05 9.99738E-05
9.99735E-05 0.380409 9.99735E-05 9.99735E-05 0.307214 0.312078
9.996E-05 0.9995 9.996E-05 9.996E-05 9.996E-05 9.996E-05
9.99823E-05 0.266062 0.629234 0.0337881 0.0707159 9.99823E-05
9.99737E-05 0.366345 9.99737E-05 9.99737E-05 0.120286 0.513069
0.429174 9.99912E-05 0.0951465 0.325466 0.0733056 0.0768078
9.99816E-05 0.107695 0.847961 9.99816E-05 9.99816E-05 0.0440441
0.0482293 9.99651E-05 9.99651E-05 9.99651E-05 9.99651E-05 0.951371
0.0844347 0.335558 0.223614 0.356193 9.99825E-05 9.99825E-05
9.99736E-05 0.283301 0.667783 9.99736E-05 9.99736E-05 0.0486158
9.99734E-05 0.358996 0.263964 0.37674 9.99734E-05 9.99734E-05
0.417085 9.99735E-05 0.3396 9.99735E-05 0.243015 9.99735E-05
0.00694506 9.99825E-05 9.99825E-05 0.328551 0.491974 0.17233
9.9965E-05 0.80658 0.193021 9.9965E-05 9.9965E-05 9.9965E-05
9.99737E-05 9.99737E-05 0.823182 0.0163057 0.160212 9.99737E-05
0.577239 0.231296 9.99736E-05 0.191165 9.99736E-05 9.99736E-05
0.266069 9.99649E-05 9.99649E-05 0.733531 9.99649E-05 9.99649E-05
0.163129 0.294527 0.278862 9.99825E-05 9.99825E-05 0.263281
0.0816263 0.585706 9.99735E-05 0.332368 9.99735E-05 9.99735E-05
0.518517 0.0191884 9.99736E-05 0.461995 9.99736E-05 9.99736E-05
0.467322 0.242977 0.103052 9.99912E-05 0.054934 0.131615
0.382254 0.372335 9.99737E-05 0.245112 9.99737E-05 9.99737E-05
9.9965E-05 0.3614 0.6382 9.9965E-05 9.9965E-05 9.9965E-05
0.569984 9.99646E-05 9.99646E-05 9.99646E-05 9.99646E-05 0.429617
0.3256 9.99735E-05 0.542014 9.99735E-05 9.99735E-05 0.132086
9.99735E-05 9.99735E-05 0.452171 0.43844 9.99735E-05 0.109089
0.46875 0.0143111 9.99825E-05 0.0149145 0.501824 9.99825E-05
0.660415 9.99649E-05 0.339185 9.99649E-05 9.99649E-05 9.99649E-05
9.99736E-05 9.99736E-05 0.294856 0.645821 9.99736E-05 0.0590235
0.990086 9.99648E-05 9.99648E-05 0.00951372 9.99648E-05 9.99648E-05
0.275748 9.99649E-05 0.723852 9.99649E-05 9.99649E-05 9.99649E-05
0.50403 0.197763 9.99736E-05 9.99736E-05 9.99736E-05 0.297907
9.99651E-05 9.99651E-05 0.997638 9.99651E-05 0.00196221 9.99651E-05
9.99737E-05 0.24248 0.520911 9.99737E-05 9.99737E-05 0.23631
9.99648E-05 0.596864 9.99648E-05 0.402736 9.99648E-05 9.99648E-05
9.99737E-05 0.522255 9.99737E-05 0.467569 9.99737E-05 0.00987634
0.143577 9.997E-05 9.997E-05 0.641536 9.997E-05 0.214587
0.162488 0.264547 9.99825E-05 0.401359 9.99825E-05 0.171406
0.260918 9.99736E-05 9.99736E-05 9.99736E-05 0.250531 0.488251
9.99736E-05 9.99736E-05 0.0943284 0.0222115 9.99736E-05 0.88316
9.99912E-05 0.0761681 0.0358693 0.44427 0.247581 0.196011
0.481645 9.99651E-05 9.99651E-05 0.517955 9.99651E-05 9.99651E-05
9.99737E-05 0.322337 0.566234 9.99737E-05 0.111129 9.99737E-05
0.252063 0.106277 9.99824E-05 0.440378 0.201082 9.99824E-05
9.99736E-05 9.99736E-05 0.0328649 0.112277 9.99736E-05 0.854558
9.99646E-05 9.99646E-05 9.99646E-05 9.99646E-05 0.66806 0.33154
9.99649E-05 0.0715122 9.99649E-05 0.928088 9.99649E-05 9.99649E-05
0.244361 9.99824E-05 0.11444 0.437734 9.99824E-05 0.203266
0.277232 9.99823E-05 0.391509 0.161746 9.99823E-05 0.169313
0.0787901 9.99913E-05 0.204882 0.350286 0.207385 0.158557
9.99647E-05 9.99647E-05 0.107886 9.99647E-05 9.99647E-05 0.891714
9.9965E-05 9.9965E-05 9.9965E-05 0.461783 0.537817 9.9965E-05
9.99735E-05 0.291909 0.693189 9.99735E-05 9.99735E-05 0.0146023
9.99736E-05 0.585565 9.99736E-05 0.00413582 0.409999 9.99736E-05
0.179934 0.342446 9.99738E-05 0.47732 9.99738E-05 9.99738E-05
9.99648E-05 9.99648E-05 9.99648E-05 0.530986 9.99648E-05 0.468614
0.180149 0.399671 0.419881 9.99736E-05 9.99736E-05 9.99736E-05
0.356297 9.99824E-05 0.232299 0.228567 9.99824E-05 0.182637
0.078783 0.319547 0.261424 0.179299 0.0374749 0.123473
9.99737E-05 9.99737E-05 9.99737E-05 0.478882 0.0879326 0.432886
9.99825E-05 0.448257 0.148589 0.353016 9.99825E-05 0.0499375
9.9965E-05 0.09176 9.9965E-05 0.90784 9.9965E-05 9.9965E-05
9.99824E-05 0.276972 0.108544 0.252183 0.362101 9.99824E-05
9.99648E-05 9.99648E-05 9.99648E-05 0.00798625 9.99648E-05 0.991614
0.150293 9.99824E-05 0.216706 0.394017 9.99824E-05 0.238784
0.0229573 9.99824E-05 0.353087 9.99824E-05 0.483726 0.14003
9.99735E-05 9.99735E-05 0.288103 0.639626 0.0719712 9.99735E-05
9.99738E-05 9.99738E-05 0.928495 9.99738E-05 0.0332346 0.0379707
9.99653E-05 0.255343 9.99653E-05 0.744258 9.99653E-05 9.99653E-05
9.99735E-05 0.231279 9.99735E-05 0.425346 0.343075 9.99735E-05
9.996E-05 9.996E-05 0.9995 9.996E-05 9.996E-05 9.996E-05
0.347315 0.105134 0.391767 0.155584 9.99824E-05 9.99824E-05
0.9995 9.996E-05 9.996E-05 9.996E-05 9.996E-05 9.996E-05
9.99827E-05 0.205369 0.0652007 0.482805 9.99827E-05 0.246426
9.99736E-05 9.99736E-05 0.484842 0.506985 0.00787334 9.99736E-05
0.0877114 0.447893 9.99824E-05 0.265068 9.99824E-05 0.199127
0.642305 9.99648E-05 0.357295 9.99648E-05 9.99648E-05 9.99648E-05
0.394877 9.99737E-05 0.470891 9.99737E-05 0.133933 9.99737E-05
