0.587655 9.99648E-05 9.99648E-05 9.99648E-05 9.99648E-05 0.411945
9.99737E-05 0.102553 0.00092056 9.99737E-05 9.99737E-05 0.896226
0.115166 9.99825E-05 9.99825E-05 0.379953 0.278626 0.226055
9.99649E-05 9.99649E-05 0.461537 9.99649E-05 0.538063 9.99649E-05
9.99733E-05 9.99733E-05 0.698212 0.102441 0.199047 9.99733E-05
9.99736E-05 9.99736E-05 0.939526 0.0141864 0.0459878 9.99736E-05
9.99735E-05 9.99735E-05 0.0650045 0.367591 0.567104 9.99735E-05
0.0621484 0.163584 0.603874 0.0142045 9.99912E-05 0.156089
0.0330411 0.214883 0.222666 9.99826E-05 9.99826E-05 0.529209
9.99652E-05 9.99652E-05 9.99652E-05 9.99652E-05 0.501487 0.498113
9.99735E-05 9.99735E-05 0.109204 0.375794 9.99735E-05 0.514701
9.99649E-05 9.99649E-05 0.30404 9.99649E-05 9.99649E-05 0.695561
0.355985 9.99823E-05 0.0239193 0.0459522 9.99823E-05 0.573943
0.00665678 9.99735E-05 0.129133 9.99735E-05 0.863911 9.99735E-05
0.132148 0.21019 9.99912E-05 0.168238 0.171065 0.318259
9.99648E-05 9.99648E-05 9.99648E-05 0.730404 9.99648E-05 0.269196
9.99737E-05 0.248381 9.99737E-05 0.479658 0.271662 9.99737E-05
9.99647E-05 9.99647E-05 9.99647E-05 9.99647E-05 0.240713 0.758887
9.99738E-05 9.99738E-05 0.0507042 0.360906 9.99738E-05 0.58809
0.0475333 9.99824E-05 0.599009 0.106771 0.246488 9.99824E-05
9.99825E-05 0.130049 0.189612 0.0981912 9.99825E-05 0.581948
9.99735E-05 9.99735E-05 0.0564291 0.541057 0.402214 9.99735E-05
9.99739E-05 9.99739E-05 9.99739E-05 0.468115 0.188346 0.343238
9.996E-05 9.996E-05 9.996E-05 9.996E-05 9.996E-05 0.9995
9.99825E-05 9.99825E-05 0.127511 0.117797 0.239786 0.514706
0.255724 9.99824E-05 0.370442 9.99824E-05 0.145412 0.228222
9.99736E-05 0.518482 9.99736E-05 0.104038 0.37718 9.99736E-05
0.452482 9.9965E-05 9.9965E-05 0.547118 9.9965E-05 9.9965E-05
0.0164098 9.99738E-05 0.206192 9.99738E-05 0.777098 9.99738E-05
0.035166 9.99736E-05 0.516468 9.99736E-05 9.99736E-05 0.448066
9.99648E-05 9.99648E-05 0.128728 9.99648E-05 0.870872 9.99648E-05
0.0488213 0.186365 9.99735E-05 9.99735E-05 0.764514 9.99735E-05
0.492973 9.99913E-05 0.147004 0.0824508 0.222206 0.055267
0.452846 9.99735E-05 9.99735E-05 9.99735E-05 0.353257 0.193596
9.99648E-05 9.99648E-05 0.113563 0.886037 9.99648E-05 9.99648E-05
0.582038 9.99652E-05 9.99652E-05 0.417562 9.99652E-05 9.99652E-05
9.99736E-05 0.167877 9.99736E-05 0.21068 9.99736E-05 0.621143
9.99737E-05 9.99737E-05 0.346159 0.191503 0.462038 9.99737E-05
9.99825E-05 0.177572 9.99825E-05 0.43261 0.0459457 0.343672
0.12096 0.0138806 9.99824E-05 0.15404 0.710919 9.99824E-05
9.996E-05 9.996E-05 9.996E-05 9.996E-05 0.336036 0.663565
9.9974E-05 9.9974E-05 0.775057 0.000157572 0.224485 9.9974E-05
9.99825E-05 9.99825E-05 0.178934 0.332547 0.049516 0.438803
9.99647E-05 9.99647E-05 0.776056 0.223544 9.99647E-05 9.99647E-05
9.99824E-05 0.143786 9.99824E-05 0.165428 0.201506 0.48908
0.205391 9.998E-05 0.335281 9.998E-05 0.317974 0.141154
9.99736E-05 9.99736E-05 0.634563 0.144073 0.221064 9.99736E-05
9.99735E-05 9.99735E-05 0.0637407 9.99735E-05 0.229028 0.706931
0.406443 9.99738E-05 0.0071189 0.586138 9.99738E-05 9.99738E-05
9.99826E-05 0.368169 9.99826E-05 0.0794256 0.385854 0.166351
0.0908079 9.99824E-05 9.99824E-05 0.54539 0.164781 0.198822
0.139641 9.99824E-05 9.99824E-05 0.242985 0.398332 0.218842
9.996E-05 9.996E-05 0.9995 9.996E-05 9.996E-05 9.996E-05
9.99647E-05 0.0510883 9.99647E-05 9.99647E-05 0.948512 9.99647E-05
9.99648E-05 9.99648E-05 0.276505 9.99648E-05 0.723095 9.99648E-05
9.99825E-05 9.99825E-05 0.162567 0.179137 0.246526 0.41157
0.127803 9.99912E-05 0.139793 0.184958 0.233726 0.31362
0.104596 0.0515485 9.99912E-05 0.133712 0.291177 0.418866
9.99737E-05 9.99737E-05 0.00699079 0.53505 0.457659 9.99737E-05
0.546067 0.0835527 0.0525644 0.27517 9.99912E-05 0.0425453
9.997E-05 9.997E-05 0.230631 0.0129323 9.997E-05 0.756137
9.99736E-05 0.0177433 0.849423 9.99736E-05 9.99736E-05 0.132533
9.99824E-05 9.99824E-05 0.31002 0.260508 0.162105 0.267167
9.99653E-05 9.99653E-05 0.83334 0.16626 9.99653E-05 9.99653E-05
0.0938806 9.998E-05 0.102379 0.515298 0.288242 9.998E-05
9.996E-05 9.996E-05 9.996E-05 0.9995 9.996E-05 9.996E-05
9.99646E-05 9.99646E-05 9.99646E-05 9.99646E-05 0.711789 0.287812
9.99648E-05 9.99648E-05 9.99648E-05 0.705765 9.99648E-05 0.293835
9.99825E-05 0.00769258 0.710143 9.99825E-05 0.124969 0.156995
9.997E-05 0.201605 9.997E-05 0.25804 0.540055 9.997E-05
0.444028 0.124789 0.0311649 9.99825E-05 0.399818 9.99825E-05
0.622178 9.99736E-05 9.99736E-05 0.356836 0.0206864 9.99736E-05
9.99649E-05 9.99649E-05 0.967779 0.0318211 9.99649E-05 9.99649E-05
0.425992 9.99737E-05 0.413709 9.99737E-05 9.99737E-05 0.16
9.99737E-05 9.99737E-05 0.256646 9.99737E-05 0.21577 0.527284
9.99649E-05 0.378536 9.99649E-05 9.99649E-05 9.99649E-05 0.621064
9.99649E-05 0.780052 9.99649E-05 9.99649E-05 0.219548 9.99649E-05
9.99739E-05 9.99739E-05 0.444079 0.172471 0.38315 9.99739E-05
0.00872957 9.99649E-05 9.99649E-05 9.99649E-05 0.990871 9.99649E-05
0.184859 0.263194 0.548772 9.99826E-05 0.00297515 9.99826E-05
9.99825E-05 0.293898 9.99825E-05 0.152924 0.135059 0.41792
9.99652E-05 9.99652E-05 0.0271477 9.99652E-05 9.99652E-05 0.972452
0.506957 9.99736E-05 0.369877 9.99736E-05 9.99736E-05 0.122866
0.049389 9.99649E-05 9.99649E-05 0.950211 9.99649E-05 9.99649E-05
9.998E-05 0.408171 0.0384015 0.241182 0.312045 9.998E-05
9.99824E-05 9.99824E-05 0.213598 0.0292316 0.672005 0.0849649
9.997E-05 9.997E-05 0.452452 0.0893445 0.457904 9.997E-05
0.0253316 9.99823E-05 0.7084 9.99823E-05 0.0731109 0.192958
9.99651E-05 0.0967123 9.99651E-05 0.902888 9.99651E-05 9.99651E-05
0.409653 9.99823E-05 9.99823E-05 0.163072 0.231896 0.195179
0.623148 9.99648E-05 9.99648E-05 9.99648E-05 0.376453 9.99648E-05
0.0842209 0.359234 0.303155 9.99825E-05 9.99825E-05 0.25319
9.99824E-05 9.99824E-05 0.105283 0.296978 0.389512 0.208027
9.996E-05 9.996E-05 9.996E-05 9.996E-05 0.9995 9.996E-05
0.372668 9.99825E-05 0.0455801 0.377075 0.204477 9.99825E-05
0.0795619 9.99824E-05 0.371114 9.99824E-05 0.210643 0.338481
9.99648E-05 9.99648E-05 9.99648E-05 0.431656 9.99648E-05 0.567944
9.99737E-05 9.99737E-05 9.99737E-05 0.70207 0.207252 0.0903775
0.443009 9.997E-05 9.997E-05 9.997E-05 0.46743 0.0892611
0.431621 9.99737E-05 9.99737E-05 9.99737E-05 0.034618 0.533461
0.00796178 0.322743 0.578086 0.00625631 0.0848521 9.99912E-05
9.996E-05 9.996E-05 0.9995 9.996E-05 9.996E-05 9.996E-05
0.0136787 0.0587514 9.99912E-05 0.410256 0.275451 0.241763
9.99734E-05 9.99734E-05 0.197197 9.99734E-05 0.704106 0.0983972
0.402635 9.99736E-05 9.99736E-05 0.288315 9.99736E-05 0.308751
0.318348 0.233549 9.999E-05 0.198778 0.0638558 0.18537
9.997E-05 9.997E-05 0.0861028 0.297681 0.615916 9.997E-05
9.99649E-05 9.99649E-05 9.99649E-05 0.397594 0.602006 9.99649E-05
9.99647E-05 9.99647E-05 0.0202081 9.99647E-05 0.979392 9.99647E-05
9.99735E-05 9.99735E-05 9.99735E-05 0.8503 0.0956603 0.0537397
9.99824E-05 9.99824E-05 0.61322 0.00257399 0.137842 0.246164
9.99737E-05 9.99737E-05 9.99737E-05 0.462459 0.513796 0.0234452
0.159412 9.99738E-05 9.99738E-05 0.575034 0.265254 9.99738E-05
9.99735E-05 0.0577345 9.99735E-05 9.99735E-05 0.651167 0.290799
9.99652E-05 0.00916403 9.99652E-05 9.99652E-05 0.990436 9.99652E-05
0.577668 9.99736E-05 0.317228 9.99736E-05 9.99736E-05 0.104804
9.99738E-05 0.126772 0.824132 9.99738E-05 0.048796 9.99738E-05
9.99743E-05 0.263576 0.377929 0.358195 9.99743E-05 9.99743E-05
9.99737E-05 0.0909376 9.99737E-05 9.99737E-05 0.779556 0.129206
0.609573 0.12757 9.99737E-05 0.262557 9.99737E-05 9.99737E-05
0.215153 9.99825E-05 0.107908 0.571891 9.99825E-05 0.104849
9.99737E-05 9.99737E-05 0.29644 0.553228 0.150032 9.99737E-05
0.285166 0.0581614 9.99825E-05 0.180491 0.475981 9.99825E-05
9.996E-05 9.996E-05 0.9995 9.996E-05 9.996E-05 9.996E-05
9.99826E-05 9.99826E-05 0.726489 0.239447 0.0198334 0.0140308
9.99737E-05 9.99737E-05 9.99737E-05 0.319581 0.587039 0.0930806
9.99737E-05 9.99737E-05 0.14677 0.235172 0.617758 9.99737E-05
9.99734E-05 9.99734E-05 9.99734E-05 0.259887 0.376001 0.363812
9.997E-05 0.0971398 9.997E-05 9.997E-05 0.444454 0.458106
9.99825E-05 0.157993 0.133202 9.99825E-05 0.617397 0.0912072
0.169311 9.99825E-05 0.416184 0.15992 0.254385 9.99825E-05
9.99737E-05 9.99737E-05 0.238581 9.99737E-05 0.418747 0.342371
0.0722971 0.0941208 9.99824E-05 0.510245 9.99824E-05 0.323137
9.99648E-05 9.99648E-05 0.186183 9.99648E-05 9.99648E-05 0.813417
9.99738E-05 0.315071 9.99738E-05 9.99738E-05 0.272788 0.41184
9.99737E-05 9.99737E-05 0.294293 0.39971 0.305697 9.99737E-05
0.638272 0.0649596 9.99737E-05 9.99737E-05 0.296469 9.99737E-05
0.312583 9.99737E-05 9.99737E-05 0.255326 0.431791 9.99737E-05
0.233014 9.99824E-05 0.496081 9.99824E-05 0.234355 0.0363506
0.0209118 9.99738E-05 9.99738E-05 9.99738E-05 0.836743 0.142045
9.99738E-05 9.99738E-05 0.116575 0.457191 0.425934 9.99738E-05
9.99737E-05 0.628608 0.348973 9.99737E-05 0.0221184 9.99737E-05
0.451692 9.99736E-05 9.99736E-05 0.0691698 0.478838 9.99736E-05
9.99737E-05 9.99737E-05 9.99737E-05 0.142135 0.789839 0.0677265
9.99649E-05 9.99649E-05 0.255171 9.99649E-05 0.744429 9.99649E-05
0.234469 9.99736E-05 9.99736E-05 0.177677 0.587554 9.99736E-05
9.99648E-05 9.99648E-05 0.243709 9.99648E-05 0.755891 9.99648E-05
9.99738E-05 9.99738E-05 0.629581 9.99738E-05 0.19372 0.176399
9.99734E-05 9.99734E-05 9.99734E-05 0.164851 0.366391 0.468458
9.99647E-05 9.99647E-05 0.712581 0.28702 9.99647E-05 9.99647E-05
9.997E-05 9.997E-05 0.287517 0.203474 9.997E-05 0.508709
0.306159 9.99738E-05 9.99738E-05 9.99738E-05 0.172697 0.520844
0.0546203 9.99738E-05 0.649527 9.99738E-05 9.99738E-05 0.295553
9.99737E-05 0.101895 9.99737E-05 9.99737E-05 0.819231 0.0785737
9.99736E-05 9.99736E-05 0.0656936 0.610618 0.323389 9.99736E-05
9.99649E-05 9.99649E-05 9.99649E-05 0.952457 9.99649E-05 0.0471436
0.353585 9.99826E-05 0.144143 9.99826E-05 0.0923152 0.409756
9.99823E-05 0.0597519 0.376174 0.470393 9.99823E-05 0.093481
9.99647E-05 0.33848 9.99647E-05 9.99647E-05 9.99647E-05 0.66112
0.790308 0.209292 9.9965E-05 9.9965E-05 9.9965E-05 9.9965E-05
0.182475 9.99823E-05 0.0456531 0.00485403 0.766818 9.99823E-05
0.486407 9.99648E-05 9.99648E-05 9.99648E-05 9.99648E-05 0.513193
0.252272 9.99735E-05 9.99735E-05 0.221529 9.99735E-05 0.5259
9.99825E-05 0.0347824 9.99825E-05 0.00513764 0.234696 0.725184
0.390453 9.99737E-05 0.122603 9.99737E-05 9.99737E-05 0.486644
0.0336671 0.240144 9.99738E-05 9.99738E-05 0.725889 9.99738E-05
0.482765 0.0576673 9.99824E-05 9.99824E-05 0.124553 0.334814
0.100977 9.99736E-05 0.794772 9.99736E-05 9.99736E-05 0.103951
0.383729 9.99736E-05 0.280322 9.99736E-05 9.99736E-05 0.33565
9.99648E-05 9.99648E-05 9.99648E-05 9.99648E-05 0.319424 0.680176
9.99737E-05 9.99737E-05 0.328371 9.99737E-05 0.495796 0.175533
9.99649E-05 9.99649E-05 0.794747 9.99649E-05 9.99649E-05 0.204853
0.0716524 0.00579053 0.0700988 0.560578 0.29178 9.99913E-05
0.0358973 9.99824E-05 0.50725 0.23782 9.99824E-05 0.218833
0.610983 0.0430188 0.0432225 0.206072 0.0966036 9.99913E-05
9.99824E-05 0.0135429 0.165505 9.99824E-05 0.604948 0.215804
0.357533 0.102326 0.0332965 0.141404 0.36534 9.99913E-05
9.99912E-05 0.0533593 0.0837515 0.100736 0.612549 0.149504
9.9974E-05 9.9974E-05 0.203288 0.589167 9.9974E-05 0.207245
0.274547 0.137487 0.097207 0.392298 0.0983609 9.99912E-05
0.763528 0.0514395 9.9974E-05 9.9974E-05 0.184733 9.9974E-05
0.0901979 0.247655 9.99824E-05 0.321311 9.99824E-05 0.340636
0.9995 9.996E-05 9.996E-05 9.996E-05 9.996E-05 9.996E-05
0.0068238 0.143588 9.99824E-05 0.636101 9.99824E-05 0.213288
9.99912E-05 0.0202698 0.271493 0.0177234 0.581087 0.109326
9.997E-05 0.177673 0.471171 9.997E-05 0.350855 9.997E-05
9.99824E-05 0.0943785 0.328393 0.215907 0.361121 9.99824E-05
9.99825E-05 9.99825E-05 0.0307805 0.0259758 0.544761 0.398282
9.997E-05 9.997E-05 9.997E-05 0.183916 0.226002 0.589782
0.129007 0.183728 9.99912E-05 0.265172 0.366732 0.0552611
9.99737E-05 9.99737E-05 0.280545 0.00440495 0.71475 9.99737E-05
0.0845164 9.997E-05 0.187625 9.997E-05 0.727559 9.997E-05
0.436934 9.99824E-05 0.17843 0.149659 9.99824E-05 0.234777
0.46125 9.99737E-05 9.99737E-05 9.99737E-05 0.475907 0.0625425
9.997E-05 9.997E-05 0.390423 0.0330756 9.997E-05 0.576201
0.201025 9.998E-05 0.290586 9.998E-05 0.172576 0.335613
9.997E-05 9.997E-05 9.997E-05 0.243988 0.545918 0.209794
0.208716 9.998E-05 0.40705 0.0522774 0.331756 9.998E-05
9.99912E-05 0.0822056 0.0818115 0.141807 0.597131 0.0969454
9.996E-05 9.996E-05 9.996E-05 9.996E-05 0.9995 9.996E-05
9.99736E-05 9.99736E-05 0.0589103 0.338163 9.99736E-05 0.602627
0.53143 0.012951 0.455319 9.99737E-05 9.99737E-05 9.99737E-05
0.397804 9.99736E-05 9.99736E-05 0.594735 9.99736E-05 0.00716139
9.99736E-05 9.99736E-05 9.99736E-05 0.492875 0.359891 0.146934
0.887017 9.99737E-05 0.0880199 9.99737E-05 0.0246628 9.99737E-05
0.0487803 9.998E-05 0.4665 9.998E-05 0.232075 0.252444
9.99734E-05 0.0625782 9.99734E-05 9.99734E-05 0.82265 0.114471
9.99648E-05 9.99648E-05 0.29405 0.70555 9.99648E-05 9.99648E-05
9.996E-05 9.996E-05 0.9995 9.996E-05 9.996E-05 9.996E-05
9.99649E-05 9.99649E-05 9.99649E-05 9.99649E-05 0.513703 0.485897
0.380256 9.997E-05 9.997E-05 0.423536 0.195908 9.997E-05
0.0101289 9.99736E-05 9.99736E-05 9.99736E-05 0.174822 0.814749
0.468793 9.99824E-05 9.99824E-05 0.037031 0.116847 0.37713
0.180544 0.23019 0.321702 9.99912E-05 0.00740267 0.26006
0.490227 0.117108 9.997E-05 9.997E-05 0.392366 9.997E-05
9.99653E-05 0.136816 9.99653E-05 9.99653E-05 0.862784 9.99653E-05
0.0139731 9.9965E-05 9.9965E-05 9.9965E-05 9.9965E-05 0.985627
0.18791 9.99736E-05 9.99736E-05 0.356549 9.99736E-05 0.455241
9.99647E-05 9.99647E-05 0.309418 0.690182 9.99647E-05 9.99647E-05
9.99647E-05 9.99647E-05 0.0884453 0.911155 9.99647E-05 9.99647E-05
9.99737E-05 9.99737E-05 9.99737E-05 0.343036 0.489981 0.166683
9.99737E-05 9.99737E-05 9.99737E-05 0.468091 0.165829 0.36578
9.99737E-05 0.361345 0.526999 9.99737E-05 9.99737E-05 0.111356
0.505918 9.997E-05 9.997E-05 0.300432 0.19335 9.997E-05
0.459728 0.0651664 0.0988365 9.99824E-05 0.37607 9.99824E-05
0.443444 9.99649E-05 0.556157 9.99649E-05 9.99649E-05 9.99649E-05
9.99737E-05 9.99737E-05 9.99737E-05 0.22224 0.118168 0.659292
9.9965E-05 9.9965E-05 9.9965E-05 0.0721322 0.927468 9.9965E-05
9.99656E-05 9.99656E-05 9.99656E-05 0.244726 0.754874 9.99656E-05
9.99737E-05 9.99737E-05 0.356175 0.222884 0.420642 9.99737E-05
0.0684459 9.99649E-05 9.99649E-05 9.99649E-05 0.931154 9.99649E-05
9.99648E-05 0.689866 9.99648E-05 0.309734 9.99648E-05 9.99648E-05
0.0433752 9.99824E-05 0.145314 0.500256 0.310856 9.99824E-05
9.99647E-05 9.99647E-05 9.99647E-05 0.468585 9.99647E-05 0.531016
9.99737E-05 9.99737E-05 0.163315 9.99737E-05 0.763968 0.0724172
0.169755 0.121263 0.440688 0.268093 9.998E-05 9.998E-05
0.263299 9.99825E-05 0.552266 0.0261003 0.158134 9.99825E-05
9.99737E-05 9.99737E-05 9.99737E-05 0.335234 0.189802 0.474664
0.258656 9.99824E-05 0.409305 0.26377 9.99824E-05 0.0680689
0.475946 9.997E-05 9.997E-05 0.258318 9.997E-05 0.265436
9.997E-05 9.997E-05 0.431691 0.396642 0.171367 9.997E-05
0.081611 9.99912E-05 0.234953 0.217137 0.177871 0.288328
0.173796 0.0179112 9.99737E-05 9.99737E-05 0.807993 9.99737E-05
9.99651E-05 9.99651E-05 9.99651E-05 0.584736 0.414864 9.99651E-05
0.365255 9.99648E-05 9.99648E-05 0.634345 9.99648E-05 9.99648E-05
0.156362 9.99824E-05 9.99824E-05 0.342196 0.3187 0.182542
0.398202 9.99739E-05 9.99739E-05 9.99739E-05 0.282512 0.318986
0.340826 9.99735E-05 9.99735E-05 0.35899 9.99735E-05 0.299884
0.393077 9.99825E-05 0.137795 0.0268941 0.442034 9.99825E-05
9.99646E-05 9.99646E-05 0.547764 9.99646E-05 0.451836 9.99646E-05
9.99649E-05 9.99649E-05 0.0772179 9.99649E-05 0.922382 9.99649E-05
9.99824E-05 9.99824E-05 0.606091 0.0143114 0.0586796 0.320718
0.1436 9.99737E-05 9.99737E-05 0.340841 0.51526 9.99737E-05
0.320362 0.679238 9.9965E-05 9.9965E-05 9.9965E-05 9.9965E-05
9.99736E-05 9.99736E-05 0.0921038 0.149564 9.99736E-05 0.758033
9.99825E-05 9.99825E-05 0.33434 0.178881 0.436576 0.0500038
9.99738E-05 9.99738E-05 0.248648 0.213859 0.537193 9.99738E-05
9.9965E-05 9.9965E-05 9.9965E-05 0.216427 0.783173 9.9965E-05
9.99652E-05 9.99652E-05 9.99652E-05 0.365015 9.99652E-05 0.634585
0.496275 0.126466 0.376959 9.99738E-05 9.99738E-05 9.99738E-05
0.593474 9.99649E-05 9.99649E-05 9.99649E-05 0.406126 9.99649E-05
