9.9955E-05 0.0377668 9.9955E-05 0.18696 0.624258 0.0974846 0.0530309 9.9955E-05 9.9955E-05 9.9955E-05
9.99461E-05 0.00303988 9.99461E-05 9.99461E-05 0.951285 9.99461E-05 9.99461E-05 0.000764808 0.0443107 9.99461E-05
9.9937E-05 9.9937E-05 9.9937E-05 9.9937E-05 0.34661 0.605058 0.0476327 9.9937E-05 9.9937E-05 9.9937E-05
9.993E-05 9.993E-05 0.0165171 9.993E-05 9.993E-05 9.993E-05 0.0187723 9.993E-05 0.964011 9.993E-05
0.870817 0.0335022 0.0851503 9.99461E-05 9.99461E-05 9.99461E-05 9.99461E-05 9.99461E-05 0.0099305 9.99461E-05
9.99371E-05 9.99371E-05 0.863443 9.99371E-05 9.99371E-05 0.0921316 9.99371E-05 9.99371E-05 9.99371E-05 0.0437261
0.340343 9.9964E-05 9.9964E-05 0.363998 9.9964E-05 0.0760626 9.9964E-05 0.136774 0.0538834 0.0285397
9.99282E-05 9.99282E-05 9.99282E-05 9.99282E-05 0.842265 9.99282E-05 9.99282E-05 9.99282E-05 9.99282E-05 0.156936
9.99372E-05 9.99372E-05 0.383241 9.99372E-05 9.99372E-05 9.99372E-05 0.0658582 0.550201 9.99372E-05 9.99372E-05
0.999101 9.99201E-05 9.99201E-05 9.99201E-05 9.99201E-05 9.99201E-05 9.99201E-05 9.99201E-05 9.99201E-05 9.99201E-05
0.751333 9.99373E-05 9.99373E-05 9.99373E-05 9.99373E-05 0.115129 9.99373E-05 9.99373E-05 9.99373E-05 0.132839
9.9937E-05 9.9937E-05 0.0771983 9.9937E-05 0.860118 9.9937E-05 0.0619845 9.9937E-05 9.9937E-05 9.9937E-05
0.285233 0.175288 9.9973E-05 0.124272 0.0188847 0.059123 9.9973E-05 0.266522 9.9973E-05 0.070376
9.99201E-05 9.99201E-05 9.99201E-05 0.999101 9.99201E-05 9.99201E-05 9.99201E-05 9.99201E-05 9.99201E-05 9.99201E-05
0.694303 0.203082 9.99371E-05 9.99371E-05 9.99371E-05 9.99371E-05 0.101915 9.99371E-05 9.99371E-05 9.99371E-05
9.99201E-05 9.99201E-05 9.99201E-05 9.99201E-05 9.99201E-05 9.99201E-05 9.99201E-05 0.999101 9.99201E-05 9.99201E-05
9.99371E-05 9.99371E-05 0.0849821 9.99371E-05 0.567261 9.99371E-05 9.99371E-05 9.99371E-05 0.347057 9.99371E-05
0.113824 9.9955E-05 0.0642256 9.9955E-05 9.9955E-05 9.9955E-05 0.00215945 0.631082 9.9955E-05 0.188209
9.99281E-05 9.99281E-05 0.913543 9.99281E-05 9.99281E-05 9.99281E-05 0.0856577 9.99281E-05 9.99281E-05 9.99281E-05
9.99372E-05 0.613967 9.99372E-05 9.99372E-05 9.99372E-05 9.99372E-05 9.99372E-05 0.294348 0.0909854 9.99372E-05
9.99461E-05 0.548039 0.104702 9.99461E-05 9.99461E-05 9.99461E-05 9.99461E-05 0.344462 9.99461E-05 0.00219761
9.99461E-05 9.99461E-05 0.345405 9.99461E-05 0.0301062 9.99461E-05 9.99461E-05 0.529947 0.0939426 9.99461E-05
0.136076 0.0952554 9.9937E-05 9.9937E-05 9.9937E-05 9.9937E-05 9.9937E-05 0.767969 9.9937E-05 9.9937E-05
9.9964E-05 0.153539 0.0254825 0.00692071 9.9964E-05 9.9964E-05 9.9964E-05 0.0395112 0.704533 0.0696141
9.99371E-05 0.0115876 0.0591495 9.99371E-05 9.99371E-05 0.928563 9.99371E-05 9.99371E-05 9.99371E-05 9.99371E-05
0.406217 0.499558 9.9955E-05 9.9955E-05 9.9955E-05 0.0169434 0.015806 0.060976 9.9955E-05 9.9955E-05
9.99281E-05 9.99281E-05 9.99281E-05 9.99281E-05 9.99281E-05 0.0523187 9.99281E-05 9.99281E-05 0.946882 9.99281E-05
9.99371E-05 0.163052 0.491692 0.344556 9.99371E-05 9.99371E-05 9.99371E-05 9.99371E-05 9.99371E-05 9.99371E-05
9.99284E-05 9.99284E-05 9.99284E-05 0.0733598 0.925841 9.99284E-05 9.99284E-05 9.99284E-05 9.99284E-05 9.99284E-05
9.99462E-05 9.99462E-05 0.517496 9.99462E-05 0.290147 9.99462E-05 0.0834511 9.99462E-05 0.108306 9.99462E-05
0.0163266 9.99371E-05 9.99371E-05 0.316984 9.99371E-05 0.66599 9.99371E-05 9.99371E-05 9.99371E-05 9.99371E-05
9.99282E-05 9.99282E-05 9.99282E-05 0.0136341 9.99282E-05 0.985566 9.99282E-05 9.99282E-05 9.99282E-05 9.99282E-05
0.803722 9.9955E-05 9.9955E-05 0.141394 9.9955E-05 0.0226089 9.9955E-05 9.9955E-05 0.0107418 0.0210335
9.9955E-05 9.9955E-05 0.679128 0.0088607 9.9955E-05 0.0884573 0.0610706 0.161984 9.9955E-05 9.9955E-05
9.99281E-05 9.99281E-05 9.99281E-05 9.99281E-05 9.99281E-05 9.99281E-05 0.0172542 9.99281E-05 0.981946 9.99281E-05
9.99371E-05 9.99371E-05 9.99371E-05 9.99371E-05 0.0299434 9.99371E-05 0.010256 0.959101 9.99371E-05 9.99371E-05
9.99281E-05 9.99281E-05 0.728613 9.99281E-05 9.99281E-05 9.99281E-05 9.99281E-05 0.270588 9.99281E-05 9.99281E-05
9.9946E-05 9.9946E-05 0.77789 0.00402261 9.9946E-05 0.0180592 9.9946E-05 0.199429 9.9946E-05 9.9946E-05
9.99201E-05 9.99201E-05 9.99201E-05 9.99201E-05 9.99201E-05 9.99201E-05 9.99201E-05 9.99201E-05 9.99201E-05 0.999101
9.99283E-05 0.121465 0.877736 9.99283E-05 9.99283E-05 9.99283E-05 9.99283E-05 9.99283E-05 9.99283E-05 9.99283E-05
9.99371E-05 9.99371E-05 0.890802 9.99371E-05 0.100027 9.99371E-05 9.99371E-05 9.99371E-05 0.00847231 9.99371E-05
9.99371E-05 9.99371E-05 0.196769 9.99371E-05 0.786486 9.99371E-05 9.99371E-05 9.99371E-05 0.0160457 9.99371E-05
9.99201E-05 0.999101 9.99201E-05 9.99201E-05 9.99201E-05 9.99201E-05 9.99201E-05 9.99201E-05 9.99201E-05 9.99201E-05
9.99371E-05 9.99371E-05 9.99371E-05 0.0383033 9.99371E-05 0.88364 9.99371E-05 9.99371E-05 9.99371E-05 0.0773573
0.257954 0.599805 9.9937E-05 0.141542 9.9937E-05 9.9937E-05 9.9937E-05 9.9937E-05 9.9937E-05 9.9937E-05
0.0185052 9.99372E-05 9.99372E-05 9.99372E-05 0.877856 9.99372E-05 9.99372E-05 9.99372E-05 0.102939 9.99372E-05
9.99551E-05 0.241455 0.144572 9.99551E-05 9.99551E-05 9.99551E-05 0.0860294 0.468567 9.99551E-05 0.0588764
9.99201E-05 9.99201E-05 9.99201E-05 9.99201E-05 9.99201E-05 9.99201E-05 0.999101 9.99201E-05 9.99201E-05 9.99201E-05
9.99371E-05 0.827017 9.99371E-05 9.99371E-05 9.99371E-05 0.14318 9.99371E-05 9.99371E-05 9.99371E-05 0.0291033
9.9955E-05 0.277954 0.347653 0.0368421 9.9955E-05 9.9955E-05 9.9955E-05 0.326746 9.9955E-05 0.0103056
