9.99461E-05 0.0182018 9.99461E-05 9.99461E-05 0.0298274 9.99461E-05 9.99461E-05 9.99461E-05 0.209665 0.741706
0.11872 9.99281E-05 9.99281E-05 9.99281E-05 9.99281E-05 9.99281E-05 9.99281E-05 9.99281E-05 9.99281E-05 0.880481
9.99461E-05 9.99461E-05 9.99461E-05 9.99461E-05 9.99461E-05 0.183065 0.0179559 9.99461E-05 0.620422 0.177957
0.886354 9.99371E-05 9.99371E-05 0.105241 9.99371E-05 9.99371E-05 9.99371E-05 0.00770544 9.99371E-05 9.99371E-05
0.0289199 0.897098 9.9937E-05 9.9937E-05 9.9937E-05 9.9937E-05 9.9937E-05 9.9937E-05 0.0732826 9.9937E-05
9.9937E-05 9.9937E-05 9.9937E-05 0.803093 9.9937E-05 9.9937E-05 9.9937E-05 9.9937E-05 0.0488242 0.147383
0.0272439 9.9946E-05 0.0450379 9.9946E-05 0.858136 9.9946E-05 0.0689824 9.9946E-05 9.9946E-05 9.9946E-05
9.99462E-05 9.99462E-05 0.0574601 9.99462E-05 9.99462E-05 0.848386 9.99462E-05 9.99462E-05 0.0549621 0.0385921
9.99282E-05 9.99282E-05 9.99282E-05 0.433956 9.99282E-05 9.99282E-05 0.565244 9.99282E-05 9.99282E-05 9.99282E-05
9.99371E-05 0.784679 0.0286537 9.99371E-05 0.185968 9.99371E-05 9.99371E-05 9.99371E-05 9.99371E-05 9.99371E-05
9.99281E-05 0.0236128 0.975588 9.99281E-05 9.99281E-05 9.99281E-05 9.99281E-05 9.99281E-05 9.99281E-05 9.99281E-05
9.99371E-05 9.99371E-05 9.99371E-05 9.99371E-05 9.99371E-05 0.761893 9.99371E-05 0.00311208 9.99371E-05 0.234296
9.9964E-05 9.9964E-05 0.0173675 0.016826 0.101812 9.9964E-05 9.9964E-05 0.741254 0.0937679 0.028572
0.128049 9.99282E-05 9.99282E-05 9.99282E-05 0.871152 9.99282E-05 9.99282E-05 9.99282E-05 9.99282E-05 9.99282E-05
9.99201E-05 0.999101 9.99201E-05 9.99201E-05 9.99201E-05 9.99201E-05 9.99201E-05 9.99201E-05 9.99201E-05 9.99201E-05
9.99282E-05 9.99282E-05 9.99282E-05 9.99282E-05 9.99282E-05 9.99282E-05 0.893428 9.99282E-05 0.105772 9.99282E-05
0.195092 0.0239327 9.99371E-05 9.99371E-05 9.99371E-05 0.780276 9.99371E-05 9.99371E-05 9.99371E-05 9.99371E-05
9.9955E-05 0.161366 0.181581 0.275504 0.071337 9.9955E-05 0.309713 9.9955E-05 9.9955E-05 9.9955E-05
9.99281E-05 9.99281E-05 9.99281E-05 0.968949 9.99281E-05 9.99281E-05 9.99281E-05 9.99281E-05 9.99281E-05 0.0302513
0.0433168 9.99372E-05 9.99372E-05 9.99372E-05 9.99372E-05 9.99372E-05 0.930806 0.025178 9.99372E-05 9.99372E-05
9.99551E-05 9.99551E-05 9.99551E-05 0.105677 9.99551E-05 9.99551E-05 0.705967 0.115341 0.0390532 0.0334615
9.99641E-05 0.0215582 9.99641E-05 0.380107 0.0185661 0.152039 0.399714 0.0276154 9.99641E-05 9.99641E-05
9.99551E-05 0.142634 9.99551E-05 9.99551E-05 9.99551E-05 0.0109601 0.661394 0.179228 0.00528339 9.99551E-05
0.797249 9.99371E-05 0.0756884 9.99371E-05 9.99371E-05 9.99371E-05 0.126363 9.99371E-05 9.99371E-05 9.99371E-05
9.99201E-05 9.99201E-05 9.99201E-05 9.99201E-05 9.99201E-05 9.99201E-05 9.99201E-05 9.99201E-05 0.999101 9.99201E-05
9.99371E-05 0.745591 9.99371E-05 9.99371E-05 9.99371E-05 9.99371E-05 0.221686 9.99371E-05 9.99371E-05 0.0320241
0.999101 9.99201E-05 9.99201E-05 9.99201E-05 9.99201E-05 9.99201E-05 9.99201E-05 9.99201E-05 9.99201E-05 9.99201E-05
9.99372E-05 9.99372E-05 9.99372E-05 0.515689 0.0521343 9.99372E-05 9.99372E-05 0.431477 9.99372E-05 9.99372E-05
9.99201E-05 9.99201E-05 9.99201E-05 9.99201E-05 9.99201E-05 9.99201E-05 9.99201E-05 9.99201E-05 9.99201E-05 0.999101
0.11101 9.99462E-05 0.00925413 0.577476 9.99462E-05 0.30166 9.99462E-05 9.99462E-05 9.99462E-05 9.99462E-05
9.99282E-05 9.99282E-05 9.99282E-05 9.99282E-05 0.885231 9.99282E-05 9.99282E-05 9.99282E-05 0.113969 9.99282E-05
9.99372E-05 0.00308935 9.99372E-05 9.99372E-05 0.208802 9.99372E-05 9.99372E-05 9.99372E-05 0.787409 9.99372E-05
9.9937E-05 0.14387 9.9937E-05 9.9937E-05 0.740318 9.9937E-05 9.9937E-05 0.115113 9.9937E-05 9.9937E-05
9.99371E-05 0.00892014 9.99371E-05 0.890884 9.99371E-05 9.99371E-05 9.99371E-05 9.99371E-05 0.0994966 9.99371E-05
0.646727 9.9937E-05 9.9937E-05 9.9937E-05 9.9937E-05 0.344738 9.9937E-05 9.9937E-05 0.00783538 9.9937E-05
9.9946E-05 9.9946E-05 9.9946E-05 0.0504525 9.9946E-05 9.9946E-05 0.89972 9.9946E-05 0.0252993 0.0239284
9.99281E-05 9.99281E-05 9.99281E-05 0.768845 9.99281E-05 9.99281E-05 0.230356 9.99281E-05 9.99281E-05 9.99281E-05
9.99461E-05 9.99461E-05 0.0344562 0.901061 0.0296822 9.99461E-05 9.99461E-05 9.99461E-05 9.99461E-05 0.0342011
9.99281E-05 9.99281E-05 0.901466 9.99281E-05 9.99281E-05 0.0977341 9.99281E-05 9.99281E-05 9.99281E-05 9.99281E-05
0.272446 0.0208895 9.99372E-05 0.705965 9.99372E-05 9.99372E-05 9.99372E-05 9.99372E-05 9.99372E-05 9.99372E-05
9.99201E-05 9.99201E-05 9.99201E-05 0.59294 9.99201E-05 0.406261 9.99201E-05 9.99201E-05 9.99201E-05 9.99201E-05
9.99281E-05 9.99281E-05 9.99281E-05 0.0225037 9.99281E-05 0.976697 9.99281E-05 9.99281E-05 9.99281E-05 9.99281E-05
9.99372E-05 0.0579764 9.99372E-05 9.99372E-05 9.99372E-05 9.99372E-05 0.881581 0.0597429 9.99372E-05 9.99372E-05
9.99281E-05 9.99281E-05 0.0139833 9.99281E-05 9.99281E-05 9.99281E-05 9.99281E-05 9.99281E-05 0.985217 9.99281E-05
9.99201E-05 9.99201E-05 9.99201E-05 9.99201E-05 9.99201E-05 9.99201E-05 9.99201E-05 0.999101 9.99201E-05 9.99201E-05
9.99372E-05 9.99372E-05 9.99372E-05 9.99372E-05 0.00179195 0.995419 0.00208904 9.99372E-05 9.99372E-05 9.99372E-05
9.99371E-05 9.99371E-05 9.99371E-05 0.129612 9.99371E-05 9.99371E-05 0.825074 9.99371E-05 9.99371E-05 0.0446147
9.99283E-05 9.99283E-05 9.99283E-05 0.859559 9.99283E-05 9.99283E-05 0.139642 9.99283E-05 9.99283E-05 9.99283E-05
9.99281E-05 9.99281E-05 9.99281E-05 9.99281E-05 9.99281E-05 9.99281E-05 9.99281E-05 0.944517 9.99281E-05 0.0546833
0.0344192 9.99551E-05 0.0183628 0.181774 0.0252307 9.99551E-05 0.739714 9.99551E-05 9.99551E-05 9.99551E-05
