0.12042 9.9982E-05 0.713711 0.165669 9.9982E-05
0.0333761 9.9973E-05 0.966324 9.9973E-05 9.9973E-05
0.0229729 9.9982E-05 0.367394 0.609433 9.9982E-05
9.99821E-05 9.99821E-05 0.637698 0.133278 0.228824
9.9982E-05 0.877275 0.0569089 0.065616 9.9982E-05
0.0301971 9.9982E-05 9.9982E-05 0.0976822 0.871921
0.166349 0.0847828 9.9982E-05 0.748668 9.9982E-05
9.99731E-05 9.99731E-05 0.90956 0.0901399 9.99731E-05
0.485327 9.9973E-05 9.9973E-05 9.9973E-05 0.514373
9.99731E-05 0.98561 9.99731E-05 0.01409 9.99731E-05
9.99731E-05 0.304678 9.99731E-05 0.695022 9.99731E-05
9.9982E-05 0.0024493 0.904083 9.9982E-05 0.0932676
0.0851722 0.663469 0.0667996 0.129905 0.0546537
9.999E-05 0.0805213 0.0593172 0.833815 0.026246
9.9973E-05 0.977445 9.9973E-05 9.9973E-05 0.0222546
0.884173 9.99731E-05 9.99731E-05 0.115527 9.99731E-05
9.9982E-05 0.0297005 0.797014 9.9982E-05 0.173086
0.266363 0.262647 9.9991E-05 0.18516 0.28573
9.9973E-05 9.9973E-05 0.00127044 9.9973E-05 0.99843
0.9996 9.997E-05 9.997E-05 9.997E-05 9.997E-05
0.972913 9.99821E-05 0.0105997 9.99821E-05 0.0162877
0.442839 9.99821E-05 0.0737136 9.99821E-05 0.483247
0.787437 0.185799 9.9982E-05 9.9982E-05 0.0265641
0.22718 9.9991E-05 0.375757 0.314889 0.0820746
9.9982E-05 9.9982E-05 0.00465717 0.944968 0.0501751
0.308116 0.691584 9.9973E-05 9.9973E-05 9.9973E-05
9.9982E-05 9.9982E-05 0.527964 0.321443 0.150394
9.99821E-05 0.23955 9.99821E-05 0.126837 0.633414
0.0144528 9.99732E-05 0.985247 9.99732E-05 9.99732E-05
9.99731E-05 9.99731E-05 0.28114 9.99731E-05 0.718561
9.997E-05 9.997E-05 9.997E-05 0.9996 9.997E-05
9.997E-05 9.997E-05 9.997E-05 0.9996 9.997E-05
9.9973E-05 0.500801 9.9973E-05 0.498899 9.9973E-05
9.99731E-05 9.99731E-05 9.99731E-05 0.0775935 0.922107
9.9982E-05 9.9982E-05 0.730575 0.0887109 0.180514
0.921228 9.9982E-05 9.9982E-05 0.00339945 0.0751725
0.204187 9.9973E-05 9.9973E-05 9.9973E-05 0.795513
0.00383904 9.9982E-05 9.9982E-05 0.0652075 0.930753
9.9991E-05 0.11468 0.0119307 0.717853 0.155436
9.99821E-05 0.0773796 0.032497 9.99821E-05 0.889923
9.9973E-05 9.9973E-05 0.218132 9.9973E-05 0.781568
9.9973E-05 9.9973E-05 0.803875 9.9973E-05 0.195825
0.950933 0.0487671 9.99731E-05 9.99731E-05 9.99731E-05
9.997E-05 9.997E-05 9.997E-05 0.9996 9.997E-05
0.233612 0.766089 9.99731E-05 9.99731E-05 9.99731E-05
0.0177076 9.99731E-05 0.981992 9.99731E-05 9.99731E-05
0.755435 9.9973E-05 9.9973E-05 9.9973E-05 0.244265
0.161815 9.99731E-05 9.99731E-05 9.99731E-05 0.837885
0.432159 0.548942 0.0186991 9.99821E-05 9.99821E-05
0.695844 0.0312871 9.99821E-05 9.99821E-05 0.272669
