9.9982E-05 0.0784819 0.688932 9.9982E-05 0.232386
9.9973E-05 0.0323392 0.967361 9.9973E-05 9.9973E-05
9.9982E-05 0.011111 0.352248 9.9982E-05 0.636441
9.99821E-05 9.99821E-05 0.501828 0.282602 0.21537
0.972621 9.9973E-05 9.9973E-05 0.0270795 9.9973E-05
9.999E-05 0.00422944 0.0353897 0.827675 0.132606
0.258482 0.0553123 9.9991E-05 0.0422403 0.643866
9.99731E-05 9.99731E-05 0.96768 9.99731E-05 0.0320198
9.99731E-05 0.510057 9.99731E-05 0.489643 9.99731E-05
0.9996 9.997E-05 9.997E-05 9.997E-05 9.997E-05
0.855273 9.99731E-05 9.99731E-05 9.99731E-05 0.144427
9.99731E-05 9.99731E-05 0.926623 0.0730766 9.99731E-05
0.368631 0.359382 9.9991E-05 0.0620921 0.209795
0.136852 9.99821E-05 9.99821E-05 0.0537282 0.80922
0.8566 0.1431 9.99731E-05 9.99731E-05 9.99731E-05
9.99731E-05 0.898699 9.99731E-05 9.99731E-05 0.101001
0.045638 9.9991E-05 0.902498 0.0459787 0.00578485
0.360662 0.320433 9.9991E-05 0.288603 0.0302016
9.9973E-05 9.9973E-05 0.0737244 0.925976 9.9973E-05
9.997E-05 0.9996 9.997E-05 9.997E-05 9.997E-05
9.99821E-05 0.865175 0.0309447 0.103681 9.99821E-05
0.0115066 0.456297 0.107713 0.424383 9.9991E-05
0.108672 0.854163 9.9982E-05 9.9982E-05 0.0369645
0.0764794 0.167499 0.462587 0.102046 0.191388
9.9982E-05 0.0121976 9.9982E-05 0.0585769 0.929026
0.578593 0.421107 9.9973E-05 9.9973E-05 9.9973E-05
9.99821E-05 9.99821E-05 0.564561 0.0993395 0.335899
0.250492 0.0242716 9.9991E-05 0.695622 0.0295142
9.99731E-05 0.0127067 0.986993 9.99731E-05 9.99731E-05
9.99731E-05 9.99731E-05 0.308771 0.690929 9.99731E-05
0.0147155 9.997E-05 9.997E-05 9.997E-05 0.984985
9.997E-05 9.997E-05 9.997E-05 9.997E-05 0.9996
0.730855 9.9973E-05 9.9973E-05 9.9973E-05 0.268845
0.00221524 0.0207868 9.9991E-05 0.895678 0.0812204
9.9982E-05 9.9982E-05 0.707716 0.18822 0.103864
9.9982E-05 0.902913 0.0349898 0.0618969 9.9982E-05
9.9973E-05 0.188593 9.9973E-05 0.811107 9.9973E-05
0.00536073 0.0722264 9.9991E-05 0.867472 0.0548405
0.520711 9.9991E-05 0.152697 0.0582673 0.268225
0.0339826 9.99821E-05 0.0637347 0.902083 9.99821E-05
9.9973E-05 9.9973E-05 0.154956 0.844744 9.9973E-05
9.99731E-05 9.99731E-05 0.789222 0.210478 9.99731E-05
0.0221067 0.977593 9.99731E-05 9.99731E-05 9.99731E-05
9.9973E-05 9.9973E-05 9.9973E-05 0.00756497 0.992135
0.586638 0.413062 9.99731E-05 9.99731E-05 9.99731E-05
9.997E-05 9.997E-05 0.9996 9.997E-05 9.997E-05
9.9973E-05 0.78003 9.9973E-05 0.21967 9.9973E-05
9.99731E-05 0.153383 9.99731E-05 0.846317 9.99731E-05
0.271978 0.675537 0.0522855 9.99821E-05 9.99821E-05
9.99731E-05 0.755252 9.99731E-05 0.244449 9.99731E-05
