9.9973E-05 9.9973E-05 0.671774 9.9973E-05 0.0706928 0.257233
9.9973E-05 9.9973E-05 0.894189 0.0712364 0.0342745 9.9973E-05
9.9973E-05 9.9973E-05 0.357517 9.9973E-05 0.0151542 0.627029
9.99641E-05 0.0828888 9.99641E-05 0.916711 9.99641E-05 9.99641E-05
0.938918 9.9964E-05 9.9964E-05 0.0606823 9.9964E-05 9.9964E-05
9.99641E-05 0.907954 9.99641E-05 9.99641E-05 9.99641E-05 0.091646
0.210835 9.9982E-05 9.9982E-05 0.0557414 0.116283 0.61694
9.99641E-05 9.99641E-05 0.909219 9.99641E-05 9.99641E-05 0.0903811
9.99641E-05 0.565543 9.99641E-05 9.99641E-05 0.434057 9.99641E-05
0.9995 9.996E-05 9.996E-05 9.996E-05 9.996E-05 9.996E-05
0.50654 9.99642E-05 9.99642E-05 9.99642E-05 9.99642E-05 0.493061
0.0118779 0.104796 0.833438 0.049688 9.9982E-05 9.9982E-05
0.627074 0.110309 0.0321777 9.9991E-05 0.105193 0.125146
0.1518 9.99731E-05 9.99731E-05 0.153296 9.99731E-05 0.694603
0.884985 9.99641E-05 9.99641E-05 9.99641E-05 0.114615 9.99641E-05
9.99641E-05 9.99641E-05 9.99641E-05 9.99641E-05 0.883982 0.115618
9.9973E-05 0.102196 0.691034 0.20647 9.9973E-05 9.9973E-05
0.222476 0.284251 9.9982E-05 9.9982E-05 0.309311 0.183762
9.9964E-05 0.974174 0.0254259 9.9964E-05 9.9964E-05 9.9964E-05
9.99641E-05 9.99641E-05 9.99641E-05 0.0233688 0.976231 9.99641E-05
9.99731E-05 9.99731E-05 0.0268433 0.128346 0.844511 9.99731E-05
9.99731E-05 0.405654 0.111211 9.99731E-05 0.482836 9.99731E-05
0.127621 9.9973E-05 9.9973E-05 9.9973E-05 0.837608 0.0344707
9.9973E-05 9.9973E-05 9.9973E-05 0.691436 0.2691 0.0391641
9.99641E-05 9.99641E-05 9.99641E-05 0.108429 9.99641E-05 0.891171
0.613355 9.9964E-05 9.9964E-05 9.9964E-05 0.386245 9.9964E-05
9.99641E-05 9.99641E-05 9.99641E-05 0.989883 9.99641E-05 0.00971712
0.293116 0.64403 9.99821E-05 0.0320791 9.99821E-05 0.0305745
9.996E-05 9.996E-05 0.9995 9.996E-05 9.996E-05 9.996E-05
9.99731E-05 0.671667 0.213875 0.114158 9.99731E-05 9.99731E-05
9.996E-05 9.996E-05 9.996E-05 9.996E-05 9.996E-05 0.9995
9.996E-05 9.996E-05 9.996E-05 9.996E-05 9.996E-05 0.9995
0.70803 9.9964E-05 9.9964E-05 9.9964E-05 9.9964E-05 0.29157
9.9973E-05 0.868499 9.9973E-05 0.0044205 9.9973E-05 0.12678
9.99641E-05 9.99641E-05 0.0600581 0.939542 9.99641E-05 9.99641E-05
9.9973E-05 0.0969251 9.9973E-05 9.9973E-05 0.86962 0.033155
9.99641E-05 0.825334 9.99641E-05 9.99641E-05 0.174267 9.99641E-05
0.00821799 0.966202 9.9973E-05 9.9973E-05 9.9973E-05 0.0252802
0.21517 0.0492417 0.185734 9.998E-05 9.998E-05 0.549654
0.00739407 0.781161 9.99731E-05 0.211145 9.99731E-05 9.99731E-05
9.9973E-05 0.703246 0.235648 0.060806 9.9973E-05 9.9973E-05
9.9964E-05 0.147568 0.852032 9.9964E-05 9.9964E-05 9.9964E-05
0.0961591 9.99731E-05 9.99731E-05 0.0375386 0.866002 9.99731E-05
9.996E-05 9.996E-05 9.996E-05 9.996E-05 9.996E-05 0.9995
0.70516 9.99641E-05 9.99641E-05 9.99641E-05 0.29444 9.99641E-05
9.99641E-05 9.99641E-05 0.872466 0.127134 9.99641E-05 9.99641E-05
9.9964E-05 0.227855 9.9964E-05 9.9964E-05 0.771746 9.9964E-05
9.99641E-05 0.838553 9.99641E-05 9.99641E-05 0.161047 9.99641E-05
0.476771 9.99731E-05 9.99731E-05 0.0985898 0.424339 9.99731E-05
0.0526997 0.320956 9.99731E-05 9.99731E-05 0.626044 9.99731E-05
