9.9973E-05 9.9973E-05 0.313309 0.0564082 9.9973E-05 0.629982
9.9964E-05 9.9964E-05 9.9964E-05 0.0965303 9.9964E-05 0.90307
0.340017 9.9973E-05 0.292956 9.9973E-05 9.9973E-05 0.366726
9.99731E-05 9.99731E-05 0.209133 9.99731E-05 0.279347 0.51122
9.9964E-05 0.913636 0.0859644 9.9964E-05 9.9964E-05 9.9964E-05
0.0835854 9.9973E-05 9.9973E-05 9.9973E-05 0.849208 0.0669065
0.925163 9.9964E-05 0.074437 9.9964E-05 9.9964E-05 9.9964E-05
0.121574 9.9964E-05 9.9964E-05 9.9964E-05 9.9964E-05 0.878026
9.9964E-05 9.9964E-05 9.9964E-05 0.420391 0.579209 9.9964E-05
0.171827 0.827773 9.9964E-05 9.9964E-05 9.9964E-05 9.9964E-05
0.754031 0.245569 9.99641E-05 9.99641E-05 9.99641E-05 9.99641E-05
9.9964E-05 9.9964E-05 9.9964E-05 9.9964E-05 0.14024 0.85936
9.999E-05 0.640459 0.122738 0.10636 0.0948982 0.035445
9.99731E-05 9.99731E-05 0.919237 0.054347 0.0261157 9.99731E-05
9.99641E-05 0.987184 9.99641E-05 9.99641E-05 0.0124165 9.99641E-05
9.99641E-05 9.99641E-05 0.0840937 0.915506 9.99641E-05 9.99641E-05
9.99641E-05 9.99641E-05 9.99641E-05 9.99641E-05 0.175804 0.823796
0.332153 0.134766 9.9982E-05 0.338861 0.194019 9.9982E-05
9.9964E-05 9.9964E-05 9.9964E-05 9.9964E-05 0.95385 0.04575
9.996E-05 9.996E-05 9.996E-05 0.9995 9.996E-05 9.996E-05
0.030611 0.00849816 9.9991E-05 0.875179 0.00549195 0.0801199
0.237737 9.9973E-05 9.9973E-05 0.282586 0.479377 9.9973E-05
0.0273284 0.219967 0.00598994 0.733968 9.9991E-05 0.0126468
0.408044 9.9982E-05 9.9982E-05 0.0972636 0.129188 0.365305
0.460717 9.9964E-05 0.538883 9.9964E-05 9.9964E-05 9.9964E-05
9.9964E-05 0.761139 9.9964E-05 0.238461 9.9964E-05 9.9964E-05
9.99731E-05 9.99731E-05 0.449422 9.99731E-05 0.155389 0.39489
9.99731E-05 0.305583 0.117613 9.99731E-05 0.576504 9.99731E-05
9.99642E-05 9.99642E-05 9.99642E-05 0.027625 9.99642E-05 0.971975
9.99731E-05 9.99731E-05 0.045863 9.99731E-05 0.648864 0.304973
0.245052 9.99641E-05 0.754548 9.99641E-05 9.99641E-05 9.99641E-05
9.9964E-05 0.0285811 0.971019 9.9964E-05 9.9964E-05 9.9964E-05
0.302106 0.540251 0.157343 9.9973E-05 9.9973E-05 9.9973E-05
0.0895411 9.9982E-05 0.0338666 0.00718035 0.869212 9.9982E-05
9.9973E-05 9.9973E-05 0.205932 9.9973E-05 0.149111 0.644657
9.9964E-05 9.9964E-05 0.0180329 0.981567 9.9964E-05 9.9964E-05
9.99641E-05 9.99641E-05 9.99641E-05 0.188177 0.811424 9.99641E-05
0.0762239 0.00173741 9.9973E-05 9.9973E-05 0.921739 9.9973E-05
0.9995 9.996E-05 9.996E-05 9.996E-05 9.996E-05 9.996E-05
9.99731E-05 0.0379747 9.99731E-05 9.99731E-05 0.911621 0.050104
9.9964E-05 9.9964E-05 9.9964E-05 9.9964E-05 0.699316 0.300284
9.99641E-05 9.99641E-05 9.99641E-05 9.99641E-05 0.184916 0.814684
9.99641E-05 0.121938 9.99641E-05 0.877662 9.99641E-05 9.99641E-05
9.996E-05 9.996E-05 0.9995 9.996E-05 9.996E-05 9.996E-05
9.99641E-05 0.804479 9.99641E-05 0.195121 9.99641E-05 9.99641E-05
9.99641E-05 9.99641E-05 9.99641E-05 0.0453807 9.99641E-05 0.954219
9.99641E-05 9.99641E-05 9.99641E-05 0.804858 0.194743 9.99641E-05
9.99642E-05 9.99642E-05 9.99642E-05 0.107318 0.892282 9.99642E-05
9.99731E-05 0.673618 9.99731E-05 0.292179 9.99731E-05 0.0339036
9.99731E-05 0.134791 9.99731E-05 0.691582 0.173326 9.99731E-05
