9.99912E-05 0.535971 0.392274 0.00233497 0.0693204
9.999E-05 0.0560792 0.180473 0.433624 0.329724
0.406893 0.202405 9.99823E-05 0.390502 9.99823E-05
0.947096 0.0523178 9.99827E-05 0.000386587 9.99827E-05
0.291838 9.99739E-05 9.99739E-05 9.99739E-05 0.707862
9.99825E-05 0.130913 0.317182 0.551706 9.99825E-05
0.364454 0.279803 0.097627 0.0674541 0.190662
0.385712 0.351625 0.262463 9.99825E-05 9.99825E-05
0.322311 9.99823E-05 9.99823E-05 0.0615608 0.615928
0.09494 0.604535 9.99825E-05 0.300325 9.99825E-05
9.99825E-05 0.317556 0.536986 9.99825E-05 0.145258
9.99826E-05 0.0215765 0.410804 0.56742 9.99826E-05
0.651593 0.3033 9.99826E-05 9.99826E-05 0.0449072
0.194338 9.99912E-05 0.0164433 0.331557 0.457561
9.999E-05 0.281143 0.196791 0.499531 0.0224348
0.0115408 0.0494257 0.15804 0.156195 0.624799
0.254217 0.462391 9.99913E-05 0.127355 0.155937
9.99825E-05 9.99825E-05 0.325252 0.615333 0.0592151
0.370804 9.99912E-05 0.305441 0.257897 0.0657574
0.239542 0.737411 9.99825E-05 0.0228466 9.99825E-05
9.99825E-05 0.257831 0.0536707 0.688298 9.99825E-05
0.206067 9.99736E-05 0.793633 9.99736E-05 9.99736E-05
9.99738E-05 9.99738E-05 0.915991 0.0837094 9.99738E-05
0.782461 9.99823E-05 0.120899 0.09644 9.99823E-05
9.99737E-05 9.99737E-05 9.99737E-05 0.133932 0.865768
0.573945 9.99824E-05 0.420297 0.00555783 9.99824E-05
9.99825E-05 9.99825E-05 0.0305937 0.615419 0.353788
0.181701 0.471883 0.346216 9.99826E-05 9.99826E-05
0.682084 9.99737E-05 9.99737E-05 0.317617 9.99737E-05
9.99737E-05 9.99737E-05 9.99737E-05 0.0958914 0.903809
0.726472 9.99737E-05 9.99737E-05 0.273228 9.99737E-05
0.171793 9.99823E-05 0.338656 9.99823E-05 0.489351
9.99912E-05 0.00675133 0.531768 0.380704 0.0806769
9.99739E-05 9.99739E-05 9.99739E-05 0.575692 0.424008
9.99825E-05 9.99825E-05 0.557122 0.293691 0.148988
0.273517 9.99823E-05 0.352193 0.37409 9.99823E-05
0.408126 0.591574 9.99736E-05 9.99736E-05 9.99736E-05
9.99912E-05 0.0958928 0.221491 0.289264 0.393252
9.9974E-05 9.9974E-05 0.157571 9.9974E-05 0.842129
0.247849 0.0210183 0.462226 0.168235 0.100672
0.282837 9.99826E-05 0.0805985 0.636365 9.99826E-05
9.99826E-05 0.195106 9.99826E-05 0.451233 0.353461
0.436878 9.99912E-05 0.230192 0.126099 0.20673
9.99824E-05 0.548936 0.164454 9.99824E-05 0.28641
0.301101 9.99911E-05 0.14811 0.405581 0.145107
0.122803 9.99734E-05 9.99734E-05 0.876897 9.99734E-05
9.99826E-05 0.691231 9.99826E-05 0.124396 0.184173
0.535032 0.463174 0.00159376 9.99824E-05 9.99824E-05
9.99735E-05 9.99735E-05 0.156583 0.843118 9.99735E-05
9.99737E-05 9.99737E-05 9.99737E-05 0.6798 0.3199
9.99738E-05 9.99738E-05 9.99738E-05 0.729166 0.270534
0.972083 9.99737E-05 9.99737E-05 0.0276168 9.99737E-05
9.99825E-05 0.467129 0.337274 9.99825E-05 0.195397
0.544259 0.193512 9.99824E-05 0.262029 9.99824E-05
0.299565 9.99824E-05 9.99824E-05 0.51232 0.187914
0.337113 9.99824E-05 9.99824E-05 0.520836 0.141851
0.9996 9.997E-05 9.997E-05 9.997E-05 9.997E-05
9.997E-05 9.997E-05 0.9996 9.997E-05 9.997E-05
0.257068 9.99737E-05 9.99737E-05 0.742632 9.99737E-05
9.99824E-05 0.11609 0.157405 9.99824E-05 0.726305
9.99912E-05 0.296076 0.445726 0.0369242 0.221174
0.0800729 9.99824E-05 0.62857 0.291157 9.99824E-05
0.155351 9.99912E-05 0.414939 0.0666936 0.362917
9.99737E-05 9.99737E-05 0.476928 0.522772 9.99737E-05
9.99825E-05 9.99825E-05 0.0201178 0.119164 0.860518
0.0420166 9.99735E-05 0.957684 9.99735E-05 9.99735E-05
0.146243 0.389376 0.464181 9.99825E-05 9.99825E-05
9.99827E-05 0.123421 0.338872 9.99827E-05 0.537507
9.99824E-05 0.312472 9.99824E-05 0.36097 0.326357
0.326264 0.135023 0.538512 9.99824E-05 9.99824E-05
9.997E-05 9.997E-05 9.997E-05 9.997E-05 0.9996
0.519426 9.99737E-05 9.99737E-05 0.480274 9.99737E-05
9.99824E-05 9.99824E-05 0.19208 0.282794 0.524926
0.917862 9.99738E-05 9.99738E-05 9.99738E-05 0.0818384
0.408386 9.99825E-05 0.511604 0.0798101 9.99825E-05
0.238923 9.99737E-05 9.99737E-05 0.760777 9.99737E-05
0.0472763 9.99824E-05 0.0779129 0.874611 9.99824E-05
0.432906 9.99735E-05 9.99735E-05 9.99735E-05 0.566794
0.341978 0.171969 0.462097 9.99912E-05 0.0238556
0.402553 9.99825E-05 0.0784807 0.518767 9.99825E-05
0.242397 9.99912E-05 0.0203426 0.247619 0.489541
0.127735 0.17371 9.99825E-05 9.99825E-05 0.698355
0.450247 9.99824E-05 0.0389141 9.99824E-05 0.510639
9.99825E-05 0.293895 9.99825E-05 0.151316 0.554589
0.838801 9.99738E-05 0.160899 9.99738E-05 9.99738E-05
0.824404 9.9974E-05 0.175296 9.9974E-05 9.9974E-05
0.192359 9.99825E-05 9.99825E-05 0.200644 0.606796
0.496539 0.314354 0.179547 9.99912E-05 0.0094602
0.845891 9.9974E-05 0.153809 9.9974E-05 9.9974E-05
9.997E-05 0.9996 9.997E-05 9.997E-05 9.997E-05
0.19976 0.530051 0.269989 9.99825E-05 9.99825E-05
9.99738E-05 9.99738E-05 9.99738E-05 0.642575 0.357125
0.305532 9.99825E-05 9.99825E-05 0.618404 0.0758637
0.46135 9.99736E-05 9.99736E-05 9.99736E-05 0.53835
0.509279 0.147509 0.0654601 0.0329087 0.244842
0.546298 0.114794 9.99825E-05 0.338708 9.99825E-05
0.807508 0.123695 9.99824E-05 9.99824E-05 0.0685973
0.273465 9.99912E-05 0.0215581 0.364801 0.340076
0.056633 0.0492851 0.126084 0.117222 0.650777
0.585545 0.147578 0.0998308 9.99912E-05 0.166947
9.99912E-05 0.128017 0.136948 0.480439 0.254496
9.997E-05 9.997E-05 9.997E-05 9.997E-05 0.9996
9.99735E-05 0.55029 9.99735E-05 9.99735E-05 0.44941
0.52593 9.99912E-05 0.00884969 0.265408 0.199712
9.99912E-05 0.341774 0.0457902 0.319108 0.293228
9.99825E-05 0.609278 0.0243913 0.366131 9.99825E-05
0.63448 0.153406 0.211914 9.99825E-05 9.99825E-05
0.759802 9.99735E-05 0.239898 9.99735E-05 9.99735E-05
9.99824E-05 0.0893233 0.74407 0.166407 9.99824E-05
0.462062 9.99822E-05 0.528371 9.99822E-05 0.00936691
9.99912E-05 0.206848 0.598382 0.130242 0.0644282
0.49664 9.99912E-05 0.139245 0.292341 0.071675
0.292518 0.150884 0.523712 9.99913E-05 0.032786
0.429324 9.99736E-05 9.99736E-05 0.570376 9.99736E-05
0.303074 0.22907 9.99829E-05 0.467655 9.99829E-05
0.736917 9.99825E-05 9.99825E-05 0.102747 0.160136
0.361665 9.99913E-05 0.0175848 0.238961 0.381689
0.317741 9.99739E-05 9.99739E-05 9.99739E-05 0.681959
0.221081 0.516714 0.0342536 9.99912E-05 0.227852
0.366942 0.632758 9.99737E-05 9.99737E-05 9.99737E-05
9.99738E-05 9.99738E-05 0.580895 0.418805 9.99738E-05
0.00383658 0.153937 9.99824E-05 0.842026 9.99824E-05
9.99738E-05 9.99738E-05 0.87481 9.99738E-05 0.12489
0.243376 0.22108 0.187055 0.348388 9.99912E-05
9.99823E-05 0.579588 0.0177751 9.99823E-05 0.402437
9.997E-05 9.997E-05 0.9996 9.997E-05 9.997E-05
0.458642 0.0957925 0.445366 9.99825E-05 9.99825E-05
0.521355 9.99912E-05 0.0693373 0.355884 0.0533237
0.107732 0.0895899 9.99824E-05 0.802478 9.99824E-05
0.448978 9.99912E-05 0.189844 0.132416 0.228663
0.170762 9.99824E-05 0.738521 0.0905167 9.99824E-05
0.753895 9.99736E-05 9.99736E-05 9.99736E-05 0.245806
9.99737E-05 0.26787 9.99737E-05 9.99737E-05 0.73183
9.997E-05 9.997E-05 0.9996 9.997E-05 9.997E-05
9.99738E-05 0.654394 0.345306 9.99738E-05 9.99738E-05
0.597494 9.99912E-05 0.0569274 0.324305 0.0211738
9.99912E-05 0.0494423 0.113938 0.577846 0.258674
0.653054 0.0500374 9.99824E-05 9.99824E-05 0.296709
0.433553 0.38966 0.176586 9.99824E-05 9.99824E-05
9.99825E-05 0.62688 9.99825E-05 0.350896 0.0220237
0.51133 9.99825E-05 9.99825E-05 0.0290821 0.459388
9.99736E-05 9.99736E-05 0.467547 0.532153 9.99736E-05
0.652299 9.99825E-05 0.102519 9.99825E-05 0.244982
0.912424 9.99737E-05 9.99737E-05 9.99737E-05 0.0872761
9.99912E-05 0.284065 0.173484 0.347651 0.1947
0.320393 9.99912E-05 0.176595 0.360202 0.142709
0.0273065 0.106188 0.157486 0.70892 9.99912E-05
0.0644429 9.99912E-05 0.073932 0.316016 0.545509
9.99824E-05 0.00389922 9.99824E-05 0.392823 0.603078
0.269684 9.99824E-05 9.99824E-05 0.462284 0.267832
9.99824E-05 9.99824E-05 0.285506 0.39131 0.322984
0.728981 9.99738E-05 0.270719 9.99738E-05 9.99738E-05
0.520934 0.237125 0.241741 9.99824E-05 9.99824E-05
0.808739 9.99825E-05 0.0801437 0.110917 9.99825E-05
0.376328 0.543214 9.99823E-05 9.99823E-05 0.0802586
9.9974E-05 9.9974E-05 9.9974E-05 0.130005 0.869695
9.99824E-05 0.584218 9.99824E-05 0.326248 0.0893336
0.287679 9.99737E-05 9.99737E-05 0.712021 9.99737E-05
0.9996 9.997E-05 9.997E-05 9.997E-05 9.997E-05
9.99912E-05 0.225626 0.21343 0.0121533 0.548691
9.997E-05 9.997E-05 0.9996 9.997E-05 9.997E-05
0.379369 9.99824E-05 0.318319 0.302112 9.99824E-05
9.99824E-05 9.99824E-05 0.378735 0.148261 0.472804
0.140108 9.9974E-05 0.859592 9.9974E-05 9.9974E-05
9.99736E-05 0.154567 9.99736E-05 9.99736E-05 0.845133
9.99737E-05 9.99737E-05 0.621502 0.378198 9.99737E-05
9.99826E-05 9.99826E-05 0.612106 0.0369844 0.35071
0.450554 0.284448 0.0177345 0.247164 9.99912E-05
9.99824E-05 9.99824E-05 0.19211 0.713701 0.093989
0.314998 0.0590705 0.463735 0.162097 9.99912E-05
9.99825E-05 0.420249 9.99825E-05 0.500441 0.0791106
0.601065 0.385799 9.99913E-05 0.00198926 0.011047
9.99824E-05 9.99824E-05 0.854866 0.0809611 0.0639734
0.307345 0.379641 9.99825E-05 9.99825E-05 0.312815
0.518809 9.99825E-05 0.419924 0.0610673 9.99825E-05
0.14832 9.99826E-05 0.417274 9.99826E-05 0.434206
0.627976 0.371724 9.99739E-05 9.99739E-05 9.99739E-05
0.570998 9.99825E-05 0.378534 0.0502683 9.99825E-05
0.708145 0.291555 9.99736E-05 9.99736E-05 9.99736E-05
9.99825E-05 9.99825E-05 0.0746813 0.318674 0.606445
0.133263 0.758392 0.108145 9.99825E-05 9.99825E-05
0.600084 0.0970668 9.99824E-05 0.30265 9.99824E-05
0.75039 0.0195945 9.99824E-05 0.229816 9.99824E-05
0.145662 0.154406 0.356415 0.343418 9.99911E-05
0.136796 0.124735 0.494771 0.243598 9.99913E-05
9.99738E-05 0.174823 9.99738E-05 0.824877 9.99738E-05
0.0733212 0.318185 0.206704 0.40169 9.99912E-05
9.99825E-05 9.99825E-05 0.262924 0.252133 0.484743
0.391443 0.182106 0.222042 9.99913E-05 0.204309
0.292054 9.99825E-05 0.609615 9.99825E-05 0.0981311
9.99824E-05 0.172788 0.435471 0.391541 9.99824E-05
0.437174 0.176277 9.99913E-05 0.109772 0.276677
0.266086 9.99824E-05 0.416459 0.317254 9.99824E-05
0.553563 9.99825E-05 0.243559 0.202678 9.99825E-05
0.118603 0.199404 9.99825E-05 0.681794 9.99825E-05
0.378688 9.99737E-05 9.99737E-05 9.99737E-05 0.621012
9.99737E-05 0.949079 0.0506206 9.99737E-05 9.99737E-05
0.0819566 9.99912E-05 0.384811 0.358652 0.17448
0.300375 0.0343724 0.545668 0.119484 9.99912E-05
0.28662 9.99734E-05 9.99734E-05 9.99734E-05 0.71308
9.997E-05 9.997E-05 9.997E-05 0.9996 9.997E-05
0.269191 0.0926273 0.15613 9.99912E-05 0.481951
0.247621 9.99912E-05 0.0325523 0.339048 0.380679
0.821479 0.0293101 0.149011 9.99824E-05 9.99824E-05
0.216668 0.670864 9.99824E-05 0.112269 9.99824E-05
9.99824E-05 9.99824E-05 0.0107083 0.340321 0.648771
0.0774347 0.724011 0.166684 0.0317698 9.99913E-05
9.99824E-05 0.0465901 0.0898359 9.99824E-05 0.863374
9.99739E-05 9.99739E-05 9.99739E-05 0.53844 0.46126
0.699734 0.299966 9.99737E-05 9.99737E-05 9.99737E-05
9.99735E-05 0.625088 9.99735E-05 9.99735E-05 0.374612
0.136768 9.99824E-05 9.99824E-05 0.0707697 0.792262
0.470848 9.99824E-05 0.46923 9.99824E-05 0.0597223
0.184772 0.134614 0.205651 0.326851 0.148112
0.464956 9.99823E-05 9.99823E-05 0.165471 0.369373
0.664762 9.99739E-05 9.99739E-05 0.334938 9.99739E-05
0.470607 9.99737E-05 9.99737E-05 9.99737E-05 0.529093
0.0933646 0.906335 9.99735E-05 9.99735E-05 9.99735E-05
9.997E-05 9.997E-05 0.9996 9.997E-05 9.997E-05
9.997E-05 9.997E-05 0.9996 9.997E-05 9.997E-05
9.997E-05 9.997E-05 9.997E-05 9.997E-05 0.9996
0.682196 9.99737E-05 9.99737E-05 0.317504 9.99737E-05
0.311362 0.343967 9.99824E-05 0.344471 9.99824E-05
0.247742 9.99825E-05 0.322777 0.429282 9.99825E-05
0.0682306 9.99912E-05 0.0565128 0.229983 0.645173
0.544286 9.99825E-05 9.99825E-05 0.153699 0.301816
0.26355 0.73615 9.99738E-05 9.99738E-05 9.99738E-05
0.294372 0.691965 9.99825E-05 0.0134631 9.99825E-05
0.790758 9.99736E-05 0.208943 9.99736E-05 9.99736E-05
0.857708 9.99737E-05 9.99737E-05 9.99737E-05 0.141992
0.755748 9.99823E-05 0.101834 0.142218 9.99823E-05
0.472567 9.99824E-05 9.99824E-05 0.291014 0.236219
0.742764 0.256936 9.99739E-05 9.99739E-05 9.99739E-05
0.197672 0.312551 9.99825E-05 0.489577 9.99825E-05
0.604509 9.99825E-05 0.111528 9.99825E-05 0.283763
0.00169975 9.99824E-05 9.99824E-05 0.578707 0.419394
0.546364 0.316972 9.99912E-05 0.0563962 0.0801671
0.241355 0.0759707 0.211433 0.224869 0.246372
0.447704 0.090023 0.163349 0.298824 9.99913E-05
9.99824E-05 9.99824E-05 0.597761 0.0484203 0.353619
0.247605 0.51382 0.046658 0.191817 9.99912E-05
9.99913E-05 0.123416 0.0821059 0.204688 0.58969
0.45025 9.99738E-05 9.99738E-05 0.54945 9.99738E-05
9.99736E-05 0.68775 9.99736E-05 0.31195 9.99736E-05
9.99912E-05 0.260674 0.381939 0.0412814 0.316006
9.99738E-05 9.99738E-05 9.99738E-05 0.543034 0.456666
0.312018 0.398461 9.99824E-05 0.28932 9.99824E-05
0.0488616 0.0978002 9.99913E-05 0.107352 0.745886
0.534479 9.99736E-05 0.465221 9.99736E-05 9.99736E-05
0.400992 9.99824E-05 0.141003 0.457806 9.99824E-05
0.480289 9.99735E-05 9.99735E-05 0.519411 9.99735E-05
9.99826E-05 0.00247634 0.470288 9.99826E-05 0.527035
0.0471031 9.99824E-05 0.821734 0.130963 9.99824E-05
0.828876 0.016408 0.141041 0.013576 9.99912E-05
0.0967217 0.249428 9.99912E-05 0.29284 0.36091
9.99738E-05 0.123136 9.99738E-05 0.876564 9.99738E-05
9.997E-05 9.997E-05 9.997E-05 0.9996 9.997E-05
0.607352 0.288447 0.104002 9.99825E-05 9.99825E-05
0.253209 9.99825E-05 0.630175 0.116416 9.99825E-05
0.722529 9.99735E-05 0.277171 9.99735E-05 9.99735E-05
0.216027 0.0477005 9.99912E-05 0.460996 0.275176
