9.99738E-05 0.120109 0.879591 9.99738E-05 9.99738E-05
9.99824E-05 0.511173 0.370072 9.99824E-05 0.118555
0.280622 0.416688 9.99825E-05 9.99825E-05 0.302491
0.338672 9.99736E-05 0.661028 9.99736E-05 9.99736E-05
9.99738E-05 9.99738E-05 9.99738E-05 0.639131 0.360569
9.99824E-05 0.211146 9.99824E-05 0.610267 0.178387
9.99825E-05 0.570654 9.99825E-05 0.186336 0.24281
0.282417 0.144294 9.99912E-05 0.230957 0.342232
9.99738E-05 0.914671 9.99738E-05 9.99738E-05 0.0850287
0.135137 9.99735E-05 9.99735E-05 9.99735E-05 0.864563
0.0719898 0.629209 0.215814 9.99912E-05 0.0828877
0.729648 0.0281573 9.99826E-05 0.241995 9.99826E-05
0.102202 0.175784 0.386926 0.334988 9.99912E-05
0.388361 9.99736E-05 9.99736E-05 0.611339 9.99736E-05
0.674564 0.169816 0.155419 9.99824E-05 9.99824E-05
0.651712 9.99823E-05 0.182104 0.165984 9.99823E-05
0.435154 9.99826E-05 0.0485184 9.99826E-05 0.516127
0.150916 0.574534 0.171124 9.99912E-05 0.103326
0.0071256 0.486174 0.325856 0.109256 0.0715872
0.278759 0.0709244 0.210156 9.99912E-05 0.44006
9.99736E-05 0.0485378 9.99736E-05 0.951162 9.99736E-05
0.475664 0.233443 0.257118 9.99911E-05 0.0336756
0.668526 9.99825E-05 0.138727 0.192547 9.99825E-05
0.466481 9.99737E-05 9.99737E-05 9.99737E-05 0.533219
9.99737E-05 0.167117 9.99737E-05 0.832583 9.99737E-05
9.99738E-05 0.625192 0.374508 9.99738E-05 9.99738E-05
0.454542 0.420635 9.99824E-05 0.124623 9.99824E-05
0.803396 9.99824E-05 9.99824E-05 0.0499599 0.146444
9.99825E-05 0.896709 9.99825E-05 0.0667353 0.0363558
9.99825E-05 0.254751 0.524794 0.220255 9.99825E-05
9.99737E-05 0.916805 9.99737E-05 9.99737E-05 0.0828951
0.0834924 0.536347 0.196654 0.183407 9.99912E-05
0.562317 9.99826E-05 0.132947 9.99826E-05 0.304536
0.187911 0.748446 9.99823E-05 0.0634438 9.99823E-05
0.9996 9.997E-05 9.997E-05 9.997E-05 9.997E-05
9.99735E-05 0.359891 9.99735E-05 9.99735E-05 0.639809
0.308789 0.345489 0.305841 0.0397811 9.99913E-05
0.0219783 0.130796 9.99825E-05 9.99825E-05 0.847026
9.997E-05 0.9996 9.997E-05 9.997E-05 9.997E-05
0.34146 0.571239 0.0579617 9.99912E-05 0.0292395
9.99825E-05 9.99825E-05 0.241611 0.325551 0.432638
0.103687 9.99824E-05 9.99824E-05 0.638013 0.258099
0.9996 9.997E-05 9.997E-05 9.997E-05 9.997E-05
0.312535 9.99825E-05 0.191353 9.99825E-05 0.495912
9.9974E-05 9.9974E-05 0.461456 9.9974E-05 0.538244
0.418015 9.99738E-05 9.99738E-05 9.99738E-05 0.581685
0.112973 9.99823E-05 0.137096 9.99823E-05 0.749732
0.700455 9.99735E-05 0.299245 9.99735E-05 9.99735E-05
0.0950937 0.687647 0.143129 0.07403 9.99912E-05
0.128117 9.99825E-05 9.99825E-05 0.469807 0.401876
0.347899 9.99912E-05 0.518428 0.0726972 0.0608762
0.153199 0.321965 0.457273 9.99913E-05 0.067463
0.370857 0.195981 0.223093 0.209969 9.99912E-05
0.0389593 0.627105 0.297245 0.0365915 9.99912E-05
0.460687 0.347327 0.191787 9.99825E-05 9.99825E-05
0.439529 9.99739E-05 9.99739E-05 0.560171 9.99739E-05
9.99912E-05 0.0902604 0.662931 0.0535204 0.193188
0.848385 9.99737E-05 9.99737E-05 0.151316 9.99737E-05
9.99913E-05 0.324906 0.196653 0.255411 0.222929
0.286484 9.99912E-05 0.257516 0.152029 0.30387
0.453947 0.129927 0.403486 0.0125402 9.99913E-05
0.233464 9.99825E-05 0.329387 0.43695 9.99825E-05
0.761658 9.99824E-05 0.182858 9.99824E-05 0.0552839
0.295124 9.99912E-05 0.0730505 0.400545 0.23118
0.395188 0.0339174 0.570695 9.99826E-05 9.99826E-05
0.889942 9.99735E-05 9.99735E-05 0.109758 9.99735E-05
9.99736E-05 9.99736E-05 9.99736E-05 0.771222 0.228478
9.99912E-05 0.159709 0.0465504 0.164003 0.629637
0.172536 0.297077 0.0623625 9.99912E-05 0.467925
0.441133 0.113798 9.99824E-05 9.99824E-05 0.444869
9.99735E-05 0.489382 9.99735E-05 0.510318 9.99735E-05
0.113997 0.416872 9.99824E-05 9.99824E-05 0.468932
0.112315 0.374245 0.344777 0.0167391 0.151924
9.99825E-05 0.675256 0.0523388 9.99825E-05 0.272205
0.961335 9.99737E-05 9.99737E-05 9.99737E-05 0.0383647
0.0567875 0.415236 0.326989 0.200888 9.99911E-05
0.218319 0.27859 0.214386 0.114799 0.173906
0.2731 0.0529786 0.134898 0.538924 9.99912E-05
0.42789 0.557826 0.0140841 9.99824E-05 9.99824E-05
0.806215 9.99736E-05 9.99736E-05 9.99736E-05 0.193485
0.0848158 9.99912E-05 0.389037 0.238768 0.28728
9.99738E-05 0.382562 0.617139 9.99738E-05 9.99738E-05
9.99826E-05 0.3759 0.107748 0.516153 9.99826E-05
9.99824E-05 0.339739 0.252773 9.99824E-05 0.407288
0.32551 0.228566 0.224565 0.15766 0.0636988
0.604043 0.231239 9.99825E-05 9.99825E-05 0.164518
0.298189 0.430049 9.99824E-05 0.271562 9.99824E-05
0.149454 0.376894 9.99825E-05 0.473452 9.99825E-05
9.99738E-05 9.99738E-05 9.99738E-05 0.178675 0.821025
0.661717 9.9974E-05 0.337983 9.9974E-05 9.9974E-05
0.193745 9.99824E-05 9.99824E-05 0.135152 0.670903
0.652113 9.99737E-05 9.99737E-05 9.99737E-05 0.347587
9.99736E-05 0.786138 9.99736E-05 0.213562 9.99736E-05
0.581715 0.0227295 9.99913E-05 0.0266891 0.368767
9.997E-05 0.9996 9.997E-05 9.997E-05 9.997E-05
0.732206 9.99824E-05 0.0686303 9.99824E-05 0.198964
0.758135 9.99738E-05 9.99738E-05 9.99738E-05 0.241565
0.296582 0.480387 0.222831 9.99825E-05 9.99825E-05
0.135717 0.100757 0.53469 0.228736 9.99912E-05
0.136855 0.338355 0.297623 0.0705764 0.156591
0.310651 9.99825E-05 0.623998 9.99825E-05 0.0651504
9.99737E-05 0.358313 9.99737E-05 0.641387 9.99737E-05
0.188103 0.394023 0.158286 0.259488 9.99912E-05
0.348155 0.11484 9.99824E-05 9.99824E-05 0.536805
0.692055 0.307645 9.99736E-05 9.99736E-05 9.99736E-05
9.99825E-05 9.99825E-05 0.178597 0.062594 0.758609
0.150721 9.99823E-05 0.318678 9.99823E-05 0.530401
0.0126776 0.228928 9.99825E-05 9.99825E-05 0.758194
0.127581 9.99825E-05 0.453408 9.99825E-05 0.418811
9.99912E-05 0.211146 0.183413 0.589262 0.0160786
0.418195 0.488268 9.99825E-05 9.99825E-05 0.0933368
0.072604 0.512569 9.99913E-05 0.306438 0.108288
0.9996 9.997E-05 9.997E-05 9.997E-05 9.997E-05
9.99824E-05 0.496788 9.99824E-05 0.339092 0.16392
9.9974E-05 9.9974E-05 0.284004 9.9974E-05 0.715696
9.99738E-05 0.77139 9.99738E-05 9.99738E-05 0.228311
0.315944 0.0605025 9.99912E-05 0.174232 0.449221
9.997E-05 9.997E-05 9.997E-05 0.9996 9.997E-05
0.0142598 0.702986 9.99912E-05 0.0538465 0.228808
0.466536 0.533164 9.99736E-05 9.99736E-05 9.99736E-05
0.654598 9.99825E-05 0.336598 0.00860404 9.99825E-05
0.335737 0.427344 9.99913E-05 0.0701399 0.166679
0.137299 9.99824E-05 0.739255 9.99824E-05 0.123246
0.425128 0.0598377 0.486198 0.0287365 9.99912E-05
0.524744 0.259651 9.99823E-05 9.99823E-05 0.215405
9.99737E-05 9.99737E-05 0.0109322 9.99737E-05 0.988768
0.603305 9.99824E-05 9.99824E-05 0.141929 0.254566
9.99824E-05 0.830739 0.104138 9.99824E-05 0.0649229
0.161623 9.99912E-05 0.0346877 0.186584 0.617006
0.0394973 9.99825E-05 9.99825E-05 0.266536 0.693767
9.99824E-05 0.490671 9.99824E-05 0.060841 0.448288
9.99737E-05 0.835014 9.99737E-05 9.99737E-05 0.164686
0.350123 9.99736E-05 0.649578 9.99736E-05 9.99736E-05
0.492242 9.99825E-05 0.0798818 0.427676 9.99825E-05
9.99737E-05 0.338104 9.99737E-05 9.99737E-05 0.661596
9.99825E-05 0.0852936 0.607212 9.99825E-05 0.307294
0.103904 9.99736E-05 9.99736E-05 9.99736E-05 0.895796
0.285295 0.359397 9.99824E-05 9.99824E-05 0.355108
9.99737E-05 0.671751 9.99737E-05 9.99737E-05 0.327949
9.99824E-05 0.378712 0.169352 0.451736 9.99824E-05
9.99739E-05 0.522012 9.99739E-05 9.99739E-05 0.477688
0.38723 0.61247 9.99736E-05 9.99736E-05 9.99736E-05
9.99735E-05 0.720754 0.278946 9.99735E-05 9.99735E-05
0.537354 0.412466 9.99825E-05 9.99825E-05 0.0499801
9.99824E-05 9.99824E-05 0.0267447 0.175167 0.797888
0.691102 9.99736E-05 9.99736E-05 0.308598 9.99736E-05
9.99738E-05 0.362508 9.99738E-05 9.99738E-05 0.637192
0.380372 9.99824E-05 9.99824E-05 0.433917 0.18551
0.218394 0.137096 0.508675 9.99911E-05 0.135736
0.325725 0.578023 0.0960523 9.99824E-05 9.99824E-05
0.234066 0.633377 9.99912E-05 0.107063 0.0253938
0.172713 0.530088 0.164844 9.99912E-05 0.132255
0.0921996 9.99738E-05 9.99738E-05 0.9075 9.99738E-05
9.99825E-05 0.18443 0.262729 9.99825E-05 0.55264
0.0436985 0.779667 0.176435 9.99823E-05 9.99823E-05
0.11097 0.667963 0.220867 9.99824E-05 9.99824E-05
9.99736E-05 0.361361 9.99736E-05 0.638339 9.99736E-05
0.415881 0.245478 9.99825E-05 9.99825E-05 0.338441
0.608943 0.1124 9.99825E-05 0.278457 9.99825E-05
0.339031 0.360514 0.300254 9.99824E-05 9.99824E-05
0.089093 0.323623 9.99824E-05 9.99824E-05 0.587084
0.490665 9.99825E-05 0.136606 0.372529 9.99825E-05
9.99824E-05 0.156565 0.669987 9.99824E-05 0.173248
9.99912E-05 0.205667 0.100605 0.661421 0.032207
0.033933 0.965767 9.99739E-05 9.99739E-05 9.99739E-05
0.551645 0.448055 9.99736E-05 9.99736E-05 9.99736E-05
0.362794 9.99912E-05 0.0566757 0.450905 0.129525
0.528742 0.373302 9.99824E-05 9.99824E-05 0.0977566
9.99738E-05 0.844097 0.155603 9.99738E-05 9.99738E-05
9.99737E-05 9.99737E-05 9.99737E-05 0.807232 0.192468
0.00981147 0.403136 0.288379 9.99912E-05 0.298574
0.0990637 9.99739E-05 0.900636 9.99739E-05 9.99739E-05
9.99825E-05 0.340627 9.99825E-05 0.100652 0.558521
0.247365 0.270044 9.99912E-05 0.335815 0.146676
0.133221 0.712258 9.99825E-05 9.99825E-05 0.154321
0.417406 0.513434 0.0689599 9.99825E-05 9.99825E-05
0.1745 0.706306 9.99826E-05 9.99826E-05 0.118994
0.649869 9.99736E-05 9.99736E-05 0.349831 9.99736E-05
9.99823E-05 9.99823E-05 0.0289581 0.730841 0.240001
0.463072 0.359314 9.99826E-05 9.99826E-05 0.177414
9.997E-05 0.9996 9.997E-05 9.997E-05 9.997E-05
0.468789 0.233919 0.297092 9.99824E-05 9.99824E-05
0.262683 0.2733 9.99912E-05 0.40891 0.0550074
9.99824E-05 0.39674 0.367831 0.235228 9.99824E-05
0.00417423 0.0605999 9.99913E-05 0.725638 0.209488
9.99824E-05 0.438647 9.99824E-05 0.154464 0.406689
0.201065 9.99736E-05 9.99736E-05 0.798635 9.99736E-05
9.99737E-05 0.464921 9.99737E-05 9.99737E-05 0.534779
9.99824E-05 9.99824E-05 0.393395 0.16503 0.441375
0.326142 0.160911 0.0850342 0.0857136 0.342199
0.507674 0.0543933 0.0157067 9.99912E-05 0.422126
0.484593 0.100839 0.414368 9.99824E-05 9.99824E-05
0.0727576 0.260474 9.99824E-05 0.666569 9.99824E-05
9.99825E-05 0.381929 0.452284 0.165587 9.99825E-05
9.997E-05 0.9996 9.997E-05 9.997E-05 9.997E-05
0.680163 0.319537 9.9974E-05 9.9974E-05 9.9974E-05
9.99826E-05 0.198088 0.518014 0.283699 9.99826E-05
0.501265 9.99912E-05 0.0338759 0.416822 0.0479373
0.0773794 0.418623 0.0661165 0.0846481 0.353233
0.9996 9.997E-05 9.997E-05 9.997E-05 9.997E-05
0.171027 0.352099 0.011708 9.99912E-05 0.465065
0.0812059 9.99912E-05 0.0369376 0.879835 0.00192152
9.99824E-05 0.32249 0.0457997 9.99824E-05 0.63151
0.211182 0.191842 0.389564 0.0260301 0.181382
0.462619 0.274327 9.99912E-05 0.156323 0.106632
0.175836 9.99826E-05 9.99826E-05 0.238598 0.585366
0.485651 9.99825E-05 9.99825E-05 0.307788 0.206361
0.396203 0.372593 0.0680348 0.163069 9.99912E-05
0.103161 0.896539 9.99737E-05 9.99737E-05 9.99737E-05
0.0276479 0.187989 0.100619 0.226936 0.456808
0.299977 9.99826E-05 0.425409 9.99826E-05 0.274414
9.99824E-05 0.448129 0.333739 0.217933 9.99824E-05
0.889352 9.99739E-05 9.99739E-05 0.110348 9.99739E-05
0.314927 0.212356 0.214771 0.257846 9.99912E-05
0.589915 0.187199 9.99825E-05 0.222686 9.99825E-05
0.0144031 0.931944 9.99827E-05 0.0534525 9.99827E-05
9.99825E-05 0.819114 9.99825E-05 0.110981 0.0697053
9.99734E-05 9.99734E-05 9.99734E-05 0.481335 0.518365
0.9996 9.997E-05 9.997E-05 9.997E-05 9.997E-05
0.903502 9.99736E-05 9.99736E-05 0.0961981 9.99736E-05
9.99738E-05 9.99738E-05 9.99738E-05 0.131656 0.868044
0.49396 0.175053 0.123473 9.99912E-05 0.207414
9.99736E-05 9.99736E-05 9.99736E-05 0.0676776 0.932022
9.99912E-05 0.600576 0.0120792 0.258465 0.12878
0.409823 9.99737E-05 0.589877 9.99737E-05 9.99737E-05
0.421569 0.330504 9.99823E-05 9.99823E-05 0.247727
0.706522 0.00526585 0.125205 0.0894855 0.0735216
0.317985 0.546065 9.99912E-05 0.122099 0.0137511
9.997E-05 0.9996 9.997E-05 9.997E-05 9.997E-05
9.99824E-05 0.0989949 9.99824E-05 0.548638 0.352167
0.526833 0.221926 9.99823E-05 0.251042 9.99823E-05
0.0337664 0.493287 0.148389 0.104593 0.219965
0.326809 0.482059 0.149255 9.99912E-05 0.0417774
0.548353 0.0747254 0.105777 0.151254 0.11989
9.997E-05 9.997E-05 9.997E-05 9.997E-05 0.9996
0.290834 9.99824E-05 0.124662 0.584304 9.99824E-05
0.105308 0.138469 0.756024 9.99826E-05 9.99826E-05
9.99824E-05 0.22194 0.414155 9.99824E-05 0.363706
9.99738E-05 0.312219 9.99738E-05 9.99738E-05 0.687481
0.255941 0.356242 0.387617 9.99827E-05 9.99827E-05
0.748609 9.99824E-05 0.0909486 9.99824E-05 0.160242
0.453671 0.546029 9.99734E-05 9.99734E-05 9.99734E-05
9.99824E-05 0.406904 9.99824E-05 0.0457432 0.547153
0.104446 9.99826E-05 0.618708 0.276646 9.99826E-05
0.189589 0.449609 9.99825E-05 0.360602 9.99825E-05
0.0700306 9.99824E-05 9.99824E-05 0.722129 0.20764
0.320095 0.30569 9.99912E-05 0.198867 0.175248
0.89727 9.99825E-05 9.99825E-05 0.0170742 0.0854563
9.99824E-05 0.822752 0.133355 9.99824E-05 0.0436927
0.174916 0.766011 9.99826E-05 0.058873 9.99826E-05
0.28512 0.293964 9.99823E-05 0.420717 9.99823E-05
0.780852 0.151642 0.0673057 9.99824E-05 9.99824E-05
0.00128838 0.320124 9.99912E-05 0.353884 0.324604
0.617747 0.266687 9.99823E-05 0.115366 9.99823E-05
9.99827E-05 0.479807 9.99827E-05 0.286527 0.233467
0.727862 0.0780706 9.99824E-05 9.99824E-05 0.193868
9.997E-05 0.9996 9.997E-05 9.997E-05 9.997E-05
0.873079 9.99825E-05 9.99825E-05 0.00254548 0.124176
0.295143 9.99824E-05 9.99824E-05 0.208982 0.495675
0.261111 0.348063 9.99826E-05 9.99826E-05 0.390626
0.40091 9.99825E-05 0.141523 0.457367 9.99825E-05
