9.99912E-05 0.282746 0.717154
0.0571454 0.21114 0.731714
0.231094 0.56303 0.205876
9.999E-05 9.999E-05 0.9998
0.244194 9.99913E-05 0.755706
9.999E-05 0.101662 0.898238
0.429133 0.313391 0.257476
9.999E-05 0.375825 0.624075
0.0548301 0.763843 0.181327
0.0671288 0.106248 0.826623
0.243408 0.311541 0.445051
0.323342 0.676558 9.99913E-05
9.99912E-05 0.873901 0.125999
0.306061 9.99912E-05 0.693839
0.170652 0.725134 0.104213
0.343867 0.317667 0.338466
9.99913E-05 0.18788 0.81202
0.0825804 9.99912E-05 0.91732
0.211534 0.294169 0.494297
0.332524 0.617852 0.0496234
9.99912E-05 0.638003 0.361897
9.99912E-05 0.415176 0.584724
0.9998 9.999E-05 9.999E-05
0.513059 9.99911E-05 0.486841
0.394272 9.99912E-05 0.605628
0.141388 9.99912E-05 0.858512
0.575073 0.387984 0.0369437
0.513917 0.485983 9.99913E-05
0.263415 0.509091 0.227494
9.99912E-05 0.412426 0.587474
0.46667 0.207327 0.326003
9.99913E-05 0.919053 0.0808471
0.296049 9.99913E-05 0.703851
9.99913E-05 0.458306 0.541594
0.601539 9.99913E-05 0.398361
9.999E-05 9.999E-05 0.9998
0.00119904 9.99913E-05 0.998701
0.0913203 0.590418 0.318262
9.999E-05 9.999E-05 0.9998
0.409835 0.125919 0.464246
0.525149 9.99913E-05 0.474751
0.0476639 9.99912E-05 0.952236
0.537359 9.99912E-05 0.462541
0.322321 0.366632 0.311047
0.525383 9.99912E-05 0.474517
0.0797774 9.99913E-05 0.920123
0.268546 0.711109 0.0203449
0.48227 0.51763 9.99913E-05
0.090367 0.520281 0.389353
9.99913E-05 0.114346 0.885555
9.99912E-05 0.525163 0.474737
9.99912E-05 0.993523 0.00637659
0.245802 0.0555723 0.698625
0.0498104 0.60909 0.3411
0.3057 0.112749 0.581551
0.351557 9.99913E-05 0.648343
0.511645 0.393336 0.0950194
0.243567 0.508329 0.248104
0.472449 9.99912E-05 0.527451
9.99912E-05 0.20875 0.79115
0.316645 0.683255 9.99912E-05
0.423864 0.153802 0.422334
9.99913E-05 0.374645 0.625255
9.999E-05 0.9998 9.999E-05
0.222092 0.58471 0.193198
9.999E-05 9.999E-05 0.9998
0.0587101 0.757076 0.184214
0.489586 0.228108 0.282305
0.111258 0.571125 0.317617
9.999E-05 9.999E-05 0.9998
9.999E-05 9.999E-05 0.9998
0.571407 0.25741 0.171183
9.999E-05 0.9998 9.999E-05
0.0255422 0.974358 9.99913E-05
0.0486119 0.249808 0.70158
9.999E-05 9.999E-05 0.9998
9.99913E-05 0.222688 0.777212
0.23793 0.76197 9.99912E-05
9.99912E-05 0.664692 0.335208
0.136224 9.99912E-05 0.863676
0.327586 0.396198 0.276216
9.99913E-05 0.583505 0.416395
0.436115 0.250209 0.313676
9.99912E-05 0.0770014 0.922899
0.9998 9.999E-05 9.999E-05
9.99912E-05 0.259849 0.740051
0.4482 9.99912E-05 0.5517
9.999E-05 9.999E-05 0.9998
9.999E-05 9.999E-05 0.9998
9.99912E-05 0.689225 0.310675
9.99912E-05 0.155798 0.844102
9.999E-05 9.999E-05 0.9998
0.00644588 0.491806 0.501748
9.99913E-05 0.867214 0.132686
0.0269812 0.311324 0.661695
9.99912E-05 0.847934 0.151966
0.341199 0.658236 0.00056589
0.505121 9.99912E-05 0.49478
9.999E-05 0.9998 9.999E-05
9.99912E-05 0.348713 0.651187
0.651562 0.15431 0.194127
9.99913E-05 0.633049 0.366851
0.49616 0.295126 0.208714
9.99912E-05 0.911485 0.0884154
9.999E-05 9.999E-05 0.9998
9.99913E-05 0.277651 0.722249
0.300101 9.99913E-05 0.699799
0.281746 9.99912E-05 0.718154
0.725176 9.99912E-05 0.274724
0.150509 0.13865 0.710841
0.0537212 9.99912E-05 0.946179
0.48078 0.51912 9.99912E-05
0.146881 0.345617 0.507502
0.911618 9.99911E-05 0.0882821
9.999E-05 9.999E-05 0.9998
9.99913E-05 0.957684 0.0422163
0.9998 9.999E-05 9.999E-05
0.193788 0.78383 0.0223814
0.361119 0.55611 0.082771
0.0861436 0.913756 9.99912E-05
9.99912E-05 0.33427 0.66563
0.151412 9.99913E-05 0.848488
9.99912E-05 0.268676 0.731224
0.121851 0.0771754 0.800974
0.0106637 0.153071 0.836265
9.99912E-05 0.164355 0.835545
0.375732 0.624168 9.99913E-05
0.583355 0.31507 0.101576
9.999E-05 0.9998 9.999E-05
0.0762293 0.654411 0.26936
0.343161 0.656739 9.99912E-05
0.140043 0.859857 9.99912E-05
9.999E-05 9.999E-05 0.9998
0.0892227 0.82423 0.0865474
9.99912E-05 0.242001 0.757899
0.0229042 0.180571 0.796525
0.422807 0.577093 9.99912E-05
9.99912E-05 0.498883 0.501017
9.999E-05 9.999E-05 0.9998
0.229526 0.0780292 0.692445
9.99913E-05 0.140969 0.858931
0.0414426 9.99912E-05 0.958457
0.428335 0.571565 9.99913E-05
9.99912E-05 0.226504 0.773396
0.504794 0.495106 9.99912E-05
0.30878 0.69112 9.99913E-05
0.330286 0.334038 0.335677
9.99912E-05 0.708322 0.291578
9.999E-05 9.999E-05 0.9998
0.0795227 0.810855 0.109623
9.999E-05 9.999E-05 0.9998
9.99913E-05 0.193444 0.806456
0.127108 9.99912E-05 0.872792
0.757308 9.99912E-05 0.242592
0.244452 0.755448 9.99912E-05
0.0154242 0.984476 9.99913E-05
0.279737 0.346395 0.373868
9.99913E-05 0.720142 0.279758
9.99912E-05 0.891946 0.107954
9.99913E-05 0.137752 0.862148
9.99912E-05 0.745064 0.254836
9.999E-05 9.999E-05 0.9998
0.2376 9.99912E-05 0.7623
9.99912E-05 0.89697 0.10293
0.301735 9.99912E-05 0.698165
9.99914E-05 0.227791 0.772109
0.584013 0.415887 9.99912E-05
9.99913E-05 0.109974 0.889926
9.999E-05 9.999E-05 0.9998
9.999E-05 0.9998 9.999E-05
0.9998 9.999E-05 9.999E-05
0.137199 0.0243585 0.838442
9.99912E-05 0.18316 0.81674
0.352396 0.354536 0.293068
0.157416 0.0311206 0.811463
9.999E-05 0.9998 9.999E-05
0.0221231 9.99913E-05 0.977777
0.0479978 0.27956 0.672442
0.701683 9.99913E-05 0.298217
9.99912E-05 0.688423 0.311477
9.99912E-05 0.370965 0.628935
0.323692 0.604505 0.0718025
9.99912E-05 0.0988565 0.901043
0.0122233 0.0912781 0.896499
0.431687 0.348491 0.219822
0.221111 0.00943215 0.769457
0.336982 9.99912E-05 0.662918
9.99912E-05 0.877927 0.121973
9.99912E-05 0.34958 0.65032
0.0186777 0.582034 0.399288
9.99912E-05 0.830216 0.169684
9.99913E-05 0.335422 0.664478
0.802379 0.197521 9.99913E-05
0.00212895 9.99912E-05 0.997771
9.99913E-05 0.815307 0.184593
0.21697 9.99912E-05 0.78293
0.512893 0.487007 9.99912E-05
0.128026 9.99913E-05 0.871874
9.99913E-05 0.205932 0.793968
9.999E-05 0.9998 9.999E-05
0.745488 0.138369 0.116143
9.99912E-05 0.622902 0.376998
0.602703 0.397197 9.99913E-05
9.99912E-05 0.265468 0.734432
0.210111 9.99913E-05 0.789789
0.949372 0.0505276 9.99912E-05
0.428273 0.173726 0.398
0.102921 9.99913E-05 0.896979
9.99913E-05 0.575101 0.424799
9.99911E-05 0.593053 0.406847
0.544914 0.23668 0.218407
0.753708 0.130163 0.116129
9.99913E-05 0.635455 0.364445
9.999E-05 9.999E-05 0.9998
0.448521 0.333691 0.217788
0.474391 0.525509 9.99913E-05
0.253322 0.746578 9.99913E-05
9.99912E-05 0.835845 0.164055
9.999E-05 9.999E-05 0.9998
9.999E-05 9.999E-05 0.9998
9.999E-05 9.999E-05 0.9998
0.1858 9.99912E-05 0.8141
9.999E-05 9.999E-05 0.9998
9.999E-05 9.999E-05 0.9998
0.172026 0.827874 9.99912E-05
9.99912E-05 0.361425 0.638475
0.0863067 0.913593 9.99912E-05
0.387451 0.612449 9.99913E-05
0.0777444 0.402542 0.519714
9.99913E-05 0.312874 0.687026
0.9998 9.999E-05 9.999E-05
0.9998 9.999E-05 9.999E-05
9.99912E-05 0.150594 0.849306
0.368885 0.631015 9.99913E-05
9.99912E-05 0.594461 0.405439
9.999E-05 9.999E-05 0.9998
0.505491 0.494198 0.000310697
0.133678 0.866222 9.99913E-05
9.99913E-05 0.350156 0.649744
9.999E-05 0.9998 9.999E-05
0.201849 0.282125 0.516026
0.525039 9.99913E-05 0.474861
9.99913E-05 0.52062 0.47928
0.277616 0.429638 0.292747
9.99912E-05 0.446586 0.553314
0.210233 0.653196 0.136571
0.651131 0.348769 9.99913E-05
0.0987948 0.106026 0.795179
9.99912E-05 0.554056 0.445844
9.999E-05 9.999E-05 0.9998
0.9998 9.999E-05 9.999E-05
9.99913E-05 0.533182 0.466718
9.99912E-05 0.714331 0.285569
9.999E-05 9.999E-05 0.9998
0.189866 0.412784 0.39735
9.99912E-05 0.5402 0.4597
9.999E-05 0.9998 9.999E-05
0.372686 0.302046 0.325268
0.9998 9.999E-05 9.999E-05
9.99912E-05 0.513713 0.486187
0.0188139 0.981086 9.99913E-05
