0.6558 0.3441 9.999E-05
0.474875 9.99912E-05 0.525025
9.999E-05 0.229411 0.770489
0.250521 9.99913E-05 0.749379
0.162075 0.0612723 0.776653
0.272745 9.99912E-05 0.727155
0.613204 9.99912E-05 0.386696
0.10676 0.701299 0.191941
9.99912E-05 0.463969 0.535931
0.0632992 0.481006 0.455695
9.99912E-05 0.0426008 0.957299
0.228209 0.525665 0.246126
0.17647 9.99912E-05 0.82343
0.00507558 0.994824 9.99912E-05
0.260324 0.141394 0.598282
0.84356 9.99913E-05 0.15634
0.409817 0.226757 0.363426
9.999E-05 9.999E-05 0.9998
9.999E-05 0.9998 9.999E-05
0.109064 0.0648502 0.826086
0.590275 9.99912E-05 0.409625
9.99912E-05 0.418271 0.581629
9.99913E-05 0.362006 0.637894
0.0882705 0.911629 9.99913E-05
0.303021 0.3015 0.395479
0.181202 0.126121 0.692677
0.789238 0.210662 9.99913E-05
9.99912E-05 0.192429 0.807471
9.99912E-05 0.800839 0.199061
0.333616 0.666284 9.99912E-05
9.99912E-05 0.679909 0.319991
9.999E-05 9.999E-05 0.9998
0.668516 0.174433 0.157051
0.364781 0.0531457 0.582073
9.99913E-05 0.231075 0.768825
9.99913E-05 0.148917 0.850983
0.864766 0.00296409 0.13227
0.302606 0.248777 0.448618
0.517516 9.99912E-05 0.482384
9.99913E-05 0.338642 0.661258
0.32784 0.351961 0.3202
0.383887 0.219062 0.397051
0.260946 0.28118 0.457874
0.553957 0.445943 9.99912E-05
9.99912E-05 0.304061 0.695839
9.999E-05 9.999E-05 0.9998
0.267964 0.654843 0.077193
0.556817 0.443083 9.99912E-05
0.626936 0.144347 0.228717
0.944148 0.0557518 9.99912E-05
0.172327 0.52733 0.300343
0.487678 0.0422747 0.470048
0.380489 9.99912E-05 0.619411
0.170165 0.351757 0.478078
0.349683 0.650217 9.99912E-05
0.370798 0.629102 9.99912E-05
0.9998 9.999E-05 9.999E-05
0.683371 9.99913E-05 0.316529
9.99912E-05 0.540403 0.459497
0.350844 9.99912E-05 0.649056
9.999E-05 9.999E-05 0.9998
9.999E-05 9.999E-05 0.9998
9.99912E-05 0.191447 0.808453
0.501566 0.0310577 0.467377
0.644816 9.99912E-05 0.355084
9.999E-05 9.999E-05 0.9998
0.402747 9.99912E-05 0.597153
0.0541898 9.99912E-05 0.94571
0.148532 0.511602 0.339866
0.64551 0.35439 9.99912E-05
0.707301 9.99912E-05 0.292599
9.99912E-05 0.536898 0.463002
0.221535 0.20464 0.573825
0.349565 0.650335 9.99913E-05
0.969023 0.0308773 9.99912E-05
9.99911E-05 0.464307 0.535593
0.48943 0.499685 0.0108856
9.999E-05 0.9998 9.999E-05
0.834886 0.165014 9.99912E-05
0.283387 0.270344 0.446268
0.253523 0.584919 0.161558
0.42368 0.30324 0.273079
9.99912E-05 0.63421 0.36569
0.391585 0.608315 9.99912E-05
0.352812 0.198386 0.448802
0.92659 0.0733098 9.99913E-05
9.99913E-05 0.849523 0.150377
0.637173 9.99912E-05 0.362727
0.258886 9.99913E-05 0.741014
0.136883 0.657972 0.205145
0.914595 0.0853048 9.99913E-05
9.99912E-05 0.433306 0.566594
9.99912E-05 0.129704 0.870196
0.577452 0.0527337 0.369814
0.265031 0.0656535 0.669315
0.148407 0.559483 0.29211
9.99912E-05 0.754482 0.245418
9.999E-05 9.999E-05 0.9998
0.501426 0.155141 0.343433
9.99913E-05 0.276491 0.723409
9.999E-05 9.999E-05 0.9998
0.0665994 0.26052 0.67288
9.99912E-05 0.646106 0.353794
9.99913E-05 0.66732 0.33258
0.211515 0.511516 0.276969
9.99913E-05 0.79137 0.20853
0.324104 0.648192 0.0277038
0.2933 9.99913E-05 0.7066
0.0646604 0.824202 0.111137
0.522009 0.477891 9.99912E-05
0.677343 9.99912E-05 0.322557
9.99912E-05 0.719641 0.280259
9.999E-05 9.999E-05 0.9998
0.410127 0.589773 9.99912E-05
0.9998 9.999E-05 9.999E-05
0.232928 0.766972 9.99912E-05
0.0185528 0.534633 0.446815
0.279275 0.393853 0.326872
9.99913E-05 0.0835195 0.91638
0.220491 0.779409 9.99912E-05
0.951334 9.99912E-05 0.0485659
9.999E-05 0.9998 9.999E-05
9.99912E-05 0.822081 0.177819
0.187147 0.641991 0.170863
0.146539 0.853361 9.99913E-05
9.99913E-05 0.982216 0.0176841
0.147954 0.851946 9.99912E-05
9.99912E-05 0.627623 0.372277
0.0102313 0.292315 0.697453
9.99912E-05 0.414389 0.585511
0.434863 0.322777 0.24236
0.739652 9.99912E-05 0.260248
0.0576787 9.99912E-05 0.942221
9.99912E-05 0.605508 0.394392
0.177833 0.0279814 0.794185
0.0675898 0.366689 0.565721
9.99912E-05 0.501549 0.498351
0.537484 9.99912E-05 0.462416
0.532502 9.99913E-05 0.467398
0.0441558 0.189437 0.766407
0.370609 9.99912E-05 0.629291
9.99913E-05 0.954855 0.0450454
0.431139 0.40853 0.160331
0.534319 0.43095 0.0347307
9.99912E-05 0.671234 0.328666
9.99912E-05 0.804601 0.195299
9.99913E-05 0.155142 0.844758
0.855548 0.144352 9.99913E-05
0.329431 0.670469 9.99912E-05
0.904498 0.095402 9.99912E-05
0.0629415 0.0886864 0.848372
9.99913E-05 0.961814 0.0380862
0.288154 9.99912E-05 0.711746
0.330615 0.599691 0.0696934
9.99912E-05 0.52438 0.47552
0.707399 9.99912E-05 0.292501
0.559885 0.440015 9.99912E-05
0.463384 9.99912E-05 0.536516
0.465073 0.127978 0.406949
9.999E-05 0.9998 9.999E-05
0.927026 0.0728738 9.99913E-05
9.99912E-05 0.178199 0.821701
0.142807 0.571708 0.285485
0.20841 0.118758 0.672832
0.768524 0.231376 9.99913E-05
9.99912E-05 0.462016 0.537884
0.369615 0.395396 0.234989
9.99913E-05 0.307024 0.692876
0.0266898 9.99912E-05 0.97321
0.721048 0.278852 9.99913E-05
0.412523 0.486818 0.100659
9.99912E-05 0.177497 0.822403
0.210061 0.224351 0.565588
0.10381 9.99914E-05 0.89609
9.99912E-05 0.151769 0.848131
0.882807 0.117093 9.99912E-05
9.99913E-05 0.352149 0.647751
0.245705 9.99912E-05 0.754195
0.258044 0.585787 0.156169
9.999E-05 0.9998 9.999E-05
0.573617 0.0472179 0.379165
0.820839 9.99913E-05 0.179061
0.450558 0.549342 9.99912E-05
9.999E-05 9.999E-05 0.9998
0.140799 0.485629 0.373572
9.999E-05 9.999E-05 0.9998
9.99912E-05 0.2172 0.7827
0.0906571 0.48457 0.424773
9.99913E-05 0.354975 0.644925
0.0961095 0.395496 0.508394
0.482751 9.99912E-05 0.517149
9.99912E-05 0.41016 0.58974
0.0685976 0.400888 0.530514
0.958852 0.041048 9.99912E-05
0.760004 0.239896 9.99913E-05
0.0316145 0.968286 9.99912E-05
9.999E-05 0.9998 9.999E-05
0.50591 0.470769 0.0233217
0.473532 0.526368 9.99912E-05
0.293619 9.99913E-05 0.706281
0.376901 0.579614 0.0434855
9.99913E-05 0.785675 0.214225
0.405553 0.204848 0.389599
0.67607 0.32383 9.99912E-05
9.999E-05 0.9998 9.999E-05
0.0994244 0.26792 0.632655
0.299665 0.700235 9.99913E-05
9.999E-05 9.999E-05 0.9998
0.5431 0.4568 9.99912E-05
0.440142 9.99912E-05 0.559758
0.49551 9.99913E-05 0.50439
0.259879 0.534554 0.205567
0.399194 9.99913E-05 0.600706
9.999E-05 0.9998 9.999E-05
0.0136886 0.0403283 0.945983
9.999E-05 0.9998 9.999E-05
0.347835 0.528957 0.123208
0.686516 9.99912E-05 0.313384
0.35242 9.99912E-05 0.64748
9.999E-05 9.999E-05 0.9998
0.0644704 9.99913E-05 0.93543
0.0572611 9.99913E-05 0.942639
0.335198 0.664702 9.99913E-05
0.749994 0.147047 0.102959
0.262951 0.736949 9.99912E-05
0.269909 0.217514 0.512577
0.753687 9.99912E-05 0.246213
9.99913E-05 0.789881 0.210019
9.99913E-05 0.738103 0.261797
0.141753 0.858147 9.99912E-05
0.00342934 0.686187 0.310384
9.99912E-05 0.200729 0.799171
9.99912E-05 0.350793 0.649107
9.99913E-05 0.619262 0.380638
0.613031 9.99913E-05 0.386869
9.99912E-05 0.552101 0.447799
0.0200737 0.530864 0.449063
9.99912E-05 0.722655 0.277245
0.306117 9.99911E-05 0.693783
0.115292 0.29922 0.585488
0.427842 0.572058 9.99913E-05
0.17012 9.99912E-05 0.82978
0.22995 0.442377 0.327673
0.116395 0.440041 0.443563
0.53825 0.46165 9.99913E-05
0.719265 0.280635 9.99912E-05
9.99912E-05 0.391379 0.608521
0.193674 0.433669 0.372657
0.144482 0.855418 9.99912E-05
0.9998 9.999E-05 9.999E-05
0.367014 0.406782 0.226205
0.604829 0.395071 9.99912E-05
9.99913E-05 0.0305682 0.969332
9.99912E-05 0.967147 0.0327531
0.9998 9.999E-05 9.999E-05
9.999E-05 9.999E-05 0.9998
0.909565 9.99912E-05 0.0903355
0.0274035 0.794647 0.177949
0.472993 9.99912E-05 0.526907
0.101895 0.0957954 0.802309
0.562675 9.99912E-05 0.437225
