9.997E-05 9.997E-05 9.997E-05 0.9996 9.997E-05
0.53024 0.143294 9.99825E-05 0.326266 9.99825E-05
9.99736E-05 0.294561 9.99736E-05 0.705139 9.99736E-05
0.790457 9.99739E-05 9.99739E-05 0.209243 9.99739E-05
0.0385182 0.0461139 0.180317 0.734951 9.99912E-05
0.14808 9.99823E-05 9.99823E-05 0.765371 0.0863489
9.99737E-05 0.0795396 9.99737E-05 9.99737E-05 0.92016
9.99824E-05 0.384756 0.576195 9.99824E-05 0.038849
0.0998217 9.99825E-05 9.99825E-05 0.707233 0.192745
9.997E-05 9.997E-05 9.997E-05 0.9996 9.997E-05
0.515012 0.000984223 9.99824E-05 0.483803 9.99824E-05
0.411606 9.99824E-05 9.99824E-05 0.417946 0.170248
9.997E-05 0.9996 9.997E-05 9.997E-05 9.997E-05
0.556206 0.0691461 0.157133 0.217415 9.99912E-05
0.48253 9.99825E-05 0.324686 9.99825E-05 0.192584
9.99737E-05 9.99737E-05 9.99737E-05 0.504511 0.495189
9.99736E-05 9.99736E-05 9.99736E-05 0.463438 0.536262
0.157939 9.99735E-05 9.99735E-05 0.841761 9.99735E-05
0.109882 0.674942 9.99824E-05 0.214977 9.99824E-05
0.216431 9.99824E-05 0.750312 0.0330573 9.99824E-05
0.381849 9.99824E-05 0.259453 0.358498 9.99824E-05
0.662798 9.99823E-05 0.0904294 9.99823E-05 0.246573
0.9996 9.997E-05 9.997E-05 9.997E-05 9.997E-05
0.0929354 0.890057 9.99823E-05 0.016808 9.99823E-05
0.14266 0.85704 9.99736E-05 9.99736E-05 9.99736E-05
0.16674 9.99912E-05 0.266003 0.0677027 0.499454
0.458989 9.99737E-05 0.540711 9.99737E-05 9.99737E-05
9.99823E-05 0.300388 9.99823E-05 0.383874 0.315538
0.124871 9.99825E-05 0.5135 0.361429 9.99825E-05
0.329423 0.0583995 0.537566 0.0375599 0.0370516
0.0345032 9.99825E-05 0.911543 9.99825E-05 0.0537535
0.944379 0.00623769 9.99824E-05 9.99824E-05 0.0491836
0.270962 0.148288 0.58055 9.99826E-05 9.99826E-05
0.164545 0.138971 0.217818 0.103204 0.375463
0.646021 0.193031 9.99825E-05 0.160748 9.99825E-05
0.258102 9.99912E-05 0.0118045 0.319801 0.410192
0.248928 0.180215 0.0416293 9.99912E-05 0.529127
0.0267641 0.295451 9.99912E-05 0.543557 0.134128
0.9996 9.997E-05 9.997E-05 9.997E-05 9.997E-05
9.99913E-05 0.0703668 0.0519674 0.385885 0.491681
0.94398 9.99735E-05 0.0557205 9.99735E-05 9.99735E-05
0.259413 0.000147255 0.542523 0.0759401 0.121976
0.0187247 0.47594 0.344953 9.99912E-05 0.160283
0.159086 0.540512 9.99825E-05 9.99825E-05 0.300202
9.99736E-05 9.99736E-05 0.338692 9.99736E-05 0.661008
0.112285 0.622645 9.99913E-05 0.242668 0.0223021
0.123697 9.99737E-05 9.99737E-05 9.99737E-05 0.876003
0.437914 0.444295 0.0849865 0.0327039 9.99912E-05
9.99737E-05 0.39699 9.99737E-05 9.99737E-05 0.60271
0.176667 0.200563 0.149553 9.99912E-05 0.473117
0.606488 9.99736E-05 9.99736E-05 0.393212 9.99736E-05
9.99736E-05 0.489434 9.99736E-05 9.99736E-05 0.510266
9.99824E-05 0.536666 9.99824E-05 0.406113 0.0570213
9.99734E-05 9.99734E-05 0.294822 0.704878 9.99734E-05
0.263816 0.735884 9.99736E-05 9.99736E-05 9.99736E-05
9.99736E-05 0.634533 9.99736E-05 9.99736E-05 0.365167
0.253339 0.398604 9.99826E-05 9.99826E-05 0.347857
9.99825E-05 0.272468 0.365084 9.99825E-05 0.362248
9.99825E-05 0.55975 9.99825E-05 0.0769872 0.363063
9.997E-05 0.9996 9.997E-05 9.997E-05 9.997E-05
9.99825E-05 9.99825E-05 0.407962 0.58233 0.00950746
9.99735E-05 9.99735E-05 0.32775 9.99735E-05 0.67195
0.60529 0.287318 9.99825E-05 9.99825E-05 0.107192
0.0654998 0.40813 0.52617 9.99826E-05 9.99826E-05
0.353828 0.103008 9.99825E-05 9.99825E-05 0.542964
0.776658 0.223042 9.99735E-05 9.99735E-05 9.99735E-05
0.335316 0.148437 9.99824E-05 9.99824E-05 0.516047
0.390646 9.99825E-05 0.370623 9.99825E-05 0.23853
0.397011 9.99737E-05 9.99737E-05 9.99737E-05 0.602689
0.404544 9.99824E-05 0.228417 9.99824E-05 0.366838
0.292956 0.147569 0.174522 9.99913E-05 0.384853
9.99734E-05 0.620034 0.379666 9.99734E-05 9.99734E-05
9.99825E-05 0.395554 0.18472 9.99825E-05 0.419526
9.997E-05 9.997E-05 9.997E-05 9.997E-05 0.9996
0.717634 9.99738E-05 0.282066 9.99738E-05 9.99738E-05
0.158798 9.99913E-05 0.137765 0.0550998 0.648237
9.99824E-05 0.398756 0.15381 0.447234 9.99824E-05
9.99825E-05 9.99825E-05 0.490825 0.383578 0.125397
0.604798 9.99738E-05 9.99738E-05 9.99738E-05 0.394902
9.99911E-05 0.289252 0.0708925 0.607899 0.031857
0.152467 0.218561 0.311343 9.99912E-05 0.317529
9.99826E-05 9.99826E-05 0.00747624 0.0428388 0.949485
0.248777 0.698619 9.99824E-05 9.99824E-05 0.0524039
9.99823E-05 9.99823E-05 0.411663 0.513167 0.0749708
9.99912E-05 0.319733 0.0997752 0.517889 0.0625028
9.99736E-05 9.99736E-05 0.429068 0.570632 9.99736E-05
9.99737E-05 0.532819 9.99737E-05 0.466881 9.99737E-05
9.99826E-05 0.300612 9.99826E-05 0.0816454 0.617543
0.526824 0.218396 0.25458 9.99827E-05 9.99827E-05
9.99735E-05 9.99735E-05 0.532198 0.467502 9.99735E-05
0.204057 0.245104 0.260309 0.290429 9.99912E-05
9.99737E-05 0.143335 0.856365 9.99737E-05 9.99737E-05
0.0876567 0.329923 9.99824E-05 0.582221 9.99824E-05
0.474136 9.99823E-05 0.458776 0.0668882 9.99823E-05
9.99738E-05 9.99738E-05 0.487801 9.99738E-05 0.511899
0.494472 0.272734 9.99912E-05 0.037018 0.195675
0.172896 0.428222 0.398682 9.99825E-05 9.99825E-05
0.164986 9.99738E-05 0.834715 9.99738E-05 9.99738E-05
9.99824E-05 0.943334 0.0168204 0.0396453 9.99824E-05
0.340983 0.658717 9.99737E-05 9.99737E-05 9.99737E-05
0.659427 9.99825E-05 9.99825E-05 0.211603 0.12877
0.467424 9.99824E-05 0.0734827 9.99824E-05 0.458894
0.0642569 0.414006 9.99824E-05 9.99824E-05 0.521537
9.99736E-05 9.99736E-05 0.640571 9.99736E-05 0.359129
9.99824E-05 0.517512 9.99824E-05 0.0440384 0.438249
9.99737E-05 9.99737E-05 9.99737E-05 0.444276 0.555424
0.0388151 0.578166 0.0209484 0.173284 0.188787
0.0848521 9.99825E-05 9.99825E-05 0.755645 0.159303
9.99825E-05 0.392739 0.280003 0.327059 9.99825E-05
9.99737E-05 9.99737E-05 9.99737E-05 0.472738 0.526963
0.9996 9.997E-05 9.997E-05 9.997E-05 9.997E-05
0.421176 9.99823E-05 9.99823E-05 0.147173 0.431451
0.529924 9.99912E-05 0.0596601 0.00651071 0.403805
9.99823E-05 0.0540914 0.291831 0.653878 9.99823E-05
9.99829E-05 0.210329 9.99829E-05 0.561743 0.227728
9.997E-05 9.997E-05 9.997E-05 9.997E-05 0.9996
9.99736E-05 0.76907 9.99736E-05 0.23063 9.99736E-05
9.99742E-05 0.831683 9.99742E-05 0.168017 9.99742E-05
9.99824E-05 0.769243 9.99824E-05 0.137917 0.0926401
9.99825E-05 0.147618 0.212283 9.99825E-05 0.6399
0.280062 9.99736E-05 0.719638 9.99736E-05 9.99736E-05
9.99736E-05 0.250997 9.99736E-05 9.99736E-05 0.748703
0.167302 0.446478 0.313637 0.0724824 9.99913E-05
9.99913E-05 0.0399669 0.0273806 0.879851 0.052702
9.99736E-05 0.155293 9.99736E-05 9.99736E-05 0.844408
9.99736E-05 0.32506 0.67464 9.99736E-05 9.99736E-05
9.99738E-05 0.335769 0.663931 9.99738E-05 9.99738E-05
9.99739E-05 9.99739E-05 9.99739E-05 0.975659 0.0240408
0.197125 0.366387 0.436288 9.99825E-05 9.99825E-05
9.99736E-05 0.440398 9.99736E-05 9.99736E-05 0.559302
0.178224 0.589595 0.231981 9.99825E-05 9.99825E-05
0.0153101 9.99825E-05 9.99825E-05 0.854232 0.130258
9.99736E-05 0.888011 0.111689 9.99736E-05 9.99736E-05
0.578722 9.99824E-05 9.99824E-05 0.15792 0.263158
9.99737E-05 0.631591 9.99737E-05 0.368109 9.99737E-05
9.99913E-05 0.339305 0.247197 0.247451 0.165947
0.293416 9.99738E-05 9.99738E-05 0.706284 9.99738E-05
0.049994 0.29833 0.0196023 0.0470833 0.58499
9.99737E-05 0.944802 9.99737E-05 0.0548979 9.99737E-05
9.99737E-05 9.99737E-05 9.99737E-05 0.984653 0.0150467
0.108047 0.177869 0.137169 9.99912E-05 0.576815
0.164287 9.9974E-05 9.9974E-05 9.9974E-05 0.835414
0.860272 9.99825E-05 0.0424012 9.99825E-05 0.0971269
0.193453 0.248992 0.516955 0.0405002 9.99912E-05
0.488392 0.00747038 9.99912E-05 0.334625 0.169413
9.99735E-05 9.99735E-05 0.524426 9.99735E-05 0.475274
0.695785 9.99825E-05 0.143349 9.99825E-05 0.160666
0.151018 9.99912E-05 0.0604158 0.517565 0.270901
0.062338 0.937362 9.99737E-05 9.99737E-05 9.99737E-05
9.99737E-05 0.78357 9.99737E-05 0.21613 9.99737E-05
0.757093 0.169401 0.0733053 9.99824E-05 9.99824E-05
0.116403 0.883298 9.99736E-05 9.99736E-05 9.99736E-05
9.99737E-05 0.615292 0.384408 9.99737E-05 9.99737E-05
9.99825E-05 0.0613068 0.564096 0.374398 9.99825E-05
0.3167 0.206881 9.99913E-05 0.43814 0.0381787
0.825201 9.99736E-05 9.99736E-05 0.174499 9.99736E-05
9.997E-05 9.997E-05 9.997E-05 0.9996 9.997E-05
9.99912E-05 0.565038 0.0902704 0.185385 0.159206
0.168714 0.267916 9.99824E-05 9.99824E-05 0.56317
0.828981 9.99739E-05 9.99739E-05 0.170719 9.99739E-05
0.284456 9.99825E-05 9.99825E-05 0.316242 0.399101
0.444803 0.209415 0.232372 9.99911E-05 0.11331
9.99738E-05 9.99738E-05 0.8025 9.99738E-05 0.1972
9.99736E-05 9.99736E-05 9.99736E-05 0.622307 0.377393
9.99826E-05 0.37052 0.0640688 0.565212 9.99826E-05
9.997E-05 9.997E-05 9.997E-05 9.997E-05 0.9996
9.99825E-05 0.366243 0.541959 0.0915982 9.99825E-05
0.0226206 0.228537 0.0587402 0.2999 0.390202
0.152668 0.828603 9.99824E-05 0.0185296 9.99824E-05
9.99738E-05 9.99738E-05 0.673587 9.99738E-05 0.326113
0.34442 9.99824E-05 0.133581 9.99824E-05 0.521799
9.99824E-05 9.99824E-05 0.238235 0.389645 0.371921
0.360092 9.99825E-05 9.99825E-05 0.48512 0.154588
0.799697 0.200003 9.99736E-05 9.99736E-05 9.99736E-05
9.99738E-05 9.99738E-05 9.99738E-05 0.531189 0.468512
0.543729 0.0857629 9.99824E-05 0.370308 9.99824E-05
0.311091 0.161445 0.0021175 0.525246 9.99912E-05
9.99735E-05 0.947788 0.0519118 9.99735E-05 9.99735E-05
9.9974E-05 0.874319 0.125381 9.9974E-05 9.9974E-05
0.00403711 0.891723 9.99823E-05 9.99823E-05 0.10404
0.181409 9.99823E-05 0.253766 9.99823E-05 0.564626
0.00918133 0.468798 9.99823E-05 9.99823E-05 0.521821
0.0951736 9.99825E-05 0.0292886 0.875338 9.99825E-05
9.99737E-05 0.952861 0.0468393 9.99737E-05 9.99737E-05
0.341242 9.99824E-05 0.377245 0.281313 9.99824E-05
9.99826E-05 0.319591 9.99826E-05 0.573386 0.106823
0.318587 9.99824E-05 9.99824E-05 0.499489 0.181725
9.99824E-05 0.0724013 0.275571 9.99824E-05 0.651827
9.99824E-05 0.673886 0.187531 0.138383 9.99824E-05
0.092333 0.752178 9.99825E-05 0.155289 9.99825E-05
0.250435 9.99736E-05 9.99736E-05 0.749265 9.99736E-05
0.635335 9.99823E-05 0.178269 9.99823E-05 0.186196
9.99739E-05 9.99739E-05 0.63602 0.36368 9.99739E-05
9.99736E-05 9.99736E-05 0.0308784 0.968822 9.99736E-05
9.99912E-05 0.137528 0.00132627 0.413027 0.448018
0.743945 0.0568244 0.0216175 0.134525 0.0430887
9.99737E-05 9.99737E-05 9.99737E-05 0.693342 0.306358
9.99825E-05 9.99825E-05 0.170248 0.207198 0.622354
9.99738E-05 0.60806 9.99738E-05 9.99738E-05 0.39164
0.0235701 0.377836 0.152045 0.446449 9.99912E-05
0.0680448 9.99912E-05 0.330615 0.301523 0.299717
0.501767 0.0611332 0.108067 9.99913E-05 0.328933
9.99824E-05 0.255452 0.0194123 9.99824E-05 0.724935
9.99739E-05 0.210047 9.99739E-05 0.789653 9.99739E-05
0.608991 0.390709 9.99738E-05 9.99738E-05 9.99738E-05
9.99912E-05 0.27714 0.363723 0.000614215 0.358422
9.99824E-05 0.560406 0.288118 9.99824E-05 0.151276
0.306884 9.99824E-05 9.99824E-05 0.692446 0.000470008
0.894206 9.9974E-05 0.105494 9.9974E-05 9.9974E-05
9.99825E-05 0.204494 9.99825E-05 0.181334 0.613972
0.119557 0.574947 9.99824E-05 9.99824E-05 0.305297
9.99736E-05 9.99736E-05 9.99736E-05 0.248658 0.751042
0.365766 0.153994 9.99912E-05 0.100953 0.379186
9.99736E-05 9.99736E-05 0.540608 9.99736E-05 0.459092
0.16958 9.99912E-05 0.19625 0.440248 0.193822
9.99825E-05 9.99825E-05 0.849207 0.0740641 0.0765288
9.99825E-05 0.0275639 9.99825E-05 0.594047 0.378189
0.326218 9.99912E-05 0.119308 0.303342 0.251031
0.253965 0.739255 9.99824E-05 0.00658081 9.99824E-05
0.56764 0.43206 9.99736E-05 9.99736E-05 9.99736E-05
9.99913E-05 0.238196 0.399508 0.13979 0.222407
9.99824E-05 0.0777616 9.99824E-05 0.541635 0.380404
0.319338 0.103684 9.99824E-05 9.99824E-05 0.576778
9.99823E-05 9.99823E-05 0.250968 0.521752 0.22708
9.99739E-05 0.254133 9.99739E-05 0.745568 9.99739E-05
9.99824E-05 0.0617789 0.248769 0.689252 9.99824E-05
0.103897 0.438746 9.99823E-05 0.457157 9.99823E-05
9.99912E-05 0.236385 0.652539 0.0919073 0.0190692
0.537459 9.99737E-05 9.99737E-05 9.99737E-05 0.462241
0.186514 9.99912E-05 0.268953 0.206986 0.337447
9.99739E-05 0.453689 0.546012 9.99739E-05 9.99739E-05
0.118718 9.99825E-05 9.99825E-05 0.0817339 0.799348
0.106141 9.99912E-05 0.201552 0.127447 0.56476
0.247931 0.190233 0.37596 0.185776 9.99912E-05
0.235098 0.475452 0.245307 9.99913E-05 0.0440429
9.997E-05 9.997E-05 9.997E-05 0.9996 9.997E-05
0.748649 0.0128423 0.238309 9.99824E-05 9.99824E-05
9.99737E-05 9.99737E-05 0.466365 9.99737E-05 0.533335
0.367844 9.99735E-05 9.99735E-05 9.99735E-05 0.631856
0.667068 0.109073 9.99825E-05 0.22366 9.99825E-05
0.336073 9.99912E-05 0.560644 0.0785666 0.0246166
9.99825E-05 0.402812 0.115988 0.480999 9.99825E-05
0.327732 9.99737E-05 9.99737E-05 0.671968 9.99737E-05
9.99735E-05 9.99735E-05 9.99735E-05 0.642512 0.357188
9.9974E-05 0.629889 9.9974E-05 9.9974E-05 0.369811
0.308836 0.00549974 9.99824E-05 0.685464 9.99824E-05
0.16383 9.99738E-05 9.99738E-05 0.83587 9.99738E-05
9.99824E-05 0.297302 0.0125585 0.689939 9.99824E-05
0.640905 9.99736E-05 9.99736E-05 9.99736E-05 0.358795
0.115724 9.99738E-05 0.883976 9.99738E-05 9.99738E-05
0.528529 0.471171 9.99735E-05 9.99735E-05 9.99735E-05
0.366717 9.99738E-05 9.99738E-05 0.632983 9.99738E-05
0.241758 0.144094 9.99824E-05 9.99824E-05 0.613947
0.318755 0.210337 9.99824E-05 0.470707 9.99824E-05
0.806801 9.99736E-05 9.99736E-05 9.99736E-05 0.192899
9.99824E-05 0.244064 0.104463 9.99824E-05 0.651273
9.99737E-05 0.936776 0.062924 9.99737E-05 9.99737E-05
9.99737E-05 0.273622 0.726078 9.99737E-05 9.99737E-05
0.653677 9.99735E-05 0.346023 9.99735E-05 9.99735E-05
0.0531029 0.127114 9.99823E-05 9.99823E-05 0.819583
0.766645 9.99738E-05 9.99738E-05 9.99738E-05 0.233055
