9.99826E-05 9.99826E-05 0.119277 0.48562 0.394902
0.332648 0.288633 0.378519 9.99824E-05 9.99824E-05
0.401309 9.99738E-05 9.99738E-05 9.99738E-05 0.598391
0.428426 0.519804 9.99825E-05 0.0515694 9.99825E-05
0.268602 9.99824E-05 0.597599 9.99824E-05 0.133598
0.437611 0.182651 9.99825E-05 0.379539 9.99825E-05
0.898589 0.101111 9.99739E-05 9.99739E-05 9.99739E-05
9.99741E-05 0.388137 9.99741E-05 9.99741E-05 0.611563
9.99823E-05 9.99823E-05 0.643551 0.26609 0.0901588
0.364738 0.26504 9.99824E-05 9.99824E-05 0.370022
0.364521 9.99825E-05 0.267152 0.368127 9.99825E-05
0.72182 0.177217 9.99912E-05 0.0691376 0.0317254
9.99736E-05 0.531071 9.99736E-05 0.468629 9.99736E-05
0.133234 0.306209 0.233627 0.289558 0.0373728
0.579431 9.99825E-05 9.99825E-05 0.0655797 0.354789
0.27079 0.49345 0.16444 9.99912E-05 0.07122
0.139107 0.449113 9.99824E-05 0.411579 9.99824E-05
9.99825E-05 0.00964836 0.929137 0.0610148 9.99825E-05
0.493204 0.418231 0.0883646 9.99826E-05 9.99826E-05
0.227901 9.99737E-05 9.99737E-05 0.771799 9.99737E-05
0.412432 0.279846 0.216667 0.0909543 9.99912E-05
0.504687 9.99738E-05 9.99738E-05 0.495013 9.99738E-05
0.728597 0.129084 0.14212 9.99826E-05 9.99826E-05
0.272869 0.110768 0.616162 9.99824E-05 9.99824E-05
9.99824E-05 0.100356 0.52183 0.377614 9.99824E-05
0.61374 0.213089 9.99825E-05 0.172971 9.99825E-05
0.494489 9.99824E-05 0.313974 9.99824E-05 0.191337
0.268026 0.656561 0.0752134 9.99825E-05 9.99825E-05
0.79072 9.99825E-05 9.99825E-05 0.185801 0.0232792
9.99912E-05 0.0660806 0.104307 0.0846355 0.744877
0.720562 9.99736E-05 9.99736E-05 9.99736E-05 0.279138
0.300218 0.0935591 9.99824E-05 0.606023 9.99824E-05
0.782031 0.0869536 9.99912E-05 0.0704015 0.0605141
0.572118 9.99824E-05 9.99824E-05 0.236398 0.191284
0.239698 0.496944 9.99912E-05 0.0399958 0.223263
9.99825E-05 0.692966 0.201213 9.99825E-05 0.105621
0.348543 9.99738E-05 9.99738E-05 0.651157 9.99738E-05
0.392653 9.99912E-05 0.0467921 0.208449 0.352006
0.214104 0.0839877 0.699363 0.00244521 9.99912E-05
0.551858 0.220354 0.216537 9.99912E-05 0.0111502
0.400237 9.99736E-05 9.99736E-05 9.99736E-05 0.599463
9.99912E-05 0.52468 0.280611 0.154708 0.0399004
0.465286 0.534414 9.99735E-05 9.99735E-05 9.99735E-05
0.946498 9.99738E-05 9.99738E-05 0.0532017 9.99738E-05
9.99735E-05 9.99735E-05 0.476367 0.523333 9.99735E-05
0.370574 0.485647 0.143579 9.99824E-05 9.99824E-05
0.0611867 9.99825E-05 0.791679 0.146935 9.99825E-05
0.161329 0.308936 9.99825E-05 0.529536 9.99825E-05
9.99738E-05 9.99738E-05 0.877915 0.121785 9.99738E-05
9.99913E-05 0.110101 0.00230918 0.0878659 0.799623
0.139005 0.450832 0.409963 9.99824E-05 9.99824E-05
0.683238 9.99737E-05 9.99737E-05 0.316462 9.99737E-05
0.532334 0.322668 9.99824E-05 0.144799 9.99824E-05
0.786548 9.99825E-05 0.160751 9.99825E-05 0.0525013
9.99736E-05 0.685319 9.99736E-05 9.99736E-05 0.314381
0.198484 9.99825E-05 0.567992 9.99825E-05 0.233324
9.99735E-05 0.281143 0.718557 9.99735E-05 9.99735E-05
0.304689 0.209332 0.479496 0.00638344 9.99912E-05
9.99737E-05 9.99737E-05 0.791621 0.208079 9.99737E-05
9.99912E-05 0.166606 0.513889 0.161504 0.157901
0.942138 9.9974E-05 0.0575619 9.9974E-05 9.9974E-05
0.191039 0.456368 0.352393 9.99825E-05 9.99825E-05
0.682628 0.105016 9.99824E-05 9.99824E-05 0.212157
0.125442 9.99826E-05 0.346841 0.527517 9.99826E-05
0.151994 0.236853 9.99826E-05 0.610953 9.99826E-05
9.997E-05 0.9996 9.997E-05 9.997E-05 9.997E-05
0.709901 9.99734E-05 9.99734E-05 0.289799 9.99734E-05
9.99826E-05 0.601557 9.99826E-05 0.199366 0.198877
0.270604 9.99825E-05 0.047436 0.68176 9.99825E-05
9.99824E-05 9.99824E-05 0.0471768 0.924238 0.0283854
0.613443 9.99737E-05 9.99737E-05 9.99737E-05 0.386257
9.997E-05 0.9996 9.997E-05 9.997E-05 9.997E-05
9.99824E-05 0.188129 0.446739 0.364932 9.99824E-05
9.997E-05 9.997E-05 9.997E-05 0.9996 9.997E-05
9.99735E-05 0.709748 9.99735E-05 9.99735E-05 0.289952
0.448378 0.217599 9.99911E-05 0.112763 0.221159
0.19829 0.089053 0.110644 0.601913 9.99912E-05
0.289218 9.99825E-05 9.99825E-05 0.581719 0.128863
0.0738703 9.99912E-05 0.355703 0.134054 0.436273
0.380908 0.0754365 0.0607787 0.251982 0.230895
9.99912E-05 0.857475 0.0963755 0.0254035 0.0206456
9.99826E-05 9.99826E-05 0.667698 0.0258822 0.30622
9.99735E-05 0.130289 0.869411 9.99735E-05 9.99735E-05
9.99736E-05 0.872198 0.127502 9.99736E-05 9.99736E-05
0.535135 0.14055 0.0166393 0.307576 9.99912E-05
9.99826E-05 0.173911 0.190642 9.99826E-05 0.635247
0.235737 9.99735E-05 0.763963 9.99735E-05 9.99735E-05
0.72187 0.0892204 0.18871 9.99823E-05 9.99823E-05
9.99913E-05 0.0449916 0.667744 0.210683 0.0764822
0.485817 0.283104 0.0219407 9.99912E-05 0.209038
0.275082 0.450704 0.274014 9.99823E-05 9.99823E-05
0.294203 0.250649 9.99912E-05 0.274804 0.180244
0.384459 0.615241 9.99737E-05 9.99737E-05 9.99737E-05
0.51261 9.99824E-05 0.483042 9.99824E-05 0.00414896
0.0700572 0.3236 9.99912E-05 0.0343832 0.57186
0.626634 0.324914 0.048252 9.99824E-05 9.99824E-05
0.954233 0.0454666 9.99737E-05 9.99737E-05 9.99737E-05
0.582889 9.99824E-05 0.208157 9.99824E-05 0.208754
9.99824E-05 0.551656 9.99824E-05 0.369438 0.0787065
0.321981 0.59812 9.99825E-05 9.99825E-05 0.0796988
9.99825E-05 0.140368 0.834498 9.99825E-05 0.0249344
0.386951 9.99824E-05 0.439166 9.99824E-05 0.173682
9.997E-05 9.997E-05 0.9996 9.997E-05 9.997E-05
0.737896 0.0282743 9.99826E-05 9.99826E-05 0.23363
0.485657 0.196292 0.163719 0.154232 9.99912E-05
0.0455982 0.52423 0.405645 0.0244267 9.99913E-05
9.99737E-05 0.517685 9.99737E-05 0.482015 9.99737E-05
0.513815 0.396412 9.99824E-05 9.99824E-05 0.089573
0.286152 0.121341 0.230332 0.362075 9.99911E-05
9.99823E-05 9.99823E-05 0.556975 0.328106 0.114719
0.555907 0.185893 9.99826E-05 0.258 9.99826E-05
0.238796 9.99824E-05 9.99824E-05 0.418317 0.342687
0.304489 0.472917 9.99824E-05 9.99824E-05 0.222394
0.780486 0.0160132 9.99824E-05 9.99824E-05 0.203301
0.0234956 0.618002 0.337229 0.0211727 9.99913E-05
9.997E-05 9.997E-05 9.997E-05 0.9996 9.997E-05
0.163234 0.460987 9.99912E-05 0.340321 0.035358
0.0666783 0.563591 0.11374 0.25589 9.99913E-05
0.525575 0.0188955 0.198137 0.012527 0.244865
9.99735E-05 9.99735E-05 9.99735E-05 0.266438 0.733262
0.164706 0.537392 9.99912E-05 0.143493 0.154308
9.99825E-05 0.104541 0.469997 9.99825E-05 0.425262
0.546162 9.99824E-05 9.99824E-05 0.150681 0.302957
0.130721 0.363836 9.99825E-05 0.505243 9.99825E-05
0.210897 0.27114 0.517763 9.99825E-05 9.99825E-05
9.99825E-05 0.0335997 9.99825E-05 0.358977 0.607223
9.99739E-05 0.761109 0.238591 9.99739E-05 9.99739E-05
0.0464194 9.99912E-05 0.30224 0.126182 0.525058
0.0375743 9.99912E-05 0.111583 0.312217 0.538526
9.99824E-05 0.716815 0.0594776 9.99824E-05 0.223508
9.99736E-05 9.99736E-05 0.363081 9.99736E-05 0.63662
0.651712 0.0620643 0.100332 0.185792 9.99913E-05
9.99736E-05 9.99736E-05 0.799403 9.99736E-05 0.200297
9.99825E-05 0.173428 9.99825E-05 0.409784 0.416588
0.0615014 9.99912E-05 0.698913 0.181454 0.0580315
0.351081 0.127485 0.0610546 9.99912E-05 0.460279
9.99823E-05 9.99823E-05 0.194006 0.235469 0.570325
0.242485 0.315133 9.99824E-05 9.99824E-05 0.442182
0.330501 9.99823E-05 9.99823E-05 0.435098 0.234201
0.252478 0.613129 9.99823E-05 9.99823E-05 0.134193
0.353509 9.99826E-05 0.375076 0.271215 9.99826E-05
0.245174 0.334722 0.199618 0.078138 0.142347
9.99737E-05 0.863021 0.136679 9.99737E-05 9.99737E-05
0.253665 0.327775 9.99912E-05 0.413407 0.00505321
9.997E-05 0.9996 9.997E-05 9.997E-05 9.997E-05
0.868171 0.131529 9.99736E-05 9.99736E-05 9.99736E-05
0.071233 0.147598 0.262472 0.293495 0.225202
0.469593 0.278672 0.232317 0.0193175 9.99912E-05
0.0163973 0.292484 9.99825E-05 0.690919 9.99825E-05
9.99738E-05 9.99738E-05 9.99738E-05 0.285443 0.714257
0.321608 0.456459 9.99912E-05 0.213271 0.00856118
9.99911E-05 0.208045 0.309359 0.456955 0.0255418
0.283191 0.710767 9.99828E-05 9.99828E-05 0.00584229
9.99825E-05 0.575044 9.99825E-05 0.356338 0.0684184
9.99825E-05 9.99825E-05 0.508532 0.189602 0.301666
0.5221 0.4776 9.99739E-05 9.99739E-05 9.99739E-05
0.130851 0.194892 9.99912E-05 0.618736 0.055421
9.99741E-05 9.99741E-05 0.00296107 0.996739 9.99741E-05
9.99824E-05 0.366736 0.366602 9.99824E-05 0.266462
0.446552 9.99824E-05 0.199636 0.353613 9.99824E-05
0.00862459 0.592531 0.0626842 0.33606 9.99912E-05
0.291413 0.434138 0.055371 9.99912E-05 0.218977
0.0819215 0.311811 9.99912E-05 0.385875 0.220293
0.260599 0.276172 0.173894 9.99912E-05 0.289236
0.110317 0.175068 0.0857272 0.51385 0.115038
9.99739E-05 9.99739E-05 0.205074 9.99739E-05 0.794626
0.695431 9.99738E-05 9.99738E-05 0.304269 9.99738E-05
9.99734E-05 9.99734E-05 0.500254 0.499446 9.99734E-05
0.191129 9.99736E-05 9.99736E-05 0.808571 9.99736E-05
9.99824E-05 0.473933 0.4256 0.100267 9.99824E-05
9.99741E-05 0.146241 0.85346 9.99741E-05 9.99741E-05
0.187271 0.200348 9.99825E-05 0.612181 9.99825E-05
9.99824E-05 0.214962 0.700674 9.99824E-05 0.0841642
9.99736E-05 9.99736E-05 9.99736E-05 0.614268 0.385432
0.869494 0.130206 9.99735E-05 9.99735E-05 9.99735E-05
0.611517 0.259258 9.99826E-05 9.99826E-05 0.129025
0.78862 9.99735E-05 0.21108 9.99735E-05 9.99735E-05
9.99736E-05 0.642256 9.99736E-05 0.357444 9.99736E-05
0.698389 9.99736E-05 0.301311 9.99736E-05 9.99736E-05
0.673852 9.99734E-05 0.325848 9.99734E-05 9.99734E-05
0.273427 0.396729 9.99825E-05 9.99825E-05 0.329644
0.285566 0.0198019 0.0331385 0.661394 9.99913E-05
9.99741E-05 9.99741E-05 0.23062 9.99741E-05 0.76908
0.256375 9.99737E-05 9.99737E-05 9.99737E-05 0.743325
0.315844 9.99827E-05 0.0643563 9.99827E-05 0.619599
0.26973 0.621236 0.0715866 0.0373476 9.99912E-05
0.592925 0.0867212 0.320154 9.99825E-05 9.99825E-05
0.313421 0.159048 9.99824E-05 9.99824E-05 0.527331
0.905768 9.99735E-05 9.99735E-05 0.0939318 9.99735E-05
9.99824E-05 0.312993 9.99824E-05 0.270747 0.416061
0.397308 9.99912E-05 0.302889 0.247847 0.0518563
0.152555 9.99824E-05 0.202674 0.644571 9.99824E-05
0.34476 0.260264 0.13421 9.99912E-05 0.260666
0.518535 9.99826E-05 0.0281197 9.99826E-05 0.453145
0.000241353 0.815404 9.99825E-05 0.184154 9.99825E-05
0.833783 9.99912E-05 0.125049 0.0392098 0.00185845
0.136316 0.00744522 9.99912E-05 0.522389 0.33375
0.356207 0.160721 9.99826E-05 0.482872 9.99826E-05
0.257583 9.99737E-05 0.742117 9.99737E-05 9.99737E-05
0.628541 0.371159 9.99735E-05 9.99735E-05 9.99735E-05
0.153545 0.253743 0.160437 0.432176 9.99913E-05
0.592993 0.0312896 0.375517 9.99824E-05 9.99824E-05
9.99825E-05 0.135198 9.99825E-05 0.733341 0.13126
0.544615 0.13961 9.99825E-05 0.315575 9.99825E-05
0.437879 9.99824E-05 0.412728 0.149193 9.99824E-05
0.0964298 0.418405 0.472257 9.99913E-05 0.0128079
0.657198 0.275157 9.99824E-05 0.0674445 9.99824E-05
0.21834 0.160234 9.99913E-05 0.0726671 0.548659
9.99913E-05 0.179799 0.747481 0.0154801 0.0571399
0.639823 9.99735E-05 9.99735E-05 0.359877 9.99735E-05
9.997E-05 9.997E-05 9.997E-05 9.997E-05 0.9996
0.58586 9.99736E-05 9.99736E-05 0.41384 9.99736E-05
0.298781 0.700919 9.99738E-05 9.99738E-05 9.99738E-05
9.99739E-05 0.663792 9.99739E-05 9.99739E-05 0.335908
0.630753 0.0715181 9.99825E-05 0.297529 9.99825E-05
0.9996 9.997E-05 9.997E-05 9.997E-05 9.997E-05
0.00630137 9.99824E-05 9.99824E-05 0.765431 0.228068
0.0706104 0.255246 0.566022 0.108022 9.99912E-05
9.997E-05 0.9996 9.997E-05 9.997E-05 9.997E-05
9.997E-05 0.9996 9.997E-05 9.997E-05 9.997E-05
9.99912E-05 0.286748 0.0347185 0.464806 0.213627
0.257298 9.99913E-05 0.313173 0.325523 0.103907
0.497864 9.99823E-05 9.99823E-05 0.307514 0.194422
9.99826E-05 0.426038 0.00985064 0.563911 9.99826E-05
0.281687 0.0679749 0.618883 0.0313556 9.99912E-05
0.455602 9.99824E-05 9.99824E-05 0.129047 0.415151
0.10763 0.222669 0.171468 0.151355 0.346879
0.34391 0.125694 0.530196 9.99824E-05 9.99824E-05
9.99825E-05 0.424781 0.116036 0.458983 9.99825E-05
9.99825E-05 0.0980099 0.406692 0.495098 9.99825E-05
0.344151 0.368485 0.0972153 0.190048 9.99912E-05
9.997E-05 9.997E-05 0.9996 9.997E-05 9.997E-05
0.396403 0.603297 9.99736E-05 9.99736E-05 9.99736E-05
0.449585 0.0609636 0.382381 9.99913E-05 0.106971
0.342643 9.99912E-05 0.2257 0.274439 0.157118
0.200899 0.30666 9.99912E-05 0.161971 0.33037
0.120813 0.868047 9.99826E-05 0.01094 9.99826E-05
0.9996 9.997E-05 9.997E-05 9.997E-05 9.997E-05
0.370092 0.32577 9.99824E-05 0.303939 9.99824E-05
0.000625165 0.567831 0.264639 0.166805 9.99912E-05
9.99824E-05 9.99824E-05 0.0399902 0.408269 0.55154
0.3288 9.99738E-05 0.6709 9.99738E-05 9.99738E-05
0.166481 9.99825E-05 0.4833 9.99825E-05 0.350019
0.541691 0.254359 9.99824E-05 0.203751 9.99824E-05
0.469229 0.380032 0.0713436 9.99912E-05 0.0792953
0.319464 0.545708 0.115855 9.99912E-05 0.0188729
0.0623112 0.263916 9.99912E-05 0.0535114 0.620161
9.99738E-05 0.910998 0.0887022 9.99738E-05 9.99738E-05
0.9996 9.997E-05 9.997E-05 9.997E-05 9.997E-05
0.150734 0.206656 0.154823 0.359946 0.127841
9.99737E-05 0.236737 9.99737E-05 0.762963 9.99737E-05
0.488381 0.0989475 0.267494 0.145078 9.99912E-05
9.99736E-05 0.848708 9.99736E-05 0.150992 9.99736E-05
0.385706 9.99826E-05 0.482827 9.99826E-05 0.131266
0.589945 9.99739E-05 9.99739E-05 9.99739E-05 0.409755
9.99823E-05 9.99823E-05 0.25477 0.261936 0.483094
9.99824E-05 0.0873306 9.99824E-05 0.514176 0.398294
0.172771 0.514444 9.99824E-05 9.99824E-05 0.312584
9.99912E-05 0.318732 0.370413 0.158377 0.152377
0.289923 0.344952 9.99825E-05 0.364925 9.99825E-05
0.360344 0.195783 0.18276 0.261013 9.99913E-05
