0.656961 0.10368 9.9982E-05 9.9982E-05 0.239158
0.9271 0.0726003 9.9973E-05 9.9973E-05 9.9973E-05
0.423428 0.0763787 9.9982E-05 9.9982E-05 0.499993
0.70177 9.99821E-05 0.17316 0.124871 9.99821E-05
0.0480015 9.9973E-05 9.9973E-05 0.951699 9.9973E-05
9.9973E-05 9.9973E-05 0.901301 9.9973E-05 0.0983995
0.0306057 9.9991E-05 0.0742454 0.412285 0.482764
0.947464 9.99731E-05 9.99731E-05 9.99731E-05 0.0522361
9.99731E-05 0.306791 0.692909 9.99731E-05 9.99731E-05
9.997E-05 9.997E-05 9.997E-05 0.9996 9.997E-05
9.99731E-05 9.99731E-05 9.99731E-05 0.527002 0.472698
0.911136 9.9973E-05 0.0885643 9.9973E-05 9.9973E-05
0.0271034 0.254768 0.0712 0.520206 0.126722
0.107394 9.9982E-05 9.9982E-05 0.247146 0.64526
9.9982E-05 0.0639489 0.0279974 0.907854 9.9982E-05
9.99821E-05 0.940124 0.0142393 9.99821E-05 0.0454363
0.861868 9.9973E-05 0.137832 9.9973E-05 9.9973E-05
9.999E-05 0.258974 0.338672 0.325409 0.0768455
0.0375358 9.9973E-05 0.962164 9.9973E-05 9.9973E-05
9.99731E-05 0.958802 0.0408977 9.99731E-05 9.99731E-05
0.0507091 0.805778 0.128594 0.0148197 9.9991E-05
9.99821E-05 0.258504 0.621754 0.119541 9.99821E-05
9.999E-05 0.838856 0.0292653 0.12115 0.010629
0.511303 0.225073 0.097561 0.0215654 0.144498
9.9982E-05 0.00775713 0.0314408 9.9982E-05 0.960602
9.99731E-05 0.372528 9.99731E-05 0.627172 9.99731E-05
0.804329 9.99731E-05 9.99731E-05 9.99731E-05 0.195371
0.0344195 9.9991E-05 0.635724 0.305102 0.0246545
0.926721 0.0729793 9.99732E-05 9.99732E-05 9.99732E-05
0.379887 9.99731E-05 0.619813 9.99731E-05 9.99731E-05
9.997E-05 9.997E-05 9.997E-05 9.997E-05 0.9996
9.997E-05 9.997E-05 9.997E-05 9.997E-05 0.9996
9.9973E-05 9.9973E-05 9.9973E-05 0.72754 0.27216
9.9973E-05 9.9973E-05 0.897755 9.9973E-05 0.101945
0.89378 9.9991E-05 0.0790285 0.00896674 0.018125
9.9973E-05 0.836511 0.163189 9.9973E-05 9.9973E-05
9.9973E-05 0.146048 0.853652 9.9973E-05 9.9973E-05
9.9982E-05 0.0131613 0.938892 9.9982E-05 0.0477465
0.0440776 9.9991E-05 0.147039 0.148783 0.659999
0.20893 9.99821E-05 0.75021 0.0406602 9.99821E-05
0.209364 9.9973E-05 0.790336 9.9973E-05 9.9973E-05
0.810924 9.9973E-05 0.188776 9.9973E-05 9.9973E-05
9.997E-05 0.9996 9.997E-05 9.997E-05 9.997E-05
9.997E-05 9.997E-05 9.997E-05 9.997E-05 0.9996
9.99731E-05 0.323009 9.99731E-05 0.676691 9.99731E-05
0.969684 0.0300161 9.99731E-05 9.99731E-05 9.99731E-05
9.9973E-05 0.768233 0.231467 9.9973E-05 9.9973E-05
9.99731E-05 0.092133 0.907567 9.99731E-05 9.99731E-05
0.119677 0.517979 9.99821E-05 0.362144 9.99821E-05
9.9982E-05 0.635795 0.326312 0.0376937 9.9982E-05
