0.152672 9.9982E-05 0.572854 0.274274 9.9982E-05
0.0490164 9.9973E-05 0.950684 9.9973E-05 9.9973E-05
0.0616443 9.9982E-05 0.396323 0.541832 9.9982E-05
9.999E-05 0.0514484 0.656702 0.0717611 0.219988
9.9973E-05 0.946278 0.0534221 9.9973E-05 9.9973E-05
9.9973E-05 9.9973E-05 9.9973E-05 0.0775135 0.922187
0.0775683 0.400953 9.9991E-05 0.479401 0.0419773
0.0441528 9.99821E-05 0.920028 0.0356192 9.99821E-05
0.460527 9.99731E-05 9.99731E-05 9.99731E-05 0.539173
9.997E-05 0.9996 9.997E-05 9.997E-05 9.997E-05
9.99731E-05 0.698071 9.99731E-05 0.301629 9.99731E-05
9.9973E-05 9.9973E-05 0.899288 9.9973E-05 0.100412
0.143985 0.568152 9.9991E-05 0.146589 0.141174
9.999E-05 0.109573 0.014246 0.808848 0.0672329
0.0785839 0.899012 9.9982E-05 9.9982E-05 0.0222038
0.902453 9.99731E-05 9.99731E-05 0.097247 9.99731E-05
9.9982E-05 0.0195046 0.969833 9.9982E-05 0.010462
0.356185 0.281684 9.9991E-05 0.0843542 0.277677
9.997E-05 9.997E-05 9.997E-05 9.997E-05 0.9996
0.950377 9.99821E-05 0.02625 9.99821E-05 0.0231732
0.84069 9.99731E-05 9.99731E-05 9.99731E-05 0.15901
0.392804 0.0269052 0.143723 9.9991E-05 0.436468
0.849633 0.144163 9.9982E-05 0.00600362 9.9982E-05
0.128179 0.139392 0.523718 0.103674 0.105038
9.9973E-05 9.9973E-05 9.9973E-05 0.91692 0.0827797
0.414797 0.584903 9.9973E-05 9.9973E-05 9.9973E-05
9.9982E-05 9.9982E-05 0.632978 0.323507 0.043315
9.99821E-05 0.332004 9.99821E-05 0.0604846 0.607311
0.0741825 9.99731E-05 0.925518 9.99731E-05 9.99731E-05
0.00120632 9.99821E-05 0.346878 9.99821E-05 0.651715
9.997E-05 9.997E-05 9.997E-05 0.9996 9.997E-05
9.997E-05 9.997E-05 9.997E-05 0.9996 9.997E-05
9.9973E-05 0.746563 9.9973E-05 0.253137 9.9973E-05
0.0582484 9.9982E-05 9.9982E-05 0.0669989 0.874553
9.9991E-05 0.0254669 0.860597 0.021581 0.0922549
0.856532 9.9973E-05 9.9973E-05 9.9973E-05 0.143168
0.183679 9.9973E-05 9.9973E-05 9.9973E-05 0.816022
0.0287165 0.0241727 9.9991E-05 0.0476013 0.89941
9.9991E-05 0.576897 0.211024 0.1624 0.0495787
9.99821E-05 0.0882682 0.0945852 9.99821E-05 0.816947
9.9973E-05 9.9973E-05 0.211105 9.9973E-05 0.788595
9.9973E-05 9.9973E-05 0.865343 9.9973E-05 0.134357
0.991024 9.99731E-05 0.00867576 9.99731E-05 9.99731E-05
9.997E-05 9.997E-05 9.997E-05 0.9996 9.997E-05
0.287666 0.712034 9.99731E-05 9.99731E-05 9.99731E-05
0.000498773 9.99731E-05 0.999201 9.99731E-05 9.99731E-05
0.724797 9.9973E-05 9.9973E-05 9.9973E-05 0.274903
0.14967 9.99731E-05 9.99731E-05 9.99731E-05 0.85003
0.339726 0.57675 0.0833244 9.99821E-05 9.99821E-05
0.482553 0.104721 9.9982E-05 9.9982E-05 0.412526
