9.9946E-05 0.0285323 9.9946E-05 9.9946E-05 9.9946E-05 0.175387 9.9946E-05 0.0948544 9.9946E-05 0.700627
9.9928E-05 9.9928E-05 0.0939625 9.9928E-05 9.9928E-05 9.9928E-05 9.9928E-05 9.9928E-05 9.9928E-05 0.905238
0.0114491 9.99461E-05 9.99461E-05 9.99461E-05 9.99461E-05 9.99461E-05 9.99461E-05 0.709207 0.019241 0.259504
9.99461E-05 9.99461E-05 0.190777 9.99461E-05 0.102168 0.237982 9.99461E-05 9.99461E-05 0.468474 9.99461E-05
9.9955E-05 0.792995 9.9955E-05 9.9955E-05 9.9955E-05 0.0434318 0.0561589 0.0845535 0.0223615 9.9955E-05
9.9937E-05 9.9937E-05 0.0661279 9.9937E-05 0.774387 9.9937E-05 9.9937E-05 9.9937E-05 9.9937E-05 0.158786
9.9955E-05 9.9955E-05 0.0598802 0.0797314 9.9955E-05 0.0807024 0.665216 0.11397 9.9955E-05 9.9955E-05
0.00266628 9.99462E-05 9.99462E-05 9.99462E-05 9.99462E-05 9.99462E-05 9.99462E-05 0.0549544 0.750996 0.190784
9.99371E-05 9.99371E-05 0.0175767 0.500527 0.481197 9.99371E-05 9.99371E-05 9.99371E-05 9.99371E-05 9.99371E-05
9.99281E-05 0.326711 9.99281E-05 9.99281E-05 9.99281E-05 9.99281E-05 0.67249 9.99281E-05 9.99281E-05 9.99281E-05
9.99201E-05 9.99201E-05 9.99201E-05 9.99201E-05 9.99201E-05 9.99201E-05 0.999101 9.99201E-05 9.99201E-05 9.99201E-05
9.9937E-05 9.9937E-05 9.9937E-05 9.9937E-05 0.0965787 9.9937E-05 9.9937E-05 9.9937E-05 0.49558 0.407142
9.9973E-05 0.369698 9.9973E-05 0.190561 9.9973E-05 0.192111 0.221557 0.00612953 0.00835535 0.0112881
9.99201E-05 9.99201E-05 9.99201E-05 9.99201E-05 9.99201E-05 0.999101 9.99201E-05 9.99201E-05 9.99201E-05 9.99201E-05
9.99372E-05 0.992181 9.99372E-05 9.99372E-05 9.99372E-05 9.99372E-05 0.00642837 0.000690659 9.99372E-05 9.99372E-05
9.99282E-05 9.99282E-05 9.99282E-05 0.981797 9.99282E-05 9.99282E-05 9.99282E-05 0.0174038 9.99282E-05 9.99282E-05
9.99281E-05 9.99281E-05 0.022352 9.99281E-05 9.99281E-05 9.99281E-05 9.99281E-05 9.99281E-05 0.976849 9.99281E-05
9.9946E-05 9.9946E-05 9.9946E-05 0.610639 0.0639844 9.9946E-05 0.322758 9.9946E-05 9.9946E-05 0.0020186
9.9928E-05 9.9928E-05 9.9928E-05 9.9928E-05 0.920928 9.9928E-05 9.9928E-05 9.9928E-05 9.9928E-05 0.0782723
0.979495 9.99281E-05 0.0197054 9.99281E-05 9.99281E-05 9.99281E-05 9.99281E-05 9.99281E-05 9.99281E-05 9.99281E-05
0.160378 0.101448 9.99462E-05 0.641031 9.99462E-05 9.99462E-05 9.99462E-05 9.99462E-05 0.0965443 9.99462E-05
9.99461E-05 9.99461E-05 9.99461E-05 0.457964 0.251274 9.99461E-05 0.0259281 9.99461E-05 0.264235 9.99461E-05
0.0131705 0.178766 9.99372E-05 0.807364 9.99372E-05 9.99372E-05 9.99372E-05 9.99372E-05 9.99372E-05 9.99372E-05
9.99201E-05 9.99201E-05 0.999101 9.99201E-05 9.99201E-05 9.99201E-05 9.99201E-05 9.99201E-05 9.99201E-05 9.99201E-05
0.0268158 9.99371E-05 9.99371E-05 9.99371E-05 0.00691108 9.99371E-05 9.99371E-05 0.965574 9.99371E-05 9.99371E-05
9.99281E-05 0.918065 9.99281E-05 0.0811358 9.99281E-05 9.99281E-05 9.99281E-05 9.99281E-05 9.99281E-05 9.99281E-05
9.994E-05 9.994E-05 0.532211 9.994E-05 9.994E-05 0.180852 9.994E-05 0.00425231 0.282085 9.994E-05
9.99461E-05 0.066388 9.99461E-05 0.0348795 0.504915 0.393218 9.99461E-05 9.99461E-05 9.99461E-05 9.99461E-05
9.99201E-05 9.99201E-05 9.99201E-05 9.99201E-05 9.99201E-05 9.99201E-05 9.99201E-05 9.99201E-05 9.99201E-05 0.999101
0.0299154 9.99372E-05 9.99372E-05 9.99372E-05 0.412992 9.99372E-05 9.99372E-05 9.99372E-05 0.556393 9.99372E-05
9.99371E-05 9.99371E-05 9.99371E-05 9.99371E-05 9.99371E-05 0.0598314 0.340493 0.598976 9.99371E-05 9.99371E-05
9.99372E-05 0.0369667 9.99372E-05 9.99372E-05 9.99372E-05 0.00662568 9.99372E-05 0.955708 9.99372E-05 9.99372E-05
9.9946E-05 0.176124 9.9946E-05 9.9946E-05 9.9946E-05 0.00797532 0.804971 9.9946E-05 0.0103297 9.9946E-05
9.99371E-05 9.99371E-05 9.99371E-05 0.0156231 0.887977 9.99371E-05 9.99371E-05 0.0957009 9.99371E-05 9.99371E-05
9.99281E-05 9.99281E-05 0.139318 9.99281E-05 9.99281E-05 9.99281E-05 9.99281E-05 9.99281E-05 0.859883 9.99281E-05
0.108751 9.99281E-05 9.99281E-05 0.89045 9.99281E-05 9.99281E-05 9.99281E-05 9.99281E-05 9.99281E-05 9.99281E-05
0.140699 9.9946E-05 9.9946E-05 0.095597 0.715163 9.9946E-05 9.9946E-05 9.9946E-05 0.0479414 9.9946E-05
9.99281E-05 9.99281E-05 0.166626 9.99281E-05 0.832574 9.99281E-05 9.99281E-05 9.99281E-05 9.99281E-05 9.99281E-05
9.99461E-05 9.99461E-05 0.396319 9.99461E-05 0.00573135 9.99461E-05 0.584012 0.0133381 9.99461E-05 9.99461E-05
9.99282E-05 9.99282E-05 0.370278 9.99282E-05 0.628922 9.99282E-05 9.99282E-05 9.99282E-05 9.99282E-05 9.99282E-05
9.9928E-05 9.9928E-05 9.9928E-05 9.9928E-05 0.57828 9.9928E-05 9.9928E-05 9.9928E-05 0.42092 9.9928E-05
9.99371E-05 9.99371E-05 9.99371E-05 9.99371E-05 0.0363864 9.99371E-05 9.99371E-05 9.99371E-05 0.932555 0.0303591
0.957423 0.0417778 9.99281E-05 9.99281E-05 9.99281E-05 9.99281E-05 9.99281E-05 9.99281E-05 9.99281E-05 9.99281E-05
9.99371E-05 9.99371E-05 9.99371E-05 9.99371E-05 9.99371E-05 0.0148791 9.99371E-05 0.963243 9.99371E-05 0.0211788
9.99282E-05 0.966032 9.99282E-05 0.033169 9.99282E-05 9.99282E-05 9.99282E-05 9.99282E-05 9.99282E-05 9.99282E-05
9.99371E-05 9.99371E-05 9.99371E-05 0.0227099 9.99371E-05 9.99371E-05 9.99371E-05 9.99371E-05 0.632432 0.344158
0.044434 9.99461E-05 0.0407082 0.805461 0.108797 9.99461E-05 9.99461E-05 9.99461E-05 9.99461E-05 9.99461E-05
9.99372E-05 0.0108639 9.99372E-05 0.110124 0.878312 9.99372E-05 9.99372E-05 9.99372E-05 9.99372E-05 9.99372E-05
0.202003 0.59119 0.181797 9.99462E-05 9.99462E-05 9.99462E-05 9.99462E-05 9.99462E-05 0.0244102 9.99462E-05
0.708372 9.99371E-05 9.99371E-05 9.99371E-05 0.239292 9.99371E-05 0.0516363 9.99371E-05 9.99371E-05 9.99371E-05
