0.224984 9.9946E-05 0.647821 9.9946E-05 0.0767964 9.9946E-05 0.0497991 9.9946E-05 9.9946E-05 9.9946E-05
9.9937E-05 9.9937E-05 0.815742 9.9937E-05 9.9937E-05 9.9937E-05 9.9937E-05 0.0147328 9.9937E-05 0.168825
0.63966 0.0310662 0.285961 9.99461E-05 9.99461E-05 9.99461E-05 9.99461E-05 0.0427122 9.99461E-05 9.99461E-05
9.99281E-05 9.99281E-05 9.99281E-05 9.99281E-05 0.0911965 9.99281E-05 9.99281E-05 9.99281E-05 9.99281E-05 0.908004
0.0438112 0.0268232 9.9964E-05 9.9964E-05 0.00308211 9.9964E-05 0.203194 9.9964E-05 0.70449 0.0181996
9.99417E-05 9.99417E-05 0.128492 0.104677 9.99417E-05 9.99417E-05 9.99417E-05 0.766131 9.99417E-05 9.99417E-05
0.341576 9.9964E-05 9.9964E-05 0.0265343 9.9964E-05 0.0522014 9.9964E-05 0.00796713 0.410497 0.160824
9.99461E-05 0.599933 0.200265 0.175183 0.0240186 9.99461E-05 9.99461E-05 9.99461E-05 9.99461E-05 9.99461E-05
9.99282E-05 9.99282E-05 9.99282E-05 9.99282E-05 9.99282E-05 0.51 9.99282E-05 0.489201 9.99282E-05 9.99282E-05
9.99201E-05 9.99201E-05 9.99201E-05 9.99201E-05 9.99201E-05 9.99201E-05 9.99201E-05 9.99201E-05 0.999101 9.99201E-05
0.020448 9.99373E-05 9.99373E-05 0.0982705 9.99373E-05 9.99373E-05 9.99373E-05 9.99373E-05 0.880582 9.99373E-05
9.99281E-05 0.938008 0.0611927 9.99281E-05 9.99281E-05 9.99281E-05 9.99281E-05 9.99281E-05 9.99281E-05 9.99281E-05
0.263438 0.00583288 9.9964E-05 9.9964E-05 0.012153 0.124329 0.373672 9.9964E-05 0.220174 9.9964E-05
0.647466 9.99372E-05 9.99372E-05 9.99372E-05 0.256883 9.99372E-05 9.99372E-05 9.99372E-05 0.0949505 9.99372E-05
9.99461E-05 9.99461E-05 9.99461E-05 0.00778313 9.99461E-05 9.99461E-05 0.461092 0.0189269 0.511598 9.99461E-05
0.0382494 9.99282E-05 9.99282E-05 9.99282E-05 9.99282E-05 0.960951 9.99282E-05 9.99282E-05 9.99282E-05 9.99282E-05
9.99282E-05 0.97805 9.99282E-05 9.99282E-05 9.99282E-05 9.99282E-05 9.99282E-05 9.99282E-05 9.99282E-05 0.0211504
9.9946E-05 9.9946E-05 9.9946E-05 0.0883086 9.9946E-05 0.485525 9.9946E-05 0.169168 0.256398 9.9946E-05
9.99281E-05 9.99281E-05 0.00569436 9.99281E-05 9.99281E-05 9.99281E-05 9.99281E-05 0.993506 9.99281E-05 9.99281E-05
9.99282E-05 9.99282E-05 9.99282E-05 9.99282E-05 9.99282E-05 0.58714 0.41206 9.99282E-05 9.99282E-05 9.99282E-05
9.99551E-05 0.0468614 9.99551E-05 9.99551E-05 0.0831956 0.566472 0.276931 9.99551E-05 9.99551E-05 0.0260402
9.99551E-05 0.361284 9.99551E-05 9.99551E-05 0.0826636 0.473357 0.0161241 0.0660715 9.99551E-05 9.99551E-05
9.99461E-05 0.00612984 9.99461E-05 9.99461E-05 9.99461E-05 0.777999 0.104551 9.99461E-05 0.11072 9.99461E-05
9.99551E-05 9.99551E-05 0.0292523 0.210241 9.99551E-05 0.108865 0.088428 9.99551E-05 9.99551E-05 0.562713
0.940272 9.99461E-05 9.99461E-05 0.00377324 9.99461E-05 9.99461E-05 0.0256606 0.0296941 9.99461E-05 9.99461E-05
9.9937E-05 9.9937E-05 9.9937E-05 9.9937E-05 9.9937E-05 0.192683 0.401084 9.9937E-05 0.405533 9.9937E-05
0.0579846 9.99281E-05 9.99281E-05 9.99281E-05 9.99281E-05 9.99281E-05 9.99281E-05 9.99281E-05 9.99281E-05 0.941216
9.99201E-05 9.99201E-05 9.99201E-05 9.99201E-05 0.999101 9.99201E-05 9.99201E-05 9.99201E-05 9.99201E-05 9.99201E-05
9.99201E-05 9.99201E-05 0.999101 9.99201E-05 9.99201E-05 9.99201E-05 9.99201E-05 9.99201E-05 9.99201E-05 9.99201E-05
9.99281E-05 0.121607 9.99281E-05 9.99281E-05 0.877594 9.99281E-05 9.99281E-05 9.99281E-05 9.99281E-05 9.99281E-05
0.891885 9.99372E-05 9.99372E-05 0.00232904 9.99372E-05 9.99372E-05 9.99372E-05 9.99372E-05 0.105086 9.99372E-05
0.962879 9.99282E-05 9.99282E-05 9.99282E-05 9.99282E-05 9.99282E-05 9.99282E-05 9.99282E-05 0.0363218 9.99282E-05
0.0765759 9.99371E-05 9.99371E-05 9.99371E-05 9.99371E-05 9.99371E-05 9.99371E-05 9.99371E-05 0.845283 0.0774416
0.0838966 9.99282E-05 9.99282E-05 9.99282E-05 9.99282E-05 9.99282E-05 9.99282E-05 0.915304 9.99282E-05 9.99282E-05
9.9928E-05 0.2253 9.9928E-05 9.9928E-05 9.9928E-05 9.9928E-05 9.9928E-05 9.9928E-05 9.9928E-05 0.7739
9.99281E-05 9.99281E-05 0.0103799 9.99281E-05 9.99281E-05 0.988821 9.99281E-05 9.99281E-05 9.99281E-05 9.99281E-05
9.9946E-05 9.9946E-05 0.00953873 9.9946E-05 0.418518 0.130012 9.9946E-05 0.441332 9.9946E-05 9.9946E-05
0.0271408 9.99551E-05 0.0303332 9.99551E-05 9.99551E-05 0.0265611 9.99551E-05 0.897735 9.99551E-05 0.0177297
9.99201E-05 9.99201E-05 9.99201E-05 0.999101 9.99201E-05 9.99201E-05 9.99201E-05 9.99201E-05 9.99201E-05 9.99201E-05
9.99462E-05 0.0169288 9.99462E-05 9.99462E-05 9.99462E-05 9.99462E-05 0.0124722 0.764062 9.99462E-05 0.205938
9.9937E-05 0.363423 9.9937E-05 9.9937E-05 0.073792 9.9937E-05 9.9937E-05 0.562085 9.9937E-05 9.9937E-05
9.99201E-05 0.999101 9.99201E-05 9.99201E-05 9.99201E-05 9.99201E-05 9.99201E-05 9.99201E-05 9.99201E-05 9.99201E-05
9.99281E-05 9.99281E-05 9.99281E-05 9.99281E-05 9.99281E-05 0.128495 0.870706 9.99281E-05 9.99281E-05 9.99281E-05
0.959175 9.99281E-05 9.99281E-05 0.0400256 9.99281E-05 9.99281E-05 9.99281E-05 9.99281E-05 9.99281E-05 9.99281E-05
0.0141477 9.993E-05 9.993E-05 9.993E-05 9.993E-05 9.993E-05 0.911862 9.993E-05 0.0732908 9.993E-05
9.99461E-05 0.50197 0.270653 9.99461E-05 9.99461E-05 0.0217291 9.99461E-05 9.99461E-05 9.99461E-05 0.205048
9.9964E-05 9.9964E-05 0.0409584 0.0297942 0.0669601 0.808819 0.0108887 0.0421795 9.9964E-05 9.9964E-05
9.99373E-05 9.99373E-05 9.99373E-05 9.99373E-05 9.99373E-05 0.0768705 0.00437598 0.918054 9.99373E-05 9.99373E-05
9.99281E-05 9.99281E-05 9.99281E-05 0.0981144 9.99281E-05 9.99281E-05 0.901086 9.99281E-05 9.99281E-05 9.99281E-05
9.99551E-05 0.101133 9.99551E-05 9.99551E-05 9.99551E-05 0.739844 0.0560414 0.0867012 0.0157803 9.99551E-05
