0.979186 9.99912E-05 0.020714
0.52122 9.99912E-05 0.47868
0.404769 0.595131 9.99912E-05
0.373827 0.626073 9.99913E-05
9.999E-05 9.999E-05 0.9998
0.604208 0.254923 0.140868
0.107386 0.117302 0.775311
9.999E-05 0.166607 0.833293
0.390802 9.99912E-05 0.609098
0.42112 0.57878 9.99912E-05
0.129621 9.99912E-05 0.870279
0.0371857 9.99912E-05 0.962714
9.999E-05 0.9998 9.999E-05
0.121529 0.878371 9.99911E-05
0.0615943 0.0473964 0.891009
0.170854 0.489035 0.340111
0.9998 9.999E-05 9.999E-05
9.999E-05 9.999E-05 0.9998
0.453983 0.19634 0.349677
0.496994 0.502906 9.99914E-05
0.504248 0.495652 9.99913E-05
0.269383 0.265208 0.465409
0.0162337 0.902919 0.0808468
0.547276 9.99912E-05 0.452624
9.999E-05 0.9998 9.999E-05
0.417891 0.518459 0.0636506
0.338205 0.142212 0.519583
0.619265 9.99912E-05 0.380635
9.99912E-05 0.779883 0.220017
9.99913E-05 0.647842 0.352058
9.99912E-05 0.816439 0.183461
0.99379 9.99913E-05 0.00610962
0.9998 9.999E-05 9.999E-05
0.752365 0.247535 9.99913E-05
0.42495 0.57495 9.99913E-05
0.0209579 0.325899 0.653143
0.632512 9.99912E-05 0.367388
0.9998 9.999E-05 9.999E-05
9.99913E-05 0.235179 0.764721
0.113302 0.133527 0.753171
0.0369164 9.99912E-05 0.962984
0.600493 0.136624 0.262883
0.51574 0.156543 0.327717
0.94915 9.99912E-05 0.0507497
9.99912E-05 0.836884 0.163016
9.99912E-05 0.85591 0.14399
0.769281 9.99912E-05 0.230619
0.111714 0.766196 0.122091
0.142731 0.393608 0.463661
9.99912E-05 0.982036 0.017864
0.927506 9.99912E-05 0.0723939
0.237126 0.762774 9.99912E-05
0.660249 0.0448554 0.294896
0.102845 0.897055 9.99911E-05
0.363595 9.99913E-05 0.636305
9.999E-05 9.999E-05 0.9998
0.333003 9.99913E-05 0.666898
9.99912E-05 0.290312 0.709588
9.99912E-05 0.690222 0.309678
0.823145 9.99912E-05 0.176755
9.99913E-05 0.00165683 0.998243
0.692983 0.306917 9.99912E-05
0.178578 9.99913E-05 0.821322
0.298746 0.118364 0.58289
0.597301 9.99913E-05 0.402599
0.475152 9.99913E-05 0.524748
0.0311487 0.866378 0.102473
9.999E-05 9.999E-05 0.9998
0.034905 0.351492 0.613603
0.287571 0.712329 9.99913E-05
0.620543 0.379357 9.99912E-05
0.148374 9.99912E-05 0.851526
0.10252 9.99912E-05 0.89738
0.669187 9.99913E-05 0.330713
9.99912E-05 0.114641 0.885259
0.136555 0.340558 0.522887
0.981936 9.99912E-05 0.0179642
0.809179 0.190721 9.99913E-05
0.750518 9.99912E-05 0.249382
9.99912E-05 0.222926 0.776974
0.390789 9.99912E-05 0.609111
0.686571 9.99913E-05 0.313329
9.99913E-05 0.0519014 0.947999
0.531982 0.214525 0.253494
0.171192 0.828708 9.99912E-05
0.19661 0.80329 9.99912E-05
0.336453 0.663447 9.99913E-05
0.381835 0.330562 0.287603
0.717599 0.167565 0.114836
0.410624 9.99912E-05 0.589276
0.720007 9.99912E-05 0.279893
9.99912E-05 0.874542 0.125358
0.616224 0.383676 9.99912E-05
0.00238364 0.359415 0.638201
0.52557 9.99913E-05 0.47433
9.99913E-05 0.227142 0.772758
0.396841 0.0115461 0.591612
9.999E-05 0.9998 9.999E-05
0.00820723 9.99913E-05 0.991693
9.99913E-05 0.167409 0.832491
0.720114 9.99912E-05 0.279786
9.99913E-05 0.205468 0.794432
9.999E-05 0.9998 9.999E-05
0.0964698 0.493015 0.410515
0.433871 0.313083 0.253046
9.99912E-05 0.0691537 0.930746
0.9998 9.999E-05 9.999E-05
9.99913E-05 0.249874 0.750026
0.543581 0.456319 9.99912E-05
0.172244 0.533826 0.29393
0.759857 9.99912E-05 0.240043
0.737355 0.200516 0.0621286
0.618948 0.380952 9.99913E-05
9.99912E-05 0.992809 0.00709051
0.308603 0.691297 9.99913E-05
0.517615 9.99913E-05 0.482285
0.752213 0.247687 9.99913E-05
0.839439 0.160461 9.99913E-05
0.222112 9.99912E-05 0.777788
0.327539 0.331677 0.340784
9.999E-05 0.9998 9.999E-05
0.57859 9.99913E-05 0.42131
0.9998 9.999E-05 9.999E-05
0.9998 9.999E-05 9.999E-05
0.800848 0.0372887 0.161863
0.115738 0.34134 0.542922
0.779879 0.220021 9.99912E-05
0.804819 9.99912E-05 0.195081
0.734494 9.99912E-05 0.265406
0.623777 0.376123 9.99912E-05
0.438397 0.561503 9.99913E-05
9.99912E-05 0.237065 0.762835
0.92966 0.07024 9.99912E-05
0.711313 0.288587 9.99913E-05
0.446804 0.307807 0.245389
0.202277 0.27353 0.524193
0.588464 0.411436 9.99912E-05
9.999E-05 9.999E-05 0.9998
0.510383 0.138966 0.350651
0.351913 0.647987 9.99912E-05
9.99912E-05 0.76741 0.23249
0.345827 9.99913E-05 0.654073
0.14455 9.99912E-05 0.85535
0.0237488 0.694343 0.281908
0.0846783 0.915222 9.99912E-05
9.99913E-05 0.211462 0.788438
0.0361474 0.963753 9.99913E-05
0.0844097 0.085809 0.829781
0.170277 0.0652733 0.76445
0.250836 0.749065 9.99913E-05
9.999E-05 0.9998 9.999E-05
9.99912E-05 0.125851 0.874049
0.591957 0.329037 0.0790065
0.141035 9.99912E-05 0.858865
0.088408 0.852168 0.0594237
9.99913E-05 0.678598 0.321302
0.9998 9.999E-05 9.999E-05
9.999E-05 0.9998 9.999E-05
9.99912E-05 0.104995 0.894905
9.99912E-05 0.760364 0.239536
0.9998 9.999E-05 9.999E-05
9.99913E-05 0.347651 0.652249
9.999E-05 9.999E-05 0.9998
9.99913E-05 0.171778 0.828122
0.528781 0.471119 9.99912E-05
0.594085 9.99912E-05 0.405815
0.532539 9.99913E-05 0.467361
0.0235917 0.976308 9.99911E-05
0.428418 0.571482 9.99913E-05
9.999E-05 9.999E-05 0.9998
0.61194 0.38796 9.99913E-05
9.999E-05 9.999E-05 0.9998
0.0263951 9.99913E-05 0.973505
0.297324 0.291507 0.411169
0.893196 0.106704 9.99912E-05
0.347253 0.0842245 0.568523
0.681449 0.318451 9.99913E-05
0.997339 9.99912E-05 0.00256071
0.306804 0.410222 0.282975
0.0935651 0.165765 0.74067
0.163507 0.432547 0.403946
9.999E-05 9.999E-05 0.9998
0.557124 9.99912E-05 0.442776
9.99912E-05 0.0842096 0.91569
0.252445 0.747455 9.99912E-05
0.229157 9.99912E-05 0.770743
9.999E-05 9.999E-05 0.9998
0.118996 0.115252 0.765752
9.99913E-05 0.949012 0.0508881
9.99913E-05 0.616669 0.383231
0.9998 9.999E-05 9.999E-05
0.724556 9.99912E-05 0.275344
9.99912E-05 0.403552 0.596348
0.444494 9.99912E-05 0.555406
0.346119 0.491816 0.162065
9.99912E-05 0.549661 0.450239
0.637184 0.342995 0.0198209
0.9998 9.999E-05 9.999E-05
0.641144 0.00567167 0.353184
0.148103 9.99912E-05 0.851797
0.0613858 0.583906 0.354708
0.00119734 0.998703 9.99913E-05
0.574183 9.99912E-05 0.425717
0.596904 9.99912E-05 0.402996
0.524003 0.475897 9.99913E-05
9.999E-05 9.999E-05 0.9998
0.9998 9.999E-05 9.999E-05
0.664437 9.99912E-05 0.335463
0.133007 0.472224 0.394769
0.0983371 0.867285 0.0343774
0.543091 0.285774 0.171134
9.99912E-05 0.630384 0.369516
9.99912E-05 0.963177 0.0367232
0.00729554 9.99912E-05 0.992604
0.270803 0.3534 0.375797
9.99913E-05 0.73704 0.26286
0.30084 0.134792 0.564369
0.26949 9.99912E-05 0.73041
0.373507 9.99912E-05 0.626393
0.44789 9.99912E-05 0.55201
9.99912E-05 0.192451 0.807449
0.586888 9.99912E-05 0.413012
9.99913E-05 0.896914 0.102986
0.409277 0.590623 9.99912E-05
9.99912E-05 0.925556 0.0743441
9.99912E-05 0.111826 0.888074
9.99912E-05 0.108035 0.891865
0.514295 0.485605 9.99913E-05
0.343292 9.99913E-05 0.656608
0.546109 0.317263 0.136628
0.449735 0.550165 9.99912E-05
9.999E-05 0.9998 9.999E-05
0.717821 9.99913E-05 0.282079
0.23061 0.76929 9.99912E-05
0.705244 0.234596 0.0601602
0.440302 0.411654 0.148043
0.443294 0.556606 9.99912E-05
0.545261 9.99912E-05 0.454639
0.854427 0.0245003 0.121073
0.281437 9.99912E-05 0.718463
9.99913E-05 0.36796 0.63194
0.586214 0.386721 0.0270651
0.835436 9.99912E-05 0.164464
0.0883443 9.99912E-05 0.911556
0.00606082 9.99912E-05 0.993839
0.0150607 0.809856 0.175083
9.999E-05 9.999E-05 0.9998
9.999E-05 0.9998 9.999E-05
9.99913E-05 0.0475646 0.952335
9.99912E-05 0.504811 0.495089
0.564372 9.99913E-05 0.435528
0.3051 0.453315 0.241585
0.329977 9.99913E-05 0.669923
0.123906 0.875994 9.99912E-05
0.488199 0.222071 0.28973
0.132261 9.99913E-05 0.867639
0.0869574 0.545207 0.367836
0.180132 0.819768 9.99913E-05
0.255085 0.264394 0.480521
9.99913E-05 0.706611 0.293289
9.999E-05 0.9998 9.999E-05
