0.366371 0.0421243 0.591504
0.918946 0.0809544 9.99912E-05
0.0425561 0.422862 0.534582
0.694942 9.99913E-05 0.304958
9.99912E-05 0.132663 0.867237
0.0677646 0.0851109 0.847125
0.9998 9.999E-05 9.999E-05
0.247458 9.99912E-05 0.752442
0.9998 9.999E-05 9.999E-05
0.990964 0.00893637 9.99913E-05
0.663119 0.336781 9.99912E-05
0.423404 9.99913E-05 0.576496
9.99912E-05 0.713878 0.286022
0.509695 9.99912E-05 0.490205
0.766066 9.99913E-05 0.233834
0.109091 0.543039 0.34787
0.208032 9.99912E-05 0.791868
9.999E-05 9.999E-05 0.9998
0.0342897 0.150027 0.815683
9.999E-05 9.999E-05 0.9998
0.301575 0.349586 0.348839
0.0758571 9.99912E-05 0.924043
9.999E-05 0.9998 9.999E-05
9.99912E-05 0.439734 0.560166
0.272107 0.727793 9.99913E-05
0.48296 0.51694 9.99912E-05
0.311672 0.182436 0.505892
0.18114 0.518092 0.300769
9.99913E-05 0.0197582 0.980142
0.464875 9.99913E-05 0.535025
9.999E-05 9.999E-05 0.9998
0.623892 0.0496385 0.32647
0.691365 9.99913E-05 0.308535
0.371615 9.99912E-05 0.628285
0.115024 0.84795 0.0370261
0.564764 9.99912E-05 0.435136
9.99912E-05 0.588911 0.410989
0.800197 0.19837 0.00143264
0.302515 0.227171 0.470314
0.535268 0.257234 0.207498
0.833958 9.99913E-05 0.165942
0.9998 9.999E-05 9.999E-05
0.577442 0.161499 0.26106
0.16571 9.99912E-05 0.83419
0.944596 0.0553043 9.99913E-05
0.203446 0.288394 0.50816
0.116773 0.140761 0.742466
0.167728 9.99913E-05 0.832172
0.0899508 9.99912E-05 0.909949
9.99913E-05 0.415796 0.584104
0.992432 0.00746828 9.99912E-05
9.99913E-05 0.436112 0.563788
0.0955305 0.638152 0.266317
0.153856 0.56646 0.279684
9.999E-05 9.999E-05 0.9998
0.9998 9.999E-05 9.999E-05
0.280031 0.719869 9.99913E-05
0.925136 9.99912E-05 0.0747639
9.99913E-05 0.766164 0.233736
0.9998 9.999E-05 9.999E-05
9.999E-05 9.999E-05 0.9998
0.182549 0.589559 0.227891
0.430018 0.569882 9.99912E-05
0.9998 9.999E-05 9.999E-05
9.99913E-05 0.172148 0.827752
0.699718 0.300182 9.99912E-05
0.651981 0.0903893 0.25763
0.698995 9.99912E-05 0.300905
0.322993 0.590765 0.0862427
0.447333 0.509656 0.0430106
0.314871 0.685029 9.99913E-05
9.999E-05 9.999E-05 0.9998
0.963375 0.0365246 9.99912E-05
0.100855 9.99913E-05 0.899045
9.99912E-05 0.382998 0.616902
9.999E-05 0.9998 9.999E-05
0.319345 9.99913E-05 0.680555
0.158136 0.506449 0.335415
0.887467 9.99912E-05 0.112433
0.827049 0.0198105 0.153141
0.650509 0.108165 0.241326
0.492322 0.362839 0.144839
9.999E-05 9.999E-05 0.9998
0.425793 9.99912E-05 0.574107
0.499194 0.0639602 0.436846
9.999E-05 0.9998 9.999E-05
9.99912E-05 0.185769 0.814131
0.376854 0.562308 0.0608378
0.238206 0.400014 0.36178
0.364539 9.99912E-05 0.635361
0.395155 0.604745 9.99912E-05
0.295206 9.99912E-05 0.704694
0.459807 0.155386 0.384807
0.853599 9.99912E-05 0.146301
9.99913E-05 0.647611 0.352289
0.364134 0.262322 0.373544
0.65826 0.34164 9.99912E-05
0.778092 0.182555 0.0393539
0.274507 0.725393 9.99913E-05
0.379906 0.469185 0.150908
9.999E-05 9.999E-05 0.9998
0.968646 9.99912E-05 0.0312541
0.0132022 0.986698 9.99913E-05
0.9998 9.999E-05 9.999E-05
9.99912E-05 0.594186 0.405714
0.532791 0.409795 0.0574134
0.382076 9.99913E-05 0.617824
9.99912E-05 0.605355 0.394545
0.499445 0.500455 9.99913E-05
0.655058 0.344842 9.99914E-05
0.258331 0.195984 0.545685
0.229117 0.428256 0.342627
0.223152 0.580966 0.195882
9.99912E-05 0.232246 0.767654
9.99914E-05 0.274705 0.725195
0.191072 9.99913E-05 0.808828
9.999E-05 9.999E-05 0.9998
9.999E-05 9.999E-05 0.9998
0.417864 0.417086 0.165049
0.47563 0.430259 0.0941107
0.572509 0.36729 0.0602013
9.99913E-05 0.32615 0.67375
0.374761 0.322051 0.303188
0.319784 0.616882 0.0633338
0.457471 0.327122 0.215408
0.715791 0.154527 0.129681
9.99913E-05 0.826336 0.173564
0.430457 0.0204146 0.549129
0.270091 0.371923 0.357986
0.607412 0.392488 9.99913E-05
0.376931 9.99912E-05 0.622969
0.143927 0.50419 0.351883
0.9998 9.999E-05 9.999E-05
9.999E-05 0.9998 9.999E-05
9.99912E-05 0.178999 0.820901
0.681503 9.99912E-05 0.318397
9.99912E-05 0.420284 0.579616
0.628044 0.371856 9.99913E-05
0.804177 0.195723 9.99912E-05
0.228868 9.99912E-05 0.771032
9.999E-05 9.999E-05 0.9998
0.238294 9.99912E-05 0.761606
0.13025 0.386505 0.483245
0.9998 9.999E-05 9.999E-05
0.287175 9.99912E-05 0.712725
0.943394 9.99912E-05 0.0565065
0.562983 0.139502 0.297514
0.9998 9.999E-05 9.999E-05
0.803224 9.99913E-05 0.196676
0.334935 0.19821 0.466855
0.942016 0.0578837 9.99912E-05
0.47958 0.304042 0.216378
9.99911E-05 0.899677 0.100223
9.99912E-05 0.461052 0.538848
9.99912E-05 0.279563 0.720337
0.568939 9.99912E-05 0.430961
0.544908 9.99913E-05 0.454992
0.165368 0.834532 9.99912E-05
9.99912E-05 0.23384 0.76606
0.374337 9.99912E-05 0.625563
0.9998 9.999E-05 9.999E-05
0.680039 0.0269525 0.293008
0.9998 9.999E-05 9.999E-05
0.240904 0.404814 0.354282
0.234689 0.0274759 0.737835
0.557358 9.99912E-05 0.442542
0.352477 0.0894243 0.558098
0.9998 9.999E-05 9.999E-05
0.0751243 9.99912E-05 0.924776
0.102055 0.570046 0.327899
0.9998 9.999E-05 9.999E-05
0.323711 0.0123617 0.663928
0.86568 9.99913E-05 0.13422
0.229942 9.99912E-05 0.769958
9.99913E-05 0.899167 0.100733
9.99913E-05 0.0170471 0.982853
0.369434 0.630466 9.99912E-05
0.451037 0.041966 0.506997
9.999E-05 9.999E-05 0.9998
0.478167 0.521733 9.99913E-05
9.99913E-05 0.491001 0.508899
0.157091 0.842809 9.99912E-05
0.378033 0.222002 0.399965
0.281493 0.718408 9.99912E-05
0.660161 0.339739 9.99912E-05
0.979429 9.99913E-05 0.0204709
0.254504 0.0486273 0.696869
0.882907 9.99912E-05 0.116993
0.375261 9.99912E-05 0.624639
0.9998 9.999E-05 9.999E-05
9.999E-05 9.999E-05 0.9998
0.604718 9.99912E-05 0.395182
0.9998 9.999E-05 9.999E-05
0.680178 9.99912E-05 0.319722
9.999E-05 9.999E-05 0.9998
0.416089 0.556579 0.0273314
0.252198 0.53058 0.217222
0.573101 0.39028 0.0366194
0.746208 9.99913E-05 0.253692
0.545401 9.99912E-05 0.454499
9.999E-05 9.999E-05 0.9998
9.99913E-05 0.642501 0.357399
0.6302 0.3697 9.99912E-05
0.105564 0.332724 0.561712
0.425951 9.99912E-05 0.573949
0.0443012 0.93739 0.0183084
0.7816 0.00514106 0.213259
0.254011 9.99912E-05 0.745889
9.999E-05 9.999E-05 0.9998
9.999E-05 9.999E-05 0.9998
0.724179 0.275721 9.99919E-05
0.0856849 9.99912E-05 0.914215
9.99912E-05 0.399923 0.599977
0.107938 0.561585 0.330477
0.771222 0.140177 0.0886011
9.999E-05 9.999E-05 0.9998
0.216689 9.99913E-05 0.783211
0.863257 0.136643 9.99912E-05
0.30739 0.295826 0.396784
0.742177 0.257723 9.99912E-05
0.963024 9.99912E-05 0.0368762
0.2339 0.10164 0.66446
0.122773 9.99912E-05 0.877127
0.252336 0.747564 9.99912E-05
0.288936 0.128161 0.582903
9.999E-05 9.999E-05 0.9998
0.232035 9.99913E-05 0.767865
0.430111 0.462062 0.107827
0.283699 0.0979472 0.618354
9.999E-05 9.999E-05 0.9998
0.477924 0.224425 0.297651
0.227499 0.560243 0.212258
0.103424 0.223236 0.67334
9.99912E-05 0.565707 0.434193
9.999E-05 9.999E-05 0.9998
0.64202 9.99912E-05 0.35788
0.952078 0.0478224 9.99912E-05
0.266205 9.99912E-05 0.733695
0.140528 0.0492338 0.810238
0.298481 0.531247 0.170272
9.99912E-05 0.750288 0.249612
0.724923 9.99913E-05 0.274977
9.999E-05 0.9998 9.999E-05
0.91545 9.99913E-05 0.08445
9.99913E-05 0.259977 0.739923
9.99912E-05 0.046303 0.953597
9.999E-05 9.999E-05 0.9998
0.225264 0.582483 0.192254
9.999E-05 9.999E-05 0.9998
0.136321 0.659687 0.203992
0.173182 0.826718 9.99912E-05
9.99912E-05 0.258838 0.741062
0.413394 0.269445 0.317161
0.571548 9.99912E-05 0.428352
9.99913E-05 0.68016 0.31974
0.459456 9.99912E-05 0.540444
0.105295 0.160449 0.734256
0.188293 9.99912E-05 0.811607
9.99913E-05 0.594064 0.405836
0.18022 9.99913E-05 0.81968
0.516114 0.483786 9.99912E-05
