9.999E-05 9.999E-05 0.9998
0.980755 9.99913E-05 0.0191446
0.573753 9.99912E-05 0.426147
0.930681 9.99912E-05 0.0692193
0.9998 9.999E-05 9.999E-05
0.9998 9.999E-05 9.999E-05
0.900782 0.0991179 9.99913E-05
0.34826 9.99912E-05 0.65164
0.0931893 0.721694 0.185117
9.99913E-05 0.846552 0.153348
0.565166 0.0810996 0.353734
0.328239 9.99913E-05 0.671661
0.436091 0.459849 0.10406
0.439175 0.560725 9.99912E-05
0.9998 9.999E-05 9.999E-05
0.0510216 0.393267 0.555711
0.420707 0.579193 9.99913E-05
0.9998 9.999E-05 9.999E-05
0.602616 9.99913E-05 0.397284
0.451468 9.99912E-05 0.548432
0.938822 0.0292834 0.0318947
9.99912E-05 0.23425 0.76565
0.301803 0.698097 9.99913E-05
0.69379 9.99912E-05 0.30611
0.791879 0.208021 9.99913E-05
9.99913E-05 0.718656 0.281244
0.581742 9.99912E-05 0.418158
9.99912E-05 0.734538 0.265362
0.9998 9.999E-05 9.999E-05
0.309831 9.99912E-05 0.690069
0.9998 9.999E-05 9.999E-05
0.259963 0.210795 0.529242
0.42899 9.99913E-05 0.57091
0.296425 0.202852 0.500723
9.99913E-05 0.264411 0.735489
0.188532 9.99913E-05 0.811368
0.9998 9.999E-05 9.999E-05
0.752853 9.99912E-05 0.247047
0.200629 0.43677 0.362601
0.579012 0.420888 9.99912E-05
0.366022 9.99912E-05 0.633878
0.433619 9.99912E-05 0.566281
9.99912E-05 0.303726 0.696174
0.11603 0.364612 0.519358
0.388682 0.243523 0.367794
9.99912E-05 0.348526 0.651374
0.0382008 0.961699 9.99912E-05
0.484225 9.99912E-05 0.515675
0.801119 0.198781 9.99913E-05
9.999E-05 9.999E-05 0.9998
9.99913E-05 0.363346 0.636554
0.41726 0.15055 0.43219
0.069908 0.929992 9.99912E-05
0.505765 0.285073 0.209162
0.9998 9.999E-05 9.999E-05
0.0744287 0.925471 9.99913E-05
0.177339 0.784492 0.0381689
0.176652 9.99912E-05 0.823248
0.219379 0.227531 0.553091
0.0280754 9.99912E-05 0.971825
0.520768 0.137859 0.341374
0.529023 9.99912E-05 0.470877
0.874523 9.99914E-05 0.125377
0.256578 9.99912E-05 0.743322
9.99912E-05 0.76023 0.23967
9.99912E-05 0.960166 0.0397337
0.121401 0.878499 9.99913E-05
0.00112235 9.99913E-05 0.998778
9.999E-05 0.9998 9.999E-05
0.244811 9.99912E-05 0.755089
0.9998 9.999E-05 9.999E-05
9.99912E-05 0.95884 0.0410602
0.0477088 9.99913E-05 0.952191
0.292139 9.99913E-05 0.707761
9.999E-05 0.9998 9.999E-05
0.462303 0.308094 0.229603
0.395648 0.422807 0.181544
0.0839891 9.99913E-05 0.915911
9.99913E-05 0.676212 0.323688
0.0841655 0.915734 9.99912E-05
9.999E-05 0.9998 9.999E-05
9.999E-05 9.999E-05 0.9998
0.105012 0.859563 0.0354246
0.746007 0.135729 0.118264
9.99913E-05 0.609137 0.390763
0.9998 9.999E-05 9.999E-05
9.999E-05 0.9998 9.999E-05
9.99912E-05 0.540702 0.459198
9.999E-05 0.9998 9.999E-05
0.0211356 0.978764 9.99913E-05
0.339054 0.0812541 0.579692
0.65323 9.99912E-05 0.34667
0.740918 0.258982 9.99913E-05
0.0331621 9.99912E-05 0.966738
0.9998 9.999E-05 9.999E-05
0.9998 9.999E-05 9.999E-05
9.999E-05 0.9998 9.999E-05
0.186738 0.813162 9.99912E-05
9.999E-05 9.999E-05 0.9998
0.184684 0.167323 0.647993
0.99146 0.0084404 9.99912E-05
0.770814 9.99912E-05 0.229086
9.999E-05 0.9998 9.999E-05
0.929574 9.99912E-05 0.0703258
0.758268 0.0214273 0.220305
0.236323 0.763577 9.99912E-05
0.533842 0.21792 0.248237
0.652361 0.347539 9.99913E-05
0.9998 9.999E-05 9.999E-05
0.0703966 0.3443 0.585303
9.99913E-05 0.647564 0.352336
0.0489122 0.950988 9.99913E-05
9.99913E-05 0.21031 0.78959
0.9998 9.999E-05 9.999E-05
9.99913E-05 0.466895 0.533005
0.48902 9.99913E-05 0.51088
0.44419 0.507097 0.048713
0.272788 0.727112 9.99913E-05
0.318296 0.638983 0.0427205
0.897034 0.0414214 0.0615449
0.960867 9.99913E-05 0.0390333
9.99913E-05 0.152831 0.847069
0.639627 0.085197 0.275176
0.732535 9.99912E-05 0.267365
0.666716 9.99913E-05 0.333184
0.229977 0.769923 9.99912E-05
9.999E-05 0.9998 9.999E-05
0.0592625 0.56453 0.376207
0.670821 0.231414 0.0977646
9.99912E-05 0.373155 0.626745
0.396384 0.30714 0.296475
0.0508679 0.368139 0.580993
0.0394877 0.102009 0.858503
0.190371 0.477724 0.331904
0.127549 0.514489 0.357962
0.0569274 0.942973 9.99912E-05
0.716981 9.99913E-05 0.282919
0.835904 9.99912E-05 0.163996
0.453124 9.99912E-05 0.546776
0.528252 0.471648 9.99912E-05
0.358725 9.99913E-05 0.641175
0.945365 0.0545351 9.99912E-05
9.99912E-05 0.478481 0.521419
0.608668 9.99912E-05 0.391232
9.99912E-05 0.936222 0.0636779
0.0725514 0.39628 0.531168
0.570448 0.241109 0.188444
0.0469276 0.535142 0.417931
0.639707 0.360193 9.99912E-05
9.99913E-05 0.774839 0.225061
9.999E-05 9.999E-05 0.9998
0.636436 0.363464 9.99913E-05
9.99913E-05 0.912289 0.0876106
9.99912E-05 0.666542 0.333358
0.309217 9.99913E-05 0.690683
9.99912E-05 0.0936773 0.906223
0.712253 0.287647 9.99912E-05
9.999E-05 9.999E-05 0.9998
9.99913E-05 0.406963 0.592937
0.473316 9.99913E-05 0.526584
0.703423 9.99912E-05 0.296477
9.99912E-05 0.148908 0.850992
9.99912E-05 0.695566 0.304334
9.999E-05 9.999E-05 0.9998
0.43197 0.56793 9.99912E-05
0.9998 9.999E-05 9.999E-05
0.9998 9.999E-05 9.999E-05
0.692958 9.99913E-05 0.306942
0.341376 0.248764 0.409861
0.966283 0.0336171 9.99913E-05
0.06543 0.93447 9.99912E-05
0.791683 0.208217 9.99912E-05
9.99912E-05 0.217285 0.782615
0.41706 0.156683 0.426258
9.99914E-05 0.640266 0.359634
0.258566 0.188426 0.553008
0.630422 0.225316 0.144262
9.999E-05 0.9998 9.999E-05
9.999E-05 0.9998 9.999E-05
0.614598 9.99912E-05 0.385302
9.99912E-05 0.653062 0.346838
0.6402 9.99912E-05 0.3597
0.9998 9.999E-05 9.999E-05
9.99913E-05 0.467807 0.532093
9.999E-05 0.9998 9.999E-05
0.0411001 9.99912E-05 0.9588
9.99912E-05 0.806804 0.193096
0.566782 9.99912E-05 0.433118
9.999E-05 9.999E-05 0.9998
0.700755 9.99913E-05 0.299145
0.9998 9.999E-05 9.999E-05
0.126696 0.141834 0.73147
0.9998 9.999E-05 9.999E-05
0.171337 0.825034 0.00362883
0.146251 0.853649 9.99912E-05
9.99913E-05 0.398323 0.601577
9.99912E-05 0.444421 0.555479
9.999E-05 9.999E-05 0.9998
0.667942 9.99913E-05 0.331958
0.733176 0.266724 9.99912E-05
9.999E-05 0.9998 9.999E-05
0.44488 0.518958 0.0361624
0.644946 0.354954 9.99912E-05
9.99912E-05 0.216424 0.783476
0.365027 0.173324 0.461649
0.887103 9.99912E-05 0.112797
0.537177 0.462723 9.99912E-05
0.280416 0.328518 0.391066
0.11855 0.88135 9.99912E-05
9.999E-05 0.9998 9.999E-05
0.642489 0.222073 0.135437
0.69806 0.30184 9.99912E-05
0.9998 9.999E-05 9.999E-05
0.758161 0.241739 9.99912E-05
0.9998 9.999E-05 9.999E-05
0.9998 9.999E-05 9.999E-05
0.695575 9.99913E-05 0.304325
0.86391 9.99912E-05 0.13599
9.99912E-05 0.707984 0.291916
9.99912E-05 0.77757 0.22233
0.692573 0.0744111 0.233016
0.384914 0.471322 0.143764
0.504258 0.25326 0.242482
9.99913E-05 0.837499 0.162401
0.114264 9.99912E-05 0.885636
0.9998 9.999E-05 9.999E-05
0.252956 9.99912E-05 0.746944
0.794552 9.99912E-05 0.205348
9.99914E-05 0.772181 0.227719
0.215779 9.99912E-05 0.784121
0.915658 0.0842418 9.99913E-05
0.971383 9.99912E-05 0.0285167
9.99912E-05 0.0854389 0.914461
9.99913E-05 0.545822 0.454078
9.99913E-05 0.186125 0.813775
0.852792 9.99912E-05 0.147108
0.330614 0.669286 9.99912E-05
9.99913E-05 0.527122 0.472778
9.99912E-05 0.907948 0.091952
0.100519 0.464435 0.435046
0.9998 9.999E-05 9.999E-05
9.999E-05 9.999E-05 0.9998
0.010712 9.99912E-05 0.989188
0.84505 9.99912E-05 0.15485
0.0503786 0.436419 0.513203
9.999E-05 9.999E-05 0.9998
0.799853 9.99912E-05 0.200047
0.0912376 0.237096 0.671666
0.064496 0.722152 0.213352
0.36712 9.99912E-05 0.63278
0.568331 0.00428132 0.427388
0.159233 0.484799 0.355968
0.220718 9.99912E-05 0.779182
0.1218 9.99912E-05 0.8781
0.964876 0.035024 9.99913E-05
0.0762546 9.99913E-05 0.923645
0.444525 9.99912E-05 0.555375
9.99912E-05 0.92953 0.0703697
0.223217 0.215838 0.560945
0.690883 9.99913E-05 0.309017
0.0453055 0.954594 9.99913E-05
