0.565809 0.434091 9.99912E-05
0.477706 0.438124 0.0841706
0.952284 0.0476163 9.99913E-05
9.999E-05 0.523635 0.476265
9.99912E-05 0.78836 0.21154
0.12803 0.384251 0.487719
0.349221 0.102197 0.548582
0.594636 9.99912E-05 0.405264
0.696665 9.99912E-05 0.303235
9.999E-05 0.9998 9.999E-05
0.510664 0.302569 0.186767
0.0796684 0.695705 0.224627
0.843976 9.99912E-05 0.155924
9.99912E-05 0.453666 0.546234
0.213518 9.99913E-05 0.786382
9.99912E-05 0.201492 0.798408
0.0956068 9.99912E-05 0.904293
0.491381 9.99912E-05 0.508519
0.694557 0.144351 0.161092
0.218136 9.99913E-05 0.781764
9.999E-05 9.999E-05 0.9998
9.99912E-05 0.179597 0.820303
9.99913E-05 0.530016 0.469884
9.999E-05 0.9998 9.999E-05
0.362444 0.531252 0.106304
0.247363 0.693688 0.0589493
0.372081 0.405702 0.222217
0.601756 9.99913E-05 0.398144
0.439533 0.560367 9.99912E-05
9.99912E-05 0.27746 0.72244
0.0752748 0.89866 0.0260649
0.248182 9.99912E-05 0.751718
0.9998 9.999E-05 9.999E-05
0.9998 9.999E-05 9.999E-05
9.99912E-05 0.0251803 0.97472
0.344156 0.0338532 0.62199
0.553357 0.291967 0.154676
0.9998 9.999E-05 9.999E-05
0.159438 0.76537 0.0751918
0.9998 9.999E-05 9.999E-05
0.684431 0.315469 9.99912E-05
0.510427 0.457897 0.0316756
0.97073 0.0291704 9.99912E-05
0.703849 9.99912E-05 0.296051
9.99913E-05 0.724681 0.275219
0.204042 0.795858 9.99912E-05
0.319196 0.512817 0.167987
9.99912E-05 0.577321 0.422579
0.567741 0.0665181 0.365741
0.776796 9.99912E-05 0.223104
0.832477 0.167423 9.99912E-05
0.513692 0.200731 0.285578
9.99912E-05 0.530271 0.469629
0.612404 0.387496 9.99912E-05
9.999E-05 0.9998 9.999E-05
9.999E-05 9.999E-05 0.9998
9.99912E-05 0.381933 0.617967
9.99913E-05 0.147889 0.852011
0.368202 9.99911E-05 0.631698
0.0286785 0.301174 0.670148
0.44081 9.99912E-05 0.559091
0.345986 0.232995 0.421019
0.568619 0.431281 9.99913E-05
9.99912E-05 0.152143 0.847757
0.470086 0.529814 9.99912E-05
9.999E-05 9.999E-05 0.9998
9.99912E-05 0.895797 0.104103
0.097329 0.219107 0.683563
9.99912E-05 0.688166 0.311734
0.542928 0.229635 0.227436
0.695029 0.263551 0.0414195
0.138865 0.861035 9.99912E-05
0.532534 0.467366 9.99912E-05
0.9998 9.999E-05 9.999E-05
0.183457 0.581376 0.235167
0.508092 0.324339 0.16757
0.216737 9.99912E-05 0.783163
9.99913E-05 0.693201 0.306699
9.99912E-05 0.498345 0.501555
0.354301 9.99913E-05 0.645599
0.844206 9.99912E-05 0.155694
0.9998 9.999E-05 9.999E-05
9.999E-05 0.9998 9.999E-05
0.740427 9.99912E-05 0.259473
0.768531 9.99913E-05 0.231369
9.99912E-05 0.0144252 0.985475
0.821592 0.178308 9.99912E-05
9.999E-05 0.9998 9.999E-05
0.333729 0.666171 9.99914E-05
0.558601 9.99912E-05 0.441299
0.09255 0.221026 0.686424
9.99912E-05 0.117478 0.882422
0.283279 0.278147 0.438574
0.604176 0.395724 9.99912E-05
0.69205 0.30785 9.99912E-05
0.166108 0.650545 0.183348
0.0665778 9.99912E-05 0.933322
9.99912E-05 0.651369 0.348531
9.999E-05 9.999E-05 0.9998
0.812807 0.187093 9.99912E-05
0.0835806 0.398456 0.517964
0.516114 9.99912E-05 0.483786
0.199874 0.689777 0.11035
0.452518 0.334758 0.212724
9.99912E-05 0.374008 0.625892
0.710465 9.99912E-05 0.289435
0.633865 9.99912E-05 0.366035
0.496764 0.292221 0.211015
0.174262 9.99912E-05 0.825638
0.28558 0.71432 9.99912E-05
0.110073 0.297799 0.592128
9.99913E-05 0.525473 0.474427
0.720307 0.244657 0.0350364
0.114648 0.885252 9.99912E-05
0.57248 9.99913E-05 0.42742
0.9998 9.999E-05 9.999E-05
0.471331 0.281233 0.247436
0.51565 9.99913E-05 0.48425
0.479742 9.99913E-05 0.520158
0.981396 9.99913E-05 0.0185037
9.99912E-05 0.79556 0.20434
0.453733 9.99912E-05 0.546167
0.486728 0.487471 0.0258005
9.99913E-05 0.588356 0.411544
9.99913E-05 0.0695703 0.93033
0.080049 9.99913E-05 0.919851
0.506262 9.99912E-05 0.493638
9.99912E-05 0.486294 0.513606
0.47362 0.0307694 0.495611
0.37594 0.0984359 0.525625
0.46295 9.99912E-05 0.53695
9.999E-05 0.9998 9.999E-05
0.388291 9.99912E-05 0.611609
0.00428059 0.653689 0.34203
0.743573 0.0458295 0.210597
0.313456 0.0509569 0.635587
0.928863 9.99912E-05 0.0710367
0.379028 0.180001 0.440971
9.99912E-05 0.437821 0.562079
0.222631 0.405671 0.371698
0.864057 9.99912E-05 0.135843
0.278248 0.721652 9.99912E-05
0.0533745 0.43044 0.516185
0.637847 9.99912E-05 0.362053
0.0711369 0.928763 9.99913E-05
0.67409 9.99912E-05 0.32581
0.573165 9.99913E-05 0.426735
0.337204 0.244433 0.418363
0.93533 9.99912E-05 0.0645697
0.778732 0.221168 9.99912E-05
9.99913E-05 0.263867 0.736033
0.717896 9.99912E-05 0.282004
0.433896 0.288837 0.277267
0.404033 0.595867 9.99913E-05
0.9998 9.999E-05 9.999E-05
0.50222 0.46347 0.0343099
0.535185 0.125072 0.339743
0.39594 0.0658427 0.538217
9.99912E-05 0.408361 0.591539
0.796998 0.202902 9.99911E-05
9.99912E-05 0.517644 0.482256
9.999E-05 9.999E-05 0.9998
9.99912E-05 0.238693 0.761207
0.0534972 0.946403 9.99912E-05
0.924837 0.00993716 0.0652263
0.840121 9.99912E-05 0.159779
0.476981 0.129475 0.393544
9.999E-05 9.999E-05 0.9998
0.844632 0.0808901 0.0744777
0.428764 9.99912E-05 0.571136
0.9998 9.999E-05 9.999E-05
9.99912E-05 0.176682 0.823218
0.0301935 0.0666287 0.903178
0.252515 0.13734 0.610146
0.226854 0.773046 9.99912E-05
0.759016 0.184972 0.056012
0.9998 9.999E-05 9.999E-05
0.650168 0.306331 0.0435007
0.0457212 0.693271 0.261008
0.669842 0.330058 9.99912E-05
9.99912E-05 0.408664 0.591236
0.339222 0.660678 9.99912E-05
0.105271 0.834253 0.0604763
0.737323 0.0309355 0.231741
0.621479 0.233748 0.144773
0.349968 0.367136 0.282896
0.984135 0.015765 9.99912E-05
0.724874 0.178429 0.0966971
9.99912E-05 0.251683 0.748217
9.99913E-05 0.164319 0.835581
0.435895 9.99913E-05 0.564005
9.99912E-05 0.593628 0.406272
9.999E-05 9.999E-05 0.9998
9.999E-05 9.999E-05 0.9998
9.99913E-05 0.276904 0.722996
0.341833 9.99912E-05 0.658067
9.999E-05 9.999E-05 0.9998
0.137746 0.862154 9.99912E-05
9.999E-05 9.999E-05 0.9998
9.99913E-05 0.334937 0.664963
0.701681 9.99913E-05 0.298219
0.549338 0.102325 0.348337
0.592245 0.407655 9.99913E-05
0.716571 0.283329 9.99912E-05
0.785433 0.214467 9.99912E-05
0.251125 0.314737 0.434138
9.999E-05 0.9998 9.999E-05
0.0726176 9.99912E-05 0.927282
0.976968 9.99913E-05 0.022932
0.231736 0.741635 0.026629
0.674453 9.99912E-05 0.325447
9.99912E-05 0.123984 0.875916
9.99913E-05 0.783922 0.215978
0.402538 9.99912E-05 0.597362
0.254906 0.56797 0.177124
0.292209 0.707691 9.99913E-05
0.451155 0.548745 9.99912E-05
0.285443 0.674183 0.0403742
9.999E-05 9.999E-05 0.9998
9.999E-05 9.999E-05 0.9998
9.999E-05 9.999E-05 0.9998
0.724539 0.275361 9.99913E-05
9.99912E-05 0.597513 0.402387
9.99912E-05 0.0961645 0.903736
0.532481 0.467419 9.99912E-05
0.182362 0.321367 0.496272
0.373895 0.626005 9.99912E-05
0.131376 9.99912E-05 0.868524
0.9998 9.999E-05 9.999E-05
0.286255 9.99912E-05 0.713645
9.99913E-05 0.77203 0.22787
0.72476 0.27514 9.99912E-05
0.620034 9.99912E-05 0.379866
0.017991 0.981909 9.99912E-05
0.0764877 9.99912E-05 0.923412
0.0964002 0.9035 9.99913E-05
9.999E-05 0.9998 9.999E-05
9.999E-05 9.999E-05 0.9998
9.99913E-05 0.801931 0.197969
9.99912E-05 0.145836 0.854064
9.99913E-05 0.157782 0.842118
0.83779 9.99913E-05 0.16211
9.999E-05 0.9998 9.999E-05
0.564748 0.435152 9.99913E-05
0.410969 9.99912E-05 0.588931
0.428949 0.294211 0.276841
9.99913E-05 0.727211 0.272689
0.109516 9.99912E-05 0.890384
0.847161 0.152739 9.99913E-05
0.67535 0.32455 9.99913E-05
0.780953 0.0766118 0.142435
0.715274 9.99912E-05 0.284626
9.999E-05 0.9998 9.999E-05
0.972085 0.0278146 9.99913E-05
0.315073 0.624113 0.0608144
0.996639 9.99913E-05 0.00326117
0.30459 0.0581398 0.63727
0.908277 9.99912E-05 0.0916227
0.185228 0.547789 0.266982
0.113837 0.463225 0.422938
0.411198 0.588702 9.99912E-05
