0.239128 0.281253 0.479619
0.423976 0.575924 9.99912E-05
0.47538 0.471241 0.0533797
0.36038 0.413664 0.225956
0.729596 0.270304 9.99913E-05
0.509429 0.490471 9.99912E-05
0.296616 0.703284 9.99912E-05
9.999E-05 0.997417 0.0024831
0.672349 0.0811878 0.246463
0.979311 0.0205887 9.99912E-05
0.511813 0.488087 9.99912E-05
0.800518 0.120898 0.078584
0.666128 0.264513 0.0693585
0.101664 0.625062 0.273274
0.255825 9.99912E-05 0.744075
0.484775 0.515125 9.99912E-05
0.300731 0.408383 0.290886
9.99912E-05 0.293799 0.706101
9.999E-05 9.999E-05 0.9998
9.99912E-05 0.707328 0.292572
0.378648 0.621252 9.99912E-05
0.939416 9.99912E-05 0.0604845
9.99913E-05 0.547794 0.452106
0.472355 0.234244 0.293401
0.738974 9.99912E-05 0.260926
0.08738 9.99913E-05 0.91252
0.272235 9.99912E-05 0.727665
0.325908 0.343462 0.33063
0.623754 0.0716963 0.30455
0.820034 0.0898572 0.0901084
9.99912E-05 0.444265 0.555635
0.0815019 0.918398 9.99913E-05
0.835514 0.164386 9.99913E-05
0.60671 9.99912E-05 0.39319
0.0353646 0.964535 9.99912E-05
0.600828 0.140218 0.258954
9.99914E-05 0.26935 0.73055
0.390887 9.99913E-05 0.609013
9.99913E-05 0.363689 0.636211
9.999E-05 9.999E-05 0.9998
0.9998 9.999E-05 9.999E-05
0.0334632 0.370279 0.596258
9.99912E-05 0.227492 0.772408
0.810659 9.99913E-05 0.189241
9.99912E-05 0.274432 0.725468
0.993349 0.00655068 9.99912E-05
0.561168 0.0108587 0.427973
0.9998 9.999E-05 9.999E-05
0.442383 0.557517 9.99913E-05
0.397838 0.282076 0.320087
0.805571 0.194329 9.99913E-05
0.354253 0.645647 9.99912E-05
9.99912E-05 0.53745 0.46245
9.99912E-05 0.555058 0.444842
0.404275 9.99912E-05 0.595625
9.99912E-05 0.849593 0.150307
9.99912E-05 0.219091 0.780809
0.9998 9.999E-05 9.999E-05
0.19578 0.228992 0.575228
0.526583 0.176269 0.297147
0.306886 9.99913E-05 0.693014
0.315375 0.684525 9.99913E-05
0.061084 0.938816 9.99913E-05
0.589111 0.410789 9.99913E-05
0.486828 0.513072 9.99912E-05
9.999E-05 0.9998 9.999E-05
0.176238 0.612346 0.211416
0.0332658 0.530941 0.435793
0.265494 0.611514 0.122992
0.652423 0.347477 9.99912E-05
0.450618 0.549282 9.99911E-05
0.920448 9.99913E-05 0.0794517
0.0937051 0.791751 0.114544
0.9998 9.999E-05 9.999E-05
0.536454 9.99912E-05 0.463446
0.611376 0.180559 0.208065
0.555605 0.436329 0.00806656
0.573033 0.0920596 0.334907
0.9998 9.999E-05 9.999E-05
9.999E-05 0.9998 9.999E-05
0.785815 9.99912E-05 0.214085
0.626031 0.285296 0.0886728
0.443946 0.513493 0.0425604
0.904838 0.0950624 9.99913E-05
0.831985 0.167915 9.99913E-05
0.9998 9.999E-05 9.999E-05
0.267899 0.732001 9.99913E-05
0.378419 0.621481 9.99912E-05
0.947831 0.0520694 9.99912E-05
9.99913E-05 0.589993 0.409907
0.962148 9.99913E-05 0.0377517
0.27856 0.66876 0.0526808
9.99912E-05 0.400429 0.599472
9.99912E-05 0.288366 0.711534
0.243687 0.756213 9.99913E-05
0.132214 0.679581 0.188205
0.02626 0.616972 0.356768
9.99913E-05 0.916678 0.0832218
0.249997 0.268428 0.481574
9.99913E-05 0.106788 0.893112
0.414909 0.43466 0.150431
0.327738 0.47942 0.192842
9.99912E-05 0.755741 0.244159
9.99912E-05 0.702517 0.297383
9.99913E-05 0.149309 0.850591
0.536491 0.463409 9.99912E-05
0.778952 0.0182838 0.202764
0.599396 0.400504 9.99912E-05
0.517592 0.420289 0.0621187
0.547009 0.452891 9.99912E-05
0.387421 0.230634 0.381945
0.0449805 0.724468 0.230551
0.876875 9.99912E-05 0.123025
0.0393967 0.0173841 0.943219
0.207947 9.99913E-05 0.791953
0.9998 9.999E-05 9.999E-05
0.253044 9.99912E-05 0.746856
0.751919 9.99913E-05 0.247981
9.999E-05 0.9998 9.999E-05
9.99912E-05 0.662938 0.336962
0.312341 0.630243 0.0574162
0.296235 0.703665 9.99912E-05
9.999E-05 9.999E-05 0.9998
0.331644 0.668256 9.99912E-05
0.099707 0.900193 9.99913E-05
0.597137 0.402763 9.99912E-05
0.690973 9.99913E-05 0.308927
0.421096 0.578804 9.99911E-05
0.145449 0.323286 0.531265
0.554444 0.249286 0.19627
9.99912E-05 0.356474 0.643426
9.99913E-05 0.516796 0.483104
0.548236 0.451664 9.99913E-05
0.703581 9.99913E-05 0.296319
0.138209 0.861691 9.99912E-05
9.99913E-05 0.341521 0.658379
9.99912E-05 0.0280953 0.971805
0.0481861 0.384185 0.567628
0.0713924 0.63605 0.292557
9.999E-05 9.999E-05 0.9998
0.911476 0.0884241 9.99913E-05
9.99912E-05 0.621476 0.378424
0.133885 0.602776 0.26334
0.780817 0.219083 9.99913E-05
0.706405 9.99912E-05 0.293495
0.141188 0.390675 0.468137
0.486339 0.513561 9.99913E-05
0.128643 9.99912E-05 0.871257
0.218351 0.353907 0.427742
0.971117 9.99913E-05 0.0287828
0.379033 0.16367 0.457296
9.99912E-05 0.823076 0.176824
9.99913E-05 0.131728 0.868172
0.324438 0.363867 0.311695
0.682364 0.317536 9.99912E-05
9.99913E-05 0.595436 0.404464
9.99913E-05 0.709808 0.290092
0.337615 0.565991 0.0963939
0.885649 9.99913E-05 0.114251
9.999E-05 0.9998 9.999E-05
0.35347 0.175383 0.471147
9.99912E-05 0.346909 0.652991
0.302681 0.355873 0.341446
9.99912E-05 0.551765 0.448135
9.999E-05 9.999E-05 0.9998
9.99913E-05 0.583716 0.416184
0.569867 0.430033 9.99912E-05
0.801216 0.198684 9.99912E-05
0.535919 0.463981 9.99912E-05
0.0485767 9.99912E-05 0.951323
0.593507 0.406393 9.99912E-05
0.717291 0.111166 0.171543
0.507961 0.432329 0.05971
0.29337 0.464548 0.242082
0.175902 9.99913E-05 0.823998
9.99912E-05 0.433925 0.565975
0.406881 0.549268 0.0438518
9.99912E-05 0.581923 0.417977
0.543652 0.428566 0.0277821
0.665024 0.310768 0.0242086
9.999E-05 0.9998 9.999E-05
9.999E-05 9.999E-05 0.9998
0.425121 0.574779 9.99913E-05
9.99913E-05 0.882756 0.117144
0.593848 0.219305 0.186848
9.999E-05 0.9998 9.999E-05
0.0814944 0.854562 0.0639438
0.749645 0.20973 0.0406241
0.683358 0.316542 9.99912E-05
9.99913E-05 0.636204 0.363696
0.479589 9.99912E-05 0.520311
0.240494 9.99912E-05 0.759406
0.333966 0.380548 0.285486
0.525444 0.364711 0.109845
0.524678 0.288166 0.187157
0.631319 0.368581 9.99913E-05
0.469527 0.525105 0.00536843
0.0812474 9.99912E-05 0.918653
0.340521 9.99913E-05 0.659379
0.467107 0.0999519 0.432941
0.809853 0.0461145 0.144033
0.262242 0.377695 0.360062
0.300685 0.155948 0.543367
0.38402 0.265279 0.3507
0.521142 0.478758 9.99912E-05
9.999E-05 9.999E-05 0.9998
9.99913E-05 0.322073 0.677827
0.202649 0.797251 9.99913E-05
0.431708 0.0548231 0.513469
0.557449 0.442451 9.99913E-05
0.148834 0.0106476 0.840519
0.469305 0.194603 0.336092
0.144514 9.99912E-05 0.855386
9.999E-05 0.9998 9.999E-05
0.233614 0.445122 0.321264
0.42033 9.99913E-05 0.57957
0.50919 9.99913E-05 0.49071
0.631471 0.172937 0.195593
9.999E-05 0.9998 9.999E-05
0.102843 0.897057 9.99912E-05
9.99913E-05 0.297463 0.702437
0.195436 0.804464 9.99911E-05
0.207456 0.181916 0.610627
0.594696 9.99912E-05 0.405204
9.99913E-05 0.777758 0.222142
0.495311 0.504589 9.99913E-05
0.380964 9.99912E-05 0.618936
0.0219651 0.783997 0.194038
9.999E-05 9.999E-05 0.9998
0.347186 0.277492 0.375322
0.345984 0.157715 0.496301
0.541742 9.99912E-05 0.458158
0.582049 0.199766 0.218185
0.228591 0.771309 9.99912E-05
9.99913E-05 0.382192 0.617708
9.99912E-05 0.864879 0.135021
9.99912E-05 0.244691 0.755209
0.443071 9.99912E-05 0.556829
9.99913E-05 0.638037 0.361863
0.923241 0.076659 9.99912E-05
0.673056 0.326844 9.99912E-05
0.306163 0.693737 9.99912E-05
9.999E-05 0.9998 9.999E-05
0.49721 9.99913E-05 0.50269
9.999E-05 0.9998 9.999E-05
0.21312 9.99913E-05 0.78678
0.29645 9.99912E-05 0.70345
0.201595 0.435872 0.362532
0.498798 0.501102 9.99912E-05
0.31918 0.190519 0.490301
0.351013 0.642525 0.0064626
0.667655 0.229564 0.102781
0.218685 0.371095 0.41022
0.5382 9.99911E-05 0.4617
9.99913E-05 0.8066 0.1933
0.343371 0.532689 0.123941
9.999E-05 0.9998 9.999E-05
0.755926 0.243974 9.99913E-05
0.113467 0.760232 0.1263
0.507487 0.490819 0.0016941
0.142555 0.127063 0.730381
