0.955778 9.99914E-05 0.0441223
0.02065 0.97925 9.99912E-05
0.378245 0.621655 9.99913E-05
0.639874 0.360026 9.99913E-05
0.974591 0.0253092 9.99912E-05
0.318033 0.681867 9.99913E-05
0.721232 9.99912E-05 0.278668
9.999E-05 0.500049 0.499851
9.999E-05 0.9998 9.999E-05
0.9998 9.999E-05 9.999E-05
9.999E-05 9.999E-05 0.9998
0.147435 0.651365 0.2012
0.636486 0.321381 0.0421331
0.416727 0.0109159 0.572357
9.99913E-05 0.32403 0.67587
9.99913E-05 0.775942 0.223958
0.174005 0.481992 0.344003
9.999E-05 0.9998 9.999E-05
0.0347247 9.99912E-05 0.965175
0.915646 0.0842539 9.99912E-05
9.999E-05 0.9998 9.999E-05
0.15824 0.641394 0.200366
0.221289 9.99913E-05 0.778611
0.45902 0.54088 9.99912E-05
0.285708 0.544237 0.170055
0.54011 9.99912E-05 0.45979
0.0986203 0.716256 0.185124
0.524316 9.99913E-05 0.475584
9.99913E-05 0.7504 0.2495
0.857593 0.142307 9.99913E-05
9.99912E-05 0.346006 0.653894
0.136794 0.77753 0.0856759
0.658981 0.340919 9.99913E-05
0.317386 0.477287 0.205326
9.999E-05 9.999E-05 0.9998
9.99912E-05 0.375763 0.624137
0.193605 0.701945 0.10445
0.566827 9.99912E-05 0.433073
9.99913E-05 0.513365 0.486535
0.000532555 0.723008 0.27646
9.999E-05 0.9998 9.999E-05
9.99912E-05 0.417318 0.582582
0.262797 0.737103 9.99912E-05
0.0380952 9.99912E-05 0.961805
9.99912E-05 0.306218 0.693682
0.863968 0.135932 9.99913E-05
9.99912E-05 0.346716 0.653184
9.99913E-05 0.298151 0.701749
9.999E-05 0.9998 9.999E-05
9.999E-05 0.9998 9.999E-05
9.99912E-05 0.0559615 0.943939
0.244672 0.336095 0.419233
9.999E-05 0.9998 9.999E-05
0.187549 0.812351 9.99912E-05
0.480225 0.519675 9.99912E-05
0.309284 9.99913E-05 0.690616
0.0178261 0.755421 0.226753
0.206187 0.452617 0.341196
0.325174 0.674727 9.99912E-05
0.777871 9.99912E-05 0.222029
9.999E-05 9.999E-05 0.9998
9.999E-05 0.9998 9.999E-05
0.716783 0.283117 9.99912E-05
9.999E-05 9.999E-05 0.9998
9.99913E-05 0.524886 0.475014
0.186475 9.99912E-05 0.813425
9.99913E-05 0.552136 0.447764
0.630655 0.369245 9.99912E-05
9.99912E-05 0.611974 0.387926
0.3341 9.99912E-05 0.6658
9.99912E-05 0.705281 0.294619
9.99913E-05 0.542537 0.457363
9.999E-05 0.9998 9.999E-05
9.99913E-05 0.707427 0.292473
0.239206 0.0816243 0.67917
9.99912E-05 0.414291 0.585609
9.999E-05 0.9998 9.999E-05
9.999E-05 0.9998 9.999E-05
0.152293 0.028869 0.818838
0.772457 0.227443 9.99913E-05
0.262279 0.737621 9.99912E-05
0.0759597 0.457317 0.466723
0.0863352 0.451858 0.461806
0.125031 0.615817 0.259152
0.478719 0.521181 9.99912E-05
0.634582 0.365318 9.99913E-05
0.272789 0.282979 0.444232
0.818179 9.99912E-05 0.181721
0.365417 0.634483 9.99914E-05
0.319382 0.518742 0.161876
0.615756 0.226561 0.157682
9.999E-05 0.9998 9.999E-05
0.822405 0.177495 9.99913E-05
9.99912E-05 0.161391 0.838509
9.99913E-05 0.623459 0.376441
0.224275 0.317652 0.458073
0.519262 0.480638 9.99912E-05
0.440868 0.0538535 0.505278
0.9998 9.999E-05 9.999E-05
9.99913E-05 0.427073 0.572827
0.0927754 0.256171 0.651054
9.99913E-05 0.178643 0.821257
0.513716 0.197211 0.289073
9.99912E-05 0.778422 0.221478
9.99912E-05 0.514982 0.484918
0.213766 0.685202 0.101032
9.99912E-05 0.701924 0.297976
0.142884 0.639798 0.217318
0.499517 0.366836 0.133647
0.423539 0.449271 0.12719
9.99913E-05 0.695966 0.303934
0.957463 0.0424369 9.99912E-05
0.462573 9.99912E-05 0.537327
0.147876 0.852024 9.99912E-05
9.99914E-05 0.247735 0.752165
9.99913E-05 0.832828 0.167072
9.999E-05 9.999E-05 0.9998
9.99913E-05 0.47782 0.52208
0.0229179 0.61676 0.360322
9.999E-05 0.9998 9.999E-05
9.99912E-05 0.921019 0.0788814
0.9998 9.999E-05 9.999E-05
0.663103 0.336797 9.99912E-05
0.892424 9.99912E-05 0.107476
0.457553 0.33574 0.206707
9.99913E-05 0.27351 0.72639
0.49082 0.206624 0.302556
0.235904 0.263349 0.500747
9.99913E-05 0.0291863 0.970714
0.494659 0.278684 0.226658
9.99914E-05 0.316572 0.683328
0.280101 9.99912E-05 0.719799
0.622295 9.99912E-05 0.377605
0.644278 0.355622 9.99913E-05
9.99912E-05 0.364509 0.635391
0.0212821 0.822476 0.156242
0.0358857 0.79537 0.168745
0.754756 9.99912E-05 0.245144
9.99912E-05 0.402122 0.597778
0.519022 0.480878 9.99912E-05
0.362549 9.99912E-05 0.637351
0.0428384 9.99912E-05 0.957062
0.00476198 0.995138 9.99913E-05
0.391814 0.608086 9.99912E-05
0.9998 9.999E-05 9.999E-05
0.395936 0.512695 0.0913687
9.99912E-05 0.13093 0.86897
9.99914E-05 0.268668 0.731232
0.593061 9.99912E-05 0.406839
9.999E-05 0.9998 9.999E-05
0.624368 0.191236 0.184395
0.156403 0.747144 0.0964532
0.753723 0.246177 9.99911E-05
0.365965 0.633935 9.99912E-05
0.756576 9.99912E-05 0.243324
9.99913E-05 0.622553 0.377347
0.130511 0.394285 0.475204
9.999E-05 9.999E-05 0.9998
0.226571 0.609969 0.16346
0.00661245 0.993288 9.99913E-05
0.340166 0.336239 0.323595
0.704516 0.295384 9.99913E-05
0.772279 0.173835 0.0538859
0.719335 0.280565 9.99913E-05
0.725349 0.274551 9.99912E-05
0.17708 0.796147 0.0267732
0.419333 0.158686 0.421981
0.9998 9.999E-05 9.999E-05
0.11192 0.329304 0.558776
9.99912E-05 0.258494 0.741406
9.99912E-05 0.580442 0.419458
0.197561 9.99912E-05 0.802339
0.408622 0.136472 0.454906
9.99912E-05 0.851171 0.148729
0.616163 9.99912E-05 0.383737
0.246129 0.753771 9.99912E-05
0.417762 0.582138 9.99912E-05
0.77232 0.22758 9.99912E-05
0.540623 0.154142 0.305235
0.357664 0.642236 9.99913E-05
0.662321 0.337579 9.99913E-05
9.99912E-05 0.459408 0.540492
9.999E-05 9.999E-05 0.9998
9.999E-05 9.999E-05 0.9998
0.463823 0.187378 0.348799
9.99912E-05 0.887879 0.112021
0.430836 0.300837 0.268327
0.354341 0.645559 9.99912E-05
0.248253 0.751647 9.99912E-05
0.126955 0.852133 0.0209122
9.99912E-05 0.44886 0.55104
0.802634 0.18319 0.0141759
0.495019 0.45617 0.0488105
0.448308 0.425097 0.126595
0.229253 0.155989 0.614758
9.99913E-05 0.125817 0.874083
0.86362 9.99913E-05 0.13628
9.99912E-05 0.71331 0.28659
0.216645 0.00717631 0.776179
0.126909 0.279778 0.593314
0.9998 9.999E-05 9.999E-05
9.99912E-05 0.234767 0.765133
0.223546 0.217986 0.558468
9.999E-05 0.9998 9.999E-05
9.99913E-05 0.0868964 0.913004
0.685296 9.99913E-05 0.314604
0.0173095 0.416689 0.566001
0.067486 0.655958 0.276556
0.76019 9.99912E-05 0.23971
0.137899 0.862001 9.99913E-05
0.0591327 0.535504 0.405364
9.99912E-05 0.787205 0.212695
9.999E-05 0.9998 9.999E-05
0.831695 0.168205 9.99912E-05
9.99913E-05 0.615869 0.384031
0.249807 0.603524 0.146669
0.104658 0.895242 9.99913E-05
0.00837467 0.991525 9.99912E-05
0.103529 9.99912E-05 0.896371
0.484425 9.99912E-05 0.515475
0.563344 9.99912E-05 0.436556
9.999E-05 9.999E-05 0.9998
0.443988 0.555912 9.99912E-05
0.246088 0.0815295 0.672383
0.738783 0.261117 9.99912E-05
0.158161 0.058555 0.783284
9.99913E-05 0.715535 0.284365
0.276162 9.99912E-05 0.723738
0.0320096 0.76248 0.20551
0.333996 0.17454 0.491465
0.0701388 0.821072 0.10879
0.469605 0.340147 0.190248
0.0502197 9.99912E-05 0.94968
0.564885 0.435015 9.99913E-05
0.213878 0.786022 9.99912E-05
0.349326 0.30993 0.340744
0.379669 0.340316 0.280014
0.0379342 0.961257 0.000809055
0.644316 9.99912E-05 0.355584
9.99913E-05 0.173817 0.826083
9.99912E-05 0.598456 0.401444
0.9998 9.999E-05 9.999E-05
0.9998 9.999E-05 9.999E-05
9.999E-05 9.999E-05 0.9998
0.445056 9.99912E-05 0.554844
0.597942 9.99913E-05 0.401958
0.251882 0.502045 0.246074
9.99913E-05 0.745276 0.254624
0.191605 0.440232 0.368164
0.10611 0.592283 0.301607
0.383835 0.616065 9.99912E-05
0.258567 0.333179 0.408254
0.626974 0.232138 0.140888
0.108118 0.23866 0.653222
9.99912E-05 0.657306 0.342594
0.143608 0.0688693 0.787523
9.999E-05 9.999E-05 0.9998
0.401067 0.334879 0.264054
9.99912E-05 0.880107 0.119793
9.999E-05 0.9998 9.999E-05
0.805319 0.194581 9.99913E-05
