9.99564E-05 9.99564E-05 0.275756 9.99564E-05 9.99564E-05 0.051731 9.99564E-05 0.282363 0.296041 0.09361
9.99474E-05 0.0257729 0.595287 9.99474E-05 0.342168 9.99474E-05 9.99474E-05 9.99474E-05 9.99474E-05 0.0361726
0.20859 0.510881 0.00744925 9.9956E-05 9.9956E-05 9.9956E-05 9.9956E-05 0.25895 0.0136302 9.9956E-05
9.99299E-05 9.99299E-05 9.99299E-05 9.99299E-05 0.341883 9.99299E-05 9.99299E-05 9.99299E-05 9.99299E-05 0.657318
9.99384E-05 9.99384E-05 0.294016 9.99384E-05 9.99384E-05 9.99384E-05 0.393273 9.99384E-05 9.99384E-05 0.312012
9.995E-05 9.995E-05 0.381851 9.995E-05 0.168748 0.108649 9.995E-05 0.0443945 0.295857 9.995E-05
9.99471E-05 0.398457 0.374233 9.99471E-05 9.99471E-05 9.99471E-05 0.0187718 0.207939 9.99471E-05 9.99471E-05
9.99387E-05 9.99387E-05 0.338923 9.99387E-05 9.99387E-05 9.99387E-05 0.0436479 9.99387E-05 0.61673 9.99387E-05
9.99385E-05 9.99385E-05 9.99385E-05 0.130419 9.99385E-05 9.99385E-05 9.99385E-05 0.362334 0.506547 9.99385E-05
9.99384E-05 0.094132 9.99384E-05 9.99384E-05 9.99384E-05 0.353188 9.99384E-05 0.55198 9.99384E-05 9.99384E-05
9.99471E-05 9.99471E-05 0.540168 9.99471E-05 9.99471E-05 0.143896 9.99471E-05 0.272958 9.99471E-05 0.042378
0.119512 9.99646E-05 0.120223 0.315299 0.228078 9.99646E-05 9.99646E-05 9.99646E-05 0.136511 0.0799779
9.99296E-05 9.99296E-05 9.99296E-05 9.99296E-05 9.99296E-05 0.46246 9.99296E-05 9.99296E-05 0.536741 9.99296E-05
0.221628 9.99473E-05 0.572816 0.13676 9.99473E-05 9.99473E-05 9.99473E-05 0.0681964 9.99473E-05 9.99473E-05
0.0458764 9.99384E-05 9.99384E-05 9.99384E-05 0.0072745 0.94615 9.99384E-05 9.99384E-05 9.99384E-05 9.99384E-05
0.0428841 9.9956E-05 0.385633 9.9956E-05 0.115444 9.9956E-05 0.29772 9.9956E-05 0.15782 9.9956E-05
9.99474E-05 9.99474E-05 0.0504821 0.10146 0.329022 9.99474E-05 9.99474E-05 0.518436 9.99474E-05 9.99474E-05
9.99561E-05 0.142645 0.150682 9.99561E-05 0.542529 0.0145762 9.99561E-05 9.99561E-05 0.149068 9.99561E-05
9.99474E-05 9.99474E-05 0.74583 0.071933 0.0230627 9.99474E-05 9.99474E-05 9.99474E-05 0.158574 9.99474E-05
0.179988 0.126515 0.0426512 9.99472E-05 9.99472E-05 9.99472E-05 9.99472E-05 9.99472E-05 9.99472E-05 0.650246
9.99564E-05 0.169206 9.99564E-05 0.338617 0.0606515 9.99564E-05 9.99564E-05 0.381036 0.049989 9.99564E-05
0.0524905 0.0230387 0.339944 9.9965E-05 0.129865 9.9965E-05 9.9965E-05 0.291163 0.163099 9.9965E-05
9.99475E-05 9.99475E-05 9.99475E-05 0.232082 0.597798 0.0970284 9.99475E-05 0.0724919 9.99475E-05 9.99475E-05
9.99471E-05 9.99471E-05 0.3755 9.99471E-05 9.99471E-05 0.230601 0.137909 0.255391 9.99471E-05 9.99471E-05
0.0113165 0.191242 0.416833 9.99473E-05 9.99473E-05 9.99473E-05 9.99473E-05 9.99473E-05 9.99473E-05 0.380009
9.99475E-05 9.99475E-05 0.27243 9.99475E-05 0.202136 9.99475E-05 9.99475E-05 0.276485 9.99475E-05 0.248348
9.99475E-05 0.22834 0.182458 9.99475E-05 9.99475E-05 9.99475E-05 0.261295 0.327307 9.99475E-05 9.99475E-05
9.99652E-05 9.99652E-05 0.217176 0.0594414 9.99652E-05 9.99652E-05 0.0950748 0.312885 0.110174 0.204849
9.99476E-05 9.99476E-05 0.735428 9.99476E-05 9.99476E-05 0.0296296 0.0255275 9.99476E-05 9.99476E-05 0.208815
0.404573 9.99562E-05 0.161277 9.99562E-05 9.99562E-05 0.370411 9.99562E-05 0.0140497 9.99562E-05 0.0491895
9.99384E-05 9.99384E-05 0.850132 9.99384E-05 9.99384E-05 9.99384E-05 9.99384E-05 0.121892 9.99384E-05 0.0272767
9.99472E-05 0.167695 9.99472E-05 0.0147851 0.573662 9.99472E-05 9.99472E-05 9.99472E-05 0.243258 9.99472E-05
0.0159529 0.160428 0.644516 0.0658522 9.99562E-05 9.99562E-05 0.112751 9.99562E-05 9.99562E-05 9.99562E-05
9.99556E-05 9.99556E-05 9.99556E-05 0.346154 0.337631 9.99556E-05 9.99556E-05 0.172204 0.102663 0.040848
9.99387E-05 0.703944 9.99387E-05 9.99387E-05 0.116691 9.99387E-05 0.178665 9.99387E-05 9.99387E-05 9.99387E-05
0.161863 0.108372 0.328593 0.266853 9.99648E-05 0.0219537 9.99648E-05 0.111965 9.99648E-05 9.99648E-05
9.99472E-05 9.99472E-05 0.0453362 9.99472E-05 9.99472E-05 0.141155 9.99472E-05 0.41118 0.401729 9.99472E-05
9.9956E-05 9.9956E-05 9.9956E-05 0.234644 9.9956E-05 0.284663 0.342375 0.0183446 9.9956E-05 0.119473
9.99471E-05 0.260355 0.0233788 9.99471E-05 9.99471E-05 0.00840398 9.99471E-05 9.99471E-05 0.707262 9.99471E-05
9.99292E-05 0.104633 9.99292E-05 9.99292E-05 9.99292E-05 9.99292E-05 9.99292E-05 0.894567 9.99292E-05 9.99292E-05
9.99472E-05 0.192762 0.164438 9.99472E-05 0.229999 0.412201 9.99472E-05 9.99472E-05 9.99472E-05 9.99472E-05
9.99472E-05 0.165892 9.99472E-05 9.99472E-05 9.99472E-05 9.99472E-05 0.458461 0.223319 0.151728 9.99472E-05
0.29885 0.254974 9.9947E-05 9.9947E-05 9.9947E-05 9.9947E-05 0.266217 9.9947E-05 0.179359 9.9947E-05
0.0465182 9.99472E-05 9.99472E-05 9.99472E-05 0.756082 9.99472E-05 0.122686 0.0741138 9.99472E-05 9.99472E-05
9.9947E-05 0.0812282 0.689929 9.9947E-05 9.9947E-05 9.9947E-05 9.9947E-05 0.171119 9.9947E-05 0.057125
9.99473E-05 9.99473E-05 0.624532 9.99473E-05 0.106493 0.0962423 0.172133 9.99473E-05 9.99473E-05 9.99473E-05
9.99469E-05 9.99469E-05 0.0331836 9.99469E-05 0.216082 9.99469E-05 9.99469E-05 0.284125 0.46601 9.99469E-05
9.9947E-05 0.116977 9.9947E-05 9.9947E-05 0.492288 0.247787 9.9947E-05 0.142349 9.9947E-05 9.9947E-05
9.99469E-05 9.99469E-05 0.123281 0.195761 9.99469E-05 9.99469E-05 9.99469E-05 0.165112 0.515247 9.99469E-05
9.9965E-05 0.116651 0.0720274 9.9965E-05 0.0673705 9.9965E-05 0.292211 0.17522 0.27612 9.9965E-05
9.99472E-05 0.284291 0.292821 9.99472E-05 9.99472E-05 9.99472E-05 9.99472E-05 0.399291 0.0229981 9.99472E-05
9.99561E-05 0.418672 0.22899 0.00299644 0.101652 9.99561E-05 9.99561E-05 9.99561E-05 0.247189 9.99561E-05
9.99562E-05 9.99562E-05 0.0482684 0.238029 0.050925 0.315234 9.99562E-05 9.99562E-05 0.347044 9.99562E-05
9.99471E-05 9.99471E-05 0.744938 9.99471E-05 9.99471E-05 0.0106862 9.99471E-05 0.0331641 9.99471E-05 0.210612
9.99386E-05 0.902567 0.0136535 9.99386E-05 9.99386E-05 0.0830802 9.99386E-05 9.99386E-05 9.99386E-05 9.99386E-05
9.9956E-05 0.0495396 0.516545 9.9956E-05 9.9956E-05 0.118157 9.9956E-05 9.9956E-05 0.203045 0.112214
9.99384E-05 9.99384E-05 0.341837 9.99384E-05 0.618887 9.99384E-05 9.99384E-05 9.99384E-05 0.0385765 9.99384E-05
9.994E-05 9.994E-05 0.142508 9.994E-05 9.994E-05 0.232862 9.994E-05 0.167339 0.456692 9.994E-05
9.99303E-05 9.99303E-05 9.99303E-05 0.437313 0.561887 9.99303E-05 9.99303E-05 9.99303E-05 9.99303E-05 9.99303E-05
9.99472E-05 0.204587 9.99472E-05 0.0281603 0.745784 9.99472E-05 9.99472E-05 9.99472E-05 9.99472E-05 0.0208694
9.99384E-05 0.413125 0.417031 9.99384E-05 9.99384E-05 9.99384E-05 9.99384E-05 9.99384E-05 0.169144 9.99384E-05
9.99558E-05 0.105929 0.189493 9.99558E-05 0.531142 0.0628472 0.110088 9.99558E-05 9.99558E-05 9.99558E-05
0.268897 0.00247881 9.99474E-05 9.99474E-05 9.99474E-05 9.99474E-05 9.99474E-05 9.99474E-05 0.506349 0.221676
0.0261493 0.272206 9.99476E-05 9.99476E-05 9.99476E-05 9.99476E-05 0.540031 9.99476E-05 9.99476E-05 0.161013
0.0922882 0.103154 0.719451 9.99473E-05 0.0845067 9.99473E-05 9.99473E-05 9.99473E-05 9.99473E-05 9.99473E-05
9.99471E-05 0.833213 9.99471E-05 0.0209651 9.99471E-05 9.99471E-05 0.110086 9.99471E-05 9.99471E-05 0.0351369
9.99293E-05 9.99293E-05 9.99293E-05 9.99293E-05 9.99293E-05 9.99293E-05 9.99293E-05 9.99293E-05 0.800354 0.198847
0.106189 9.99561E-05 0.491193 9.99561E-05 0.120749 9.99561E-05 0.21251 9.99561E-05 0.0688594 9.99561E-05
9.99556E-05 0.330764 9.99556E-05 0.0502948 0.12894 9.99556E-05 9.99556E-05 0.0518977 0.437603 9.99556E-05
9.99471E-05 9.99471E-05 0.44917 0.366325 9.99471E-05 0.130004 9.99471E-05 0.053902 9.99471E-05 9.99471E-05
0.478902 9.99558E-05 0.341778 9.99558E-05 9.99558E-05 9.99558E-05 0.135112 9.99558E-05 0.028093 0.0156156
9.99471E-05 0.0933516 0.218369 9.99471E-05 9.99471E-05 9.99471E-05 0.558208 0.129471 9.99471E-05 9.99471E-05
9.99387E-05 0.79448 0.201821 9.99387E-05 9.99387E-05 9.99387E-05 9.99387E-05 9.99387E-05 0.00299923 9.99387E-05
0.309326 9.99649E-05 0.131644 9.99649E-05 0.135351 0.00124582 0.232259 0.189774 9.99649E-05 9.99649E-05
9.99558E-05 0.0674042 0.0036513 9.99558E-05 0.314101 0.574016 9.99558E-05 0.0403276 9.99558E-05 9.99558E-05
9.99472E-05 9.99472E-05 0.104542 9.99472E-05 0.469046 0.14633 9.99472E-05 0.279482 9.99472E-05 9.99472E-05
9.99475E-05 0.272676 9.99475E-05 9.99475E-05 0.00275043 0.671663 9.99475E-05 9.99475E-05 9.99475E-05 0.0523117
0.312596 0.510469 9.99471E-05 0.0561 9.99471E-05 9.99471E-05 9.99471E-05 0.120236 9.99471E-05 9.99471E-05
9.99559E-05 0.385612 0.217977 0.11433 0.272158 9.99559E-05 9.99559E-05 9.99559E-05 0.00942283 9.99559E-05
0.434723 9.99559E-05 0.11417 9.99559E-05 0.108232 0.099567 9.99559E-05 0.242808 9.99559E-05 9.99559E-05
9.99649E-05 9.99649E-05 0.510179 9.99649E-05 0.01591 9.99649E-05 0.0162099 0.106783 0.210458 0.14006
0.0742628 9.99384E-05 9.99384E-05 9.99384E-05 9.99384E-05 0.601246 9.99384E-05 9.99384E-05 0.323791 9.99384E-05
9.99472E-05 9.99472E-05 0.253064 9.99472E-05 9.99472E-05 9.99472E-05 9.99472E-05 0.701801 0.0137822 0.0307528
0.0614844 9.99471E-05 0.278237 9.99471E-05 9.99471E-05 9.99471E-05 9.99471E-05 0.0615338 0.598145 9.99471E-05
9.99559E-05 9.99559E-05 0.0581377 0.177641 0.259313 9.99559E-05 9.99559E-05 9.99559E-05 0.095079 0.40933
9.99473E-05 9.99473E-05 9.99473E-05 9.99473E-05 0.566654 0.0279346 0.180352 9.99473E-05 9.99473E-05 0.22446
0.00924361 0.24928 0.105667 9.99648E-05 9.99648E-05 9.99648E-05 9.99648E-05 0.138438 0.391069 0.105903
0.0912986 0.258757 0.0433902 9.99476E-05 9.99476E-05 0.605955 9.99476E-05 9.99476E-05 9.99476E-05 9.99476E-05
9.99298E-05 9.99298E-05 9.99298E-05 0.934656 0.0645448 9.99298E-05 9.99298E-05 9.99298E-05 9.99298E-05 9.99298E-05
0.559051 0.297164 9.99473E-05 0.0563385 9.99473E-05 9.99473E-05 9.99473E-05 9.99473E-05 9.99473E-05 0.0868478
9.99468E-05 0.099875 0.383536 9.99468E-05 0.160176 9.99468E-05 0.355813 9.99468E-05 9.99468E-05 9.99468E-05
0.132621 0.114656 0.259855 0.175728 9.99649E-05 0.218462 9.99649E-05 9.99649E-05 0.0982781 9.99649E-05
0.0267321 9.99475E-05 0.640757 9.99475E-05 9.99475E-05 9.99475E-05 0.0968785 9.99475E-05 0.235033 9.99475E-05
9.9947E-05 0.605123 0.0585559 0.112222 9.9947E-05 9.9947E-05 9.9947E-05 9.9947E-05 9.9947E-05 0.2235
9.99557E-05 0.287637 0.244237 9.99557E-05 0.24329 9.99557E-05 0.00740122 0.216935 9.99557E-05 9.99557E-05
0.0695708 0.221974 0.377216 0.0115276 0.319212 9.99563E-05 9.99563E-05 9.99563E-05 9.99563E-05 9.99563E-05
9.99385E-05 9.99385E-05 0.534358 9.99385E-05 9.99385E-05 9.99385E-05 9.99385E-05 0.382241 9.99385E-05 0.0827015
0.053857 0.0136032 0.0585266 9.99562E-05 0.442188 9.99562E-05 0.431325 9.99562E-05 9.99562E-05 9.99562E-05
9.99295E-05 9.99295E-05 0.905732 9.99295E-05 9.99295E-05 9.99295E-05 9.99295E-05 0.0934688 9.99295E-05 9.99295E-05
9.9956E-05 0.26407 0.0576723 0.0428058 0.394146 9.9956E-05 9.9956E-05 0.240806 9.9956E-05 9.9956E-05
9.9956E-05 9.9956E-05 0.18006 0.159167 0.466125 9.9956E-05 0.091197 9.9956E-05 0.102951 9.9956E-05
9.99558E-05 9.99558E-05 0.311511 9.99558E-05 0.113225 0.144324 9.99558E-05 9.99558E-05 0.0454929 0.384947
9.99384E-05 0.376139 9.99384E-05 9.99384E-05 0.0119651 9.99384E-05 9.99384E-05 0.611196 9.99384E-05 9.99384E-05
9.99383E-05 9.99383E-05 0.675298 0.177236 9.99383E-05 9.99383E-05 9.99383E-05 9.99383E-05 9.99383E-05 0.146767
9.99647E-05 9.99647E-05 0.22055 0.0408665 0.0601435 0.111917 9.99647E-05 0.49216 9.99647E-05 0.0739636
9.994E-05 9.994E-05 0.483991 9.994E-05 9.994E-05 0.0609683 9.994E-05 0.176889 9.994E-05 0.277552
9.99386E-05 0.195745 0.757574 9.99386E-05 9.99386E-05 9.99386E-05 9.99386E-05 0.0459808 9.99386E-05 9.99386E-05
9.99478E-05 0.372565 0.143566 9.99478E-05 0.457365 9.99478E-05 9.99478E-05 0.0259039 9.99478E-05 9.99478E-05
9.99559E-05 0.166362 0.121104 9.99559E-05 9.99559E-05 9.99559E-05 0.0634943 0.559769 0.0887705 9.99559E-05
0.00505701 0.52973 0.352271 9.99471E-05 9.99471E-05 9.99471E-05 9.99471E-05 9.99471E-05 0.112342 9.99471E-05
9.99472E-05 0.0163476 0.249527 0.638426 9.99472E-05 9.99472E-05 9.99472E-05 9.99472E-05 0.0951 9.99472E-05
9.99385E-05 9.99385E-05 0.818562 9.99385E-05 9.99385E-05 9.99385E-05 0.0823919 0.0983465 9.99385E-05 9.99385E-05
9.99386E-05 0.400031 0.396169 9.99386E-05 9.99386E-05 9.99386E-05 9.99386E-05 9.99386E-05 9.99386E-05 0.203101
9.99383E-05 9.99383E-05 0.7951 0.0473621 9.99383E-05 9.99383E-05 9.99383E-05 0.156838 9.99383E-05 9.99383E-05
9.99386E-05 9.99386E-05 9.99386E-05 0.824558 9.99386E-05 9.99386E-05 9.99386E-05 9.99386E-05 0.0434184 0.131324
0.166992 9.993E-05 9.993E-05 9.993E-05 9.993E-05 9.993E-05 0.198079 0.63423 9.993E-05 9.993E-05
0.149633 0.12359 0.143503 9.9956E-05 9.9956E-05 9.9956E-05 9.9956E-05 9.9956E-05 0.233579 0.349196
9.99295E-05 9.99295E-05 9.99295E-05 0.66865 9.99295E-05 9.99295E-05 9.99295E-05 9.99295E-05 0.33055 9.99295E-05
9.99385E-05 9.99385E-05 9.99385E-05 9.99385E-05 0.447009 0.184347 0.367944 9.99385E-05 9.99385E-05 9.99385E-05
9.99387E-05 9.99387E-05 0.58772 9.99387E-05 0.408287 9.99387E-05 9.99387E-05 0.00329349 9.99387E-05 9.99387E-05
9.99559E-05 0.611869 0.0154488 0.00190689 9.99559E-05 9.99559E-05 0.13767 9.99559E-05 0.232606 9.99559E-05
9.99649E-05 0.137605 9.99649E-05 0.0999586 9.99649E-05 0.296312 0.00713358 0.0991937 9.99649E-05 0.359397
0.32889 9.99392E-05 9.99392E-05 9.99392E-05 9.99392E-05 9.99392E-05 9.99392E-05 0.666437 0.0039736 9.99392E-05
0.12556 0.40113 0.429647 9.99477E-05 9.99477E-05 9.99477E-05 9.99477E-05 0.043063 9.99477E-05 9.99477E-05
0.100625 0.181608 9.99648E-05 9.99648E-05 0.360758 0.138083 9.99648E-05 0.118932 0.0995945 9.99648E-05
9.99647E-05 9.99647E-05 0.343217 0.267901 0.205099 0.0284499 0.148225 0.00670698 9.99647E-05 9.99647E-05
9.99218E-05 9.99218E-05 9.99218E-05 9.99218E-05 9.99218E-05 0.999101 9.99218E-05 9.99218E-05 9.99218E-05 9.99218E-05
9.99386E-05 9.99386E-05 9.99386E-05 9.99386E-05 0.306783 0.385477 9.99386E-05 0.30704 9.99386E-05 9.99386E-05
0.0640774 9.99564E-05 9.99564E-05 9.99564E-05 0.161767 9.99564E-05 0.0752623 0.122746 0.575647 9.99564E-05
0.322692 0.00144567 0.0724968 9.9956E-05 9.9956E-05 9.9956E-05 9.9956E-05 0.355916 0.24695 9.9956E-05
9.99382E-05 0.466057 9.99382E-05 0.0662376 0.467005 9.99382E-05 9.99382E-05 9.99382E-05 9.99382E-05 9.99382E-05
0.239439 9.9956E-05 0.26049 9.9956E-05 0.31606 0.137422 0.0460888 9.9956E-05 9.9956E-05 9.9956E-05
9.99559E-05 0.227017 9.99559E-05 0.0778613 0.376427 0.288624 9.99559E-05 9.99559E-05 9.99559E-05 0.0295704
0.046713 9.99472E-05 9.99472E-05 9.99472E-05 0.00149943 0.63225 9.99472E-05 9.99472E-05 9.99472E-05 0.318938
9.99299E-05 9.99299E-05 9.99299E-05 9.99299E-05 9.99299E-05 9.99299E-05 9.99299E-05 9.99299E-05 0.0458094 0.953391
0.0715145 0.154851 0.113513 9.99824E-05 0.152242 9.99824E-05 0.0379711 0.404666 0.0117786 0.053265
9.99384E-05 0.524194 9.99384E-05 9.99384E-05 9.99384E-05 9.99384E-05 9.99384E-05 0.149505 0.325601 9.99384E-05
9.99298E-05 0.918893 9.99298E-05 9.99298E-05 9.99298E-05 9.99298E-05 9.99298E-05 9.99298E-05 0.0803078 9.99298E-05
9.99565E-05 0.196558 0.103055 9.99565E-05 0.116499 0.0791033 9.99565E-05 9.99565E-05 9.99565E-05 0.504284
9.99735E-05 0.103475 0.0596296 9.99735E-05 0.135932 0.0719555 0.120391 9.99735E-05 0.00372463 0.504592
0.0176144 0.632552 9.99473E-05 0.117359 0.231875 9.99473E-05 9.99473E-05 9.99473E-05 9.99473E-05 9.99473E-05
9.99386E-05 9.99386E-05 0.024508 9.99386E-05 9.99386E-05 9.99386E-05 9.99386E-05 0.603971 9.99386E-05 0.370822
9.99385E-05 9.99385E-05 0.412783 0.311965 9.99385E-05 9.99385E-05 9.99385E-05 9.99385E-05 9.99385E-05 0.274552
0.0823201 9.99647E-05 0.130634 9.99647E-05 0.162356 0.602732 0.0132388 9.99647E-05 9.99647E-05 0.00831856
0.625977 9.99385E-05 0.1068 9.99385E-05 9.99385E-05 0.266523 9.99385E-05 9.99385E-05 9.99385E-05 9.99385E-05
9.99562E-05 9.99562E-05 9.99562E-05 9.99562E-05 0.0478827 9.99562E-05 0.423496 0.349424 0.139161 0.0395363
9.99474E-05 9.99474E-05 9.99474E-05 9.99474E-05 9.99474E-05 0.296783 0.138682 0.55504 9.99474E-05 0.00889645
9.99469E-05 9.99469E-05 9.99469E-05 9.99469E-05 0.342125 9.99469E-05 9.99469E-05 0.342078 0.185844 0.129353
0.468861 9.99472E-05 9.99472E-05 9.99472E-05 9.99472E-05 9.99472E-05 0.322307 0.175514 0.0327182 9.99472E-05
9.99474E-05 9.99474E-05 0.527365 0.0230979 0.0895999 9.99474E-05 9.99474E-05 9.99474E-05 0.359338 9.99474E-05
0.0180698 0.394593 0.342046 0.133055 9.9965E-05 9.9965E-05 9.9965E-05 9.9965E-05 0.0939126 0.0179228
0.225237 9.99476E-05 9.99476E-05 9.99476E-05 0.497514 9.99476E-05 9.99476E-05 9.99476E-05 0.188757 0.0878924
9.99472E-05 0.0647689 0.212244 9.99472E-05 0.158584 9.99472E-05 9.99472E-05 0.563803 9.99472E-05 9.99472E-05
9.99293E-05 0.062258 0.936943 9.99293E-05 9.99293E-05 9.99293E-05 9.99293E-05 9.99293E-05 9.99293E-05 9.99293E-05
9.99392E-05 0.427562 9.99392E-05 9.99392E-05 0.0319682 9.99392E-05 0.53977 9.99392E-05 9.99392E-05 9.99392E-05
9.99385E-05 0.331963 9.99385E-05 9.99385E-05 9.99385E-05 9.99385E-05 9.99385E-05 0.628604 0.0387337 9.99385E-05
9.99563E-05 9.99563E-05 9.99563E-05 0.0802539 0.133447 0.00762962 9.99563E-05 0.77769 0.000480021 9.99563E-05
0.12475 0.0121703 9.99479E-05 9.99479E-05 0.63686 9.99479E-05 9.99479E-05 9.99479E-05 0.22562 9.99479E-05
9.99476E-05 0.0949424 9.99476E-05 9.99476E-05 9.99476E-05 0.57174 9.99476E-05 9.99476E-05 0.331726 0.000991838
9.99471E-05 0.34842 0.242819 9.99471E-05 9.99471E-05 9.99471E-05 0.106934 0.301227 9.99471E-05 9.99471E-05
9.99212E-05 9.99212E-05 9.99212E-05 9.99212E-05 9.99212E-05 9.99212E-05 9.99212E-05 0.999101 9.99212E-05 9.99212E-05
9.99383E-05 0.236754 9.99383E-05 9.99383E-05 9.99383E-05 9.99383E-05 0.451363 0.311183 9.99383E-05 9.99383E-05
0.589358 9.99382E-05 0.22923 9.99382E-05 9.99382E-05 9.99382E-05 9.99382E-05 9.99382E-05 0.180713 9.99382E-05
0.400017 9.99297E-05 9.99297E-05 9.99297E-05 9.99297E-05 9.99297E-05 0.599184 9.99297E-05 9.99297E-05 9.99297E-05
0.0561798 9.99471E-05 0.63849 9.99471E-05 9.99471E-05 9.99471E-05 9.99471E-05 0.211775 0.0929558 9.99471E-05
9.99558E-05 0.158841 0.362737 9.99558E-05 9.99558E-05 0.288138 9.99558E-05 0.151386 9.99558E-05 0.0383977
9.99296E-05 9.99296E-05 0.91236 9.99296E-05 9.99296E-05 9.99296E-05 9.99296E-05 0.0868402 9.99296E-05 9.99296E-05
9.99386E-05 0.253527 9.99386E-05 0.727753 9.99386E-05 9.99386E-05 0.0180211 9.99386E-05 9.99386E-05 9.99386E-05
9.99736E-05 9.99736E-05 0.0552648 0.0788832 0.40609 0.24041 0.111792 0.080187 9.99736E-05 0.0270724
9.99297E-05 9.99297E-05 0.787806 9.99297E-05 9.99297E-05 9.99297E-05 0.211395 9.99297E-05 9.99297E-05 9.99297E-05
9.9956E-05 0.0198814 0.707963 9.9956E-05 0.13425 9.9956E-05 0.0299905 9.9956E-05 9.9956E-05 0.107415
9.99383E-05 9.99383E-05 9.99383E-05 9.99383E-05 0.111071 0.0136541 0.874575 9.99383E-05 9.99383E-05 9.99383E-05
9.99381E-05 9.99381E-05 9.99381E-05 9.99381E-05 0.332991 0.0547915 9.99381E-05 9.99381E-05 0.611518 9.99381E-05
9.99383E-05 9.99383E-05 0.141007 0.5143 9.99383E-05 0.343993 9.99383E-05 9.99383E-05 9.99383E-05 9.99383E-05
9.99296E-05 0.985639 9.99296E-05 0.0135613 9.99296E-05 9.99296E-05 9.99296E-05 9.99296E-05 9.99296E-05 9.99296E-05
9.9947E-05 0.21604 0.137792 9.9947E-05 9.9947E-05 0.00143259 0.644136 9.9947E-05 9.9947E-05 9.9947E-05
9.99385E-05 0.573531 0.237103 9.99385E-05 0.188666 9.99385E-05 9.99385E-05 9.99385E-05 9.99385E-05 9.99385E-05
0.23474 9.99473E-05 0.47814 9.99473E-05 9.99473E-05 9.99473E-05 9.99473E-05 0.186226 9.99473E-05 0.100294
9.99469E-05 9.99469E-05 0.102199 9.99469E-05 9.99469E-05 0.263142 0.0810665 0.552993 9.99469E-05 9.99469E-05
9.99472E-05 9.99472E-05 0.331933 9.99472E-05 0.21272 9.99472E-05 0.322195 9.99472E-05 0.132553 9.99472E-05
9.99646E-05 0.233343 0.0976385 0.0267895 9.99646E-05 9.99646E-05 0.152565 0.480488 9.99646E-05 0.00877629
0.245003 9.99385E-05 0.376306 9.99385E-05 0.377991 9.99385E-05 9.99385E-05 9.99385E-05 9.99385E-05 9.99385E-05
9.993E-05 9.993E-05 0.113404 9.993E-05 9.993E-05 9.993E-05 9.993E-05 0.885797 9.993E-05 9.993E-05
9.99381E-05 0.528989 0.117558 9.99381E-05 0.352753 9.99381E-05 9.99381E-05 9.99381E-05 9.99381E-05 9.99381E-05
9.99472E-05 0.372594 0.180922 9.99472E-05 9.99472E-05 0.32355 9.99472E-05 0.122333 9.99472E-05 9.99472E-05
0.323116 9.99475E-05 0.0911142 9.99475E-05 0.539002 9.99475E-05 0.0461676 9.99475E-05 9.99475E-05 9.99475E-05
9.99383E-05 9.99383E-05 0.628304 9.99383E-05 9.99383E-05 9.99383E-05 9.99383E-05 0.111582 9.99383E-05 0.259414
0.523854 9.99561E-05 9.99561E-05 9.99561E-05 9.99561E-05 0.0254437 0.00898682 0.425092 0.0161237 9.99561E-05
9.99385E-05 0.349046 9.99385E-05 9.99385E-05 9.99385E-05 9.99385E-05 9.99385E-05 0.435104 0.21515 9.99385E-05
9.99473E-05 9.99473E-05 0.427642 9.99473E-05 9.99473E-05 9.99473E-05 0.129278 9.99473E-05 0.271934 0.170545
0.0812465 9.9947E-05 0.309659 0.404756 0.203739 9.9947E-05 9.9947E-05 9.9947E-05 9.9947E-05 9.9947E-05
0.0341976 0.540276 9.99649E-05 9.99649E-05 9.99649E-05 0.208504 0.0543821 0.102522 9.99649E-05 0.0597184
9.994E-05 9.994E-05 0.593679 9.994E-05 9.994E-05 0.0944114 9.994E-05 0.06519 0.24612 9.994E-05
0.169358 0.126463 0.275699 9.99648E-05 0.00166562 0.238655 9.99648E-05 9.99648E-05 0.187759 9.99648E-05
0.178437 0.0337109 0.482212 9.99737E-05 0.0389918 9.99737E-05 9.99737E-05 0.143379 0.0115159 0.111453
9.99293E-05 9.99293E-05 9.99293E-05 9.99293E-05 9.99293E-05 9.99293E-05 9.99293E-05 0.566498 9.99293E-05 0.432703
0.165914 9.99387E-05 0.155715 9.99387E-05 0.677671 9.99387E-05 9.99387E-05 9.99387E-05 9.99387E-05 9.99387E-05
9.99295E-05 0.0190199 9.99295E-05 9.99295E-05 0.980181 9.99295E-05 9.99295E-05 9.99295E-05 9.99295E-05 9.99295E-05
9.99297E-05 9.99297E-05 9.99297E-05 9.99297E-05 9.99297E-05 9.99297E-05 9.99297E-05 0.597164 0.402037 9.99297E-05
9.99388E-05 9.99388E-05 9.99388E-05 0.0151758 0.10525 9.99388E-05 9.99388E-05 0.878874 9.99388E-05 9.99388E-05
0.351343 9.99383E-05 0.377703 9.99383E-05 0.270255 9.99383E-05 9.99383E-05 9.99383E-05 9.99383E-05 9.99383E-05
0.469448 0.0577364 0.22065 9.99559E-05 0.172227 9.99559E-05 9.99559E-05 0.079439 9.99559E-05 9.99559E-05
0.281131 0.156948 0.21004 9.99646E-05 9.99646E-05 0.00809064 9.99646E-05 0.213319 9.99646E-05 0.130071
9.99474E-05 9.99474E-05 9.99474E-05 0.107365 0.673868 9.99474E-05 0.0999919 9.99474E-05 0.118175 9.99474E-05
9.9947E-05 0.322043 9.9947E-05 9.9947E-05 9.9947E-05 0.394703 0.202333 9.9947E-05 0.0803214 9.9947E-05
0.917426 0.00679815 9.99387E-05 9.99387E-05 9.99387E-05 9.99387E-05 9.99387E-05 9.99387E-05 0.0750758 9.99387E-05
9.9956E-05 0.273657 9.9956E-05 9.9956E-05 9.9956E-05 0.164801 0.262632 0.0914493 0.206961 9.9956E-05
0.0421932 9.99559E-05 0.273441 9.99559E-05 9.99559E-05 0.229487 0.124308 0.33007 9.99559E-05 9.99559E-05
0.108822 0.207358 0.22215 9.99562E-05 9.99562E-05 9.99562E-05 9.99562E-05 0.160634 0.300536 9.99562E-05
9.9956E-05 0.399867 9.9956E-05 0.0581435 0.059019 9.9956E-05 9.9956E-05 9.9956E-05 0.376865 0.105606
0.421798 0.0554343 9.99385E-05 9.99385E-05 9.99385E-05 9.99385E-05 9.99385E-05 0.522069 9.99385E-05 9.99385E-05
9.99386E-05 0.202706 0.720481 9.99386E-05 0.0761125 9.99386E-05 9.99386E-05 9.99386E-05 9.99386E-05 9.99386E-05
0.0205731 9.99472E-05 9.99472E-05 9.99472E-05 9.99472E-05 9.99472E-05 0.0311969 0.292511 0.655119 9.99472E-05
9.99736E-05 0.203045 0.0816055 0.137837 9.99736E-05 0.163196 0.0665581 0.267687 9.99736E-05 0.0797705
0.0166129 0.335688 0.158948 0.0949893 0.0284502 9.99824E-05 0.0347502 9.99824E-05 0.329028 0.00133392
9.99303E-05 9.99303E-05 0.489056 9.99303E-05 9.99303E-05 9.99303E-05 9.99303E-05 0.510145 9.99303E-05 9.99303E-05
0.106916 9.995E-05 0.278544 9.995E-05 0.0496021 9.995E-05 9.995E-05 0.115991 0.448447 9.995E-05
9.99294E-05 9.99294E-05 9.99294E-05 9.99294E-05 9.99294E-05 9.99294E-05 9.99294E-05 9.99294E-05 0.381663 0.617538
9.99383E-05 0.690923 9.99383E-05 9.99383E-05 9.99383E-05 9.99383E-05 0.188062 9.99383E-05 9.99383E-05 0.120316
0.229991 0.496362 9.99558E-05 0.110356 9.99558E-05 9.99558E-05 0.055433 9.99558E-05 9.99558E-05 0.107357
9.997E-05 0.0128482 0.182081 0.140275 0.144618 9.997E-05 0.127779 0.197289 9.997E-05 0.194809
9.99382E-05 0.342577 0.443802 9.99382E-05 9.99382E-05 9.99382E-05 9.99382E-05 9.99382E-05 0.212922 9.99382E-05
9.99477E-05 0.175884 0.17444 9.99477E-05 9.99477E-05 9.99477E-05 9.99477E-05 9.99477E-05 0.621346 0.0277301
9.99473E-05 0.0846281 0.488544 9.99473E-05 0.0508334 9.99473E-05 9.99473E-05 0.375395 9.99473E-05 9.99473E-05
9.9939E-05 0.5322 9.9939E-05 0.0498092 9.9939E-05 9.9939E-05 0.417291 9.9939E-05 9.9939E-05 9.9939E-05
9.99381E-05 9.99381E-05 0.268 9.99381E-05 0.207187 9.99381E-05 9.99381E-05 0.524114 9.99381E-05 9.99381E-05
9.99383E-05 0.127109 0.421452 9.99383E-05 9.99383E-05 9.99383E-05 9.99383E-05 9.99383E-05 9.99383E-05 0.45074
9.99384E-05 9.99384E-05 0.622241 9.99384E-05 0.208805 9.99384E-05 0.168255 9.99384E-05 9.99384E-05 9.99384E-05
0.206109 9.99384E-05 0.747582 9.99384E-05 9.99384E-05 9.99384E-05 9.99384E-05 9.99384E-05 0.04561 9.99384E-05
9.993E-05 9.993E-05 0.436971 9.993E-05 9.993E-05 9.993E-05 9.993E-05 0.56223 9.993E-05 9.993E-05
0.945828 9.99297E-05 9.99297E-05 9.99297E-05 9.99297E-05 9.99297E-05 0.0533729 9.99297E-05 9.99297E-05 9.99297E-05
9.99383E-05 9.99383E-05 0.696765 9.99383E-05 9.99383E-05 0.0879852 0.21455 9.99383E-05 9.99383E-05 9.99383E-05
9.99384E-05 9.99384E-05 9.99384E-05 9.99384E-05 0.290867 0.0834093 9.99384E-05 0.625024 9.99384E-05 9.99384E-05
0.170096 9.99473E-05 0.126738 0.0096509 9.99473E-05 9.99473E-05 9.99473E-05 0.692916 9.99473E-05 9.99473E-05
9.99388E-05 0.21694 0.100203 9.99388E-05 0.682158 9.99388E-05 9.99388E-05 9.99388E-05 9.99388E-05 9.99388E-05
9.994E-05 0.170049 0.211523 0.0680066 9.994E-05 9.994E-05 9.994E-05 9.994E-05 0.549822 9.994E-05
9.99472E-05 0.0341429 0.503693 9.99472E-05 0.366539 0.0950252 9.99472E-05 9.99472E-05 9.99472E-05 9.99472E-05
9.99295E-05 0.444815 0.554385 9.99295E-05 9.99295E-05 9.99295E-05 9.99295E-05 9.99295E-05 9.99295E-05 9.99295E-05
9.99384E-05 9.99384E-05 0.579876 9.99384E-05 9.99384E-05 9.99384E-05 9.99384E-05 0.286108 0.133317 9.99384E-05
9.99472E-05 0.31731 0.460362 9.99472E-05 9.99472E-05 9.99472E-05 0.213881 9.99472E-05 0.00784701 9.99472E-05
9.99647E-05 0.0828002 0.554292 0.118046 0.127486 0.0185559 0.098419 9.99647E-05 9.99647E-05 9.99647E-05
9.99564E-05 0.264988 0.369092 0.122881 0.147274 9.99564E-05 0.0952648 9.99564E-05 9.99564E-05 9.99564E-05
9.99391E-05 0.308165 0.51359 9.99391E-05 9.99391E-05 9.99391E-05 9.99391E-05 9.99391E-05 0.177545 9.99391E-05
9.99563E-05 0.375392 0.18466 9.99563E-05 0.259272 0.0403729 9.99563E-05 9.99563E-05 9.99563E-05 0.139803
9.99301E-05 9.99301E-05 0.939402 9.99301E-05 9.99301E-05 0.0597985 9.99301E-05 9.99301E-05 9.99301E-05 9.99301E-05
9.99649E-05 0.103217 0.00407085 0.403104 0.32741 0.0968326 9.99649E-05 0.0649659 9.99649E-05 9.99649E-05
0.331147 0.00282953 0.665324 9.99392E-05 9.99392E-05 9.99392E-05 9.99392E-05 9.99392E-05 9.99392E-05 9.99392E-05
9.99474E-05 9.99474E-05 0.649696 0.0353278 9.99474E-05 9.99474E-05 0.170277 0.144099 9.99474E-05 9.99474E-05
0.0591063 0.153397 0.616318 9.99475E-05 9.99475E-05 9.99475E-05 9.99475E-05 9.99475E-05 9.99475E-05 0.170578
0.139567 9.99564E-05 0.215313 9.99564E-05 9.99564E-05 9.99564E-05 9.99564E-05 0.371078 0.181366 0.0921756
9.99649E-05 0.104231 0.383705 0.20014 0.228929 9.99649E-05 9.99649E-05 0.000263681 0.0823312 9.99649E-05
9.99475E-05 0.136847 0.554561 0.11916 9.99475E-05 9.99475E-05 0.188832 9.99475E-05 9.99475E-05 9.99475E-05
9.99385E-05 0.935127 9.99385E-05 9.99385E-05 0.052026 9.99385E-05 9.99385E-05 9.99385E-05 9.99385E-05 0.012147
9.99648E-05 0.0631409 9.99648E-05 9.99648E-05 0.0444941 0.00928072 0.173829 0.135706 9.99648E-05 0.573149
0.0160063 9.99383E-05 0.385698 9.99383E-05 0.597596 9.99383E-05 9.99383E-05 9.99383E-05 9.99383E-05 9.99383E-05
9.99472E-05 0.292291 0.113844 9.99472E-05 9.99472E-05 9.99472E-05 9.99472E-05 9.99472E-05 0.390167 0.203098
9.99296E-05 0.542073 9.99296E-05 9.99296E-05 0.457127 9.99296E-05 9.99296E-05 9.99296E-05 9.99296E-05 9.99296E-05
0.338792 9.9947E-05 0.44819 9.9947E-05 0.161466 9.9947E-05 9.9947E-05 9.9947E-05 0.0509519 9.9947E-05
0.0818127 0.593086 0.191933 9.99648E-05 0.00262778 0.0345315 9.99648E-05 0.0956094 9.99648E-05 9.99648E-05
9.99651E-05 0.00172855 0.13763 9.99651E-05 0.580428 0.0218973 0.222688 9.99651E-05 9.99651E-05 0.0352289
9.99469E-05 0.283515 0.411596 9.99469E-05 0.0796585 9.99469E-05 9.99469E-05 9.99469E-05 9.99469E-05 0.224631
