9.99551E-05 9.99551E-05 0.0142929 9.99551E-05 0.0770484 9.99551E-05 0.0444982 0.154065 0.709596 9.99551E-05
9.9955E-05 0.165168 9.9955E-05 0.0317066 0.0582455 9.9955E-05 9.9955E-05 0.0319718 0.712408 9.9955E-05
9.9946E-05 9.9946E-05 0.00235817 9.9946E-05 0.0479218 9.9946E-05 9.9946E-05 0.706063 0.243057 9.9946E-05
9.99201E-05 0.999101 9.99201E-05 9.99201E-05 9.99201E-05 9.99201E-05 9.99201E-05 9.99201E-05 9.99201E-05 9.99201E-05
9.9946E-05 0.0536713 0.696319 9.9946E-05 9.9946E-05 9.9946E-05 0.161184 0.0882254 9.9946E-05 9.9946E-05
0.0101118 9.9946E-05 9.9946E-05 9.9946E-05 9.9946E-05 0.887113 9.9946E-05 0.0914923 0.0106834 9.9946E-05
9.9928E-05 9.9928E-05 9.9928E-05 9.9928E-05 9.9928E-05 9.9928E-05 0.894168 9.9928E-05 9.9928E-05 0.105033
0.0535935 9.99461E-05 9.99461E-05 9.99461E-05 0.00637057 9.99461E-05 9.99461E-05 0.116703 0.822733 9.99461E-05
9.99371E-05 9.99371E-05 9.99371E-05 9.99371E-05 0.175085 0.641646 9.99371E-05 9.99371E-05 9.99371E-05 0.18257
0.222774 9.99371E-05 0.347196 9.99371E-05 9.99371E-05 9.99371E-05 0.429331 9.99371E-05 9.99371E-05 9.99371E-05
0.999101 9.99201E-05 9.99201E-05 9.99201E-05 9.99201E-05 9.99201E-05 9.99201E-05 9.99201E-05 9.99201E-05 9.99201E-05
9.9928E-05 9.9928E-05 9.9928E-05 0.224414 9.9928E-05 9.9928E-05 9.9928E-05 9.9928E-05 0.774787 9.9928E-05
0.0363638 9.9964E-05 0.434587 9.9964E-05 9.9964E-05 0.0970989 0.217672 0.0691148 9.9964E-05 0.144763
9.99371E-05 0.120742 9.99371E-05 9.99371E-05 9.99371E-05 0.0274322 0.851126 9.99371E-05 9.99371E-05 9.99371E-05
0.00632687 9.99282E-05 0.992874 9.99282E-05 9.99282E-05 9.99282E-05 9.99282E-05 9.99282E-05 9.99282E-05 9.99282E-05
9.99201E-05 9.99201E-05 9.99201E-05 9.99201E-05 9.99201E-05 9.99201E-05 9.99201E-05 9.99201E-05 9.99201E-05 0.999101
9.99461E-05 0.253109 9.99461E-05 0.113038 9.99461E-05 9.99461E-05 0.0132964 9.99461E-05 0.619957 9.99461E-05
0.30044 9.99459E-05 0.0124984 9.99459E-05 9.99459E-05 0.188661 9.99459E-05 9.99459E-05 9.99459E-05 0.497801
9.9937E-05 9.9937E-05 9.9937E-05 0.218914 9.9937E-05 0.75296 9.9937E-05 9.9937E-05 0.027426 9.9937E-05
9.99372E-05 0.0101468 9.99372E-05 9.99372E-05 0.987069 9.99372E-05 9.99372E-05 0.00208479 9.99372E-05 9.99372E-05
9.994E-05 9.994E-05 9.994E-05 0.0370022 0.884744 9.994E-05 0.0453877 9.994E-05 0.0322666 9.994E-05
9.9937E-05 9.9937E-05 9.9937E-05 0.329172 9.9937E-05 9.9937E-05 9.9937E-05 9.9937E-05 0.162005 0.508124
9.99371E-05 9.99371E-05 0.145991 9.99371E-05 9.99371E-05 9.99371E-05 9.99371E-05 0.00258268 9.99371E-05 0.850727
0.157625 0.607962 9.9955E-05 0.102771 0.0983696 9.9955E-05 9.9955E-05 9.9955E-05 9.9955E-05 0.0327724
9.99201E-05 9.99201E-05 9.99201E-05 9.99201E-05 9.99201E-05 9.99201E-05 9.99201E-05 0.999101 9.99201E-05 9.99201E-05
9.99281E-05 9.99281E-05 0.937684 9.99281E-05 9.99281E-05 9.99281E-05 9.99281E-05 9.99281E-05 9.99281E-05 0.0615169
9.99281E-05 0.969998 9.99281E-05 9.99281E-05 9.99281E-05 9.99281E-05 9.99281E-05 0.0292026 9.99281E-05 9.99281E-05
9.99641E-05 0.0183603 0.0222894 9.99641E-05 0.100705 0.524548 0.311454 9.99641E-05 9.99641E-05 0.0222442
9.99284E-05 9.99284E-05 9.99284E-05 9.99284E-05 0.0336402 9.99284E-05 9.99284E-05 9.99284E-05 0.96556 9.99284E-05
9.99372E-05 0.166395 9.99372E-05 9.99372E-05 9.99372E-05 0.595647 9.99372E-05 9.99372E-05 0.237258 9.99372E-05
0.00860813 9.99371E-05 9.99371E-05 9.99371E-05 9.99371E-05 9.99371E-05 0.684824 0.305868 9.99371E-05 9.99371E-05
9.99283E-05 9.99283E-05 9.99283E-05 9.99283E-05 9.99283E-05 9.99283E-05 0.251431 0.747769 9.99283E-05 9.99283E-05
9.9928E-05 9.9928E-05 0.132783 9.9928E-05 9.9928E-05 9.9928E-05 0.866417 9.9928E-05 9.9928E-05 9.9928E-05
9.9955E-05 0.00843574 9.9955E-05 9.9955E-05 9.9955E-05 0.895441 0.0301923 0.0319186 9.9955E-05 0.0335131
9.99371E-05 0.826278 9.99371E-05 0.0112177 9.99371E-05 9.99371E-05 9.99371E-05 9.99371E-05 0.161805 9.99371E-05
9.9946E-05 9.9946E-05 9.9946E-05 9.9946E-05 0.368402 0.025294 9.9946E-05 9.9946E-05 0.0129517 0.592753
9.99371E-05 9.99371E-05 9.99371E-05 0.073262 0.304948 0.621091 9.99371E-05 9.99371E-05 9.99371E-05 9.99371E-05
0.036485 9.99371E-05 9.99371E-05 0.240565 9.99371E-05 0.72225 9.99371E-05 9.99371E-05 9.99371E-05 9.99371E-05
0.928756 9.99461E-05 9.99461E-05 9.99461E-05 9.99461E-05 0.0354586 9.99461E-05 0.0116527 0.0235333 9.99461E-05
9.99201E-05 9.99201E-05 9.99201E-05 0.999101 9.99201E-05 9.99201E-05 9.99201E-05 9.99201E-05 9.99201E-05 9.99201E-05
9.99281E-05 9.99281E-05 9.99281E-05 9.99281E-05 9.99281E-05 0.753144 9.99281E-05 9.99281E-05 0.246056 9.99281E-05
9.99281E-05 9.99281E-05 9.99281E-05 0.195023 9.99281E-05 9.99281E-05 9.99281E-05 9.99281E-05 0.804178 9.99281E-05
9.99282E-05 9.99282E-05 0.0775186 9.99282E-05 0.921682 9.99282E-05 9.99282E-05 9.99282E-05 9.99282E-05 9.99282E-05
0.0571719 9.9937E-05 9.9937E-05 9.9937E-05 9.9937E-05 9.9937E-05 9.9937E-05 0.892841 9.9937E-05 0.0492879
9.99282E-05 9.99282E-05 0.939209 9.99282E-05 9.99282E-05 9.99282E-05 0.0599915 9.99282E-05 9.99282E-05 9.99282E-05
9.99372E-05 0.0413583 9.99372E-05 9.99372E-05 9.99372E-05 9.99372E-05 9.99372E-05 9.99372E-05 0.895604 0.0623385
9.9937E-05 9.9937E-05 9.9937E-05 9.9937E-05 0.70647 0.259556 9.9937E-05 9.9937E-05 9.9937E-05 0.0332737
9.99461E-05 9.99461E-05 0.0198489 0.330721 9.99461E-05 0.55326 9.99461E-05 9.99461E-05 9.99461E-05 0.0955703
0.0280759 0.021391 0.690297 9.99551E-05 0.212319 9.99551E-05 9.99551E-05 9.99551E-05 0.0474183 9.99551E-05
9.99281E-05 9.99281E-05 9.99281E-05 0.378543 0.620658 9.99281E-05 9.99281E-05 9.99281E-05 9.99281E-05 9.99281E-05
