0.135186 9.99461E-05 0.0913141 9.99461E-05 9.99461E-05 9.99461E-05 0.531945 9.99461E-05 0.240955 9.99461E-05
0.110136 9.9937E-05 0.00907973 9.9937E-05 9.9937E-05 9.9937E-05 0.880085 9.9937E-05 9.9937E-05 9.9937E-05
0.00371344 9.99461E-05 9.99461E-05 9.99461E-05 0.647208 0.0227358 0.325743 9.99461E-05 9.99461E-05 9.99461E-05
0.00897779 9.99372E-05 0.976357 9.99372E-05 9.99372E-05 9.99372E-05 9.99372E-05 9.99372E-05 0.0139654 9.99372E-05
9.9946E-05 0.0811828 0.0380372 0.744487 0.135693 9.9946E-05 9.9946E-05 9.9946E-05 9.9946E-05 9.9946E-05
0.164074 9.99461E-05 9.99461E-05 9.99461E-05 0.0840187 9.99461E-05 0.0496439 9.99461E-05 9.99461E-05 0.701663
9.9946E-05 0.302443 0.0295208 9.9946E-05 9.9946E-05 9.9946E-05 9.9946E-05 0.250187 0.41725 9.9946E-05
9.99371E-05 0.0079768 9.99371E-05 9.99371E-05 0.0566364 9.99371E-05 0.934687 9.99371E-05 9.99371E-05 9.99371E-05
0.765974 9.99281E-05 9.99281E-05 9.99281E-05 9.99281E-05 9.99281E-05 9.99281E-05 9.99281E-05 9.99281E-05 0.233226
9.99281E-05 0.865904 9.99281E-05 0.133296 9.99281E-05 9.99281E-05 9.99281E-05 9.99281E-05 9.99281E-05 9.99281E-05
9.99201E-05 0.999101 9.99201E-05 9.99201E-05 9.99201E-05 9.99201E-05 9.99201E-05 9.99201E-05 9.99201E-05 9.99201E-05
9.9946E-05 9.9946E-05 0.266702 9.9946E-05 9.9946E-05 9.9946E-05 0.47915 9.9946E-05 0.0356379 0.217911
0.0623636 9.99461E-05 9.99461E-05 0.628742 9.99461E-05 9.99461E-05 9.99461E-05 9.99461E-05 0.247849 0.0604459
9.99281E-05 9.99281E-05 0.0201084 9.99281E-05 9.99281E-05 9.99281E-05 9.99281E-05 9.99281E-05 0.979092 9.99281E-05
9.99372E-05 0.037847 9.99372E-05 0.953651 0.00780212 9.99372E-05 9.99372E-05 9.99372E-05 9.99372E-05 9.99372E-05
9.99201E-05 9.99201E-05 9.99201E-05 9.99201E-05 9.99201E-05 9.99201E-05 9.99201E-05 0.999101 9.99201E-05 9.99201E-05
9.99371E-05 9.99371E-05 0.571882 9.99371E-05 9.99371E-05 9.99371E-05 0.298905 9.99371E-05 9.99371E-05 0.128513
9.99369E-05 0.319324 9.99369E-05 9.99369E-05 9.99369E-05 9.99369E-05 9.99369E-05 0.474702 9.99369E-05 0.205275
9.99281E-05 9.99281E-05 9.99281E-05 9.99281E-05 9.99281E-05 9.99281E-05 0.00558433 9.99281E-05 9.99281E-05 0.993616
9.99201E-05 9.99201E-05 9.99201E-05 9.99201E-05 9.99201E-05 0.999101 9.99201E-05 9.99201E-05 9.99201E-05 9.99201E-05
0.972623 9.99281E-05 9.99281E-05 0.0265777 9.99281E-05 9.99281E-05 9.99281E-05 9.99281E-05 9.99281E-05 9.99281E-05
9.99731E-05 9.99731E-05 0.00222124 0.0560922 9.99731E-05 0.0971787 0.0127113 0.267138 0.0306018 0.533757
9.9937E-05 9.9937E-05 9.9937E-05 0.103767 9.9937E-05 0.0551491 9.9937E-05 0.840385 9.9937E-05 9.9937E-05
0.219717 0.0632102 0.716373 9.99371E-05 9.99371E-05 9.99371E-05 9.99371E-05 9.99371E-05 9.99371E-05 9.99371E-05
0.0109374 9.99281E-05 9.99281E-05 9.99281E-05 0.988263 9.99281E-05 9.99281E-05 9.99281E-05 9.99281E-05 9.99281E-05
9.9946E-05 0.00190032 9.9946E-05 0.769284 0.0370583 0.191157 9.9946E-05 9.9946E-05 9.9946E-05 9.9946E-05
9.99282E-05 9.99282E-05 0.937777 9.99282E-05 0.0614238 9.99282E-05 9.99282E-05 9.99282E-05 9.99282E-05 9.99282E-05
0.0452938 9.99551E-05 0.024594 0.308023 9.99551E-05 9.99551E-05 9.99551E-05 9.99551E-05 0.102436 0.519153
9.99283E-05 9.99283E-05 9.99283E-05 9.99283E-05 9.99283E-05 9.99283E-05 0.987823 0.0113771 9.99283E-05 9.99283E-05
9.994E-05 9.994E-05 0.272995 9.994E-05 9.994E-05 0.0543231 0.0588963 9.994E-05 9.994E-05 0.613185
9.99201E-05 9.99201E-05 9.99201E-05 9.99201E-05 9.99201E-05 9.99201E-05 9.99201E-05 9.99201E-05 0.999101 9.99201E-05
9.99282E-05 9.99282E-05 9.99282E-05 9.99282E-05 0.762918 9.99282E-05 9.99282E-05 9.99282E-05 0.236282 9.99282E-05
9.9946E-05 0.851881 0.0438744 0.0100953 9.9946E-05 9.9946E-05 9.9946E-05 9.9946E-05 0.0935495 9.9946E-05
0.200615 9.99461E-05 9.99461E-05 9.99461E-05 0.036608 9.99461E-05 9.99461E-05 9.99461E-05 0.0385446 0.723633
9.99281E-05 9.99281E-05 0.953273 9.99281E-05 9.99281E-05 9.99281E-05 9.99281E-05 9.99281E-05 9.99281E-05 0.0459277
0.178764 9.99461E-05 9.99461E-05 9.99461E-05 9.99461E-05 0.197653 9.99461E-05 0.603129 9.99461E-05 0.0198546
9.99358E-05 9.99358E-05 9.99358E-05 9.99358E-05 9.99358E-05 0.189195 9.99358E-05 9.99358E-05 9.99358E-05 0.810006
0.0924826 0.0926995 9.99461E-05 9.99461E-05 9.99461E-05 0.0301483 9.99461E-05 9.99461E-05 9.99461E-05 0.78407
0.0711046 0.734565 9.99461E-05 9.99461E-05 0.0198755 9.99461E-05 0.173856 9.99461E-05 9.99461E-05 9.99461E-05
9.99462E-05 9.99462E-05 0.097336 0.0934867 9.99462E-05 0.0118253 9.99462E-05 9.99462E-05 9.99462E-05 0.796752
9.9946E-05 9.9946E-05 0.0395867 9.9946E-05 0.000821307 9.9946E-05 0.111926 9.9946E-05 9.9946E-05 0.847066
9.99371E-05 9.99371E-05 0.0833741 9.99371E-05 9.99371E-05 9.99371E-05 0.623726 9.99371E-05 9.99371E-05 0.2922
9.99282E-05 9.99282E-05 9.99282E-05 0.00853293 9.99282E-05 0.990668 9.99282E-05 9.99282E-05 9.99282E-05 9.99282E-05
9.99281E-05 9.99281E-05 9.99281E-05 9.99281E-05 0.908827 9.99281E-05 9.99281E-05 9.99281E-05 0.0903735 9.99281E-05
9.99372E-05 9.99372E-05 9.99372E-05 0.936302 9.99372E-05 0.0207676 9.99372E-05 9.99372E-05 0.0422306 9.99372E-05
9.99371E-05 9.99371E-05 0.215742 9.99371E-05 9.99371E-05 9.99371E-05 0.737918 0.045641 9.99371E-05 9.99371E-05
0.949825 9.99281E-05 9.99281E-05 9.99281E-05 9.99281E-05 0.0493761 9.99281E-05 9.99281E-05 9.99281E-05 9.99281E-05
9.99282E-05 9.99282E-05 9.99282E-05 9.99282E-05 9.99282E-05 9.99282E-05 9.99282E-05 0.183505 9.99282E-05 0.815696
0.130166 9.99462E-05 0.0713984 0.797646 9.99462E-05 9.99462E-05 0.000189536 9.99462E-05 9.99462E-05 9.99462E-05
0.360973 0.157951 9.9946E-05 9.9946E-05 9.9946E-05 0.293199 9.9946E-05 9.9946E-05 9.9946E-05 0.187278
