0.426287 0.0371967 0.0163693 0.0659466 0.0492495 0.32548 9.998E-05 9.998E-05 0.0792709
9.99735E-05 0.355265 0.360794 9.99735E-05 0.0134542 0.115473 0.00424523 9.99735E-05 0.150469
9.99649E-05 9.99649E-05 0.0133057 0.0445866 0.167022 0.682361 9.99649E-05 0.0923255 9.99649E-05
0.0205602 0.148195 9.99647E-05 9.99647E-05 0.298515 0.521696 0.0106348 9.99647E-05 9.99647E-05
9.99647E-05 0.242139 0.0967522 9.99647E-05 0.60919 0.0412076 9.99647E-05 9.99647E-05 0.0103108
0.28134 0.0542919 9.99739E-05 0.252412 0.138252 0.0655885 0.207816 9.99739E-05 9.99739E-05
9.99472E-05 0.088128 9.99472E-05 0.522352 9.99472E-05 0.38892 9.99472E-05 9.99472E-05 9.99472E-05
9.99388E-05 9.99388E-05 0.00253125 9.99388E-05 0.996769 9.99388E-05 9.99388E-05 9.99388E-05 9.99388E-05
9.9956E-05 0.241194 0.651005 9.9956E-05 0.0795724 9.9956E-05 9.9956E-05 9.9956E-05 0.0277287
9.99478E-05 0.355523 9.99478E-05 9.99478E-05 9.99478E-05 0.185453 9.99478E-05 9.99478E-05 0.458425
9.9956E-05 9.9956E-05 9.9956E-05 0.159057 9.9956E-05 0.139536 0.13447 9.9956E-05 0.566437
0.809324 0.167969 9.99475E-05 0.0221078 9.99475E-05 9.99475E-05 9.99475E-05 9.99475E-05 9.99475E-05
9.99474E-05 9.99474E-05 9.99474E-05 0.503099 0.467891 9.99474E-05 9.99474E-05 0.0284108 9.99474E-05
0.211213 9.99558E-05 0.0359966 9.99558E-05 9.99558E-05 0.319619 9.99558E-05 9.99558E-05 0.432672
9.99384E-05 9.99384E-05 9.99384E-05 0.274231 9.99384E-05 0.72507 9.99384E-05 9.99384E-05 9.99384E-05
0.0121322 0.302355 9.99647E-05 9.99647E-05 9.99647E-05 0.28648 0.246069 9.99647E-05 0.152564
9.99561E-05 9.99561E-05 9.99561E-05 0.217466 0.218501 9.99561E-05 0.52473 0.0388034 9.99561E-05
9.9965E-05 0.729445 9.9965E-05 0.200849 0.0459217 0.0151047 0.00827931 9.9965E-05 9.9965E-05
0.152129 0.0747316 9.99559E-05 9.99559E-05 0.299906 9.99559E-05 9.99559E-05 9.99559E-05 0.472734
9.99469E-05 9.99469E-05 9.99469E-05 0.201847 0.179138 0.618416 9.99469E-05 9.99469E-05 9.99469E-05
0.0795114 0.710293 9.995E-05 9.995E-05 9.995E-05 9.995E-05 0.0885931 9.995E-05 0.121103
0.307478 0.013417 9.99472E-05 9.99472E-05 9.99472E-05 0.678506 9.99472E-05 9.99472E-05 9.99472E-05
9.99388E-05 9.99388E-05 0.462989 9.99388E-05 0.536311 9.99388E-05 9.99388E-05 9.99388E-05 9.99388E-05
0.260735 0.391825 9.99471E-05 0.34684 9.99471E-05 9.99471E-05 9.99471E-05 9.99471E-05 9.99471E-05
0.223754 9.9956E-05 0.215933 9.9956E-05 0.118871 9.9956E-05 9.9956E-05 9.9956E-05 0.440942
0.0257377 0.464851 0.208197 0.300714 9.99561E-05 9.99561E-05 9.99561E-05 9.99561E-05 9.99561E-05
0.0568046 0.532427 9.99559E-05 9.99559E-05 0.405773 9.99559E-05 0.00449586 9.99559E-05 9.99559E-05
9.99558E-05 0.0469233 9.99558E-05 0.190212 9.99558E-05 0.728177 0.0341882 9.99558E-05 9.99558E-05
9.993E-05 9.993E-05 9.993E-05 9.993E-05 9.993E-05 0.999201 9.993E-05 9.993E-05 9.993E-05
0.227857 0.0454585 9.99556E-05 0.212539 9.99556E-05 9.99556E-05 9.99556E-05 9.99556E-05 0.513646
9.99384E-05 9.99384E-05 9.99384E-05 9.99384E-05 0.134076 0.865225 9.99384E-05 9.99384E-05 9.99384E-05
0.00940219 0.0610107 0.398645 9.99737E-05 9.99737E-05 0.318753 0.146909 0.0649802 9.99737E-05
9.99478E-05 9.99478E-05 9.99478E-05 9.99478E-05 0.858087 0.107799 9.99478E-05 0.0335148 9.99478E-05
9.99563E-05 0.411419 9.99563E-05 9.99563E-05 0.0397738 9.99563E-05 0.299217 9.99563E-05 0.24909
9.99566E-05 0.194022 0.590029 9.99566E-05 0.205502 9.99566E-05 0.00994749 9.99566E-05 9.99566E-05
0.211723 9.9965E-05 9.9965E-05 0.12879 0.170468 0.303561 9.9965E-05 0.185058 9.9965E-05
9.99561E-05 0.104736 0.330198 0.0216581 9.99561E-05 9.99561E-05 9.99561E-05 9.99561E-05 0.542908
9.99561E-05 9.99561E-05 0.00549213 9.99561E-05 9.99561E-05 0.512732 0.294656 9.99561E-05 0.18662
9.99558E-05 9.99558E-05 9.99558E-05 0.202162 9.99558E-05 0.243219 0.359458 9.99558E-05 0.194661
0.573934 0.0217762 9.99565E-05 0.0233234 9.99565E-05 0.380467 9.99565E-05 9.99565E-05 9.99565E-05
0.142635 9.99474E-05 9.99474E-05 9.99474E-05 0.849059 9.99474E-05 9.99474E-05 0.0077059 9.99474E-05
9.99474E-05 0.768054 9.99474E-05 9.99474E-05 9.99474E-05 0.0217653 9.99474E-05 9.99474E-05 0.209581
0.00289661 0.0132458 9.99647E-05 0.281621 0.231386 9.99647E-05 9.99647E-05 9.99647E-05 0.470451
9.99562E-05 0.450564 9.99562E-05 9.99562E-05 9.99562E-05 0.0290003 0.338355 9.99562E-05 0.181581
9.99469E-05 9.99469E-05 9.99469E-05 0.374909 9.99469E-05 0.454834 9.99469E-05 9.99469E-05 0.169658
0.0315624 0.263783 9.99471E-05 9.99471E-05 9.99471E-05 0.704055 9.99471E-05 9.99471E-05 9.99471E-05
0.614445 9.99562E-05 0.00769687 9.99562E-05 9.99562E-05 0.219609 0.15775 9.99562E-05 9.99562E-05
9.99471E-05 0.147405 9.99471E-05 9.99471E-05 9.99471E-05 0.678889 0.173107 9.99471E-05 9.99471E-05
0.234527 9.99562E-05 0.0343084 9.99562E-05 0.135184 9.99562E-05 9.99562E-05 9.99562E-05 0.595481
0.476085 0.0466868 9.99647E-05 9.99647E-05 0.236692 0.140672 9.99647E-05 9.99647E-05 0.0994637
0.0288967 0.191694 9.99474E-05 9.99474E-05 0.778809 9.99474E-05 9.99474E-05 9.99474E-05 9.99474E-05
9.99474E-05 9.99474E-05 9.99474E-05 0.759494 0.0596209 9.99474E-05 9.99474E-05 0.180286 9.99474E-05
9.9956E-05 9.9956E-05 0.0402306 0.629282 9.9956E-05 9.9956E-05 9.9956E-05 0.0413615 0.288626
0.288191 9.99469E-05 0.294058 9.99469E-05 9.99469E-05 0.417151 9.99469E-05 9.99469E-05 9.99469E-05
9.997E-05 9.997E-05 0.109572 0.15849 0.252745 9.997E-05 0.100428 0.108627 0.269837
9.9956E-05 9.9956E-05 0.230534 0.208561 0.371873 9.9956E-05 9.9956E-05 9.9956E-05 0.188532
0.0790357 0.10666 9.99823E-05 0.383443 0.0535115 0.274743 0.00202333 9.99823E-05 0.100384
9.996E-05 0.0632749 0.284326 9.996E-05 9.996E-05 0.421977 0.125583 0.10444 9.996E-05
0.349758 9.99383E-05 9.99383E-05 0.649542 9.99383E-05 9.99383E-05 9.99383E-05 9.99383E-05 9.99383E-05
0.274126 0.196787 9.99647E-05 0.118954 9.99647E-05 9.99647E-05 9.99647E-05 0.0631805 0.346552
9.99475E-05 0.151969 9.99475E-05 0.572335 9.99475E-05 9.99475E-05 9.99475E-05 9.99475E-05 0.275097
9.995E-05 0.598228 0.332789 9.995E-05 9.995E-05 9.995E-05 0.0628904 0.00559288 9.995E-05
9.99479E-05 0.00733237 9.99479E-05 0.915349 9.99479E-05 9.99479E-05 9.99479E-05 9.99479E-05 0.0767192
9.9956E-05 0.162805 0.498769 9.9956E-05 9.9956E-05 9.9956E-05 0.225669 0.112257 9.9956E-05
9.9939E-05 0.131569 9.9939E-05 9.9939E-05 9.9939E-05 0.867731 9.9939E-05 9.9939E-05 9.9939E-05
9.9947E-05 0.512231 9.9947E-05 0.163855 0.323314 9.9947E-05 9.9947E-05 9.9947E-05 9.9947E-05
9.99562E-05 0.15856 0.299947 0.271856 9.99562E-05 0.269137 9.99562E-05 9.99562E-05 9.99562E-05
0.358341 9.9956E-05 9.9956E-05 0.0771283 0.0689475 9.9956E-05 0.495083 9.9956E-05 9.9956E-05
9.99473E-05 0.226904 0.733084 9.99473E-05 0.039412 9.99473E-05 9.99473E-05 9.99473E-05 9.99473E-05
9.99478E-05 0.149477 9.99478E-05 0.824313 9.99478E-05 9.99478E-05 0.0256098 9.99478E-05 9.99478E-05
0.513471 9.99561E-05 9.99561E-05 0.0393824 9.99561E-05 0.370711 9.99561E-05 9.99561E-05 0.0759358
0.115595 0.717485 9.99565E-05 9.99565E-05 9.99565E-05 9.99565E-05 0.105656 0.0607636 9.99565E-05
0.232084 0.354573 9.99558E-05 9.99558E-05 0.404704 9.99558E-05 9.99558E-05 9.99558E-05 0.00813934
9.99649E-05 9.99649E-05 0.125999 0.0862549 0.0428604 0.156667 0.587819 9.99649E-05 9.99649E-05
0.401392 0.0674857 9.99562E-05 9.99562E-05 9.99562E-05 0.527021 9.99562E-05 0.00360234 9.99562E-05
9.99471E-05 0.872551 9.99471E-05 0.108456 0.0183931 9.99471E-05 9.99471E-05 9.99471E-05 9.99471E-05
9.99471E-05 9.99471E-05 9.99471E-05 9.99471E-05 9.99471E-05 0.102095 0.392121 9.99471E-05 0.505184
9.994E-05 0.199356 9.994E-05 9.994E-05 9.994E-05 0.589519 0.210525 9.994E-05 9.994E-05
9.996E-05 0.0960701 9.996E-05 0.0342316 0.134125 0.513709 9.996E-05 0.221465 9.996E-05
9.99473E-05 0.0415505 9.99473E-05 9.99473E-05 9.99473E-05 0.831827 9.99473E-05 0.126023 9.99473E-05
0.217894 0.435664 9.99561E-05 9.99561E-05 0.0560517 9.99561E-05 9.99561E-05 9.99561E-05 0.289891
9.99385E-05 9.99385E-05 9.99385E-05 9.99385E-05 9.99385E-05 9.99385E-05 0.747631 9.99385E-05 0.25167
9.99558E-05 0.187064 0.33495 9.99558E-05 9.99558E-05 0.283541 0.193945 9.99558E-05 9.99558E-05
9.99473E-05 9.99473E-05 0.44952 0.290716 0.259164 9.99473E-05 9.99473E-05 9.99473E-05 9.99473E-05
9.99472E-05 9.99472E-05 0.395496 0.169182 0.434723 9.99472E-05 9.99472E-05 9.99472E-05 9.99472E-05
0.637162 9.99474E-05 0.0123815 9.99474E-05 9.99474E-05 9.99474E-05 9.99474E-05 9.99474E-05 0.349857
9.99651E-05 9.99651E-05 0.00658428 0.141528 0.711857 0.107716 9.99651E-05 9.99651E-05 0.0319156
0.140891 0.357719 9.99651E-05 9.99651E-05 9.99651E-05 0.0893387 0.233639 9.99651E-05 0.178013
9.99384E-05 9.99384E-05 9.99384E-05 0.185402 9.99384E-05 9.99384E-05 9.99384E-05 0.813898 9.99384E-05
0.414688 9.99565E-05 9.99565E-05 9.99565E-05 0.314813 0.218792 0.0512071 9.99565E-05 9.99565E-05
9.99388E-05 0.130129 9.99388E-05 0.869171 9.99388E-05 9.99388E-05 9.99388E-05 9.99388E-05 9.99388E-05
0.411604 9.99826E-05 0.196172 0.00130058 0.261115 9.99826E-05 0.0331751 0.00476236 0.0916711
0.146908 9.99651E-05 9.99651E-05 0.0870343 0.172809 0.49079 9.99651E-05 0.102059 9.99651E-05
0.317684 9.99648E-05 9.99648E-05 0.112029 9.99648E-05 0.216964 0.169956 9.99648E-05 0.182968
0.392486 9.99562E-05 9.99562E-05 0.248409 9.99562E-05 0.352477 9.99562E-05 0.00612869 9.99562E-05
0.453342 9.99648E-05 0.12505 9.99648E-05 9.99648E-05 0.0780518 0.0779789 9.99648E-05 0.265177
9.99563E-05 9.99563E-05 0.0874938 9.99563E-05 9.99563E-05 0.615481 0.00135953 9.99563E-05 0.295166
9.99473E-05 0.160016 9.99473E-05 9.99473E-05 9.99473E-05 9.99473E-05 9.99473E-05 0.0387497 0.800634
0.146074 0.0772508 9.99563E-05 9.99563E-05 0.11431 9.99563E-05 9.99563E-05 9.99563E-05 0.661865
0.409477 0.238363 9.99648E-05 9.99648E-05 0.236295 9.99648E-05 0.0940758 0.0213893 9.99648E-05
9.99476E-05 0.550179 0.44095 9.99476E-05 9.99476E-05 9.99476E-05 9.99476E-05 9.99476E-05 0.00827075
9.9956E-05 0.177338 9.9956E-05 0.0367828 9.9956E-05 0.39385 9.9956E-05 9.9956E-05 0.391529
9.99472E-05 9.99472E-05 9.99472E-05 9.99472E-05 0.169418 0.266797 0.563185 9.99472E-05 9.99472E-05
9.996E-05 9.996E-05 0.125602 0.448669 0.153841 9.996E-05 9.996E-05 0.201284 0.0702033
0.155277 9.99563E-05 9.99563E-05 0.0638616 9.99563E-05 0.0760683 0.704293 9.99563E-05 9.99563E-05
0.282589 9.99647E-05 0.216341 0.271072 0.134831 9.99647E-05 0.0947663 9.99647E-05 9.99647E-05
0.141802 0.319299 0.027328 9.997E-05 0.292342 0.120319 9.997E-05 9.997E-05 0.0986101
9.99649E-05 0.542879 9.99649E-05 9.99649E-05 0.240318 0.0435057 0.15037 0.0225277 9.99649E-05
0.259136 9.99558E-05 9.99558E-05 0.233197 0.200338 9.99558E-05 0.306829 9.99558E-05 9.99558E-05
0.860027 0.112009 9.99563E-05 0.0205589 9.99563E-05 9.99563E-05 9.99563E-05 9.99563E-05 0.00690501
0.108212 9.99561E-05 0.110206 9.99561E-05 9.99561E-05 0.0105536 9.99561E-05 9.99561E-05 0.770528
0.132782 0.796636 9.99474E-05 9.99474E-05 9.99474E-05 9.99474E-05 0.069982 9.99474E-05 9.99474E-05
9.99557E-05 9.99557E-05 9.99557E-05 0.0527007 0.423065 0.180862 9.99557E-05 9.99557E-05 0.342872
0.391847 9.994E-05 0.367327 9.994E-05 9.994E-05 0.240227 9.994E-05 9.994E-05 9.994E-05
9.99476E-05 9.99476E-05 9.99476E-05 9.99476E-05 0.182924 9.99476E-05 0.448284 0.368193 9.99476E-05
9.99562E-05 9.99562E-05 9.99562E-05 9.99562E-05 0.0564145 0.234849 0.608694 0.0995425 9.99562E-05
0.0427213 9.99471E-05 9.99471E-05 9.99471E-05 9.99471E-05 0.254842 0.701837 9.99471E-05 9.99471E-05
9.99384E-05 9.99384E-05 9.99384E-05 9.99384E-05 9.99384E-05 9.99384E-05 9.99384E-05 0.985952 0.0133486
0.485426 0.027233 9.99558E-05 9.99558E-05 9.99558E-05 0.381758 9.99558E-05 0.105083 9.99558E-05
9.995E-05 9.995E-05 0.024005 9.995E-05 9.995E-05 0.455398 0.39535 9.995E-05 0.124747
9.996E-05 9.996E-05 0.00655389 0.466279 9.996E-05 0.173163 0.331971 9.996E-05 0.0216327
9.994E-05 0.111974 9.994E-05 9.994E-05 0.0648199 0.822606 9.994E-05 9.994E-05 9.994E-05
0.649559 9.99473E-05 9.99473E-05 9.99473E-05 0.255187 0.0946543 9.99473E-05 9.99473E-05 9.99473E-05
0.404057 0.264758 9.99471E-05 9.99471E-05 0.330585 9.99471E-05 9.99471E-05 9.99471E-05 9.99471E-05
0.599761 9.99647E-05 0.0274207 0.284731 9.99647E-05 9.99647E-05 0.00933703 9.99647E-05 0.0783503
0.573156 0.154595 0.098787 0.00553646 0.073418 9.99737E-05 0.094208 9.99737E-05 9.99737E-05
0.410032 0.0433085 0.0995602 9.99649E-05 0.298336 0.148363 9.99649E-05 9.99649E-05 9.99649E-05
0.0383567 9.99558E-05 0.483445 0.231494 0.246205 9.99558E-05 9.99558E-05 9.99558E-05 9.99558E-05
9.994E-05 9.994E-05 9.994E-05 9.994E-05 0.178202 0.0756108 9.994E-05 9.994E-05 0.745588
0.275131 9.99645E-05 0.132464 0.447408 9.99645E-05 0.092304 9.99645E-05 0.0522932 9.99645E-05
9.99472E-05 0.0447127 9.99472E-05 9.99472E-05 0.324778 9.99472E-05 0.62991 9.99472E-05 9.99472E-05
9.996E-05 0.325327 0.17498 9.996E-05 0.155275 9.996E-05 0.0338474 9.996E-05 0.310171
0.214464 9.99472E-05 9.99472E-05 0.281564 9.99472E-05 9.99472E-05 9.99472E-05 9.99472E-05 0.503372
9.99386E-05 0.789508 0.209793 9.99386E-05 9.99386E-05 9.99386E-05 9.99386E-05 9.99386E-05 9.99386E-05
9.9956E-05 0.157648 0.0387934 0.730522 9.9956E-05 9.9956E-05 0.0725363 9.9956E-05 9.9956E-05
9.99561E-05 0.693526 0.0998794 0.104244 9.99561E-05 0.10185 9.99561E-05 9.99561E-05 9.99561E-05
0.0986828 0.0316601 9.99646E-05 0.190548 0.29421 9.99646E-05 9.99646E-05 9.99646E-05 0.384499
9.99473E-05 9.99473E-05 9.99473E-05 0.414402 0.40506 0.179938 9.99473E-05 9.99473E-05 9.99473E-05
0.404788 9.99471E-05 9.99471E-05 0.114306 0.480307 9.99471E-05 9.99471E-05 9.99471E-05 9.99471E-05
9.9939E-05 9.9939E-05 9.9939E-05 9.9939E-05 9.9939E-05 0.945717 9.9939E-05 9.9939E-05 0.0535837
9.99558E-05 0.391485 9.99558E-05 9.99558E-05 0.373983 0.221333 0.0126989 9.99558E-05 9.99558E-05
9.995E-05 0.224595 0.0371016 9.995E-05 9.995E-05 0.424999 9.995E-05 9.995E-05 0.312805
0.4878 0.0187292 9.99474E-05 0.492871 9.99474E-05 9.99474E-05 9.99474E-05 9.99474E-05 9.99474E-05
0.0913542 0.300258 9.99647E-05 0.164782 0.440362 9.99647E-05 0.002844 9.99647E-05 9.99647E-05
9.996E-05 9.996E-05 9.996E-05 0.0258002 0.0505534 0.229045 0.579712 9.996E-05 0.114489
0.0777158 0.297661 0.452089 0.172034 9.9956E-05 9.9956E-05 9.9956E-05 9.9956E-05 9.9956E-05
9.99651E-05 9.99651E-05 0.307837 9.99651E-05 9.99651E-05 0.0183816 0.262974 0.180809 0.229599
9.996E-05 0.691101 9.996E-05 0.0224261 9.996E-05 9.996E-05 0.045237 0.202104 0.0387321
0.485639 9.9956E-05 9.9956E-05 9.9956E-05 0.0220014 9.9956E-05 0.277709 0.214151 9.9956E-05
0.225748 0.102761 0.0555917 9.99649E-05 9.99649E-05 9.99649E-05 9.99649E-05 0.173874 0.441626
9.9956E-05 9.9956E-05 9.9956E-05 0.155784 0.189274 0.485481 9.9956E-05 9.9956E-05 0.168961
9.998E-05 0.172639 0.533095 0.0290028 9.998E-05 0.0594111 0.0152613 0.140092 0.0502986
0.255366 0.297533 9.995E-05 0.267798 0.178803 9.995E-05 9.995E-05 9.995E-05 9.995E-05
9.99386E-05 9.99386E-05 9.99386E-05 0.391118 0.608182 9.99386E-05 9.99386E-05 9.99386E-05 9.99386E-05
0.354398 9.99558E-05 0.286402 9.99558E-05 0.0574317 9.99558E-05 9.99558E-05 9.99558E-05 0.301269
0.317581 0.433566 9.99561E-05 0.215342 0.0330115 9.99561E-05 9.99561E-05 9.99561E-05 9.99561E-05
9.995E-05 9.995E-05 9.995E-05 0.876105 0.0513388 0.0153148 9.995E-05 9.995E-05 0.0567415
9.99302E-05 9.99302E-05 0.999201 9.99302E-05 9.99302E-05 9.99302E-05 9.99302E-05 9.99302E-05 9.99302E-05
9.99559E-05 0.112329 9.99559E-05 9.99559E-05 0.131405 0.684367 0.0713993 9.99559E-05 9.99559E-05
0.667759 9.99473E-05 0.133322 0.198319 9.99473E-05 9.99473E-05 9.99473E-05 9.99473E-05 9.99473E-05
0.0501851 9.995E-05 9.995E-05 0.769354 0.0912728 9.995E-05 9.995E-05 9.995E-05 0.0886882
9.99476E-05 9.99476E-05 9.99476E-05 9.99476E-05 0.0809561 0.904149 9.99476E-05 0.0142956 9.99476E-05
9.99564E-05 9.99564E-05 0.0633454 9.99564E-05 0.318614 0.449269 0.168272 9.99564E-05 9.99564E-05
9.99382E-05 9.99382E-05 9.99382E-05 9.99382E-05 0.878276 0.121024 9.99382E-05 9.99382E-05 9.99382E-05
9.99648E-05 0.319442 9.99648E-05 9.99648E-05 0.203985 0.207006 0.0618609 9.99648E-05 0.207306
9.9956E-05 9.9956E-05 0.332836 9.9956E-05 0.50343 0.122859 9.9956E-05 0.0403747 9.9956E-05
9.99388E-05 9.99388E-05 0.467142 9.99388E-05 9.99388E-05 9.99388E-05 0.532159 9.99388E-05 9.99388E-05
9.99736E-05 0.203643 9.99736E-05 0.293949 0.176533 9.99736E-05 0.10853 0.205196 0.0118484
9.99476E-05 9.99476E-05 9.99476E-05 9.99476E-05 0.101233 0.118966 9.99476E-05 9.99476E-05 0.779201
9.99563E-05 9.99563E-05 9.99563E-05 0.57824 0.121293 9.99563E-05 9.99563E-05 0.168338 0.131629
9.99561E-05 0.0279064 0.492359 9.99561E-05 0.136095 9.99561E-05 0.34314 9.99561E-05 9.99561E-05
9.99649E-05 9.99649E-05 9.99649E-05 0.262027 0.0164146 0.119576 0.309497 9.99649E-05 0.292086
9.99472E-05 9.99472E-05 0.605989 9.99472E-05 0.373246 9.99472E-05 9.99472E-05 9.99472E-05 0.0201645
9.99472E-05 9.99472E-05 9.99472E-05 0.0615321 9.99472E-05 0.671292 9.99472E-05 0.266576 9.99472E-05
9.99473E-05 0.144776 9.99473E-05 0.614946 9.99473E-05 9.99473E-05 9.99473E-05 9.99473E-05 0.239678
0.138588 9.99381E-05 9.99381E-05 9.99381E-05 9.99381E-05 9.99381E-05 0.860713 9.99381E-05 9.99381E-05
9.99477E-05 9.99477E-05 9.99477E-05 0.0188993 0.498973 9.99477E-05 9.99477E-05 9.99477E-05 0.481528
9.99386E-05 0.0792527 9.99386E-05 9.99386E-05 0.920048 9.99386E-05 9.99386E-05 9.99386E-05 9.99386E-05
9.99471E-05 0.524647 0.150899 9.99471E-05 0.323854 9.99471E-05 9.99471E-05 9.99471E-05 9.99471E-05
0.509155 0.0374241 9.99557E-05 0.0112307 0.441691 9.99557E-05 9.99557E-05 9.99557E-05 9.99557E-05
0.4951 0.161963 9.99559E-05 9.99559E-05 0.12543 9.99559E-05 0.217007 9.99559E-05 9.99559E-05
9.99383E-05 9.99383E-05 9.99383E-05 9.99383E-05 0.0587529 9.99383E-05 9.99383E-05 9.99383E-05 0.940547
0.073548 0.700058 9.99476E-05 0.225794 9.99476E-05 9.99476E-05 9.99476E-05 9.99476E-05 9.99476E-05
9.99471E-05 9.99471E-05 0.568257 9.99471E-05 0.0149475 9.99471E-05 0.416196 9.99471E-05 9.99471E-05
0.347817 9.99562E-05 9.99562E-05 9.99562E-05 0.337114 0.21894 0.0956293 9.99562E-05 9.99562E-05
0.19325 0.0209852 0.0306587 0.172476 9.997E-05 0.429664 0.152666 9.997E-05 9.997E-05
0.252293 9.99558E-05 9.99558E-05 9.99558E-05 9.99558E-05 0.452757 0.0125937 9.99558E-05 0.281856
9.99382E-05 9.99382E-05 9.99382E-05 0.239681 9.99382E-05 9.99382E-05 9.99382E-05 9.99382E-05 0.75962
9.995E-05 9.995E-05 0.314348 0.393855 0.00215279 9.995E-05 9.995E-05 9.995E-05 0.289145
9.99647E-05 0.161331 9.99647E-05 0.503859 0.132562 0.000174608 0.201674 9.99647E-05 9.99647E-05
9.99473E-05 0.023734 9.99473E-05 0.358173 0.617493 9.99473E-05 9.99473E-05 9.99473E-05 9.99473E-05
0.110374 0.214174 0.108194 9.99646E-05 0.506245 9.99646E-05 9.99646E-05 9.99646E-05 0.0606125
0.44546 9.99561E-05 9.99561E-05 9.99561E-05 0.0343377 0.471048 9.99561E-05 9.99561E-05 0.0486548
0.00228949 9.9965E-05 0.00336049 9.9965E-05 9.9965E-05 0.61064 0.0347417 9.9965E-05 0.348568
0.254452 9.99469E-05 9.99469E-05 0.0577785 0.687169 9.99469E-05 9.99469E-05 9.99469E-05 9.99469E-05
9.99475E-05 0.549278 9.99475E-05 0.321981 0.128141 9.99475E-05 9.99475E-05 9.99475E-05 9.99475E-05
0.387828 9.99472E-05 0.28773 9.99472E-05 9.99472E-05 0.323842 9.99472E-05 9.99472E-05 9.99472E-05
0.17425 0.0459661 9.99561E-05 9.99561E-05 0.585057 9.99561E-05 9.99561E-05 9.99561E-05 0.194227
9.99386E-05 9.99386E-05 9.99386E-05 9.99386E-05 0.58708 9.99386E-05 0.41222 9.99386E-05 9.99386E-05
9.99562E-05 9.99562E-05 0.142179 0.388364 9.99562E-05 0.221753 9.99562E-05 0.247204 9.99562E-05
9.996E-05 0.182734 0.0350931 9.996E-05 0.0151412 0.204131 9.996E-05 9.996E-05 0.562501
9.99735E-05 9.99735E-05 0.0234273 0.465497 0.0488415 9.99735E-05 0.0456288 0.322449 0.093857
9.99649E-05 0.479354 0.28178 0.226576 0.00691781 9.99649E-05 9.99649E-05 9.99649E-05 0.0049723
0.0581416 0.326688 9.99647E-05 0.225569 0.109793 9.99647E-05 0.279408 9.99647E-05 9.99647E-05
9.99473E-05 9.99473E-05 9.99473E-05 0.227177 9.99473E-05 0.443071 9.99473E-05 9.99473E-05 0.329152
0.82296 9.99475E-05 9.99475E-05 0.152461 9.99475E-05 9.99475E-05 0.0239787 9.99475E-05 9.99475E-05
0.0204527 9.99647E-05 0.410629 0.0339069 0.427828 0.106784 9.99647E-05 9.99647E-05 9.99647E-05
9.99475E-05 0.215695 9.99475E-05 9.99475E-05 0.485605 9.99475E-05 9.99475E-05 9.99475E-05 0.298101
0.28043 9.99559E-05 9.99559E-05 0.0879826 0.148465 9.99559E-05 9.99559E-05 9.99559E-05 0.482623
0.0316157 9.9956E-05 9.9956E-05 9.9956E-05 0.435256 0.013565 9.9956E-05 9.9956E-05 0.519063
0.0677322 9.99651E-05 0.103381 9.99651E-05 0.0812783 0.675851 0.0713575 9.99651E-05 9.99651E-05
0.517519 0.352963 9.99559E-05 0.084236 9.99559E-05 9.99559E-05 9.99559E-05 9.99559E-05 0.0447824
0.278082 9.99648E-05 0.23522 0.322054 0.0435534 0.12069 9.99648E-05 9.99648E-05 9.99648E-05
0.418972 0.221644 9.99473E-05 9.99473E-05 0.358784 9.99473E-05 9.99473E-05 9.99473E-05 9.99473E-05
9.99472E-05 9.99472E-05 9.99472E-05 9.99472E-05 0.240064 9.99472E-05 0.722173 9.99472E-05 0.0371632
9.99387E-05 9.99387E-05 9.99387E-05 9.99387E-05 9.99387E-05 0.886815 9.99387E-05 0.112485 9.99387E-05
0.999201 9.993E-05 9.993E-05 9.993E-05 9.993E-05 9.993E-05 9.993E-05 9.993E-05 9.993E-05
0.0404064 0.859908 9.99472E-05 9.99472E-05 9.99472E-05 0.0990863 9.99472E-05 9.99472E-05 9.99472E-05
9.99646E-05 0.120566 0.0449359 0.436492 0.271467 9.99646E-05 9.99646E-05 9.99646E-05 0.126139
9.9947E-05 0.446843 9.9947E-05 0.315524 0.237034 9.9947E-05 9.9947E-05 9.9947E-05 9.9947E-05
0.263667 9.9956E-05 9.9956E-05 0.138867 9.9956E-05 9.9956E-05 9.9956E-05 0.375779 0.221187
9.997E-05 9.997E-05 0.171764 0.310342 0.179238 0.0816815 0.0473615 9.997E-05 0.209313
9.99647E-05 0.335061 9.99647E-05 9.99647E-05 0.282957 0.287462 0.0055289 0.0885906 9.99647E-05
0.337503 9.996E-05 0.428172 0.104489 0.0188932 0.110543 9.996E-05 9.996E-05 9.996E-05
9.99559E-05 0.124727 0.0250627 9.99559E-05 0.311539 0.538171 9.99559E-05 9.99559E-05 9.99559E-05
9.99646E-05 0.160841 0.163107 0.217575 0.225874 9.99646E-05 9.99646E-05 9.99646E-05 0.232203
0.166092 0.368698 9.99473E-05 9.99473E-05 9.99473E-05 0.46461 9.99473E-05 9.99473E-05 9.99473E-05
0.512473 9.99562E-05 9.99562E-05 0.0730419 9.99562E-05 9.99562E-05 0.186471 9.99562E-05 0.227514
9.99388E-05 9.99388E-05 9.99388E-05 9.99388E-05 0.517184 9.99388E-05 9.99388E-05 9.99388E-05 0.482117
9.99468E-05 9.99468E-05 9.99468E-05 0.303394 9.99468E-05 0.369204 9.99468E-05 9.99468E-05 0.326802
9.993E-05 9.993E-05 9.993E-05 9.993E-05 0.999201 9.993E-05 9.993E-05 9.993E-05 9.993E-05
9.99473E-05 9.99473E-05 9.99473E-05 0.731731 0.218654 0.0490156 9.99473E-05 9.99473E-05 9.99473E-05
9.99394E-05 9.99394E-05 9.99394E-05 9.99394E-05 9.99394E-05 0.769217 9.99394E-05 9.99394E-05 0.230084
0.687029 9.99561E-05 0.203916 9.99561E-05 0.027046 9.99561E-05 9.99561E-05 0.0815094 9.99561E-05
9.99559E-05 9.99559E-05 9.99559E-05 0.145226 0.115769 0.6059 0.132604 9.99559E-05 9.99559E-05
0.663877 9.99471E-05 0.0933298 0.242193 9.99471E-05 9.99471E-05 9.99471E-05 9.99471E-05 9.99471E-05
0.138458 0.748474 9.99563E-05 9.99563E-05 0.0942787 9.99563E-05 9.99563E-05 0.0182899 9.99563E-05
0.27116 9.99559E-05 9.99559E-05 9.99559E-05 0.18099 0.44172 0.10563 9.99559E-05 9.99559E-05
9.99562E-05 0.28503 0.220145 9.99562E-05 0.138819 0.355506 9.99562E-05 9.99562E-05 9.99562E-05
9.99473E-05 0.391011 0.0151212 9.99473E-05 9.99473E-05 0.593268 9.99473E-05 9.99473E-05 9.99473E-05
9.99469E-05 0.391931 9.99469E-05 9.99469E-05 9.99469E-05 0.347727 9.99469E-05 9.99469E-05 0.259743
9.99473E-05 9.99473E-05 9.99473E-05 0.634868 0.0114001 0.353132 9.99473E-05 9.99473E-05 9.99473E-05
9.9947E-05 9.9947E-05 9.9947E-05 9.9947E-05 0.532409 0.287023 9.9947E-05 9.9947E-05 0.179968
0.195996 9.99475E-05 9.99475E-05 9.99475E-05 0.0670008 9.99475E-05 0.736403 9.99475E-05 9.99475E-05
9.99648E-05 9.99648E-05 0.0386849 0.487373 9.99648E-05 0.0553688 0.275466 0.142707 9.99648E-05
0.23074 9.99472E-05 9.99472E-05 0.635942 9.99472E-05 9.99472E-05 9.99472E-05 0.132719 9.99472E-05
9.99566E-05 9.99566E-05 0.109082 0.132622 9.99566E-05 0.180435 9.99566E-05 9.99566E-05 0.577362
0.02357 9.99563E-05 0.0874877 9.99563E-05 9.99563E-05 9.99563E-05 0.280393 9.99563E-05 0.608049
0.0594113 0.235804 9.99651E-05 9.99651E-05 0.168274 0.000582244 9.99651E-05 9.99651E-05 0.535528
0.133145 0.0604733 0.0634902 9.997E-05 0.0392343 0.428203 9.997E-05 0.275154 9.997E-05
9.99648E-05 9.99648E-05 0.299652 0.23208 0.0401411 9.99648E-05 0.264676 9.99648E-05 0.163052
9.99648E-05 9.99648E-05 0.0620304 0.236581 9.99648E-05 0.426974 0.0700563 9.99648E-05 0.203958
9.99472E-05 9.99472E-05 9.99472E-05 9.99472E-05 0.0775366 0.590381 0.331482 9.99472E-05 9.99472E-05
0.612513 9.99738E-05 9.99738E-05 9.99738E-05 0.109089 0.17737 0.0796485 0.00328287 0.0177964
0.172624 9.99477E-05 9.99477E-05 9.99477E-05 0.141172 9.99477E-05 9.99477E-05 9.99477E-05 0.685604
9.99471E-05 0.342942 9.99471E-05 9.99471E-05 9.99471E-05 9.99471E-05 0.47611 9.99471E-05 0.180349
0.256998 9.9947E-05 9.9947E-05 9.9947E-05 0.253624 9.9947E-05 0.488778 9.9947E-05 9.9947E-05
9.99649E-05 9.99649E-05 0.148232 0.451968 0.285893 9.99649E-05 9.99649E-05 0.00912902 0.104378
9.99648E-05 0.224618 9.99648E-05 9.99648E-05 0.0894738 0.0465149 0.633547 0.0054458 9.99648E-05
9.99563E-05 0.369321 0.0179018 9.99563E-05 9.99563E-05 0.523063 9.99563E-05 9.99563E-05 0.0892141
0.999201 9.99301E-05 9.99301E-05 9.99301E-05 9.99301E-05 9.99301E-05 9.99301E-05 9.99301E-05 9.99301E-05
