0.120198 9.9956E-05 0.424458 9.9956E-05 9.9956E-05 9.9956E-05 0.293338 9.9956E-05 0.161506
9.99473E-05 0.751511 0.155048 9.99473E-05 9.99473E-05 0.0928417 9.99473E-05 9.99473E-05 9.99473E-05
9.99303E-05 9.99303E-05 9.99303E-05 9.99303E-05 9.99303E-05 9.99303E-05 9.99303E-05 0.999201 9.99303E-05
0.0371861 0.00951854 0.292545 9.9956E-05 0.660251 9.9956E-05 9.9956E-05 9.9956E-05 9.9956E-05
9.99648E-05 0.400283 0.0443604 9.99648E-05 0.0652401 0.186292 9.99648E-05 0.303424 9.99648E-05
0.44474 0.229627 0.153987 9.99646E-05 0.0636354 9.99646E-05 9.99646E-05 0.107612 9.99646E-05
9.99474E-05 9.99474E-05 9.99474E-05 9.99474E-05 9.99474E-05 9.99474E-05 0.355514 0.526218 0.117668
0.113634 0.520544 9.9956E-05 9.9956E-05 9.9956E-05 9.9956E-05 0.29517 0.0701529 9.9956E-05
9.99559E-05 0.588192 9.99559E-05 9.99559E-05 9.99559E-05 0.060699 9.99559E-05 0.204956 0.145654
9.99647E-05 0.257988 0.287952 9.99647E-05 0.213496 9.99647E-05 9.99647E-05 0.136072 0.104092
9.99738E-05 0.00455817 0.328424 0.233916 9.99738E-05 0.200309 0.107619 9.99738E-05 0.124875
0.95602 9.99475E-05 9.99475E-05 0.0188397 9.99475E-05 9.99475E-05 9.99475E-05 9.99475E-05 0.024541
9.99562E-05 0.397495 0.177227 9.99562E-05 9.99562E-05 0.378392 9.99562E-05 9.99562E-05 0.0463856
0.0190125 0.570002 0.103046 9.99647E-05 9.99647E-05 0.111002 9.99647E-05 0.196537 9.99647E-05
9.9947E-05 0.62121 0.30307 9.9947E-05 9.9947E-05 0.0751205 9.9947E-05 9.9947E-05 9.9947E-05
9.99651E-05 0.188637 0.292843 9.99651E-05 0.00542181 0.297454 9.99651E-05 0.215245 9.99651E-05
9.99561E-05 9.99561E-05 9.99561E-05 0.279612 0.257304 9.99561E-05 0.192728 9.99561E-05 0.269855
9.99649E-05 0.766153 9.99649E-05 0.0112226 0.135329 9.99649E-05 0.018727 0.0681682 9.99649E-05
9.99382E-05 0.330303 9.99382E-05 0.668998 9.99382E-05 9.99382E-05 9.99382E-05 9.99382E-05 9.99382E-05
0.264183 9.99474E-05 9.99474E-05 9.99474E-05 0.13124 0.603978 9.99474E-05 9.99474E-05 9.99474E-05
0.0127979 0.263624 9.99736E-05 9.99736E-05 9.99736E-05 0.156193 0.0500605 0.0846385 0.432386
0.489494 0.264536 9.99561E-05 9.99561E-05 9.99561E-05 9.99561E-05 9.99561E-05 0.216787 0.0286828
9.99474E-05 0.475094 9.99474E-05 9.99474E-05 0.0827661 9.99474E-05 9.99474E-05 9.99474E-05 0.44154
9.99475E-05 9.99475E-05 0.385041 0.330893 9.99475E-05 0.283467 9.99475E-05 9.99475E-05 9.99475E-05
0.0435559 0.470158 0.114221 9.99648E-05 0.0364095 9.99648E-05 9.99648E-05 0.335256 9.99648E-05
9.99475E-05 0.606094 9.99475E-05 9.99475E-05 0.102844 9.99475E-05 9.99475E-05 9.99475E-05 0.290462
0.0609822 0.690885 9.99646E-05 0.115563 9.99646E-05 0.119873 0.0122968 9.99646E-05 9.99646E-05
9.99561E-05 9.99561E-05 0.312603 9.99561E-05 9.99561E-05 0.259261 9.99561E-05 0.17097 0.256666
0.544822 9.99649E-05 0.0450207 0.0770467 9.99649E-05 9.99649E-05 0.110771 0.22194 9.99649E-05
9.99646E-05 0.0684211 0.0831965 9.99646E-05 9.99646E-05 0.362372 0.0906551 9.99646E-05 0.394955
0.730032 9.99648E-05 0.156719 0.0702826 0.0178819 9.99648E-05 0.0246839 9.99648E-05 9.99648E-05
0.144314 0.220429 9.99736E-05 0.0984434 9.99736E-05 9.99736E-05 0.230525 0.257528 0.0484606
9.99557E-05 9.99557E-05 0.0734288 0.373329 9.99557E-05 9.99557E-05 0.427808 0.124935 9.99557E-05
0.0349639 0.359814 0.096832 0.0361297 0.282334 0.0596861 0.13004 9.99823E-05 9.99823E-05
9.99473E-05 9.99473E-05 9.99473E-05 9.99473E-05 9.99473E-05 9.99473E-05 0.0835827 0.859834 0.0559835
9.99472E-05 0.453289 9.99472E-05 9.99472E-05 0.536697 9.99472E-05 9.99472E-05 0.00941467 9.99472E-05
9.99649E-05 0.392876 0.000188299 0.434065 0.130699 0.0417723 9.99649E-05 9.99649E-05 9.99649E-05
9.99647E-05 9.99647E-05 0.28308 9.99647E-05 0.158685 0.00762691 0.367783 0.182424 9.99647E-05
9.99559E-05 0.0617927 0.295108 9.99559E-05 0.0989135 9.99559E-05 9.99559E-05 9.99559E-05 0.543686
9.99649E-05 0.390035 0.366357 9.99649E-05 9.99649E-05 0.115915 0.118457 0.00883502 9.99649E-05
9.99388E-05 9.99388E-05 9.99388E-05 0.860635 9.99388E-05 9.99388E-05 9.99388E-05 9.99388E-05 0.138666
9.99736E-05 0.000473736 0.477148 9.99736E-05 9.99736E-05 0.0241431 0.0867501 0.294737 0.116447
9.9956E-05 0.00105415 0.532868 9.9956E-05 0.19431 0.271268 9.9956E-05 9.9956E-05 9.9956E-05
0.631 9.99472E-05 0.35493 9.99472E-05 0.0134704 9.99472E-05 9.99472E-05 9.99472E-05 9.99472E-05
9.9965E-05 0.259866 0.361506 9.9965E-05 0.112108 0.0200148 9.9965E-05 9.9965E-05 0.246106
0.264672 0.0183096 0.158504 9.99647E-05 0.271482 9.99647E-05 9.99647E-05 9.99647E-05 0.286633
0.342449 0.29927 0.184055 9.99559E-05 9.99559E-05 9.99559E-05 0.173727 9.99559E-05 9.99559E-05
9.99559E-05 9.99559E-05 0.288904 9.99559E-05 0.238938 0.26037 9.99559E-05 9.99559E-05 0.211288
9.99564E-05 0.286703 0.542949 9.99564E-05 9.99564E-05 9.99564E-05 0.0908725 0.0789755 9.99564E-05
9.9956E-05 0.599726 0.16966 9.9956E-05 9.9956E-05 9.9956E-05 0.042824 9.9956E-05 0.18729
9.99559E-05 0.646288 9.99559E-05 9.99559E-05 0.147204 0.154769 9.99559E-05 9.99559E-05 0.0512398
0.185821 0.166814 9.99469E-05 9.99469E-05 9.99469E-05 9.99469E-05 9.99469E-05 9.99469E-05 0.646766
9.99563E-05 0.859881 9.99563E-05 9.99563E-05 0.0226997 9.99563E-05 0.0825917 9.99563E-05 0.0343275
0.0121024 0.48046 0.0517361 0.166572 0.0286982 0.172734 9.99824E-05 9.99824E-05 0.0874977
0.0692675 0.192252 0.382267 9.99648E-05 9.99648E-05 0.0469383 9.99648E-05 9.99648E-05 0.308876
0.35743 0.00441405 9.99649E-05 0.467227 9.99649E-05 0.120792 9.99649E-05 0.0497369 9.99649E-05
9.99648E-05 0.412197 0.250176 9.99648E-05 9.99648E-05 0.269154 9.99648E-05 0.0373936 0.0306796
0.126686 0.0388263 0.34826 0.171197 0.0935815 9.99736E-05 9.99736E-05 9.99736E-05 0.221148
9.99382E-05 0.562627 0.436674 9.99382E-05 9.99382E-05 9.99382E-05 9.99382E-05 9.99382E-05 9.99382E-05
9.99647E-05 0.235615 9.99647E-05 9.99647E-05 0.195425 0.243879 0.198871 9.99647E-05 0.125811
0.0812209 9.99471E-05 9.99471E-05 9.99471E-05 0.633126 9.99471E-05 9.99471E-05 0.285054 9.99471E-05
9.99563E-05 0.0793451 0.552777 9.99563E-05 0.208163 9.99563E-05 9.99563E-05 9.99563E-05 0.159215
9.99559E-05 0.493387 9.99559E-05 0.0941102 0.352526 0.0594767 9.99559E-05 9.99559E-05 9.99559E-05
9.99387E-05 9.99387E-05 9.99387E-05 0.441614 9.99387E-05 9.99387E-05 9.99387E-05 9.99387E-05 0.557686
0.452175 0.204298 9.99561E-05 9.99561E-05 0.0626072 9.99561E-05 0.28042 9.99561E-05 9.99561E-05
9.99559E-05 9.99559E-05 9.99559E-05 9.99559E-05 0.360557 9.99559E-05 0.152754 0.464026 0.0221626
9.99391E-05 9.99391E-05 0.653541 9.99391E-05 9.99391E-05 9.99391E-05 0.34576 9.99391E-05 9.99391E-05
9.99563E-05 9.99563E-05 9.99563E-05 0.120402 0.460442 0.0112552 0.407401 9.99563E-05 9.99563E-05
0.0825865 9.99475E-05 9.99475E-05 9.99475E-05 0.702056 9.99475E-05 9.99475E-05 0.214758 9.99475E-05
9.9947E-05 0.155654 9.9947E-05 9.9947E-05 0.350296 9.9947E-05 9.9947E-05 0.49345 9.9947E-05
9.99736E-05 0.26524 9.99736E-05 0.249768 0.2005 0.123834 9.99736E-05 0.0633529 0.0970048
9.99562E-05 0.46877 9.99562E-05 9.99562E-05 9.99562E-05 9.99562E-05 0.255714 0.25284 0.022176
0.230182 0.0703163 9.99559E-05 0.0582548 9.99559E-05 0.640747 9.99559E-05 9.99559E-05 9.99559E-05
0.0947859 9.99563E-05 0.755082 9.99563E-05 9.99563E-05 9.99563E-05 9.99563E-05 0.104293 0.0453393
0.0870771 0.322939 9.99559E-05 9.99559E-05 9.99559E-05 0.118791 0.470693 9.99559E-05 9.99559E-05
0.303391 9.99559E-05 0.233125 9.99559E-05 9.99559E-05 9.99559E-05 9.99559E-05 0.314729 0.148255
0.0307105 9.99557E-05 9.99557E-05 9.99557E-05 9.99557E-05 0.608495 9.99557E-05 0.327822 0.0324723
0.0429823 9.99646E-05 0.513401 9.99646E-05 0.095749 9.99646E-05 9.99646E-05 0.0934143 0.254053
9.99385E-05 9.99385E-05 9.99385E-05 9.99385E-05 9.99385E-05 0.308498 0.690802 9.99385E-05 9.99385E-05
9.99472E-05 0.422874 9.99472E-05 9.99472E-05 0.145638 9.99472E-05 9.99472E-05 0.430889 9.99472E-05
9.99648E-05 0.0820387 9.99648E-05 0.130383 0.261541 0.30597 9.99648E-05 0.219668 9.99648E-05
9.99301E-05 9.99301E-05 0.999201 9.99301E-05 9.99301E-05 9.99301E-05 9.99301E-05 9.99301E-05 9.99301E-05
0.335429 0.54409 9.99559E-05 9.99559E-05 9.99559E-05 0.114049 9.99559E-05 9.99559E-05 0.00593166
0.431947 0.235043 9.99648E-05 9.99648E-05 9.99648E-05 0.177021 9.99648E-05 0.0494222 0.106167
0.035306 0.191701 0.228358 0.0249965 0.018813 9.99823E-05 9.99823E-05 0.372994 0.127632
9.9947E-05 0.41585 0.0627463 9.9947E-05 0.520804 9.9947E-05 9.9947E-05 9.9947E-05 9.9947E-05
9.9956E-05 0.180559 0.340231 9.9956E-05 9.9956E-05 9.9956E-05 9.9956E-05 0.151986 0.326724
9.99562E-05 0.383585 0.00988592 0.568451 9.99562E-05 9.99562E-05 0.0375788 9.99562E-05 9.99562E-05
9.99476E-05 0.267314 0.0587913 9.99476E-05 0.673295 9.99476E-05 9.99476E-05 9.99476E-05 9.99476E-05
9.99472E-05 0.426488 0.21034 0.362572 9.99472E-05 9.99472E-05 9.99472E-05 9.99472E-05 9.99472E-05
9.9956E-05 0.4919 0.162085 9.9956E-05 0.0886486 9.9956E-05 9.9956E-05 9.9956E-05 0.256866
0.182909 0.613028 9.99564E-05 9.99564E-05 9.99564E-05 9.99564E-05 0.0996612 0.103902 9.99564E-05
9.99476E-05 0.141382 0.436388 9.99476E-05 9.99476E-05 9.99476E-05 9.99476E-05 0.42163 9.99476E-05
9.99557E-05 0.323057 9.99557E-05 9.99557E-05 0.0288464 9.99557E-05 9.99557E-05 0.641948 0.00564811
9.99473E-05 9.99473E-05 9.99473E-05 9.99473E-05 0.314181 9.99473E-05 0.604144 0.0810756 9.99473E-05
9.99649E-05 0.0129668 0.186217 9.99649E-05 0.434384 0.0560303 0.310002 9.99649E-05 9.99649E-05
9.99562E-05 0.14414 9.99562E-05 9.99562E-05 0.239123 9.99562E-05 0.267528 0.348709 9.99562E-05
9.99383E-05 9.99383E-05 9.99383E-05 9.99383E-05 9.99383E-05 0.244869 9.99383E-05 9.99383E-05 0.754431
9.99384E-05 9.99384E-05 9.99384E-05 9.99384E-05 0.19419 9.99384E-05 0.805111 9.99384E-05 9.99384E-05
0.10383 0.369309 0.0481682 0.0904799 0.362244 9.99735E-05 9.99735E-05 9.99735E-05 0.0256696
9.99389E-05 9.99389E-05 9.99389E-05 9.99389E-05 0.873222 0.126078 9.99389E-05 9.99389E-05 9.99389E-05
9.99561E-05 0.404108 0.323151 9.99561E-05 9.99561E-05 0.045279 0.226961 9.99561E-05 9.99561E-05
9.99559E-05 0.459431 9.99559E-05 0.316044 9.99559E-05 9.99559E-05 9.99559E-05 0.172201 0.0518246
0.00535842 0.202693 9.99561E-05 9.99561E-05 9.99561E-05 0.755325 0.0361234 9.99561E-05 9.99561E-05
9.99824E-05 0.358647 0.212942 0.12142 0.151338 0.0191948 9.99824E-05 0.0633476 0.0729107
0.386275 0.512383 9.9947E-05 9.9947E-05 9.9947E-05 9.9947E-05 9.9947E-05 0.100742 9.9947E-05
0.0265313 0.479104 0.196546 0.182129 9.9965E-05 0.11529 9.9965E-05 9.9965E-05 9.9965E-05
9.99736E-05 0.291782 0.135972 0.395982 0.000491505 9.99736E-05 0.173054 0.00241766 9.99736E-05
9.9965E-05 0.339401 9.9965E-05 0.322556 0.239415 0.0381058 0.060123 9.9965E-05 9.9965E-05
0.507199 9.99648E-05 0.111024 0.285675 0.0741478 9.99648E-05 9.99648E-05 0.0215553 9.99648E-05
0.269459 0.447049 9.99559E-05 9.99559E-05 9.99559E-05 0.0917791 0.191214 9.99559E-05 9.99559E-05
0.154198 0.0276274 0.152859 9.99559E-05 9.99559E-05 9.99559E-05 0.664815 9.99559E-05 9.99559E-05
9.99647E-05 0.355781 0.134901 9.99647E-05 0.1275 0.0565751 9.99647E-05 9.99647E-05 0.324843
9.99472E-05 0.849983 0.0652718 9.99472E-05 9.99472E-05 9.99472E-05 9.99472E-05 9.99472E-05 0.0841452
9.9965E-05 0.315019 0.135727 9.9965E-05 0.413828 9.9965E-05 9.9965E-05 0.0968939 0.0381328
9.993E-05 9.993E-05 0.999201 9.993E-05 9.993E-05 9.993E-05 9.993E-05 9.993E-05 9.993E-05
0.518754 9.99474E-05 9.99474E-05 9.99474E-05 0.395855 9.99474E-05 9.99474E-05 0.0847912 9.99474E-05
0.331318 0.222829 9.99569E-05 9.99569E-05 0.275092 9.99569E-05 0.170261 9.99569E-05 9.99569E-05
9.9956E-05 0.483875 9.9956E-05 0.227188 0.059375 0.229063 9.9956E-05 9.9956E-05 9.9956E-05
9.99471E-05 0.378731 9.99471E-05 9.99471E-05 9.99471E-05 9.99471E-05 0.313202 9.99471E-05 0.307467
9.99476E-05 0.633392 9.99476E-05 0.112356 0.253652 9.99476E-05 9.99476E-05 9.99476E-05 9.99476E-05
9.99558E-05 9.99558E-05 0.345392 0.0497654 0.233821 9.99558E-05 9.99558E-05 0.370523 9.99558E-05
9.99382E-05 9.99382E-05 0.534891 9.99382E-05 9.99382E-05 9.99382E-05 9.99382E-05 9.99382E-05 0.464409
0.352159 0.434116 0.212613 9.99563E-05 9.99563E-05 0.000611315 9.99563E-05 9.99563E-05 9.99563E-05
9.99561E-05 0.341869 0.0702922 9.99561E-05 0.529443 0.0578954 9.99561E-05 9.99561E-05 9.99561E-05
0.338925 9.99472E-05 9.99472E-05 9.99472E-05 0.398414 9.99472E-05 0.262061 9.99472E-05 9.99472E-05
9.99648E-05 0.085798 0.360524 9.99648E-05 0.488629 0.0626038 0.00204461 9.99648E-05 9.99648E-05
9.99649E-05 0.475634 9.99649E-05 0.160028 9.99649E-05 0.0478642 0.227577 0.0884971 9.99649E-05
0.361339 9.9956E-05 0.314334 0.122456 9.9956E-05 9.9956E-05 9.9956E-05 9.9956E-05 0.201371
9.99736E-05 0.0388978 9.99736E-05 0.00174195 0.0832935 0.420413 9.99736E-05 0.265167 0.190187
0.0140851 0.224921 0.741544 9.99561E-05 9.99561E-05 9.99561E-05 9.99561E-05 9.99561E-05 0.0189498
9.99473E-05 9.99473E-05 0.720213 9.99473E-05 9.99473E-05 9.99473E-05 0.224596 9.99473E-05 0.0545914
9.99559E-05 9.99559E-05 0.197122 9.99559E-05 0.487434 9.99559E-05 0.288677 9.99559E-05 0.0262668
9.99557E-05 0.0381857 0.406019 9.99557E-05 0.535044 9.99557E-05 9.99557E-05 9.99557E-05 0.0202514
9.99471E-05 0.123517 0.833868 9.99471E-05 0.0420152 9.99471E-05 9.99471E-05 9.99471E-05 9.99471E-05
9.99562E-05 9.99562E-05 9.99562E-05 9.99562E-05 0.00433937 0.1527 0.354165 9.99562E-05 0.488296
9.99473E-05 0.155114 9.99473E-05 9.99473E-05 9.99473E-05 0.837488 0.00679751 9.99473E-05 9.99473E-05
9.994E-05 0.483635 9.994E-05 9.994E-05 0.342374 9.994E-05 9.994E-05 0.173392 9.994E-05
9.99386E-05 9.99386E-05 9.99386E-05 9.99386E-05 9.99386E-05 0.886013 0.113287 9.99386E-05 9.99386E-05
9.99388E-05 0.302898 9.99388E-05 9.99388E-05 9.99388E-05 9.99388E-05 9.99388E-05 9.99388E-05 0.696402
9.9956E-05 0.0102234 0.386762 9.9956E-05 9.9956E-05 0.0842599 9.9956E-05 0.518255 9.9956E-05
9.99471E-05 0.485217 9.99471E-05 0.097652 9.99471E-05 9.99471E-05 0.416531 9.99471E-05 9.99471E-05
0.0480868 9.99475E-05 9.99475E-05 9.99475E-05 9.99475E-05 9.99475E-05 0.247537 9.99475E-05 0.703777
0.323851 0.159081 0.0553916 9.99648E-05 0.0302893 9.99648E-05 9.99648E-05 9.99648E-05 0.430987
0.524633 0.136397 0.202377 9.99647E-05 9.99647E-05 9.99647E-05 0.111773 0.0244194 9.99647E-05
0.380525 9.99646E-05 0.317674 9.99646E-05 0.101065 9.99646E-05 9.99646E-05 0.0773298 0.123006
0.578847 9.99561E-05 9.99561E-05 9.99561E-05 0.0644994 9.99561E-05 0.223612 9.99561E-05 0.132541
9.99385E-05 9.99385E-05 9.99385E-05 9.99385E-05 0.868157 9.99385E-05 0.131143 9.99385E-05 9.99385E-05
0.235044 0.0520961 0.458602 9.99823E-05 0.0445265 0.0967131 0.0366443 0.0761738 9.99823E-05
9.99558E-05 0.526137 0.408147 9.99558E-05 0.0275932 9.99558E-05 0.037623 9.99558E-05 9.99558E-05
9.99475E-05 0.584733 0.326028 9.99475E-05 9.99475E-05 9.99475E-05 9.99475E-05 9.99475E-05 0.0886397
9.9974E-05 0.249762 0.261586 0.11685 0.0848891 9.9974E-05 9.9974E-05 0.105227 0.181386
9.99563E-05 0.0543648 9.99563E-05 0.205546 9.99563E-05 9.99563E-05 0.275967 9.99563E-05 0.463623
0.432691 9.99559E-05 0.309499 9.99559E-05 9.99559E-05 0.255061 9.99559E-05 0.0022483 9.99559E-05
9.99648E-05 9.99648E-05 0.497219 0.185742 0.104014 0.185691 9.99648E-05 0.0269342 9.99648E-05
9.99474E-05 0.137798 9.99474E-05 9.99474E-05 0.389893 0.471709 9.99474E-05 9.99474E-05 9.99474E-05
9.9956E-05 0.262614 0.0810612 9.9956E-05 0.0552822 9.9956E-05 9.9956E-05 9.9956E-05 0.600543
0.224566 9.99471E-05 9.99471E-05 9.99471E-05 9.99471E-05 9.99471E-05 0.563005 0.211828 9.99471E-05
9.99387E-05 0.484069 9.99387E-05 9.99387E-05 9.99387E-05 9.99387E-05 0.515232 9.99387E-05 9.99387E-05
0.40575 0.178676 0.0617345 9.99557E-05 0.35334 9.99557E-05 9.99557E-05 9.99557E-05 9.99557E-05
0.211973 0.0652202 0.504344 9.99736E-05 9.99736E-05 0.174849 9.99736E-05 0.0124615 0.0308524
9.995E-05 9.995E-05 0.704535 0.0547093 0.168688 9.995E-05 9.995E-05 0.0715681 9.995E-05
9.9956E-05 0.619953 0.0609191 9.9956E-05 9.9956E-05 9.9956E-05 9.9956E-05 0.0822138 0.236414
0.222451 0.0513485 0.0121952 9.99647E-05 9.99647E-05 0.12053 0.593076 9.99647E-05 9.99647E-05
9.99736E-05 0.383241 0.0328156 0.145031 0.0815345 0.103021 0.254056 9.99736E-05 9.99736E-05
0.0702092 0.256852 9.99559E-05 9.99559E-05 0.469782 9.99559E-05 9.99559E-05 9.99559E-05 0.202657
9.99562E-05 0.222563 9.99562E-05 9.99562E-05 0.286047 9.99562E-05 0.301462 0.189429 9.99562E-05
9.99472E-05 9.99472E-05 0.302152 9.99472E-05 0.535092 9.99472E-05 9.99472E-05 9.99472E-05 0.162156
9.99558E-05 0.0189301 0.370992 9.99558E-05 9.99558E-05 9.99558E-05 0.281645 9.99558E-05 0.327933
9.99561E-05 9.99561E-05 0.440679 0.355211 9.99561E-05 0.0967391 9.99561E-05 0.106871 9.99561E-05
0.20718 9.99559E-05 0.509345 9.99559E-05 0.0438794 9.99559E-05 9.99559E-05 0.239096 9.99559E-05
9.99384E-05 9.99384E-05 0.827835 9.99384E-05 9.99384E-05 0.171466 9.99384E-05 9.99384E-05 9.99384E-05
0.185344 0.19748 9.9965E-05 9.9965E-05 9.9965E-05 0.263851 0.0674156 9.9965E-05 0.28551
0.308608 0.14437 0.140687 0.405835 9.99561E-05 9.99561E-05 9.99561E-05 9.99561E-05 9.99561E-05
0.189841 0.277002 0.00218184 9.99738E-05 9.99738E-05 9.99738E-05 0.0313417 0.430954 0.0683787
0.491356 9.99559E-05 9.99559E-05 9.99559E-05 0.187959 0.288357 9.99559E-05 9.99559E-05 0.0318275
9.99645E-05 9.99645E-05 0.437742 9.99645E-05 9.99645E-05 0.0977341 0.00434602 0.149767 0.310011
9.99649E-05 0.103986 9.99649E-05 0.323306 9.99649E-05 0.318477 0.00739018 0.24644 9.99649E-05
9.99562E-05 0.0509287 9.99562E-05 9.99562E-05 9.99562E-05 0.310048 9.99562E-05 0.39655 0.241973
9.99383E-05 9.99383E-05 9.99383E-05 9.99383E-05 0.452923 9.99383E-05 9.99383E-05 9.99383E-05 0.546378
0.392191 0.197286 0.237848 9.9956E-05 9.9956E-05 9.9956E-05 9.9956E-05 0.172175 9.9956E-05
9.99647E-05 9.99647E-05 9.99647E-05 0.0459265 0.0345592 0.082723 0.0477255 9.99647E-05 0.788666
0.0862428 0.267027 0.0976804 9.99648E-05 0.0199537 0.528696 9.99648E-05 9.99648E-05 9.99648E-05
9.99301E-05 9.99301E-05 0.999201 9.99301E-05 9.99301E-05 9.99301E-05 9.99301E-05 9.99301E-05 9.99301E-05
0.268751 0.713614 9.99473E-05 9.99473E-05 0.017035 9.99473E-05 9.99473E-05 9.99473E-05 9.99473E-05
9.99474E-05 9.99474E-05 0.38069 0.560253 9.99474E-05 0.0584575 9.99474E-05 9.99474E-05 9.99474E-05
9.99647E-05 0.481231 0.0223654 9.99647E-05 0.0420169 0.0496818 9.99647E-05 9.99647E-05 0.404305
9.99559E-05 9.99559E-05 0.168751 0.279189 0.129927 9.99559E-05 0.421633 9.99559E-05 9.99559E-05
0.103867 9.99562E-05 0.179916 0.441367 9.99562E-05 9.99562E-05 9.99562E-05 9.99562E-05 0.27435
9.99735E-05 0.103946 9.99735E-05 0.0945731 0.162029 0.300653 9.99735E-05 0.227734 0.110765
0.550813 9.99561E-05 9.99561E-05 9.99561E-05 0.24087 9.99561E-05 0.182207 0.0256106 9.99561E-05
9.99471E-05 0.394029 9.99471E-05 9.99471E-05 9.99471E-05 9.99471E-05 9.99471E-05 0.31539 0.289981
0.104482 0.415507 0.137806 9.99648E-05 0.144507 9.99648E-05 9.99648E-05 9.99648E-05 0.197298
9.99561E-05 0.162517 0.515668 0.192651 9.99561E-05 9.99561E-05 9.99561E-05 0.128664 9.99561E-05
9.99561E-05 9.99561E-05 9.99561E-05 0.132867 9.99561E-05 0.144667 9.99561E-05 0.368219 0.353747
0.0200696 0.246915 9.99649E-05 0.31061 9.99649E-05 9.99649E-05 9.99649E-05 0.134009 0.287996
9.99478E-05 0.152877 0.787926 9.99478E-05 9.99478E-05 9.99478E-05 0.0585971 9.99478E-05 9.99478E-05
0.0669522 0.273158 9.99561E-05 9.99561E-05 9.99561E-05 9.99561E-05 0.343307 0.316083 9.99561E-05
9.99562E-05 0.0901713 9.99562E-05 0.199165 0.429838 9.99562E-05 0.280325 9.99562E-05 9.99562E-05
9.9956E-05 0.192394 9.9956E-05 9.9956E-05 9.9956E-05 9.9956E-05 0.270446 0.0560177 0.480642
9.99563E-05 0.455085 9.99563E-05 0.0746866 9.99563E-05 9.99563E-05 0.0809096 9.99563E-05 0.388819
9.99562E-05 0.36341 9.99562E-05 0.26227 9.99562E-05 0.00428721 9.99562E-05 0.369533 9.99562E-05
9.99651E-05 0.0178971 0.273273 0.0427928 0.275188 9.99651E-05 9.99651E-05 9.99651E-05 0.39045
0.178111 9.99472E-05 0.662037 9.99472E-05 0.159252 9.99472E-05 9.99472E-05 9.99472E-05 9.99472E-05
9.99386E-05 9.99386E-05 9.99386E-05 0.610881 9.99386E-05 9.99386E-05 9.99386E-05 0.388419 9.99386E-05
0.275513 0.340889 9.99472E-05 9.99472E-05 9.99472E-05 9.99472E-05 9.99472E-05 9.99472E-05 0.382998
9.99381E-05 0.0674248 0.931876 9.99381E-05 9.99381E-05 9.99381E-05 9.99381E-05 9.99381E-05 9.99381E-05
9.99473E-05 0.888872 9.99473E-05 9.99473E-05 0.0346212 9.99473E-05 0.0759075 9.99473E-05 9.99473E-05
9.99646E-05 9.99646E-05 0.118727 0.0526707 0.229347 9.99646E-05 9.99646E-05 0.254196 0.344659
0.0551198 9.99558E-05 0.885316 0.0544295 9.99558E-05 9.99558E-05 0.00463442 9.99558E-05 9.99558E-05
0.266676 9.99648E-05 9.99648E-05 9.99648E-05 9.99648E-05 0.192309 0.055647 0.154533 0.330435
9.99473E-05 9.99473E-05 9.99473E-05 9.99473E-05 9.99473E-05 0.497929 0.375597 9.99473E-05 0.125875
0.640924 0.299984 0.0542874 9.99561E-05 9.99561E-05 9.99561E-05 9.99561E-05 9.99561E-05 0.00430548
9.9947E-05 9.9947E-05 9.9947E-05 0.23318 9.9947E-05 9.9947E-05 0.203606 0.562614 9.9947E-05
0.101114 0.271585 0.615444 9.9956E-05 9.9956E-05 0.0113569 9.9956E-05 9.9956E-05 9.9956E-05
0.971318 9.99388E-05 9.99388E-05 9.99388E-05 9.99388E-05 0.0279824 9.99388E-05 9.99388E-05 9.99388E-05
9.995E-05 0.364325 0.460212 9.995E-05 9.995E-05 0.114601 9.995E-05 9.995E-05 0.0603625
9.9938E-05 0.378496 9.9938E-05 0.620804 9.9938E-05 9.9938E-05 9.9938E-05 9.9938E-05 9.9938E-05
9.99557E-05 0.284546 0.00823304 9.99557E-05 0.274078 9.99557E-05 9.99557E-05 0.432643 9.99557E-05
9.99646E-05 0.0408315 9.99646E-05 9.99646E-05 0.0737099 9.99646E-05 0.202539 0.516631 0.165889
9.99472E-05 9.99472E-05 9.99472E-05 9.99472E-05 0.0236733 0.386658 9.99472E-05 9.99472E-05 0.589069
9.99387E-05 0.30836 9.99387E-05 9.99387E-05 9.99387E-05 0.690941 9.99387E-05 9.99387E-05 9.99387E-05
0.0980302 9.99561E-05 0.216116 9.99561E-05 0.457494 9.99561E-05 9.99561E-05 0.22786 9.99561E-05
9.99561E-05 9.99561E-05 9.99561E-05 9.99561E-05 0.349389 0.125564 0.303965 9.99561E-05 0.220582
9.9956E-05 9.9956E-05 0.263799 9.9956E-05 9.9956E-05 0.0042799 9.9956E-05 0.0175141 0.713907
9.9956E-05 0.299984 0.197846 9.9956E-05 9.9956E-05 9.9956E-05 9.9956E-05 0.436604 0.0650668
9.99471E-05 0.504352 9.99471E-05 9.99471E-05 0.0935539 9.99471E-05 9.99471E-05 0.401494 9.99471E-05
9.99648E-05 0.247412 0.415602 9.99648E-05 0.0684061 9.99648E-05 9.99648E-05 0.120296 0.147884
9.99474E-05 0.473278 9.99474E-05 9.99474E-05 0.28258 9.99474E-05 9.99474E-05 9.99474E-05 0.243541
0.137073 9.99476E-05 9.99476E-05 0.6277 9.99476E-05 0.234627 9.99476E-05 9.99476E-05 9.99476E-05
0.0453571 9.995E-05 0.286236 9.995E-05 9.995E-05 9.995E-05 0.148023 0.519884 9.995E-05
9.99649E-05 0.122068 0.107968 0.0522884 9.99649E-05 0.306816 9.99649E-05 0.410461 9.99649E-05
9.99645E-05 0.0204175 9.99645E-05 0.254538 0.436309 9.99645E-05 9.99645E-05 0.142749 0.145587
9.99474E-05 0.404367 9.99474E-05 9.99474E-05 9.99474E-05 0.465825 0.129209 9.99474E-05 9.99474E-05
9.9947E-05 0.527825 9.9947E-05 9.9947E-05 9.9947E-05 0.453671 9.9947E-05 0.017904 9.9947E-05
9.99559E-05 0.387522 9.99559E-05 9.99559E-05 0.348468 0.101861 9.99559E-05 9.99559E-05 0.16165
0.284629 9.99559E-05 9.99559E-05 0.378286 9.99559E-05 9.99559E-05 9.99559E-05 0.157776 0.178809
9.99477E-05 9.99477E-05 0.183086 9.99477E-05 0.240747 0.575567 9.99477E-05 9.99477E-05 9.99477E-05
9.99559E-05 0.632199 0.0567078 9.99559E-05 9.99559E-05 0.214567 9.99559E-05 0.0960263 9.99559E-05
0.0894636 0.106537 0.114039 0.0461455 9.99736E-05 0.291921 9.99736E-05 9.99736E-05 0.351594
0.375629 0.0739323 0.413313 9.99737E-05 9.99737E-05 0.0435426 0.0679331 9.99737E-05 0.0253507
9.99562E-05 0.398933 0.0955316 9.99562E-05 9.99562E-05 0.133188 9.99562E-05 0.371847 9.99562E-05
0.0285902 0.216953 0.0446943 9.99562E-05 9.99562E-05 9.99562E-05 9.99562E-05 0.709263 9.99562E-05
0.654362 0.169 9.99475E-05 9.99475E-05 9.99475E-05 9.99475E-05 9.99475E-05 9.99475E-05 0.176038
0.130601 9.99648E-05 0.832544 9.99648E-05 9.99648E-05 0.025886 0.00682528 0.00374406 9.99648E-05
9.99648E-05 0.121597 0.365628 9.99648E-05 9.99648E-05 9.99648E-05 0.393223 0.0154862 0.103666
0.16287 0.0463149 9.99737E-05 0.252114 9.99737E-05 0.148963 0.0160217 9.99737E-05 0.373417
9.99474E-05 0.505739 9.99474E-05 9.99474E-05 0.111484 9.99474E-05 9.99474E-05 9.99474E-05 0.382177
9.99475E-05 0.135681 9.99475E-05 9.99475E-05 9.99475E-05 0.499031 9.99475E-05 9.99475E-05 0.364688
0.16159 9.99384E-05 9.99384E-05 9.99384E-05 9.99384E-05 0.83771 9.99384E-05 9.99384E-05 9.99384E-05
9.9956E-05 0.461489 0.122239 0.288593 9.9956E-05 9.9956E-05 0.12718 9.9956E-05 9.9956E-05
9.99567E-05 0.00983811 9.99567E-05 9.99567E-05 9.99567E-05 9.99567E-05 0.0275002 0.372737 0.589425
0.0700363 9.99474E-05 9.99474E-05 9.99474E-05 9.99474E-05 0.163911 9.99474E-05 9.99474E-05 0.765453
0.146945 9.99473E-05 0.57951 9.99473E-05 9.99473E-05 9.99473E-05 0.272945 9.99473E-05 9.99473E-05
0.639543 9.99393E-05 9.99393E-05 9.99393E-05 0.359757 9.99393E-05 9.99393E-05 9.99393E-05 9.99393E-05
9.99559E-05 9.99559E-05 0.0694649 0.066493 0.56349 9.99559E-05 0.300052 9.99559E-05 9.99559E-05
9.9965E-05 0.299113 0.061292 9.9965E-05 0.176135 9.9965E-05 0.0503774 9.9965E-05 0.412683
9.99386E-05 0.955636 9.99386E-05 9.99386E-05 9.99386E-05 9.99386E-05 9.99386E-05 0.0436648 9.99386E-05
0.0269948 9.99561E-05 9.99561E-05 9.99561E-05 0.131938 0.267309 9.99561E-05 0.573258 9.99561E-05
0.321759 0.579929 0.0135553 9.99559E-05 0.084257 9.99559E-05 9.99559E-05 9.99559E-05 9.99559E-05
9.99648E-05 0.0358548 0.406849 9.99648E-05 0.218779 0.291422 9.99648E-05 0.046696 9.99648E-05
