9.99649E-05 0.479631 9.99649E-05 9.99649E-05 9.99649E-05 0.269303 0.250666
9.99565E-05 0.762016 9.99565E-05 9.99565E-05 9.99565E-05 0.237484 9.99565E-05
9.99738E-05 0.00643929 0.463483 0.0695032 0.460274 9.99738E-05 9.99738E-05
0.187075 9.99565E-05 0.812425 9.99565E-05 9.99565E-05 9.99565E-05 9.99565E-05
9.99565E-05 9.99565E-05 0.240466 9.99565E-05 9.99565E-05 0.759034 9.99565E-05
0.276307 9.99652E-05 9.99652E-05 9.99652E-05 9.99652E-05 0.343405 0.379888
0.253968 9.99824E-05 0.267083 0.0651723 0.149627 9.99824E-05 0.263951
9.99649E-05 0.245506 0.373781 9.99649E-05 9.99649E-05 0.380313 9.99649E-05
9.99736E-05 0.0971284 0.0492406 9.99736E-05 9.99736E-05 0.800918 0.0524131
9.99738E-05 0.0465123 0.477494 0.100143 0.375551 9.99738E-05 9.99738E-05
0.0513052 9.99649E-05 0.529302 0.418993 9.99649E-05 9.99649E-05 9.99649E-05
0.515633 9.99649E-05 9.99649E-05 0.102249 0.381719 9.99649E-05 9.99649E-05
0.278786 0.091223 9.99738E-05 9.99738E-05 0.520749 0.108942 9.99738E-05
0.187849 0.119289 9.99736E-05 9.99736E-05 0.240146 9.99736E-05 0.452417
0.119705 9.99651E-05 0.299514 9.99651E-05 9.99651E-05 0.580381 9.99651E-05
0.330271 0.0872457 9.99912E-05 0.166532 0.206944 0.125579 0.0833291
9.99649E-05 0.121634 0.221057 9.99649E-05 0.656909 9.99649E-05 9.99649E-05
0.122609 9.99913E-05 0.153283 0.156593 0.0447713 0.0684309 0.454212
0.171187 0.332725 9.99649E-05 9.99649E-05 0.495688 9.99649E-05 9.99649E-05
9.99649E-05 0.104551 9.99649E-05 0.459952 9.99649E-05 0.435097 9.99649E-05
0.109932 0.485116 0.404552 9.99647E-05 9.99647E-05 9.99647E-05 9.99647E-05
0.312916 9.99736E-05 9.99736E-05 0.0392192 0.0987193 0.548846 9.99736E-05
0.332645 9.99649E-05 0.545647 9.99649E-05 9.99649E-05 9.99649E-05 0.121307
0.478394 0.0204672 9.99651E-05 9.99651E-05 0.500739 9.99651E-05 9.99651E-05
0.544395 0.14152 9.9965E-05 9.9965E-05 9.9965E-05 0.313685 9.9965E-05
9.9974E-05 9.9974E-05 0.118973 0.376603 9.9974E-05 0.455633 0.0484919
0.0720638 9.99647E-05 9.99647E-05 9.99647E-05 0.14703 0.780506 9.99647E-05
0.325456 9.99649E-05 0.469298 9.99649E-05 0.204847 9.99649E-05 9.99649E-05
9.99565E-05 0.236186 9.99565E-05 9.99565E-05 9.99565E-05 0.763315 9.99565E-05
9.99736E-05 0.252704 0.318655 9.99736E-05 0.207385 9.99736E-05 0.220955
9.99648E-05 9.99648E-05 0.102334 0.0631358 9.99648E-05 0.83413 9.99648E-05
9.99737E-05 9.99737E-05 9.99737E-05 0.272203 0.170477 0.208432 0.348588
9.995E-05 9.995E-05 9.995E-05 0.9994 9.995E-05 9.995E-05 9.995E-05
9.99647E-05 9.99647E-05 0.352064 9.99647E-05 0.022951 0.624585 9.99647E-05
0.290093 9.99824E-05 0.0742935 0.41444 0.0437508 9.99824E-05 0.177223
0.0845044 0.0849134 9.99734E-05 9.99734E-05 9.99734E-05 0.725907 0.104375
9.99735E-05 0.167035 0.219635 0.459284 9.99735E-05 9.99735E-05 0.153747
0.908026 9.99565E-05 9.99565E-05 9.99565E-05 9.99565E-05 9.99565E-05 0.091474
0.00490421 0.368958 9.99736E-05 0.0335698 9.99736E-05 9.99736E-05 0.592268
0.613832 9.99649E-05 0.225801 0.159967 9.99649E-05 9.99649E-05 9.99649E-05
9.9965E-05 9.9965E-05 9.9965E-05 0.396595 9.9965E-05 0.252032 0.350973
0.704711 9.99648E-05 9.99648E-05 0.0544532 9.99648E-05 0.240436 9.99648E-05
9.99736E-05 0.558332 9.99736E-05 0.241822 0.160359 9.99736E-05 0.0391868
0.304406 9.99737E-05 0.474444 9.99737E-05 9.99737E-05 0.205116 0.0157343
0.397901 0.390208 9.99648E-05 9.99648E-05 9.99648E-05 9.99648E-05 0.211492
9.99647E-05 0.15334 0.701493 9.99647E-05 9.99647E-05 0.144768 9.99647E-05
0.134655 9.99739E-05 9.99739E-05 0.331989 0.430875 0.102181 9.99739E-05
0.20008 9.99648E-05 9.99648E-05 0.28449 0.51503 9.99648E-05 9.99648E-05
0.0616102 9.99735E-05 0.15894 0.0406161 9.99735E-05 0.738534 9.99735E-05
0.0354575 9.99653E-05 0.573951 9.99653E-05 0.390191 9.99653E-05 9.99653E-05
0.673054 9.99648E-05 9.99648E-05 9.99648E-05 9.99648E-05 0.0238532 0.302693
0.0512976 0.254236 9.99739E-05 0.681786 9.99739E-05 0.012381 9.99739E-05
0.758343 9.99735E-05 9.99735E-05 0.0151893 9.99735E-05 0.221307 0.0048605
0.248474 9.99736E-05 0.149124 9.99736E-05 0.228955 0.373148 9.99736E-05
9.99653E-05 0.0752533 0.692873 9.99653E-05 9.99653E-05 0.231473 9.99653E-05
0.0803648 0.0934203 0.31911 9.99735E-05 0.506805 9.99735E-05 9.99735E-05
9.99563E-05 9.99563E-05 0.0812765 9.99563E-05 9.99563E-05 0.918224 9.99563E-05
0.411015 9.99735E-05 9.99735E-05 0.234592 0.205509 9.99735E-05 0.148584
0.0752383 0.524222 0.116131 9.99736E-05 9.99736E-05 9.99736E-05 0.284109
0.0854001 9.99735E-05 9.99735E-05 0.209808 0.531578 0.172914 9.99735E-05
0.0132292 0.0452058 9.99737E-05 0.373358 0.567907 9.99737E-05 9.99737E-05
0.137371 9.9965E-05 9.9965E-05 0.0213176 9.9965E-05 0.840912 9.9965E-05
9.99647E-05 9.99647E-05 0.160582 0.671159 9.99647E-05 0.167859 9.99647E-05
0.494185 9.99649E-05 9.99649E-05 9.99649E-05 9.99649E-05 0.0584854 0.44693
9.99648E-05 9.99648E-05 9.99648E-05 0.105127 0.047213 0.84726 9.99648E-05
0.321587 9.99646E-05 9.99646E-05 0.121205 0.556808 9.99646E-05 9.99646E-05
0.0786801 9.99825E-05 0.155153 0.44145 9.99825E-05 0.228176 0.09634
9.99825E-05 0.00737122 9.99825E-05 0.208981 0.290438 0.32787 0.16514
9.99646E-05 9.99646E-05 9.99646E-05 0.208295 0.424737 0.366568 9.99646E-05
9.99646E-05 9.99646E-05 0.358685 9.99646E-05 9.99646E-05 0.0500778 0.590837
9.99735E-05 0.510958 0.234034 9.99735E-05 0.140534 0.114174 9.99735E-05
0.55441 9.99823E-05 0.0590947 9.99823E-05 0.196927 0.0480546 0.141314
0.356225 0.128012 9.99824E-05 0.39379 0.0732474 0.0485263 9.99824E-05
9.995E-05 0.9994 9.995E-05 9.995E-05 9.995E-05 9.995E-05 9.995E-05
0.209544 9.99735E-05 9.99735E-05 0.323579 9.99735E-05 0.162629 0.303947
0.198007 9.99736E-05 0.612942 9.99736E-05 0.0934752 0.0952763 9.99736E-05
9.99651E-05 9.99651E-05 0.776042 0.101754 9.99651E-05 0.121805 9.99651E-05
0.571143 0.201952 9.99737E-05 0.0784517 0.148154 9.99737E-05 9.99737E-05
9.99735E-05 0.345782 0.220922 0.229938 0.203058 9.99735E-05 9.99735E-05
9.99649E-05 0.119293 0.713373 0.166935 9.99649E-05 9.99649E-05 9.99649E-05
0.211893 9.99735E-05 0.237993 9.99735E-05 0.236094 0.313721 9.99735E-05
0.345155 0.4254 0.119702 9.99739E-05 9.99739E-05 9.99739E-05 0.109443
9.99738E-05 9.99738E-05 0.482978 0.281022 9.99738E-05 0.0206362 0.215064
9.99734E-05 0.189877 0.178021 0.526979 9.99734E-05 0.104824 9.99734E-05
0.186568 9.997E-05 0.408347 0.10922 9.997E-05 9.997E-05 0.295566
9.99738E-05 9.99738E-05 0.340456 9.99738E-05 0.00230357 0.517597 0.139343
0.730841 9.99649E-05 0.261719 9.99649E-05 9.99649E-05 0.0070401 9.99649E-05
0.58688 9.99735E-05 0.097322 9.99735E-05 0.194026 9.99735E-05 0.121472
0.0275948 9.99649E-05 9.99649E-05 9.99649E-05 0.508259 9.99649E-05 0.463746
0.0308121 0.0277843 9.99734E-05 9.99734E-05 9.99734E-05 0.858392 0.082712
9.99648E-05 0.109567 9.99648E-05 0.255086 0.634948 9.99648E-05 9.99648E-05
0.490954 0.435144 0.0735018 9.99648E-05 9.99648E-05 9.99648E-05 9.99648E-05
0.37774 9.99648E-05 0.349837 0.272024 9.99648E-05 9.99648E-05 9.99648E-05
0.625251 9.9965E-05 0.130577 9.9965E-05 9.9965E-05 0.243772 9.9965E-05
9.99737E-05 0.0558034 9.99737E-05 9.99737E-05 0.153046 0.493872 0.296979
0.00236532 9.99648E-05 9.99648E-05 9.99648E-05 9.99648E-05 0.0383262 0.958909
0.357078 9.99824E-05 0.207047 0.139348 0.231707 0.0646193 9.99824E-05
9.99825E-05 0.026405 9.99825E-05 0.133601 0.122566 0.0358662 0.681361
0.683787 0.175698 9.99825E-05 0.102809 0.0125768 0.0249299 9.99825E-05
9.99736E-05 0.0939212 9.99736E-05 0.848471 0.0334326 9.99736E-05 0.0238755
9.99912E-05 0.077717 0.541668 0.156863 0.0615093 0.0543882 0.107754
9.99735E-05 9.99735E-05 0.272924 0.230963 0.0283475 9.99735E-05 0.467466
0.0678265 0.264253 0.345993 0.236289 0.0854385 9.99824E-05 9.99824E-05
9.99736E-05 0.130256 0.0491896 0.403676 9.99736E-05 9.99736E-05 0.416579
9.99824E-05 9.99824E-05 0.150672 0.0991413 0.033604 0.635557 0.080826
0.486902 0.302012 9.99647E-05 9.99647E-05 9.99647E-05 0.210686 9.99647E-05
0.719365 0.00774915 0.217174 9.99824E-05 0.0021897 9.99824E-05 0.053322
0.652542 9.99646E-05 0.126882 9.99646E-05 0.220176 9.99646E-05 9.99646E-05
0.217254 9.99825E-05 0.258547 9.99825E-05 0.0836632 0.295993 0.144342
9.99735E-05 0.223271 0.61254 9.99735E-05 9.99735E-05 0.0189525 0.144937
9.99824E-05 0.0238017 0.0645016 9.99824E-05 0.411532 0.320272 0.179692
9.99825E-05 9.99825E-05 0.187602 0.243382 0.183523 0.122734 0.262558
0.0220464 0.000982933 9.99736E-05 0.39366 9.99736E-05 0.583011 9.99736E-05
9.99647E-05 9.99647E-05 0.231522 9.99647E-05 9.99647E-05 0.385002 0.383076
9.99654E-05 0.170156 0.0411985 0.788245 9.99654E-05 9.99654E-05 9.99654E-05
9.9956E-05 0.962353 9.9956E-05 9.9956E-05 9.9956E-05 9.9956E-05 0.0371469
9.99561E-05 9.99561E-05 9.99561E-05 0.656084 9.99561E-05 9.99561E-05 0.343416
9.995E-05 9.995E-05 9.995E-05 0.9994 9.995E-05 9.995E-05 9.995E-05
9.99737E-05 0.331152 9.99737E-05 0.0720788 0.274059 9.99737E-05 0.32241
9.99825E-05 0.0721966 0.0643335 0.131111 0.588148 0.144012 9.99825E-05
9.99647E-05 9.99647E-05 0.734934 0.0525627 9.99647E-05 0.212103 9.99647E-05
9.9965E-05 9.9965E-05 9.9965E-05 0.458078 9.9965E-05 0.349981 0.191541
0.157254 9.99736E-05 0.425819 9.99736E-05 9.99736E-05 0.0258452 0.390782
0.276229 0.319546 0.38861 9.99738E-05 9.99738E-05 0.0153145 9.99738E-05
0.296013 9.99738E-05 0.134647 9.99738E-05 0.206816 0.362224 9.99738E-05
0.137177 0.075412 0.119634 9.99825E-05 9.99825E-05 0.575877 0.0917002
9.99736E-05 9.99736E-05 0.0786281 9.99736E-05 0.687092 0.199203 0.0347773
9.99564E-05 9.99564E-05 0.15828 9.99564E-05 9.99564E-05 0.84122 9.99564E-05
0.0155284 9.9965E-05 9.9965E-05 9.9965E-05 0.339877 0.644194 9.9965E-05
9.99648E-05 0.551673 0.355695 9.99648E-05 0.0922313 9.99648E-05 9.99648E-05
9.99563E-05 0.0683743 9.99563E-05 9.99563E-05 9.99563E-05 0.931126 9.99563E-05
9.99735E-05 9.99735E-05 0.424521 0.0910863 9.99735E-05 0.322854 0.161239
0.10989 9.99824E-05 0.170742 0.322654 0.312084 9.99824E-05 0.0844305
9.99645E-05 9.99645E-05 0.283297 0.310471 0.405832 9.99645E-05 9.99645E-05
0.447482 9.99651E-05 9.99651E-05 9.99651E-05 9.99651E-05 0.304184 0.247934
0.0789908 0.129286 9.99647E-05 9.99647E-05 0.791323 9.99647E-05 9.99647E-05
0.200785 9.99739E-05 0.400272 9.99739E-05 0.382393 0.0162504 9.99739E-05
0.339103 0.00535584 0.468756 9.99737E-05 9.99737E-05 9.99737E-05 0.186485
9.99737E-05 0.321072 0.314666 9.99737E-05 0.192461 9.99737E-05 0.171501
9.99647E-05 9.99647E-05 0.426463 0.0599175 0.51322 9.99647E-05 9.99647E-05
9.99737E-05 9.99737E-05 0.109244 9.99737E-05 0.547944 0.18888 0.153632
0.0716644 9.9965E-05 0.831435 0.096501 9.9965E-05 9.9965E-05 9.9965E-05
0.101416 9.99736E-05 0.184643 0.220262 0.493379 9.99736E-05 9.99736E-05
9.99652E-05 9.99652E-05 0.564503 0.344116 9.99652E-05 9.99652E-05 0.0909809
0.32417 9.99558E-05 0.67533 9.99558E-05 9.99558E-05 9.99558E-05 9.99558E-05
9.99738E-05 9.99738E-05 0.709174 9.99738E-05 0.149906 0.0974441 0.0431762
0.387068 9.99825E-05 0.0942363 0.0873282 9.99825E-05 0.392907 0.0382613
9.99648E-05 9.99648E-05 0.405117 9.99648E-05 0.0966599 0.497823 9.99648E-05
9.99648E-05 0.200722 9.99648E-05 0.399159 0.399719 9.99648E-05 9.99648E-05
9.995E-05 9.995E-05 0.9994 9.995E-05 9.995E-05 9.995E-05 9.995E-05
0.100004 0.0817368 0.554163 9.99824E-05 9.99824E-05 0.0555646 0.208332
9.99736E-05 9.99736E-05 0.0837689 0.270556 0.117073 0.528302 9.99736E-05
9.99736E-05 9.99736E-05 0.4247 0.238012 0.154167 0.182821 9.99736E-05
9.99648E-05 9.99648E-05 9.99648E-05 0.215689 0.561392 9.99648E-05 0.222519
9.99736E-05 9.99736E-05 0.416934 9.99736E-05 0.502423 0.0501818 0.0301617
9.99738E-05 0.0101154 0.215799 9.99738E-05 0.652869 0.120916 9.99738E-05
9.99737E-05 0.114657 0.858377 9.99737E-05 0.00557602 9.99737E-05 0.0210901
0.354515 9.99825E-05 0.00662096 0.0498934 9.99825E-05 0.309685 0.279086
0.330914 0.0134307 9.99737E-05 9.99737E-05 0.467877 0.187478 9.99737E-05
0.0653622 9.99735E-05 0.539568 0.164608 9.99735E-05 0.230162 9.99735E-05
9.99823E-05 9.99823E-05 0.0619363 0.172447 0.172538 0.120197 0.472682
0.0632524 0.256029 0.32966 9.99739E-05 0.350759 9.99739E-05 9.99739E-05
0.0222794 9.99648E-05 9.99648E-05 9.99648E-05 0.46705 9.99648E-05 0.51027
9.99648E-05 0.144705 9.99648E-05 9.99648E-05 0.407514 0.447381 9.99648E-05
9.99737E-05 0.183714 9.99737E-05 0.528222 0.0735289 9.99737E-05 0.214235
0.0663889 0.291288 0.0168197 9.99823E-05 0.315218 0.310085 9.99823E-05
9.99737E-05 0.00717867 0.0949304 9.99737E-05 9.99737E-05 0.0150399 0.882551
9.995E-05 9.995E-05 9.995E-05 0.9994 9.995E-05 9.995E-05 9.995E-05
9.99645E-05 9.99645E-05 0.72649 0.247091 9.99645E-05 0.0260192 9.99645E-05
9.9956E-05 0.121013 9.9956E-05 9.9956E-05 9.9956E-05 0.878488 9.9956E-05
9.99737E-05 0.213466 9.99737E-05 0.0532584 0.123398 0.609578 9.99737E-05
9.99738E-05 9.99738E-05 0.0637858 0.285817 9.99738E-05 0.482357 0.167741
9.99736E-05 0.169224 0.63539 0.14274 0.0523465 9.99736E-05 9.99736E-05
0.601966 9.99647E-05 0.0848345 9.99647E-05 9.99647E-05 0.3128 9.99647E-05
9.99647E-05 9.99647E-05 0.732626 9.99647E-05 9.99647E-05 0.189866 0.0771079
9.99652E-05 9.99652E-05 0.272751 0.123387 9.99652E-05 9.99652E-05 0.603462
0.124665 0.127393 0.718323 9.99736E-05 0.0293189 9.99736E-05 9.99736E-05
0.274275 9.99653E-05 0.445915 0.27941 9.99653E-05 9.99653E-05 9.99653E-05
9.9956E-05 9.9956E-05 0.61023 0.38927 9.9956E-05 9.9956E-05 9.9956E-05
9.99647E-05 9.99647E-05 0.0588539 0.509159 9.99647E-05 0.431587 9.99647E-05
0.945371 9.99559E-05 9.99559E-05 9.99559E-05 9.99559E-05 9.99559E-05 0.0541296
0.223525 9.99735E-05 9.99735E-05 9.99735E-05 0.210844 0.538448 0.026883
0.775811 0.0976124 9.9965E-05 9.9965E-05 9.9965E-05 9.9965E-05 0.126177
0.127098 9.99647E-05 9.99647E-05 0.606155 0.266347 9.99647E-05 9.99647E-05
0.233415 9.99737E-05 9.99737E-05 9.99737E-05 0.177699 0.268215 0.320371
0.117241 0.0418159 9.99649E-05 9.99649E-05 0.840543 9.99649E-05 9.99649E-05
0.177618 0.14002 0.0626791 0.596975 9.99824E-05 0.0225089 9.99824E-05
9.9965E-05 9.9965E-05 9.9965E-05 9.9965E-05 0.55454 0.233439 0.211621
0.144851 9.99649E-05 9.99649E-05 0.594918 9.99649E-05 0.259831 9.99649E-05
9.99566E-05 0.9124 9.99566E-05 9.99566E-05 9.99566E-05 9.99566E-05 0.0871006
0.39848 9.99647E-05 9.99647E-05 0.283429 9.99647E-05 9.99647E-05 0.317691
0.0917596 9.99737E-05 9.99737E-05 0.506946 0.352369 0.0486252 9.99737E-05
9.99737E-05 9.99737E-05 0.229007 9.99737E-05 0.299206 0.0924679 0.379019
0.544754 0.0151904 9.99736E-05 9.99736E-05 0.421837 9.99736E-05 0.0179186
9.995E-05 9.995E-05 9.995E-05 9.995E-05 0.9994 9.995E-05 9.995E-05
0.101251 0.215008 0.670112 9.99735E-05 0.0133283 9.99735E-05 9.99735E-05
0.341671 9.99735E-05 0.226685 9.99735E-05 0.269455 9.99735E-05 0.16189
0.437538 0.169617 9.99739E-05 0.144254 0.248291 9.99739E-05 9.99739E-05
9.99558E-05 9.99558E-05 9.99558E-05 0.374197 9.99558E-05 0.625304 9.99558E-05
9.99649E-05 0.075698 9.99649E-05 0.449522 9.99649E-05 0.47438 9.99649E-05
0.442802 9.99652E-05 9.99652E-05 0.259382 0.297416 9.99652E-05 9.99652E-05
9.99562E-05 9.99562E-05 9.99562E-05 0.335485 9.99562E-05 0.664015 9.99562E-05
9.99736E-05 9.99736E-05 0.216981 0.150772 0.405153 9.99736E-05 0.226795
9.99559E-05 9.99559E-05 0.590128 9.99559E-05 9.99559E-05 9.99559E-05 0.409372
0.168617 9.99736E-05 9.99736E-05 0.0600871 9.99736E-05 0.168962 0.602033
0.185348 9.99649E-05 9.99649E-05 0.569719 9.99649E-05 9.99649E-05 0.244533
9.99737E-05 0.120512 0.666963 9.99737E-05 0.121049 0.0911769 9.99737E-05
0.318652 9.99648E-05 9.99648E-05 9.99648E-05 0.0952135 0.585735 9.99648E-05
0.185509 9.99736E-05 9.99736E-05 0.145812 0.228443 0.439936 9.99736E-05
0.372887 9.99559E-05 0.626613 9.99559E-05 9.99559E-05 9.99559E-05 9.99559E-05
0.23113 9.99647E-05 9.99647E-05 9.99647E-05 0.675488 9.99647E-05 0.0929824
9.99824E-05 0.1071 0.0454924 0.0261863 0.174439 9.99824E-05 0.646583
0.0170462 0.130342 0.589157 9.99736E-05 0.263154 9.99736E-05 9.99736E-05
9.99564E-05 9.99564E-05 9.99564E-05 9.99564E-05 0.485758 9.99564E-05 0.513742
9.99736E-05 9.99736E-05 0.612976 0.0127882 9.99736E-05 0.257193 0.116744
0.0933944 0.485922 9.9965E-05 9.9965E-05 9.9965E-05 0.420284 9.9965E-05
9.99736E-05 0.171843 0.350668 9.99736E-05 0.00712122 9.99736E-05 0.470068
0.523745 9.99735E-05 9.99735E-05 0.309522 0.00329636 0.163137 9.99735E-05
0.427491 9.99824E-05 0.0811373 0.153907 0.253989 0.0832757 9.99824E-05
0.286395 9.99646E-05 9.99646E-05 0.0216954 0.69151 9.99646E-05 9.99646E-05
9.99647E-05 9.99647E-05 0.751246 0.189341 9.99647E-05 0.0590137 9.99647E-05
0.0411937 9.99824E-05 0.244424 0.0390278 0.310489 0.364666 9.99824E-05
9.99648E-05 9.99648E-05 9.99648E-05 0.830204 9.99648E-05 0.00502554 0.16437
0.706651 9.99651E-05 9.99651E-05 9.99651E-05 0.182381 9.99651E-05 0.110568
0.396292 9.99824E-05 9.99824E-05 0.25433 0.0316038 0.227765 0.0898092
0.529061 9.99565E-05 0.47044 9.99565E-05 9.99565E-05 9.99565E-05 9.99565E-05
0.608814 0.038202 9.99737E-05 9.99737E-05 0.33736 9.99737E-05 0.0153236
9.99565E-05 9.99565E-05 9.99565E-05 9.99565E-05 0.660051 9.99565E-05 0.339449
0.176994 9.99649E-05 0.570894 9.99649E-05 0.251712 9.99649E-05 9.99649E-05
0.202051 9.99651E-05 0.427595 9.99651E-05 9.99651E-05 0.369954 9.99651E-05
9.99649E-05 9.99649E-05 9.99649E-05 0.180904 0.600968 0.217728 9.99649E-05
9.99736E-05 0.275372 9.99736E-05 9.99736E-05 0.0333172 0.29363 0.397381
9.99736E-05 9.99736E-05 0.2171 0.0286903 0.567682 0.186228 9.99736E-05
0.215483 9.9965E-05 0.210128 9.9965E-05 9.9965E-05 0.573988 9.9965E-05
9.99735E-05 0.592755 0.0621092 0.0563658 9.99735E-05 0.28847 9.99735E-05
9.99648E-05 9.99648E-05 9.99648E-05 0.317535 0.123529 9.99648E-05 0.558536
9.99563E-05 9.99563E-05 9.99563E-05 9.99563E-05 0.336563 9.99563E-05 0.662937
9.99647E-05 0.353921 9.99647E-05 9.99647E-05 0.346582 0.299097 9.99647E-05
0.201979 9.99649E-05 9.99649E-05 9.99649E-05 0.577053 9.99649E-05 0.220569
0.429733 0.374096 9.99736E-05 9.99736E-05 0.184787 9.99736E-05 0.0110845
0.400372 0.495722 9.99736E-05 9.99736E-05 9.99736E-05 0.0822072 0.0213995
9.99648E-05 9.99648E-05 0.532503 9.99648E-05 9.99648E-05 0.196899 0.270198
9.99648E-05 0.0596615 0.32557 9.99648E-05 9.99648E-05 0.614368 9.99648E-05
9.9965E-05 0.0393661 0.540325 9.9965E-05 0.419909 9.9965E-05 9.9965E-05
9.99558E-05 9.99558E-05 9.99558E-05 9.99558E-05 0.075021 0.924479 9.99558E-05
9.99556E-05 9.99556E-05 0.235116 9.99556E-05 9.99556E-05 0.764385 9.99556E-05
0.202136 0.00757545 0.371471 9.99912E-05 0.0248614 0.336983 0.0568734
0.102091 0.0830019 9.99739E-05 9.99739E-05 9.99739E-05 0.641436 0.173172
0.0379004 9.99737E-05 0.399633 0.0751812 9.99737E-05 0.486985 9.99737E-05
0.205193 0.127502 0.330485 9.99736E-05 9.99736E-05 0.336521 9.99736E-05
0.55427 0.364972 9.99649E-05 0.0803575 9.99649E-05 9.99649E-05 9.99649E-05
9.99737E-05 0.281814 9.99737E-05 9.99737E-05 0.127432 0.00372177 0.586733
9.99564E-05 9.99564E-05 0.339988 9.99564E-05 9.99564E-05 9.99564E-05 0.659512
0.091624 9.99737E-05 9.99737E-05 9.99737E-05 0.0811802 0.447005 0.379891
9.99825E-05 0.259878 0.139101 9.99825E-05 0.371581 0.174916 0.0543243
9.99824E-05 0.212812 0.104859 0.0132837 0.327069 0.341777 9.99824E-05
9.99737E-05 0.19662 9.99737E-05 0.114157 9.99737E-05 0.248938 0.439986
9.99738E-05 0.123309 9.99738E-05 0.257045 0.012105 0.607242 9.99738E-05
0.207007 9.99735E-05 0.248658 9.99735E-05 0.0845111 9.99735E-05 0.459524
0.189337 9.99823E-05 0.127699 0.433182 0.064077 9.99823E-05 0.185505
0.822887 0.176613 9.99563E-05 9.99563E-05 9.99563E-05 9.99563E-05 9.99563E-05
