9.99648E-05 0.737178 0.106276 9.99648E-05 9.99648E-05 9.99648E-05 0.156147
0.466746 9.99735E-05 9.99735E-05 0.0161367 0.321237 0.195581 9.99735E-05
9.99736E-05 0.06999 0.469606 0.286428 9.99736E-05 9.99736E-05 0.173676
9.99738E-05 0.526685 9.99738E-05 0.38504 9.99738E-05 0.00162394 0.0863507
0.631693 9.99562E-05 9.99562E-05 9.99562E-05 9.99562E-05 0.367807 9.99562E-05
0.158536 9.9974E-05 0.115992 0.209591 9.9974E-05 0.515582 9.9974E-05
0.2095 0.136741 0.441849 9.99912E-05 0.0262549 0.0591516 0.126404
0.908954 9.9965E-05 0.010696 9.9965E-05 9.9965E-05 0.07995 9.9965E-05
9.99562E-05 9.99562E-05 9.99562E-05 0.725002 0.274498 9.99562E-05 9.99562E-05
0.298872 9.99739E-05 0.225549 9.99739E-05 0.169053 9.99739E-05 0.306226
0.260626 9.99737E-05 0.11141 0.444984 9.99737E-05 0.18268 9.99737E-05
0.112742 9.99649E-05 9.99649E-05 0.449187 9.99649E-05 0.437672 9.99649E-05
0.801726 9.99562E-05 9.99562E-05 0.197774 9.99562E-05 9.99562E-05 9.99562E-05
0.0417013 0.0234913 0.210788 9.99737E-05 9.99737E-05 0.723719 9.99737E-05
0.239893 9.99649E-05 9.99649E-05 9.99649E-05 9.99649E-05 0.747885 0.0118223
0.0586261 9.9965E-05 0.8754 9.9965E-05 0.0655736 9.9965E-05 9.9965E-05
9.99738E-05 0.381209 0.150705 9.99738E-05 0.0907453 0.377041 9.99738E-05
0.300244 9.99649E-05 0.531906 9.99649E-05 9.99649E-05 0.16745 9.99649E-05
9.99648E-05 9.99648E-05 9.99648E-05 0.278919 0.240823 0.479859 9.99648E-05
9.99647E-05 0.61292 9.99647E-05 0.307755 0.0789253 9.99647E-05 9.99647E-05
9.99657E-05 0.462099 9.99657E-05 0.21114 9.99657E-05 0.326361 9.99657E-05
0.2273 0.0686214 0.0939279 0.345081 9.99824E-05 0.26487 9.99824E-05
9.99651E-05 0.562955 0.273316 9.99651E-05 9.99651E-05 0.163329 9.99651E-05
9.998E-05 0.144072 0.217065 0.176396 9.998E-05 0.0919928 0.370274
9.99649E-05 0.484207 9.99649E-05 0.106769 9.99649E-05 0.408624 9.99649E-05
0.18515 9.99737E-05 0.0370795 0.706037 9.99737E-05 0.0714338 9.99737E-05
9.99648E-05 0.659543 9.99648E-05 9.99648E-05 0.24247 0.0975879 9.99648E-05
9.99648E-05 9.99648E-05 0.815125 0.134996 9.99648E-05 0.0494797 9.99648E-05
9.995E-05 9.995E-05 9.995E-05 0.9994 9.995E-05 9.995E-05 9.995E-05
9.99736E-05 9.99736E-05 9.99736E-05 0.00402601 0.004201 0.298964 0.692509
9.9956E-05 9.9956E-05 9.9956E-05 0.90044 9.9956E-05 0.0990603 9.9956E-05
0.280466 0.225723 9.99651E-05 0.493411 9.99651E-05 9.99651E-05 9.99651E-05
9.99653E-05 9.99653E-05 0.629614 0.0341369 9.99653E-05 9.99653E-05 0.335849
0.667381 9.9956E-05 9.9956E-05 0.332119 9.9956E-05 9.9956E-05 9.9956E-05
0.129034 0.364483 0.506083 9.9965E-05 9.9965E-05 9.9965E-05 9.9965E-05
0.165981 9.99646E-05 0.16831 9.99646E-05 9.99646E-05 0.665309 9.99646E-05
9.99736E-05 0.279643 9.99736E-05 0.115393 0.190786 0.413878 9.99736E-05
0.699061 9.99647E-05 0.199045 0.101494 9.99647E-05 9.99647E-05 9.99647E-05
0.196548 9.9965E-05 9.9965E-05 0.442589 0.360463 9.9965E-05 9.9965E-05
9.99736E-05 0.302466 0.250907 9.99736E-05 9.99736E-05 0.22382 0.222506
9.9956E-05 9.9956E-05 9.9956E-05 0.90197 9.9956E-05 9.9956E-05 0.0975303
0.279141 9.99736E-05 0.159434 0.218289 9.99736E-05 0.342837 9.99736E-05
9.99562E-05 9.99562E-05 0.370202 9.99562E-05 9.99562E-05 0.629299 9.99562E-05
9.99648E-05 9.99648E-05 0.536688 9.99648E-05 0.195343 9.99648E-05 0.267569
9.99649E-05 9.99649E-05 0.717549 0.222888 9.99649E-05 9.99649E-05 0.0591636
0.364318 0.280711 0.147926 0.206744 9.99735E-05 9.99735E-05 9.99735E-05
0.403259 0.320697 9.99734E-05 0.0180759 9.99734E-05 0.257668 9.99734E-05
0.0849636 0.11001 0.246425 0.24089 0.0864057 0.0689631 0.162343
0.0374578 0.314694 9.99737E-05 0.547322 0.100226 9.99737E-05 9.99737E-05
0.120345 9.99646E-05 0.290211 0.589043 9.99646E-05 9.99646E-05 9.99646E-05
0.547214 0.234529 9.99647E-05 9.99647E-05 9.99647E-05 0.217857 9.99647E-05
0.54941 9.99735E-05 9.99735E-05 9.99735E-05 0.14469 0.0775216 0.228078
0.0523843 9.99738E-05 0.433564 9.99738E-05 9.99738E-05 0.0989493 0.414803
9.99736E-05 0.252015 9.99736E-05 0.466142 0.217345 0.0641984 9.99736E-05
0.178542 0.175976 0.46355 9.99736E-05 9.99736E-05 0.181632 9.99736E-05
9.99737E-05 0.0599545 0.316098 9.99737E-05 9.99737E-05 0.175965 0.447682
0.181012 0.0925914 9.99737E-05 9.99737E-05 9.99737E-05 0.550066 0.176031
0.257441 0.15833 0.337459 0.165916 0.0806535 9.99825E-05 9.99825E-05
0.513677 0.228796 9.99736E-05 0.197269 0.0599578 9.99736E-05 9.99736E-05
0.0906108 0.457619 0.172917 9.99736E-05 9.99736E-05 0.278553 9.99736E-05
0.304199 9.996E-05 9.996E-05 9.996E-05 0.399286 9.996E-05 0.296115
9.996E-05 0.530854 9.996E-05 9.996E-05 9.996E-05 0.120718 0.348028
9.996E-05 9.996E-05 0.186757 0.314135 9.996E-05 0.498708 9.996E-05
0.361619 0.190492 9.99648E-05 9.99648E-05 9.99648E-05 9.99648E-05 0.44749
0.089762 0.13357 9.99736E-05 0.0815749 9.99736E-05 0.694793 9.99736E-05
0.0269213 9.99735E-05 0.898814 9.99735E-05 0.0291123 0.0448522 9.99735E-05
9.99647E-05 0.130736 9.99647E-05 0.583958 9.99647E-05 0.284906 9.99647E-05
0.0111817 0.562781 0.0705055 9.99824E-05 0.0322068 9.99824E-05 0.323125
0.346209 9.99566E-05 9.99566E-05 0.653292 9.99566E-05 9.99566E-05 9.99566E-05
9.99561E-05 0.150586 9.99561E-05 9.99561E-05 0.848914 9.99561E-05 9.99561E-05
9.99739E-05 9.99739E-05 0.0813804 0.355775 9.99739E-05 0.492834 0.0697108
0.408478 0.445785 9.99649E-05 0.145337 9.99649E-05 9.99649E-05 9.99649E-05
0.607555 9.99649E-05 0.0588569 0.333189 9.99649E-05 9.99649E-05 9.99649E-05
0.351991 9.99737E-05 9.99737E-05 0.319502 9.99737E-05 0.0814511 0.246756
9.9956E-05 9.9956E-05 9.9956E-05 0.863272 9.9956E-05 0.136228 9.9956E-05
9.99649E-05 9.99649E-05 0.42332 0.4912 0.0850804 9.99649E-05 9.99649E-05
0.083356 0.138569 0.185857 0.313195 0.278822 9.99823E-05 9.99823E-05
9.99734E-05 0.683216 0.03927 9.99734E-05 9.99734E-05 0.00911955 0.268095
0.439995 9.99823E-05 0.205535 0.222337 0.122822 0.00911227 9.99823E-05
9.99648E-05 9.99648E-05 0.115779 0.59629 9.99648E-05 0.287531 9.99648E-05
0.116242 0.300288 9.99735E-05 9.99735E-05 0.481832 9.99735E-05 0.101339
0.0868505 0.265987 9.99651E-05 9.99651E-05 9.99651E-05 9.99651E-05 0.646762
0.127466 0.531778 0.155706 9.99737E-05 9.99737E-05 0.184751 9.99737E-05
9.995E-05 9.995E-05 9.995E-05 9.995E-05 9.995E-05 0.9994 9.995E-05
9.99647E-05 0.265646 9.99647E-05 0.340171 9.99647E-05 0.393783 9.99647E-05
9.99648E-05 0.444359 9.99648E-05 9.99648E-05 0.215346 0.339895 9.99648E-05
0.319765 0.00737487 9.99912E-05 0.353163 0.0673585 0.164662 0.0875768
0.358019 0.228121 9.99647E-05 9.99647E-05 9.99647E-05 0.413461 9.99647E-05
9.99652E-05 9.99652E-05 9.99652E-05 0.160015 0.517687 9.99652E-05 0.321897
9.99651E-05 0.612 9.99651E-05 0.385821 0.00177915 9.99651E-05 9.99651E-05
0.771918 9.995E-05 9.995E-05 9.995E-05 9.995E-05 0.227582 9.995E-05
0.633594 9.99648E-05 9.99648E-05 9.99648E-05 9.99648E-05 0.362555 0.00345077
0.523469 9.99648E-05 0.381919 9.99648E-05 0.0942125 9.99648E-05 9.99648E-05
9.99648E-05 0.13345 9.99648E-05 0.232019 0.634131 9.99648E-05 9.99648E-05
0.924087 0.066372 9.99741E-05 9.99741E-05 0.0031896 9.99741E-05 0.0060513
9.99735E-05 9.99735E-05 0.335022 0.234489 0.159585 0.270605 9.99735E-05
9.9956E-05 0.0846978 9.9956E-05 9.9956E-05 9.9956E-05 0.914802 9.9956E-05
9.997E-05 9.997E-05 0.1778 9.997E-05 0.147284 0.499389 0.175227
0.414884 0.350144 9.9974E-05 9.9974E-05 9.9974E-05 0.20801 0.0266615
0.218475 9.99651E-05 9.99651E-05 0.339526 0.4416 9.99651E-05 9.99651E-05
0.669784 9.9956E-05 9.9956E-05 0.329716 9.9956E-05 9.9956E-05 9.9956E-05
9.99738E-05 9.99738E-05 0.183835 9.99738E-05 0.492498 0.113997 0.20937
0.340787 9.99651E-05 0.00214717 9.99651E-05 9.99651E-05 0.656666 9.99651E-05
9.99651E-05 0.887492 0.0701442 9.99651E-05 9.99651E-05 0.0419636 9.99651E-05
0.278194 9.99567E-05 9.99567E-05 0.721307 9.99567E-05 9.99567E-05 9.99567E-05
9.99648E-05 0.179667 9.99648E-05 9.99648E-05 0.141511 0.678423 9.99648E-05
0.0597655 0.814269 9.99647E-05 0.125566 9.99647E-05 9.99647E-05 9.99647E-05
9.99738E-05 0.131207 0.207138 9.99738E-05 0.128296 0.533059 9.99738E-05
9.99649E-05 9.99649E-05 0.246999 0.530089 9.99649E-05 9.99649E-05 0.222513
9.99646E-05 0.20816 9.99646E-05 9.99646E-05 0.331601 0.459839 9.99646E-05
0.915707 9.9965E-05 0.0685673 9.9965E-05 9.9965E-05 9.9965E-05 0.0153263
0.415888 0.0402785 0.0700319 9.99824E-05 0.397597 9.99824E-05 0.0760051
9.99825E-05 0.444585 0.015513 0.304463 0.129876 9.99825E-05 0.105363
9.9957E-05 9.9957E-05 9.9957E-05 0.3004 9.9957E-05 0.6991 9.9957E-05
0.271704 9.9965E-05 9.9965E-05 9.9965E-05 0.594413 9.9965E-05 0.133483
0.615781 9.99737E-05 9.99737E-05 0.0781902 9.99737E-05 0.000125512 0.305603
0.408107 0.193781 9.99651E-05 0.397711 9.99651E-05 9.99651E-05 9.99651E-05
0.0876321 9.99648E-05 9.99648E-05 9.99648E-05 0.811138 0.10083 9.99648E-05
0.0612389 9.99649E-05 0.498601 9.99649E-05 9.99649E-05 0.43976 9.99649E-05
0.216431 0.51853 9.99648E-05 9.99648E-05 0.264639 9.99648E-05 9.99648E-05
9.99561E-05 9.99561E-05 9.99561E-05 9.99561E-05 9.99561E-05 0.999354 0.00014651
0.0990534 0.099218 0.275172 9.99739E-05 9.99739E-05 0.526257 9.99739E-05
0.296881 0.207844 9.99826E-05 0.255852 0.18912 0.0501027 9.99826E-05
0.130273 0.0017647 9.99825E-05 9.99825E-05 0.223666 0.474313 0.169784
9.99649E-05 0.364012 0.314616 0.320973 9.99649E-05 9.99649E-05 9.99649E-05
9.99736E-05 0.177306 0.406997 9.99736E-05 0.271897 0.143501 9.99736E-05
9.99647E-05 9.99647E-05 0.0377081 0.210807 9.99647E-05 9.99647E-05 0.751086
9.99562E-05 9.99562E-05 9.99562E-05 0.922884 9.99562E-05 9.99562E-05 0.0766166
9.99648E-05 9.99648E-05 0.218698 9.99648E-05 0.404391 0.376511 9.99648E-05
9.99736E-05 0.354639 0.484833 0.0685734 9.99736E-05 9.99736E-05 0.0916546
9.99737E-05 9.99737E-05 0.388897 0.0663098 0.337621 9.99737E-05 0.206872
0.0731161 9.99735E-05 9.99735E-05 0.0255678 9.99735E-05 0.284727 0.616289
9.99649E-05 0.577252 0.127998 9.99649E-05 9.99649E-05 0.29435 9.99649E-05
9.99735E-05 9.99735E-05 9.99735E-05 0.224981 0.26026 0.437594 0.076865
9.99649E-05 0.312956 9.99649E-05 0.391501 9.99649E-05 0.295143 9.99649E-05
0.14943 9.99648E-05 9.99648E-05 0.0283016 9.99648E-05 0.821868 9.99648E-05
0.00803671 9.99737E-05 9.99737E-05 0.0503577 9.99737E-05 0.689602 0.251704
0.34339 0.102129 9.9965E-05 0.554081 9.9965E-05 9.9965E-05 9.9965E-05
0.29618 9.99824E-05 9.99824E-05 0.391189 0.011837 0.117158 0.183436
9.99649E-05 0.185205 9.99649E-05 0.532094 9.99649E-05 9.99649E-05 0.282301
9.99561E-05 9.99561E-05 9.99561E-05 9.99561E-05 0.437137 9.99561E-05 0.562363
0.213986 9.99736E-05 0.121927 0.532927 9.99736E-05 0.130861 9.99736E-05
0.198273 0.178487 9.99646E-05 9.99646E-05 9.99646E-05 0.622841 9.99646E-05
9.99824E-05 0.0641056 0.151249 0.46682 0.16481 0.152816 9.99824E-05
9.99648E-05 9.99648E-05 0.106137 0.718443 9.99648E-05 9.99648E-05 0.17502
0.617845 9.99736E-05 0.29325 9.99736E-05 9.99736E-05 0.00917093 0.0794342
9.99825E-05 0.181579 0.00102788 0.278177 0.267514 0.271502 9.99825E-05
0.131112 9.99738E-05 0.378676 0.34784 9.99738E-05 9.99738E-05 0.142072
9.99825E-05 0.411445 0.262818 0.000798265 0.189137 0.135602 9.99825E-05
0.188805 0.0839992 9.99738E-05 0.14118 9.99738E-05 0.585716 9.99738E-05
9.99649E-05 0.439969 9.99649E-05 0.41939 9.99649E-05 0.140241 9.99649E-05
0.0614964 0.605309 0.182856 0.0927772 0.0573614 9.998E-05 9.998E-05
0.396704 9.99649E-05 9.99649E-05 0.568397 9.99649E-05 9.99649E-05 0.0344988
9.99739E-05 0.0724699 0.340096 0.33588 9.99739E-05 0.251255 9.99739E-05
0.0293335 0.494017 9.99735E-05 0.00780991 9.99735E-05 0.46854 9.99735E-05
0.421959 9.99824E-05 0.111067 9.99824E-05 0.0206378 0.13378 0.312356
9.99735E-05 0.429482 0.0906193 9.99735E-05 0.0438203 0.435779 9.99735E-05
0.337354 0.262142 9.99823E-05 0.268242 0.0319284 9.99823E-05 0.100133
9.99648E-05 0.117586 9.99648E-05 0.336235 0.545779 9.99648E-05 9.99648E-05
9.99738E-05 0.296106 9.99738E-05 0.348023 0.0457584 0.309812 9.99738E-05
0.851765 9.99564E-05 0.147735 9.99564E-05 9.99564E-05 9.99564E-05 9.99564E-05
0.242444 0.625542 9.99651E-05 9.99651E-05 9.99651E-05 9.99651E-05 0.131614
0.453802 0.205756 9.997E-05 9.997E-05 0.122916 0.217225 9.997E-05
0.121241 9.99736E-05 0.0587791 0.618881 9.99736E-05 9.99736E-05 0.2008
0.0393514 0.0594208 9.99826E-05 9.99826E-05 0.0538221 0.269419 0.577787
9.99824E-05 0.0700924 0.068299 0.524391 0.102429 0.234589 9.99824E-05
0.686443 9.99561E-05 9.99561E-05 9.99561E-05 9.99561E-05 0.313057 9.99561E-05
0.638614 0.360887 9.9956E-05 9.9956E-05 9.9956E-05 9.9956E-05 9.9956E-05
9.99561E-05 0.162903 9.99561E-05 9.99561E-05 9.99561E-05 9.99561E-05 0.836597
9.99649E-05 0.188348 9.99649E-05 9.99649E-05 9.99649E-05 0.219742 0.59151
0.715423 0.241037 0.0431397 9.99649E-05 9.99649E-05 9.99649E-05 9.99649E-05
0.448125 9.997E-05 9.997E-05 0.269841 0.0990351 0.182698 9.997E-05
0.179043 9.99736E-05 0.149448 0.655858 9.99736E-05 9.99736E-05 0.0153509
0.10395 0.558414 0.154671 9.99738E-05 9.99738E-05 9.99738E-05 0.182665
0.0541145 9.99649E-05 9.99649E-05 0.937955 0.0075311 9.99649E-05 9.99649E-05
9.99647E-05 0.0327098 9.99647E-05 0.336213 9.99647E-05 9.99647E-05 0.630677
0.181491 0.108391 9.99737E-05 9.99737E-05 9.99737E-05 0.618843 0.090976
0.358708 9.99736E-05 0.0047307 9.99736E-05 0.113115 0.523147 9.99736E-05
0.310531 0.224502 0.212087 0.232066 9.99824E-05 0.0206135 9.99824E-05
0.340338 9.99647E-05 0.431092 9.99647E-05 9.99647E-05 9.99647E-05 0.228171
9.99647E-05 0.0141814 9.99647E-05 0.187882 9.99647E-05 0.797536 9.99647E-05
9.996E-05 9.996E-05 0.287425 0.476156 9.996E-05 0.236019 9.996E-05
9.995E-05 0.9994 9.995E-05 9.995E-05 9.995E-05 9.995E-05 9.995E-05
0.434901 9.99647E-05 9.99647E-05 0.527006 0.0376931 9.99647E-05 9.99647E-05
9.997E-05 0.329263 0.222222 0.154705 9.997E-05 9.997E-05 0.29351
0.355846 9.99647E-05 9.99647E-05 0.49785 0.145905 9.99647E-05 9.99647E-05
9.995E-05 9.995E-05 9.995E-05 9.995E-05 9.995E-05 0.9994 9.995E-05
9.99559E-05 0.897188 9.99559E-05 9.99559E-05 9.99559E-05 9.99559E-05 0.102312
0.257384 0.598749 0.143468 9.99652E-05 9.99652E-05 9.99652E-05 9.99652E-05
9.99823E-05 0.230843 0.123423 0.516325 0.1051 0.0241094 9.99823E-05
0.415091 0.0723114 0.0883434 0.334855 0.0801421 0.00915755 9.99912E-05
0.58149 0.342465 9.997E-05 0.0389201 0.0368254 9.997E-05 9.997E-05
9.99648E-05 9.99648E-05 9.99648E-05 0.00319702 0.697304 0.299099 9.99648E-05
9.99562E-05 0.471974 9.99562E-05 0.527526 9.99562E-05 9.99562E-05 9.99562E-05
0.192198 9.99824E-05 0.0016662 0.287699 0.476629 0.0416081 9.99824E-05
9.99823E-05 0.0999785 9.99823E-05 0.303404 0.0555111 0.447308 0.0935988
0.440503 0.143324 0.318548 9.998E-05 0.0316127 9.998E-05 0.0658121
0.0232455 9.99738E-05 9.99738E-05 0.137766 9.99738E-05 0.812233 0.0264558
0.303871 0.0924571 0.181425 0.392783 9.99823E-05 0.0292652 9.99823E-05
0.69675 9.99562E-05 9.99562E-05 9.99562E-05 9.99562E-05 0.302751 9.99562E-05
0.513176 0.0828457 9.99647E-05 0.403579 9.99647E-05 9.99647E-05 9.99647E-05
9.99647E-05 9.99647E-05 9.99647E-05 0.201716 0.242738 0.555146 9.99647E-05
9.99561E-05 0.43609 9.99561E-05 0.56341 9.99561E-05 9.99561E-05 9.99561E-05
9.99736E-05 0.327476 9.99736E-05 9.99736E-05 0.111616 0.427675 0.132933
9.99559E-05 9.99559E-05 9.99559E-05 0.798924 9.99559E-05 0.200576 9.99559E-05
9.99651E-05 0.601978 0.00282657 0.394796 9.99651E-05 9.99651E-05 9.99651E-05
0.181067 0.330386 9.99735E-05 0.363943 9.99735E-05 0.124304 9.99735E-05
0.516915 9.99649E-05 9.99649E-05 0.324208 9.99649E-05 0.158477 9.99649E-05
0.134366 0.0825869 0.0728228 9.99737E-05 0.709925 9.99737E-05 9.99737E-05
0.392089 9.99739E-05 0.105813 0.345507 9.99739E-05 0.156291 9.99739E-05
9.99559E-05 9.99559E-05 9.99559E-05 0.105806 9.99559E-05 0.893695 9.99559E-05
0.640103 0.15129 0.0513517 9.99736E-05 9.99736E-05 0.156956 9.99736E-05
9.99651E-05 9.99651E-05 9.99651E-05 0.461367 0.395722 9.99651E-05 0.142512
0.580092 0.174458 0.190349 9.99736E-05 0.0548006 9.99736E-05 9.99736E-05
9.99737E-05 0.00786777 9.99737E-05 9.99737E-05 0.0770085 0.7968 0.118024
0.635653 9.99738E-05 9.99738E-05 0.209346 0.0207034 0.133997 9.99738E-05
0.093469 0.0362656 9.99736E-05 9.99736E-05 9.99736E-05 0.429128 0.440837
0.679365 9.99648E-05 9.99648E-05 0.195607 0.124628 9.99648E-05 9.99648E-05
0.144364 9.99823E-05 0.412826 0.00373715 0.304024 9.99823E-05 0.134849
9.99558E-05 0.0122524 0.987248 9.99558E-05 9.99558E-05 9.99558E-05 9.99558E-05
0.152305 0.113831 9.99824E-05 0.551224 0.0172278 0.165212 9.99824E-05
9.99646E-05 0.703081 0.000578541 0.295941 9.99646E-05 9.99646E-05 9.99646E-05
0.200012 9.997E-05 0.0918623 9.997E-05 9.997E-05 0.630556 0.0772691
9.99648E-05 0.118123 0.407659 0.473818 9.99648E-05 9.99648E-05 9.99648E-05
9.99826E-05 0.0445232 0.204869 9.99826E-05 0.040987 0.582826 0.126594
0.0590137 0.136741 0.413134 0.104135 9.99825E-05 0.286776 9.99825E-05
0.084043 0.0714747 0.222373 0.42886 9.99826E-05 0.193049 9.99826E-05
0.0208735 9.99649E-05 9.99649E-05 0.717923 0.260804 9.99649E-05 9.99649E-05
9.99738E-05 9.99738E-05 0.57104 0.0599363 0.275111 9.99738E-05 0.0936126
9.99563E-05 0.105633 9.99563E-05 9.99563E-05 9.99563E-05 0.893868 9.99563E-05
0.329375 0.182621 0.294904 9.997E-05 0.192801 9.997E-05 9.997E-05
9.995E-05 9.995E-05 9.995E-05 9.995E-05 9.995E-05 0.9994 9.995E-05
9.99646E-05 0.296469 0.241841 9.99646E-05 9.99646E-05 0.46129 9.99646E-05
0.309816 0.105145 0.254006 0.233594 9.99825E-05 0.0972398 9.99825E-05
9.9965E-05 0.0775522 9.9965E-05 9.9965E-05 0.577394 0.344654 9.9965E-05
9.99648E-05 0.750814 9.99648E-05 0.246998 0.00178841 9.99648E-05 9.99648E-05
9.99735E-05 0.378374 9.99735E-05 0.183406 0.389828 9.99735E-05 0.0480921
0.250477 0.614781 0.119668 0.014774 9.99737E-05 9.99737E-05 9.99737E-05
9.9965E-05 0.17171 9.9965E-05 0.328991 9.9965E-05 0.4989 9.9965E-05
0.367347 9.99564E-05 0.632153 9.99564E-05 9.99564E-05 9.99564E-05 9.99564E-05
9.99737E-05 9.99737E-05 9.99737E-05 0.284239 0.186619 0.0914887 0.437353
0.0967788 0.557696 9.99649E-05 9.99649E-05 9.99649E-05 0.345125 9.99649E-05
0.848439 0.0081438 9.99648E-05 0.143018 9.99648E-05 9.99648E-05 9.99648E-05
0.105488 0.353818 9.99735E-05 9.99735E-05 0.119362 0.421032 9.99735E-05
9.99563E-05 9.99563E-05 9.99563E-05 0.729977 9.99563E-05 0.269523 9.99563E-05
9.99565E-05 9.99565E-05 9.99565E-05 0.333097 9.99565E-05 0.666403 9.99565E-05
9.99736E-05 0.149438 0.183971 0.611923 9.99736E-05 0.0543679 9.99736E-05
9.997E-05 0.00699549 0.143046 9.997E-05 0.364217 0.485441 9.997E-05
9.9956E-05 0.6706 9.9956E-05 0.3289 9.9956E-05 9.9956E-05 9.9956E-05
0.58375 0.101012 9.997E-05 9.997E-05 0.144515 0.170423 9.997E-05
0.0572771 9.99735E-05 9.99735E-05 0.455082 9.99735E-05 0.208337 0.279004
9.99735E-05 9.99735E-05 0.188967 0.21855 9.99735E-05 0.122136 0.470048
9.99647E-05 0.5938 0.0798016 0.325998 9.99647E-05 9.99647E-05 9.99647E-05
0.803407 9.99645E-05 0.00796791 0.188225 9.99645E-05 9.99645E-05 9.99645E-05
9.9974E-05 0.69758 0.026592 0.0698456 9.9974E-05 0.205682 9.9974E-05
9.99824E-05 0.425541 0.0358968 0.116244 9.99824E-05 0.339523 0.0825947
0.35672 0.121166 0.0917508 9.997E-05 9.997E-05 9.997E-05 0.430064
0.0239549 0.39637 9.99824E-05 0.553318 0.024167 9.99824E-05 0.00199043
9.99738E-05 0.279693 0.0577024 0.535094 9.99738E-05 9.99738E-05 0.127211
9.99739E-05 0.0622825 9.99739E-05 0.0980155 0.484032 9.99739E-05 0.35537
9.99648E-05 0.358212 9.99648E-05 0.326703 9.99648E-05 0.314684 9.99648E-05
