0.286838 0.0410637 0.672098
9.999E-05 0.0189742 0.980926
0.506978 9.9991E-05 0.492922
0.149799 9.9991E-05 0.850101
0.781283 0.218617 9.9991E-05
9.999E-05 0.483125 0.516775
0.832202 0.1387 0.0290981
0.099492 9.9991E-05 0.900408
9.9991E-05 0.892098 0.107802
0.911497 0.0884029 9.9991E-05
0.979639 0.0202611 9.99911E-05
9.999E-05 9.999E-05 0.9998
0.60489 0.39501 9.9991E-05
0.852623 9.9991E-05 0.147277
0.657009 0.342891 9.9991E-05
0.165625 0.834275 9.9991E-05
0.0601957 9.9991E-05 0.939704
0.350338 0.649562 9.9991E-05
9.9991E-05 0.411972 0.587928
0.0399607 0.959939 9.9991E-05
0.0298706 0.970029 9.9991E-05
9.9991E-05 0.721966 0.277934
0.223584 0.776316 9.9991E-05
0.2707 0.179405 0.549894
0.741215 0.015854 0.242931
0.498271 0.501629 9.9991E-05
0.2682 9.9991E-05 0.7317
0.231211 0.552756 0.216033
9.999E-05 9.999E-05 0.9998
9.9991E-05 0.292472 0.707428
0.972007 9.9991E-05 0.0278934
0.9998 9.999E-05 9.999E-05
0.9998 9.999E-05 9.999E-05
0.0133337 0.518763 0.467904
0.0804859 9.9991E-05 0.919414
0.0531039 0.946796 9.9991E-05
9.9991E-05 0.642881 0.357019
9.9991E-05 0.575447 0.424453
0.76541 0.100146 0.134444
9.9991E-05 0.476548 0.523352
9.9991E-05 0.212106 0.787794
9.999E-05 9.999E-05 0.9998
0.0307577 0.969142 9.9991E-05
0.87379 9.9991E-05 0.12611
0.507869 0.492031 9.9991E-05
0.0435271 9.9991E-05 0.956373
9.999E-05 0.9998 9.999E-05
9.9991E-05 0.821928 0.177972
0.405656 0.594244 9.9991E-05
0.0363713 0.911054 0.0525743
