0.758437 9.9991E-05 0.241463
0.9998 9.999E-05 9.999E-05
0.486302 9.9991E-05 0.513598
0.815652 0.0695481 0.1148
9.9991E-05 0.135498 0.864402
0.4362 0.5637 9.9991E-05
0.0196974 0.117542 0.862761
0.940204 9.9991E-05 0.0596955
9.999E-05 0.9998 9.999E-05
9.9991E-05 0.00576488 0.994135
9.999E-05 9.999E-05 0.9998
0.957861 0.0420394 9.9991E-05
9.9991E-05 0.318689 0.681211
0.228555 9.9991E-05 0.771345
9.9991E-05 0.286924 0.712976
9.9991E-05 0.793092 0.206808
0.946534 9.9991E-05 0.0533665
9.9991E-05 0.579194 0.420706
0.439384 0.560516 9.9991E-05
9.9991E-05 0.850479 0.149421
9.9991E-05 0.77862 0.22128
0.274359 0.725541 9.9991E-05
9.9991E-05 0.709401 0.290499
0.529019 0.177012 0.29397
0.242966 9.9991E-05 0.756934
9.9991E-05 0.406887 0.593013
0.812392 9.9991E-05 0.187508
0.264718 0.481429 0.253852
0.9998 9.999E-05 9.999E-05
0.611562 0.388338 9.9991E-05
0.117894 9.9991E-05 0.882006
0.0323668 9.9991E-05 0.967533
9.999E-05 9.999E-05 0.9998
0.337313 0.662587 9.9991E-05
0.967463 9.9991E-05 0.0324367
9.9991E-05 0.920457 0.0794434
0.205074 0.794826 9.9991E-05
0.36557 0.63433 9.9991E-05
0.0962359 0.136262 0.767502
0.388103 0.611797 9.9991E-05
0.630221 0.369679 9.9991E-05
0.9998 9.999E-05 9.999E-05
9.9991E-05 0.823651 0.176249
0.243983 9.9991E-05 0.755917
9.9991E-05 0.328896 0.671004
0.9998 9.999E-05 9.999E-05
9.9991E-05 0.943475 0.0564254
0.0800974 0.919803 9.9991E-05
9.9991E-05 0.462563 0.537337
9.9991E-05 0.872994 0.126906
