0.180928 0.404916 9.99913E-05 0.414057
0.21826 0.127597 0.0486762 0.605467
0.0960614 0.0905605 0.0540336 0.759344
0.165946 0.0487767 0.785177 9.99912E-05
9.99824E-05 9.99824E-05 0.310357 0.689443
9.99912E-05 0.495258 0.179309 0.325333
0.0715997 0.233216 9.99913E-05 0.695084
0.0181679 9.99912E-05 0.495359 0.486373
9.999E-05 0.0353028 0.209899 0.754698
9.999E-05 0.360234 0.228338 0.411328
0.0315868 0.840285 0.128028 9.99912E-05
9.99825E-05 0.441934 0.557866 9.99825E-05
0.174929 0.151246 0.526467 0.147358
9.999E-05 0.387637 0.208385 0.403878
0.19236 0.225962 0.498019 0.083658
9.99912E-05 0.608805 0.234027 0.157069
0.471297 9.99824E-05 9.99824E-05 0.528503
0.9997 9.998E-05 9.998E-05 9.998E-05
0.402651 0.0986427 9.99912E-05 0.498607
9.99825E-05 0.330439 9.99825E-05 0.669361
0.102306 0.195774 0.70182 9.99913E-05
0.0327001 0.18339 0.78381 9.99912E-05
9.99825E-05 9.99825E-05 0.817156 0.182644
0.042743 9.99826E-05 0.957057 9.99826E-05
0.158459 0.573341 0.2681 9.99912E-05
0.0232196 0.540505 0.436175 9.99913E-05
9.99824E-05 9.99824E-05 0.297996 0.701804
9.99825E-05 0.704364 9.99825E-05 0.295436
0.388195 0.603378 9.99913E-05 0.00832664
9.99824E-05 0.979982 9.99824E-05 0.0198181
0.147592 0.644684 9.99912E-05 0.207624
0.324307 0.173159 0.369287 0.133247
9.99825E-05 0.256439 9.99825E-05 0.743361
9.99824E-05 0.837329 9.99824E-05 0.162471
9.998E-05 9.998E-05 0.9997 9.998E-05
0.46173 0.068076 0.470094 9.99912E-05
0.201045 0.675104 0.12375 9.99912E-05
0.139542 0.655592 0.204765 9.99912E-05
0.321406 0.305153 0.373341 9.99912E-05
9.99824E-05 0.951137 9.99824E-05 0.0486628
0.0247731 0.430585 0.229959 0.314683
0.121962 0.877838 9.99825E-05 9.99825E-05
9.99912E-05 0.5545 0.301156 0.144243
9.99824E-05 9.99824E-05 0.287652 0.712148
9.99913E-05 0.271706 0.437157 0.291037
0.389123 9.99912E-05 0.12932 0.481458
0.840447 9.99823E-05 0.159353 9.99823E-05
9.99912E-05 0.137214 0.76954 0.0931454
9.998E-05 0.9997 9.998E-05 9.998E-05
9.99912E-05 0.0394061 0.0601219 0.900372
0.144667 0.855133 9.99826E-05 9.99826E-05
0.273676 9.99912E-05 0.0702892 0.655935
9.99912E-05 0.103416 0.23662 0.659864
9.99823E-05 0.59376 9.99823E-05 0.40604
0.0032426 0.151963 0.201742 0.643052
9.99825E-05 0.67611 0.32369 9.99825E-05
0.223357 0.122451 0.216451 0.43774
9.99825E-05 9.99825E-05 0.241902 0.757898
9.99823E-05 0.995907 0.00389278 9.99823E-05
0.0198106 0.568798 0.249158 0.162234
0.522379 0.283602 0.00224361 0.191775
0.0770167 9.99824E-05 9.99824E-05 0.922783
9.99912E-05 0.619836 0.0440143 0.33605
0.327838 9.99913E-05 0.458052 0.21401
9.99824E-05 0.401957 9.99824E-05 0.597843
0.212678 9.99912E-05 0.667162 0.12006
9.99912E-05 0.580153 0.0273337 0.392413
0.176455 0.392105 0.43134 9.99912E-05
0.189551 0.0512654 0.0105927 0.748591
0.592908 9.99824E-05 9.99824E-05 0.406892
0.0184275 0.289242 9.99912E-05 0.692231
0.52829 0.0770161 0.394593 9.99912E-05
0.266939 0.732861 9.99824E-05 9.99824E-05
9.99825E-05 0.883838 0.115962 9.99825E-05
0.375919 9.99824E-05 0.623881 9.99824E-05
9.99912E-05 0.721996 0.114279 0.163625
9.99912E-05 0.676061 0.0623648 0.261474
0.0178962 0.142795 0.0844891 0.75482
0.0012483 0.688545 0.249904 0.0603031
9.99827E-05 0.0556783 9.99827E-05 0.944122
0.753962 9.99826E-05 9.99826E-05 0.245838
9.99827E-05 0.765856 9.99827E-05 0.233944
9.99825E-05 0.229784 0.770016 9.99825E-05
9.99824E-05 9.99824E-05 0.241373 0.758427
0.200746 0.000363092 0.764302 0.0345894
0.280849 0.306369 0.226439 0.186343
9.99824E-05 0.332431 0.667369 9.99824E-05
9.998E-05 9.998E-05 9.998E-05 0.9997
9.99827E-05 9.99827E-05 0.148721 0.851079
0.762582 9.99825E-05 0.237218 9.99825E-05
0.0391983 0.960602 9.99825E-05 9.99825E-05
9.998E-05 9.998E-05 9.998E-05 0.9997
9.99913E-05 0.113578 0.318003 0.568319
9.99824E-05 0.834043 0.165757 9.99824E-05
9.99826E-05 0.141265 9.99826E-05 0.858535
0.742596 0.257205 9.99824E-05 9.99824E-05
9.998E-05 0.9997 9.998E-05 9.998E-05
0.226594 9.99913E-05 0.26434 0.508966
9.99912E-05 0.502168 0.222812 0.27492
0.278807 0.083804 0.0535491 0.58384
9.998E-05 9.998E-05 9.998E-05 0.9997
9.99824E-05 0.996071 9.99824E-05 0.00372879
0.0469162 0.0290405 0.48895 0.435093
0.38874 0.431163 0.179997 9.99913E-05
9.99825E-05 0.594478 0.405322 9.99825E-05
0.543181 9.99913E-05 0.193035 0.263684
0.0873885 9.99913E-05 0.482995 0.429516
0.0136615 0.87198 0.114258 9.99913E-05
9.99826E-05 0.744079 9.99826E-05 0.255721
0.308303 0.481264 0.210333 9.99912E-05
0.139368 0.229496 9.99912E-05 0.631036
9.998E-05 0.9997 9.998E-05 9.998E-05
9.99912E-05 0.520665 0.0363518 0.442884
9.99824E-05 0.587176 9.99824E-05 0.412624
9.99827E-05 0.228992 0.770808 9.99827E-05
9.998E-05 0.9997 9.998E-05 9.998E-05
0.192318 0.807482 9.99826E-05 9.99826E-05
0.0578897 0.0135529 0.268072 0.660485
9.99824E-05 9.99824E-05 0.222933 0.776867
9.99824E-05 0.577289 9.99824E-05 0.422511
9.99824E-05 0.651329 9.99824E-05 0.348471
0.285144 0.375642 9.99912E-05 0.339114
9.99826E-05 0.163533 0.836267 9.99826E-05
9.99914E-05 0.336394 0.24499 0.418516
9.99826E-05 9.99826E-05 0.566306 0.433494
0.100599 0.412408 0.274419 0.212574
0.119912 9.99824E-05 9.99824E-05 0.879888
0.154318 0.228166 0.54127 0.076246
0.0807679 0.291991 0.197929 0.429312
9.99824E-05 0.654275 0.345525 9.99824E-05
9.99824E-05 0.746866 0.252934 9.99824E-05
0.0691055 0.515629 9.99912E-05 0.415165
9.99825E-05 9.99825E-05 0.326193 0.673607
9.99912E-05 0.000812161 0.221293 0.777795
0.208782 9.99913E-05 0.0964619 0.694656
9.99824E-05 0.598959 9.99824E-05 0.400841
9.99914E-05 0.671528 0.229635 0.0987368
9.998E-05 9.998E-05 0.9997 9.998E-05
0.329639 9.99825E-05 9.99825E-05 0.670161
9.99824E-05 0.93685 0.0629504 9.99824E-05
9.99913E-05 0.385173 0.147443 0.467284
0.30636 0.69344 9.99826E-05 9.99826E-05
9.99912E-05 0.673386 0.0357386 0.290775
9.99825E-05 0.990391 0.00940906 9.99825E-05
0.000269865 0.467389 0.532241 9.99912E-05
0.33707 9.99912E-05 0.332475 0.330354
9.99912E-05 0.110491 0.130919 0.758489
9.99913E-05 0.901473 0.0152842 0.0831429
9.99912E-05 0.385675 0.108477 0.505748
9.99912E-05 0.756483 0.143472 0.099945
9.99823E-05 0.639042 0.360758 9.99823E-05
0.404182 9.99912E-05 0.163934 0.431785
9.998E-05 0.9997 9.998E-05 9.998E-05
0.317349 0.0292298 0.197619 0.455802
0.466963 0.149534 0.383404 9.99912E-05
0.138534 9.99825E-05 9.99825E-05 0.861266
0.583984 9.99824E-05 0.415816 9.99824E-05
0.0373351 0.943351 9.99912E-05 0.0192137
9.99912E-05 0.0665215 0.0470536 0.886325
9.99824E-05 0.427875 9.99824E-05 0.571925
9.99826E-05 0.660148 9.99826E-05 0.339652
9.99825E-05 0.4254 9.99825E-05 0.5744
9.99912E-05 0.277432 0.247667 0.474801
0.0822336 0.917566 9.99826E-05 9.99826E-05
9.998E-05 0.9997 9.998E-05 9.998E-05
9.99911E-05 0.337341 0.199491 0.463068
9.99823E-05 0.810412 9.99823E-05 0.189388
9.99912E-05 0.19668 0.0522149 0.751005
0.138934 0.251497 0.0453291 0.56424
0.259541 9.99825E-05 9.99825E-05 0.740259
9.998E-05 0.9997 9.998E-05 9.998E-05
0.0778988 0.455893 0.466109 9.99912E-05
0.0389032 0.145994 9.99913E-05 0.815003
0.747105 0.112653 9.99914E-05 0.140142
9.99912E-05 0.0674413 0.135127 0.797332
9.99823E-05 0.77986 9.99823E-05 0.21994
9.99824E-05 0.092516 9.99824E-05 0.907284
0.449975 0.287845 0.216143 0.0460376
0.143451 0.232138 0.185546 0.438865
9.99912E-05 0.793094 0.197452 0.00935371
0.155649 0.844151 9.99824E-05 9.99824E-05
0.274724 9.99824E-05 9.99824E-05 0.725077
9.99826E-05 9.99826E-05 0.947838 0.0519623
9.99823E-05 0.710919 9.99823E-05 0.288881
9.99912E-05 0.219057 0.289239 0.491604
9.99912E-05 0.65337 0.171933 0.174597
9.99823E-05 0.103684 0.896116 9.99823E-05
9.99824E-05 9.99824E-05 0.624534 0.375266
9.998E-05 9.998E-05 9.998E-05 0.9997
0.265129 0.627137 9.99913E-05 0.107635
0.107939 0.536633 0.355328 9.99912E-05
9.99824E-05 0.612303 9.99824E-05 0.387497
0.0882472 0.849667 9.99913E-05 0.0619859
9.99912E-05 0.405713 0.524387 0.0697994
9.99913E-05 0.544448 0.137376 0.318076
0.18156 0.566095 9.99913E-05 0.252246
9.998E-05 9.998E-05 9.998E-05 0.9997
9.99825E-05 0.0735411 9.99825E-05 0.926259
9.99912E-05 0.578059 0.0886131 0.333227
0.0404423 0.959358 9.99823E-05 9.99823E-05
9.99827E-05 0.383948 0.615852 9.99827E-05
9.99825E-05 9.99825E-05 0.31579 0.68401
0.0578827 0.707796 9.99912E-05 0.234221
0.0252992 9.99913E-05 0.545786 0.428815
9.99826E-05 0.618604 9.99826E-05 0.381196
0.047928 9.99912E-05 0.539824 0.412148
0.392894 0.606906 9.99824E-05 9.99824E-05
0.436687 9.99912E-05 0.108391 0.454823
9.998E-05 0.9997 9.998E-05 9.998E-05
9.99825E-05 0.460029 0.539771 9.99825E-05
9.99913E-05 0.377118 0.34317 0.279613
0.0614986 0.438924 0.499477 9.99913E-05
0.158334 0.415898 0.292753 0.133014
9.998E-05 0.9997 9.998E-05 9.998E-05
0.454015 0.403579 0.142307 9.99912E-05
9.99827E-05 0.778238 9.99827E-05 0.221562
9.99825E-05 0.987071 9.99825E-05 0.0127293
0.500935 0.256613 9.99912E-05 0.242353
0.0109282 9.99912E-05 0.730649 0.258322
0.230797 9.99912E-05 0.748849 0.020254
9.99824E-05 9.99824E-05 0.249198 0.750602
9.99825E-05 0.308854 0.690946 9.99825E-05
0.480326 0.109239 0.027941 0.382494
9.99824E-05 0.641852 0.357948 9.99824E-05
9.99825E-05 9.99825E-05 0.95376 0.0460396
9.99913E-05 0.626492 0.113728 0.25968
9.99912E-05 0.263245 0.509473 0.227182
0.168341 0.439941 0.391618 9.99912E-05
0.726922 9.99912E-05 0.260424 0.0125535
9.99912E-05 0.573575 0.0236865 0.402638
0.516187 0.0638506 0.0867456 0.333217
0.385397 0.23637 0.378133 9.99913E-05
0.133486 0.275492 0.590922 9.99912E-05
0.0117153 0.226679 0.761506 9.99912E-05
0.284495 0.57302 9.99912E-05 0.142385
9.99824E-05 0.403366 9.99824E-05 0.596434
9.99823E-05 0.879151 0.120649 9.99823E-05
9.99912E-05 0.260308 0.262703 0.476889
0.20634 0.323083 0.363467 0.10711
0.207478 0.602016 9.99913E-05 0.190405
0.638679 0.361121 9.99826E-05 9.99826E-05
0.0812428 0.716885 0.201773 9.99913E-05
9.99823E-05 0.246917 0.752883 9.99823E-05
9.99824E-05 0.330942 9.99824E-05 0.668858
9.99824E-05 0.882767 0.117033 9.99824E-05
9.99826E-05 0.244098 9.99826E-05 0.755702
0.165413 0.619282 9.99912E-05 0.215205
0.0953832 0.516583 0.0562083 0.331826
0.719686 0.280114 9.99823E-05 9.99823E-05
9.99912E-05 0.298784 0.154113 0.547003
9.99824E-05 0.793671 0.206129 9.99824E-05
9.99824E-05 0.812511 0.187289 9.99824E-05
9.998E-05 0.9997 9.998E-05 9.998E-05
0.566814 0.432986 9.99825E-05 9.99825E-05
0.189742 0.675893 9.99912E-05 0.134265
9.998E-05 9.998E-05 0.9997 9.998E-05
9.99827E-05 9.99827E-05 0.0371293 0.962671
0.166034 9.99913E-05 0.2704 0.563467
0.1001 0.567088 0.332712 9.99913E-05
0.169654 0.688661 9.99913E-05 0.141584
9.99913E-05 0.421597 0.0104271 0.567876
