9.99912E-05 0.346831 0.190231 0.462838
0.110316 0.115269 0.688817 0.0855978
0.601759 0.230391 9.99912E-05 0.16775
0.748323 9.99826E-05 0.251477 9.99826E-05
0.344726 0.229142 0.426031 9.99912E-05
9.99912E-05 0.142955 0.0109173 0.846028
9.99825E-05 0.894985 9.99825E-05 0.104816
0.14197 0.698094 9.99913E-05 0.159837
0.161238 0.838562 9.99823E-05 9.99823E-05
9.99824E-05 0.327614 9.99824E-05 0.672186
0.372927 0.0521762 0.16454 0.410356
0.1862 9.99913E-05 0.491818 0.321882
9.99823E-05 0.565281 0.434519 9.99823E-05
9.99826E-05 0.230544 0.769256 9.99826E-05
0.0573992 9.99825E-05 0.942401 9.99825E-05
9.99823E-05 0.392844 0.606956 9.99823E-05
9.99826E-05 9.99826E-05 0.218353 0.781447
0.229687 9.99826E-05 0.770113 9.99826E-05
0.713332 9.99825E-05 0.286468 9.99825E-05
0.533265 0.358066 0.108568 9.99912E-05
9.99824E-05 0.0620589 0.937741 9.99824E-05
9.99825E-05 0.85213 0.14767 9.99825E-05
0.0578324 9.99913E-05 0.638325 0.303743
0.172604 0.792085 0.0352113 9.99912E-05
0.047926 0.235938 0.716036 9.99912E-05
0.334326 9.99825E-05 0.665474 9.99825E-05
9.99913E-05 0.0955565 0.0739729 0.830371
0.343691 9.99824E-05 0.656109 9.99824E-05
0.977615 9.99825E-05 0.0221846 9.99825E-05
0.0344802 0.13761 0.55495 0.272959
0.853916 9.99824E-05 9.99824E-05 0.145884
9.99824E-05 0.00895929 9.99824E-05 0.990841
9.99825E-05 9.99825E-05 0.823341 0.176459
9.99912E-05 0.661376 0.0863776 0.252147
9.99824E-05 0.102271 0.897529 9.99824E-05
0.223083 0.341372 0.435445 9.99913E-05
0.348379 9.99826E-05 0.651421 9.99826E-05
0.59326 0.148677 0.182232 0.0758305
9.99912E-05 0.0822982 0.708725 0.208877
0.0652196 9.99912E-05 0.0175792 0.917101
0.793069 0.0561018 0.130164 0.0206649
0.756412 0.17125 0.0722378 9.99913E-05
0.691899 0.307901 9.99824E-05 9.99824E-05
0.159153 0.167403 9.99913E-05 0.673344
0.680395 9.99913E-05 0.117159 0.202347
0.712337 9.99912E-05 0.178422 0.109141
0.28843 9.99824E-05 9.99824E-05 0.71137
0.0798675 0.454266 9.99912E-05 0.465767
0.236444 9.99912E-05 0.655309 0.108147
0.545532 0.320423 9.99912E-05 0.133946
0.0744024 9.99912E-05 0.635668 0.28983
0.365243 0.508922 0.125735 9.99912E-05
0.267585 9.99913E-05 0.634757 0.0975587
0.465127 0.00751863 0.120718 0.406637
0.99691 9.99825E-05 0.00289032 9.99825E-05
0.162033 0.341132 0.246178 0.250657
0.532932 0.118426 9.99913E-05 0.348542
0.0426289 0.155673 0.801599 9.99912E-05
0.836005 0.0375407 0.126354 9.99912E-05
9.99823E-05 0.953257 0.0465429 9.99823E-05
0.306599 9.99912E-05 0.402245 0.291055
0.513535 0.486265 9.99825E-05 9.99825E-05
0.9997 9.998E-05 9.998E-05 9.998E-05
9.99827E-05 0.948298 0.0515016 9.99827E-05
9.99825E-05 0.089991 0.909809 9.99825E-05
9.99823E-05 9.99823E-05 0.832595 0.167205
0.391894 9.99912E-05 0.382791 0.225215
9.99912E-05 0.385399 0.386129 0.228371
9.99912E-05 0.130801 0.02778 0.841319
0.303081 0.14097 0.400713 0.155237
9.99825E-05 0.134639 0.865161 9.99825E-05
0.103151 0.443309 0.0680041 0.385536
0.0139331 0.261032 0.462272 0.262762
0.653518 0.346282 9.99825E-05 9.99825E-05
0.292722 0.34923 0.305787 0.0522604
0.338126 9.99823E-05 0.661674 9.99823E-05
0.524592 0.0321173 0.443191 9.99912E-05
0.9997 9.998E-05 9.998E-05 9.998E-05
0.159534 0.153205 0.485821 0.20144
0.857461 0.142339 9.99826E-05 9.99826E-05
0.0156063 0.174296 0.809998 9.99912E-05
9.99826E-05 0.611316 9.99826E-05 0.388484
0.40266 9.99825E-05 9.99825E-05 0.59714
0.364376 9.99825E-05 9.99825E-05 0.635424
9.998E-05 9.998E-05 0.9997 9.998E-05
9.99824E-05 9.99824E-05 0.884773 0.115027
0.35434 0.120278 0.0676878 0.457695
0.0367109 0.21612 0.74707 9.99913E-05
0.490324 0.130317 0.379259 9.99913E-05
0.03533 0.942366 9.99913E-05 0.0222041
0.293402 9.99913E-05 0.0539612 0.652537
0.110165 0.116477 9.99913E-05 0.773258
9.99912E-05 0.403879 0.499486 0.0965349
0.713792 0.286008 9.99824E-05 9.99824E-05
9.99824E-05 9.99824E-05 0.631116 0.368684
0.405957 0.593843 9.99824E-05 9.99824E-05
9.99824E-05 9.99824E-05 0.761667 0.238133
0.384964 0.00920654 0.60573 9.99913E-05
0.0666885 0.109763 0.143064 0.680484
9.99912E-05 0.200038 0.338536 0.461326
9.99823E-05 0.24352 0.75628 9.99823E-05
0.190068 9.99912E-05 0.575749 0.234083
0.155349 0.558606 0.100419 0.185627
0.0274388 0.272551 0.69991 9.99912E-05
0.191441 9.99826E-05 0.808359 9.99826E-05
0.128721 0.53352 0.127827 0.209932
0.426263 0.274104 9.99912E-05 0.299533
9.998E-05 9.998E-05 0.9997 9.998E-05
0.364066 0.153986 0.0366567 0.445291
0.638511 9.99912E-05 0.349159 0.0122301
0.444517 0.548485 0.00689835 9.99912E-05
0.391063 0.608737 9.99825E-05 9.99825E-05
0.51308 0.0760563 0.172787 0.238077
0.615104 0.0585584 0.279775 0.0465623
0.188768 9.99913E-05 0.533402 0.27773
0.486323 0.513477 9.99824E-05 9.99824E-05
0.33124 9.99825E-05 0.66856 9.99825E-05
9.99826E-05 0.596462 9.99826E-05 0.403338
9.998E-05 9.998E-05 0.9997 9.998E-05
0.57366 9.99824E-05 0.42614 9.99824E-05
0.184977 0.814823 9.99825E-05 9.99825E-05
9.99913E-05 0.330012 0.325614 0.344274
0.323047 0.390273 0.123338 0.163343
0.173939 0.802392 9.99913E-05 0.0235691
9.99912E-05 0.774514 0.03594 0.189446
9.99912E-05 0.114316 0.615905 0.269679
9.99824E-05 9.99824E-05 0.598515 0.401285
0.140408 0.859392 9.99825E-05 9.99825E-05
0.647052 9.99827E-05 9.99827E-05 0.352748
0.469219 0.530581 9.99824E-05 9.99824E-05
0.657878 0.0163433 0.0613 0.264478
9.99912E-05 0.567465 0.286122 0.146314
9.998E-05 0.9997 9.998E-05 9.998E-05
0.229547 0.191775 0.578578 9.99912E-05
0.213649 0.0956131 0.220714 0.470023
0.463724 0.536076 9.99825E-05 9.99825E-05
0.340382 0.53896 9.99912E-05 0.120557
0.389171 9.99912E-05 0.60642 0.0043085
0.307416 0.0470072 0.645477 9.99913E-05
0.411646 0.293148 0.295106 9.99912E-05
0.37878 0.0307122 9.99912E-05 0.590408
0.314539 0.65453 9.99912E-05 0.0308303
0.00892906 0.867037 0.123934 9.99913E-05
0.253011 0.220221 0.390765 0.136002
0.162918 9.99912E-05 0.682836 0.154146
0.12698 9.99824E-05 0.87282 9.99824E-05
0.942887 9.99824E-05 0.0569128 9.99824E-05
9.99825E-05 0.448608 0.551192 9.99825E-05
0.273839 0.51748 9.99912E-05 0.208581
9.99825E-05 0.612507 9.99825E-05 0.387293
9.99913E-05 0.578656 0.332507 0.0887373
9.99913E-05 0.402731 0.0861868 0.510982
0.13331 0.210139 0.490654 0.165897
9.99912E-05 0.927051 0.0682573 0.00459131
9.99912E-05 0.3977 0.151542 0.450659
0.77553 9.99912E-05 0.108584 0.115786
0.0965455 0.172426 0.146681 0.584348
9.998E-05 0.9997 9.998E-05 9.998E-05
0.602999 0.396801 9.99824E-05 9.99824E-05
0.477654 0.184551 9.99913E-05 0.337696
0.566796 0.00403403 0.343088 0.0860821
0.965308 9.99825E-05 0.034492 9.99825E-05
0.104476 0.895324 9.99824E-05 9.99824E-05
0.456967 9.99824E-05 0.542833 9.99824E-05
9.99824E-05 0.639958 9.99824E-05 0.359842
0.560766 9.99912E-05 0.0492091 0.389925
0.00456972 0.0700277 9.99913E-05 0.925303
0.494254 9.99912E-05 0.102672 0.402974
0.39896 0.60084 9.99824E-05 9.99824E-05
0.49103 9.99912E-05 0.227101 0.28177
0.741698 9.99823E-05 0.258103 9.99823E-05
0.0930622 0.906738 9.99825E-05 9.99825E-05
0.100712 9.99912E-05 0.469491 0.429697
0.708549 9.99824E-05 9.99824E-05 0.291251
0.811905 0.187895 9.99824E-05 9.99824E-05
0.916474 9.99824E-05 9.99824E-05 0.0833265
0.948437 9.99825E-05 9.99825E-05 0.0513631
9.998E-05 0.9997 9.998E-05 9.998E-05
0.290992 0.146341 0.562566 9.99912E-05
0.00494195 0.374587 0.59265 0.0278213
9.99826E-05 0.568079 9.99826E-05 0.431721
0.259599 0.549741 0.19056 9.99912E-05
9.99824E-05 0.660964 0.338836 9.99824E-05
0.447051 9.99825E-05 9.99825E-05 0.552749
0.0939604 9.99912E-05 0.74594 0.159999
0.29276 9.99825E-05 9.99825E-05 0.70704
0.18539 9.99912E-05 0.107426 0.707084
9.998E-05 0.9997 9.998E-05 9.998E-05
0.24869 9.99823E-05 0.75111 9.99823E-05
9.99824E-05 0.00108506 0.998715 9.99824E-05
9.998E-05 0.9997 9.998E-05 9.998E-05
9.99823E-05 9.99823E-05 0.499082 0.500718
0.466365 0.180502 0.353033 9.99913E-05
0.478435 0.0478587 0.0588236 0.414883
0.326186 0.547218 0.126496 9.99913E-05
0.148721 9.99824E-05 9.99824E-05 0.851079
9.998E-05 9.998E-05 0.9997 9.998E-05
9.998E-05 9.998E-05 0.9997 9.998E-05
9.99825E-05 9.99825E-05 0.731328 0.268473
0.25932 0.160997 0.317192 0.262491
0.238369 0.0380783 0.317951 0.405601
0.557305 9.99824E-05 0.442495 9.99824E-05
9.99823E-05 0.511323 0.488477 9.99823E-05
0.283379 0.00585932 0.666372 0.0443891
9.99825E-05 0.684906 9.99825E-05 0.314895
0.00397804 0.684503 0.174174 0.137344
0.22915 0.135727 9.99912E-05 0.635023
0.50633 0.139499 0.354071 9.99913E-05
0.520445 0.33491 0.144545 9.99912E-05
0.389776 0.610024 9.99825E-05 9.99825E-05
0.200947 0.584173 0.150541 0.0643383
0.298076 9.99912E-05 0.453598 0.248226
0.11888 0.31335 0.56767 9.99913E-05
9.99826E-05 9.99826E-05 0.742015 0.257785
9.99912E-05 0.737648 0.167671 0.0945811
0.9997 9.998E-05 9.998E-05 9.998E-05
9.99825E-05 0.50106 9.99825E-05 0.49874
0.0317912 0.334527 0.14401 0.489672
9.99823E-05 9.99823E-05 0.633699 0.366101
9.99823E-05 9.99823E-05 0.890422 0.109378
9.99826E-05 9.99826E-05 0.0942497 0.90555
0.267667 0.0357929 0.69644 9.99912E-05
0.859709 9.99826E-05 0.140091 9.99826E-05
0.309343 0.242606 0.299379 0.148671
0.3712 0.154551 0.239047 0.235202
0.53147 9.99912E-05 0.430712 0.0377178
9.998E-05 9.998E-05 9.998E-05 0.9997
9.99912E-05 0.134821 0.179535 0.685544
9.99912E-05 0.419609 0.39997 0.180321
0.410237 0.403043 9.99912E-05 0.18662
0.0225705 0.304662 0.481787 0.190981
0.247553 9.99912E-05 0.340955 0.411393
9.99912E-05 0.735615 0.0798121 0.184473
0.625081 0.242462 0.132357 9.99912E-05
0.248298 0.751502 9.99824E-05 9.99824E-05
9.99912E-05 0.0542578 0.321043 0.624599
0.119943 0.395433 9.99912E-05 0.484524
0.182406 9.99912E-05 0.616083 0.201411
9.99912E-05 0.449357 0.0657879 0.484755
0.244229 0.737128 0.0049343 0.0137086
9.99826E-05 9.99826E-05 0.958413 0.0413874
0.481311 0.518489 9.99823E-05 9.99823E-05
0.270888 9.99914E-05 0.162846 0.566165
0.186563 9.99824E-05 0.813237 9.99824E-05
0.77899 9.99825E-05 0.22081 9.99825E-05
0.52573 0.138769 0.335401 9.99912E-05
0.707939 9.99824E-05 9.99824E-05 0.291861
9.99824E-05 0.363212 9.99824E-05 0.636588
0.0808613 9.99825E-05 9.99825E-05 0.918939
9.99826E-05 0.157768 0.842032 9.99826E-05
0.262666 0.110963 0.111359 0.515012
9.99825E-05 0.41518 9.99825E-05 0.58462
0.660352 0.00996068 0.329587 9.99912E-05
0.0875045 0.344459 0.518917 0.0491203
0.113846 9.99913E-05 0.591428 0.294626
0.447874 9.99823E-05 9.99823E-05 0.551926
0.191452 0.384785 0.423663 9.99912E-05
9.99912E-05 0.37477 0.0915354 0.533595
0.803565 0.196235 9.99825E-05 9.99825E-05
0.348887 0.08151 0.569503 9.99912E-05
0.199631 0.800169 9.99824E-05 9.99824E-05
