0.26107 9.99737E-05 0.000598631 0.012028 0.726004 9.99737E-05 9.99737E-05
0.242478 9.99824E-05 9.99824E-05 0.0205393 0.0342831 0.414977 0.287523
0.336533 9.99562E-05 0.662967 9.99562E-05 9.99562E-05 9.99562E-05 9.99562E-05
9.99649E-05 9.99649E-05 0.235626 9.99649E-05 9.99649E-05 0.444885 0.31909
0.349581 9.99646E-05 0.331059 9.99646E-05 9.99646E-05 9.99646E-05 0.31896
9.9974E-05 0.105266 9.9974E-05 9.9974E-05 0.361517 0.133758 0.399159
9.997E-05 9.997E-05 0.449368 9.997E-05 0.0434708 0.33423 0.172631
9.99563E-05 0.521088 0.478412 9.99563E-05 9.99563E-05 9.99563E-05 9.99563E-05
9.99562E-05 9.99562E-05 0.642416 9.99562E-05 0.357084 9.99562E-05 9.99562E-05
0.27622 9.99735E-05 0.15359 9.99735E-05 9.99735E-05 0.266193 0.303697
9.99651E-05 0.604222 0.385713 0.00966554 9.99651E-05 9.99651E-05 9.99651E-05
9.99651E-05 0.0732874 0.253944 9.99651E-05 9.99651E-05 9.99651E-05 0.672369
0.0433453 9.99823E-05 0.414903 0.265366 0.251575 9.99823E-05 0.0246113
9.99563E-05 9.99563E-05 9.99563E-05 9.99563E-05 9.99563E-05 0.527661 0.471839
9.9956E-05 9.9956E-05 9.9956E-05 0.869828 9.9956E-05 9.9956E-05 0.129672
0.268165 9.99912E-05 0.00583157 0.192095 0.0567507 0.310505 0.166553
0.0148932 9.99737E-05 0.253043 0.678431 9.99737E-05 0.0533333 9.99737E-05
0.0403035 0.0440025 9.99736E-05 0.868653 0.0467406 9.99736E-05 9.99736E-05
0.179095 0.444345 0.344046 9.99736E-05 9.99736E-05 0.0322147 9.99736E-05
0.609249 0.00853674 9.99735E-05 0.199215 9.99735E-05 0.182699 9.99735E-05
9.99559E-05 9.99559E-05 9.99559E-05 9.99559E-05 0.018708 0.980792 9.99559E-05
0.710187 9.99648E-05 0.255355 0.0340583 9.99648E-05 9.99648E-05 9.99648E-05
9.99648E-05 0.177853 9.99648E-05 9.99648E-05 9.99648E-05 0.625285 0.196462
0.260387 0.54112 0.0656961 9.99736E-05 9.99736E-05 0.132496 9.99736E-05
0.0220914 9.99647E-05 0.548913 9.99647E-05 9.99647E-05 9.99647E-05 0.428595
0.355181 9.99564E-05 9.99564E-05 0.644319 9.99564E-05 9.99564E-05 9.99564E-05
9.99649E-05 9.99649E-05 9.99649E-05 0.527536 9.99649E-05 0.157367 0.314697
9.99738E-05 9.99738E-05 0.253712 0.0316274 0.294227 0.420134 9.99738E-05
9.99738E-05 9.99738E-05 0.53426 0.0506348 0.0824081 9.99738E-05 0.332397
0.225418 0.373765 0.123085 0.114945 0.162587 9.99823E-05 9.99823E-05
9.99648E-05 9.99648E-05 0.540509 0.057558 9.99648E-05 9.99648E-05 0.401533
9.99824E-05 0.314477 0.489561 0.00631288 0.0830762 0.106373 9.99824E-05
0.226287 9.99653E-05 9.99653E-05 0.00467582 0.768637 9.99653E-05 9.99653E-05
0.0713317 0.145011 0.771748 9.99736E-05 9.99736E-05 0.0116096 9.99736E-05
9.99651E-05 0.0320843 9.99651E-05 0.0794499 9.99651E-05 0.888066 9.99651E-05
9.99825E-05 0.154878 0.437577 9.99825E-05 0.269526 0.0355619 0.102258
0.11509 9.99648E-05 9.99648E-05 0.495832 9.99648E-05 9.99648E-05 0.388678
0.0930362 9.99647E-05 9.99647E-05 0.380548 9.99647E-05 0.526016 9.99647E-05
9.99824E-05 0.415522 9.99824E-05 0.110346 0.0436806 0.199054 0.231199
9.9965E-05 0.126774 0.10353 9.9965E-05 0.769295 9.9965E-05 9.9965E-05
0.619157 9.99652E-05 9.99652E-05 9.99652E-05 0.047444 0.332999 9.99652E-05
9.99735E-05 9.99735E-05 0.319859 9.99735E-05 0.141841 0.231547 0.306454
0.221429 9.99736E-05 0.404743 9.99736E-05 9.99736E-05 0.361232 0.0122966
0.135806 9.99737E-05 0.0711776 9.99737E-05 0.188883 0.603833 9.99737E-05
9.99735E-05 9.99735E-05 0.120046 0.453478 0.180238 9.99735E-05 0.245938
0.097218 0.256426 9.99911E-05 0.0566999 0.137588 0.337557 0.114412
0.403857 0.0792985 0.052548 0.15003 9.99824E-05 9.99824E-05 0.314067
0.860176 0.0583153 9.99649E-05 9.99649E-05 9.99649E-05 9.99649E-05 0.0811093
0.119741 9.99736E-05 0.729283 9.99736E-05 0.134457 0.016219 9.99736E-05
0.42295 0.0559807 9.99737E-05 9.99737E-05 9.99737E-05 0.437076 0.0836937
9.99825E-05 9.99825E-05 0.410546 0.226701 0.0189614 0.296438 0.0471532
9.99825E-05 0.0918567 9.99825E-05 0.128458 0.0804993 0.302118 0.396868
0.0176187 0.174008 9.99736E-05 0.675946 9.99736E-05 9.99736E-05 0.132127
9.99647E-05 9.99647E-05 0.273054 9.99647E-05 0.0472149 9.99647E-05 0.679332
0.108575 9.99738E-05 0.230095 0.0956033 9.99738E-05 9.99738E-05 0.565427
9.99737E-05 9.99737E-05 0.12124 0.0437339 0.253814 0.580912 9.99737E-05
0.294775 9.9965E-05 0.263116 9.9965E-05 9.9965E-05 0.441709 9.9965E-05
0.209677 9.99735E-05 9.99735E-05 0.0926253 0.465792 9.99735E-05 0.231606
9.99824E-05 0.336473 0.0945497 0.266854 0.206403 9.99824E-05 0.0955204
9.99823E-05 0.306259 0.0203159 0.227756 0.16174 0.283729 9.99823E-05
0.527342 9.99735E-05 9.99735E-05 0.0230864 9.99735E-05 0.173051 0.27622
0.545415 0.250185 9.9965E-05 9.9965E-05 9.9965E-05 0.204001 9.9965E-05
9.998E-05 0.222694 0.346574 0.109666 0.0690762 9.998E-05 0.251789
0.639601 9.99824E-05 0.102604 0.0327227 9.99824E-05 0.0268453 0.198027
9.99647E-05 9.99647E-05 0.413357 9.99647E-05 0.0899861 9.99647E-05 0.496257
9.99647E-05 9.99647E-05 0.27727 0.306751 9.99647E-05 0.415579 9.99647E-05
9.99649E-05 9.99649E-05 0.510269 9.99649E-05 9.99649E-05 0.0584962 0.430835
0.069583 9.99653E-05 9.99653E-05 9.99653E-05 0.194859 0.735158 9.99653E-05
9.99648E-05 9.99648E-05 0.821764 0.0238643 9.99648E-05 0.153972 9.99648E-05
9.99648E-05 9.99648E-05 0.76101 9.99648E-05 0.0847181 0.153872 9.99648E-05
0.352282 0.374291 9.99649E-05 9.99649E-05 9.99649E-05 0.273027 9.99649E-05
0.317721 0.198596 9.99737E-05 0.0610632 9.99737E-05 0.42232 9.99737E-05
9.99649E-05 9.99649E-05 0.343079 0.472066 9.99649E-05 9.99649E-05 0.184455
0.728704 9.9965E-05 0.0245743 9.9965E-05 0.246322 9.9965E-05 9.9965E-05
9.99734E-05 9.99734E-05 0.118892 9.99734E-05 0.219513 0.263441 0.397853
0.0312222 9.99736E-05 0.761807 9.99736E-05 9.99736E-05 0.010515 0.196156
9.99561E-05 9.99561E-05 0.12895 0.87055 9.99561E-05 9.99561E-05 9.99561E-05
9.99738E-05 9.99738E-05 0.0847554 0.483709 9.99738E-05 0.335086 0.0961495
0.146991 0.307271 0.545339 9.99649E-05 9.99649E-05 9.99649E-05 9.99649E-05
0.111773 0.216657 0.187714 9.99735E-05 9.99735E-05 9.99735E-05 0.483556
9.99566E-05 9.99566E-05 9.99566E-05 9.99566E-05 9.99566E-05 0.0110353 0.988465
0.460116 0.284182 9.99649E-05 9.99649E-05 0.255303 9.99649E-05 9.99649E-05
9.995E-05 9.995E-05 0.9994 9.995E-05 9.995E-05 9.995E-05 9.995E-05
9.99736E-05 9.99736E-05 0.184014 9.99736E-05 0.0572058 0.385582 0.372899
0.208916 0.0185923 0.357689 0.317842 9.99824E-05 0.0967602 9.99824E-05
9.99648E-05 9.99648E-05 9.99648E-05 9.99648E-05 0.150051 0.212172 0.637377
0.0884882 9.99736E-05 0.0526857 9.99736E-05 9.99736E-05 0.699586 0.15894
9.9956E-05 9.9956E-05 0.595104 9.9956E-05 0.404396 9.9956E-05 9.9956E-05
0.032248 9.99651E-05 0.79774 9.99651E-05 0.169612 9.99651E-05 9.99651E-05
9.99562E-05 0.196404 9.99562E-05 9.99562E-05 0.803096 9.99562E-05 9.99562E-05
9.9965E-05 9.9965E-05 0.0779049 0.89244 9.9965E-05 9.9965E-05 0.0292552
9.99648E-05 9.99648E-05 9.99648E-05 0.274618 0.310961 0.414021 9.99648E-05
9.99651E-05 9.99651E-05 9.99651E-05 0.165045 9.99651E-05 0.39197 0.442586
0.235121 9.99912E-05 0.00960902 0.271791 0.118883 0.14248 0.222017
0.0230704 0.188916 0.0940217 0.120344 0.229372 9.99911E-05 0.344176
0.25948 0.124875 0.171735 0.295581 9.99825E-05 0.14813 9.99825E-05
9.99563E-05 9.99563E-05 9.99563E-05 0.788037 9.99563E-05 0.211463 9.99563E-05
9.99735E-05 9.99735E-05 0.353672 0.141072 0.271735 9.99735E-05 0.233221
9.99736E-05 9.99736E-05 0.598601 9.99736E-05 0.125319 0.0588398 0.21694
9.99735E-05 0.0667898 9.99735E-05 0.665195 9.99735E-05 0.168897 0.0988184
0.155673 0.156071 0.537038 9.99913E-05 0.101478 0.0369036 0.0127358
0.00764736 9.99649E-05 0.857516 0.134437 9.99649E-05 9.99649E-05 9.99649E-05
9.997E-05 9.997E-05 0.129076 9.997E-05 0.311242 0.186415 0.372967
0.222574 0.196866 0.307075 9.99736E-05 9.99736E-05 0.273185 9.99736E-05
9.99738E-05 0.0241404 0.418671 0.144455 0.412434 9.99738E-05 9.99738E-05
0.305446 9.9965E-05 0.144249 9.9965E-05 9.9965E-05 0.549906 9.9965E-05
9.99736E-05 0.291025 0.138237 0.35844 9.99736E-05 9.99736E-05 0.211999
0.215512 0.260311 0.221656 9.99735E-05 9.99735E-05 9.99735E-05 0.302221
0.00526662 9.99824E-05 0.233165 0.261759 0.215855 9.99824E-05 0.283754
0.180215 9.9965E-05 0.573513 0.245871 9.9965E-05 9.9965E-05 9.9965E-05
0.959079 9.99563E-05 9.99563E-05 9.99563E-05 9.99563E-05 9.99563E-05 0.0404216
0.226905 0.18135 0.375109 0.216336 9.99738E-05 9.99738E-05 9.99738E-05
0.38731 9.99737E-05 0.0063182 9.99737E-05 0.505668 9.99737E-05 0.100404
9.995E-05 9.995E-05 9.995E-05 9.995E-05 9.995E-05 9.995E-05 0.9994
0.233649 9.99652E-05 0.167975 0.597976 9.99652E-05 9.99652E-05 9.99652E-05
0.853354 9.99649E-05 0.139926 9.99649E-05 9.99649E-05 9.99649E-05 0.00632011
0.093783 9.99736E-05 0.443125 9.99736E-05 0.273543 9.99736E-05 0.189249
0.451981 9.99736E-05 0.0704 9.99736E-05 0.0878288 9.99736E-05 0.38949
0.130091 0.0915403 9.99824E-05 9.99824E-05 0.394132 0.0397849 0.344252
0.131832 0.350283 0.517486 9.99649E-05 9.99649E-05 9.99649E-05 9.99649E-05
9.99648E-05 0.0280972 0.838291 9.99648E-05 9.99648E-05 0.133212 9.99648E-05
0.822733 9.99649E-05 9.99649E-05 0.156213 9.99649E-05 0.0206545 9.99649E-05
0.421675 9.99912E-05 0.0260828 0.0768708 0.0165615 0.329739 0.128971
9.99651E-05 9.99651E-05 9.99651E-05 9.99651E-05 0.0383232 0.341163 0.620114
0.0331293 9.99649E-05 0.544685 0.421786 9.99649E-05 9.99649E-05 9.99649E-05
0.586441 9.99738E-05 0.303843 9.99738E-05 9.99738E-05 0.0910533 0.018363
9.99648E-05 9.99648E-05 9.99648E-05 0.165968 9.99648E-05 0.125812 0.70782
0.160669 9.99653E-05 9.99653E-05 9.99653E-05 9.99653E-05 0.768233 0.0706976
9.99561E-05 9.99561E-05 0.853689 9.99561E-05 9.99561E-05 9.99561E-05 0.145811
0.124768 9.99825E-05 9.99825E-05 0.38106 0.0119122 0.192578 0.289482
0.13019 0.749948 9.99737E-05 0.0431023 0.0764597 9.99737E-05 9.99737E-05
9.99563E-05 0.245434 9.99563E-05 9.99563E-05 9.99563E-05 9.99563E-05 0.754066
9.99647E-05 0.545724 9.99647E-05 0.0638538 9.99647E-05 0.390022 9.99647E-05
0.0423123 9.99735E-05 0.582838 0.286261 9.99735E-05 0.0882887 9.99735E-05
9.99648E-05 0.632959 0.110518 9.99648E-05 9.99648E-05 9.99648E-05 0.256123
9.99825E-05 0.185905 0.180426 0.0669775 9.99825E-05 0.0682756 0.498216
9.99647E-05 9.99647E-05 0.0418344 9.99647E-05 9.99647E-05 0.805164 0.152602
9.99647E-05 0.282664 0.210632 9.99647E-05 0.506304 9.99647E-05 9.99647E-05
0.00970976 9.99566E-05 0.98979 9.99566E-05 9.99566E-05 9.99566E-05 9.99566E-05
9.99649E-05 9.99649E-05 0.306712 9.99649E-05 0.405273 0.287616 9.99649E-05
9.99737E-05 9.99737E-05 0.493713 0.351287 9.99737E-05 0.0501856 0.104514
0.0208066 9.99648E-05 9.99648E-05 0.396696 9.99648E-05 0.582098 9.99648E-05
0.251356 9.99647E-05 9.99647E-05 9.99647E-05 0.688166 0.0600785 9.99647E-05
9.99739E-05 0.2495 0.210374 9.99739E-05 0.176441 0.363385 9.99739E-05
9.99648E-05 9.99648E-05 0.237047 9.99648E-05 0.525635 9.99648E-05 0.236918
0.645017 9.9956E-05 9.9956E-05 9.9956E-05 9.9956E-05 9.9956E-05 0.354483
0.440644 0.255161 9.99646E-05 9.99646E-05 9.99646E-05 9.99646E-05 0.303795
0.209597 9.99737E-05 0.112846 9.99737E-05 9.99737E-05 0.446987 0.23027
0.134409 0.1651 0.179172 0.216306 9.99823E-05 0.304813 9.99823E-05
0.509793 9.9956E-05 9.9956E-05 0.489707 9.9956E-05 9.9956E-05 9.9956E-05
0.290213 0.188304 0.429175 9.99737E-05 9.99737E-05 9.99737E-05 0.0920086
0.0261578 0.209911 9.99738E-05 0.108286 9.99738E-05 9.99738E-05 0.655345
0.0776736 0.441575 9.99736E-05 9.99736E-05 9.99736E-05 0.114191 0.36626
9.99648E-05 0.189522 9.99648E-05 9.99648E-05 9.99648E-05 0.169685 0.640393
9.99652E-05 9.99652E-05 0.635408 9.99652E-05 0.353811 9.99652E-05 0.010381
9.99648E-05 9.99648E-05 9.99648E-05 0.447732 9.99648E-05 0.305145 0.246723
9.99561E-05 9.99561E-05 0.768074 9.99561E-05 9.99561E-05 9.99561E-05 0.231426
0.173508 9.9965E-05 0.452685 9.9965E-05 9.9965E-05 9.9965E-05 0.373407
0.0213318 0.173195 0.468298 9.99736E-05 9.99736E-05 0.336876 9.99736E-05
9.99649E-05 9.99649E-05 0.220919 0.43403 0.344651 9.99649E-05 9.99649E-05
9.99649E-05 9.99649E-05 0.0440966 9.99649E-05 9.99649E-05 0.0784939 0.87701
9.99651E-05 9.99651E-05 0.406179 9.99651E-05 9.99651E-05 0.221317 0.372104
9.99738E-05 0.172608 0.45691 9.99738E-05 9.99738E-05 0.297697 0.0724839
0.315886 9.99737E-05 9.99737E-05 0.13507 0.00123409 0.547511 9.99737E-05
0.0521048 0.394791 9.99737E-05 9.99737E-05 9.99737E-05 0.314311 0.238493
9.9965E-05 9.9965E-05 0.419821 0.252231 9.9965E-05 9.9965E-05 0.327548
0.413724 0.35067 9.99738E-05 9.99738E-05 0.07995 9.99738E-05 0.155357
0.283486 9.99736E-05 9.99736E-05 0.0818186 9.99736E-05 0.179009 0.455386
0.0640651 9.99738E-05 0.295504 0.22197 9.99738E-05 9.99738E-05 0.418161
9.99562E-05 0.301867 9.99562E-05 9.99562E-05 9.99562E-05 9.99562E-05 0.697633
9.99648E-05 9.99648E-05 0.409024 9.99648E-05 9.99648E-05 0.356306 0.23427
9.99561E-05 9.99561E-05 9.99561E-05 9.99561E-05 9.99561E-05 0.145848 0.853652
0.410886 9.99737E-05 0.102171 9.99737E-05 9.99737E-05 0.322489 0.164154
9.99738E-05 0.407691 0.01738 0.40048 0.17415 9.99738E-05 9.99738E-05
9.99562E-05 9.99562E-05 9.99562E-05 0.420996 9.99562E-05 9.99562E-05 0.578504
0.122164 9.99737E-05 9.99737E-05 9.99737E-05 0.100851 0.0748601 0.701825
0.166118 9.99736E-05 0.318151 9.99736E-05 0.152788 9.99736E-05 0.362643
9.99734E-05 9.99734E-05 0.150264 9.99734E-05 0.63247 0.06801 0.148956
0.213869 9.99736E-05 9.99736E-05 9.99736E-05 0.297304 0.118452 0.370075
9.99562E-05 9.99562E-05 9.99562E-05 9.99562E-05 9.99562E-05 0.0586307 0.94087
0.188776 0.0263101 9.99824E-05 0.382412 9.99824E-05 0.0819513 0.320351
0.198232 9.99735E-05 0.0547321 0.66332 0.0834168 9.99735E-05 9.99735E-05
0.00266209 9.99648E-05 9.99648E-05 0.72714 9.99648E-05 9.99648E-05 0.269799
0.136082 0.103476 0.586449 9.99823E-05 9.99823E-05 0.030871 0.142923
9.9956E-05 9.9956E-05 0.840669 9.9956E-05 9.9956E-05 0.158831 9.9956E-05
0.233298 0.30645 9.99825E-05 9.99825E-05 0.365298 0.0943509 0.000402691
9.99736E-05 9.99736E-05 0.0257542 0.445262 9.99736E-05 0.220671 0.308012
0.730692 9.99824E-05 0.0150012 0.121682 0.0990013 9.99824E-05 0.0334238
9.99566E-05 9.99566E-05 9.99566E-05 0.728126 9.99566E-05 9.99566E-05 0.271374
0.129635 0.0445845 0.0249454 0.358408 9.99824E-05 9.99824E-05 0.442227
0.179464 9.99737E-05 0.624611 9.99737E-05 0.125564 9.99737E-05 0.0700615
0.143815 0.0142566 0.534928 9.99737E-05 9.99737E-05 0.306701 9.99737E-05
0.753948 9.99649E-05 9.99649E-05 0.130703 9.99649E-05 0.11495 9.99649E-05
0.364948 9.99646E-05 9.99646E-05 0.344148 9.99646E-05 9.99646E-05 0.290504
9.99736E-05 0.355419 9.99736E-05 9.99736E-05 0.123548 0.501691 0.0190422
9.99735E-05 9.99735E-05 0.278748 9.99735E-05 0.0610242 0.602145 0.0577824
0.277395 0.0929093 9.99737E-05 0.0813614 9.99737E-05 0.548035 9.99737E-05
0.0305167 9.99823E-05 0.0437566 9.99823E-05 0.144798 0.0157432 0.764985
0.0411968 9.99647E-05 9.99647E-05 9.99647E-05 0.180235 0.778168 9.99647E-05
9.99647E-05 0.15533 9.99647E-05 9.99647E-05 9.99647E-05 0.382737 0.461533
9.99646E-05 9.99646E-05 0.425253 9.99646E-05 0.282925 0.291422 9.99646E-05
0.245692 9.99823E-05 0.417621 0.259443 0.0607528 0.0162908 9.99823E-05
0.321083 0.150037 0.0207933 0.149757 0.120937 9.99913E-05 0.237293
0.887561 0.0666444 0.0453951 9.99647E-05 9.99647E-05 9.99647E-05 9.99647E-05
9.99649E-05 9.99649E-05 0.405016 0.217342 9.99649E-05 9.99649E-05 0.377242
0.283062 9.998E-05 0.131045 0.180867 9.998E-05 0.157543 0.247283
9.99562E-05 9.99562E-05 9.99562E-05 0.719355 9.99562E-05 9.99562E-05 0.280145
9.99825E-05 0.173524 0.306381 0.298969 0.160359 0.0605658 9.99825E-05
0.067457 0.0754424 0.0359579 9.99824E-05 9.99824E-05 0.138746 0.682196
0.159312 0.0690641 0.0908572 0.133237 0.339398 9.99912E-05 0.208032
9.99645E-05 0.303587 9.99645E-05 0.649396 0.0466167 9.99645E-05 9.99645E-05
0.45763 0.290044 9.99651E-05 9.99651E-05 9.99651E-05 0.251926 9.99651E-05
9.99648E-05 0.423909 0.254951 9.99648E-05 9.99648E-05 0.32074 9.99648E-05
9.99649E-05 9.99649E-05 9.99649E-05 9.99649E-05 0.397848 0.515064 0.0866875
9.99824E-05 0.100254 0.223637 0.247264 0.0419627 9.99824E-05 0.386683
9.99654E-05 0.139534 0.436687 9.99654E-05 9.99654E-05 9.99654E-05 0.42338
0.165013 0.0590578 9.99737E-05 9.99737E-05 0.206133 9.99737E-05 0.569497
9.99737E-05 0.00572062 0.403976 0.394559 9.99737E-05 9.99737E-05 0.195444
9.99735E-05 0.0455484 0.414768 0.153483 9.99735E-05 0.3859 9.99735E-05
9.99647E-05 9.99647E-05 0.221593 0.225849 9.99647E-05 0.552158 9.99647E-05
0.00519155 9.99735E-05 0.255781 9.99735E-05 9.99735E-05 0.517503 0.221224
9.9956E-05 9.9956E-05 9.9956E-05 9.9956E-05 0.253003 9.9956E-05 0.746497
0.132161 9.99736E-05 0.475448 9.99736E-05 9.99736E-05 0.144746 0.247345
9.996E-05 9.996E-05 9.996E-05 9.996E-05 0.655387 0.050817 0.293396
9.99737E-05 0.19758 0.0401966 9.99737E-05 0.305 9.99737E-05 0.456923
9.9965E-05 9.9965E-05 0.203825 9.9965E-05 9.9965E-05 0.596673 0.199102
9.9965E-05 0.022496 0.431214 9.9965E-05 9.9965E-05 0.54589 9.9965E-05
0.25818 9.99737E-05 0.0900534 0.00663193 9.99737E-05 9.99737E-05 0.644835
9.9956E-05 9.9956E-05 9.9956E-05 0.519218 0.480282 9.9956E-05 9.9956E-05
9.9956E-05 9.9956E-05 0.607584 9.9956E-05 9.9956E-05 9.9956E-05 0.391916
0.198224 9.99823E-05 0.411915 9.99823E-05 0.145394 0.0383371 0.20593
9.99737E-05 0.047954 0.0191892 0.752073 0.180484 9.99737E-05 9.99737E-05
0.206876 0.215715 9.99824E-05 0.238566 9.99824E-05 0.0627571 0.275886
9.995E-05 9.995E-05 9.995E-05 9.995E-05 0.9994 9.995E-05 9.995E-05
9.99739E-05 9.99739E-05 9.99739E-05 0.082651 0.16386 0.367049 0.38614
9.99736E-05 0.105212 9.99736E-05 0.454657 9.99736E-05 0.000246012 0.439585
0.197942 0.227934 0.309671 9.99823E-05 0.0305642 9.99823E-05 0.233689
9.99735E-05 9.99735E-05 0.173073 0.581442 9.99735E-05 0.0242446 0.22094
9.99825E-05 0.00647602 0.010043 0.638129 0.28457 9.99825E-05 0.0605823
9.9956E-05 9.9956E-05 9.9956E-05 0.458132 9.9956E-05 0.541368 9.9956E-05
9.99564E-05 0.343954 9.99564E-05 9.99564E-05 9.99564E-05 9.99564E-05 0.655546
9.99736E-05 0.303827 9.99736E-05 0.38553 0.307486 9.99736E-05 0.00285719
9.99825E-05 0.204093 0.125252 0.445573 0.011221 0.213662 9.99825E-05
9.99825E-05 0.00507555 0.378447 0.0577422 9.99825E-05 0.428785 0.12975
9.995E-05 9.995E-05 0.9994 9.995E-05 9.995E-05 9.995E-05 9.995E-05
9.99647E-05 0.167504 9.99647E-05 0.535646 9.99647E-05 9.99647E-05 0.29645
9.99738E-05 0.390069 9.99738E-05 0.0352812 0.127914 9.99738E-05 0.446436
9.9956E-05 9.9956E-05 0.785272 0.214228 9.9956E-05 9.9956E-05 9.9956E-05
0.109401 9.99735E-05 9.99735E-05 0.403908 0.00654054 0.47985 9.99735E-05
0.186837 0.324146 9.99736E-05 0.272588 9.99736E-05 0.216129 9.99736E-05
0.375052 0.10921 0.515339 9.99655E-05 9.99655E-05 9.99655E-05 9.99655E-05
9.9965E-05 0.173158 9.9965E-05 9.9965E-05 0.17681 0.649633 9.9965E-05
0.0812825 0.141808 0.419064 9.99736E-05 9.99736E-05 9.99736E-05 0.357545
9.99739E-05 0.11618 9.99739E-05 0.657282 9.99739E-05 0.20731 0.0189276
0.180951 9.99653E-05 0.474165 0.344484 9.99653E-05 9.99653E-05 9.99653E-05
0.567435 9.99652E-05 0.11818 9.99652E-05 9.99652E-05 0.313985 9.99652E-05
9.99737E-05 9.99737E-05 0.274126 9.99737E-05 0.399903 0.0260263 0.299645
9.99824E-05 0.219871 0.34069 9.99824E-05 0.0355693 0.339204 0.0644661
0.509903 9.99648E-05 0.120576 9.99648E-05 0.369121 9.99648E-05 9.99648E-05
9.99647E-05 9.99647E-05 9.99647E-05 0.028102 9.99647E-05 0.581271 0.390227
9.99558E-05 9.99558E-05 9.99558E-05 0.403827 9.99558E-05 9.99558E-05 0.595674
