9.99737E-05 0.0316904 9.99737E-05 0.323199 0.259144 0.385667 9.99737E-05
0.285902 9.99651E-05 9.99651E-05 0.24251 9.99651E-05 0.471188 9.99651E-05
0.258968 0.00262531 9.99648E-05 9.99648E-05 9.99648E-05 9.99648E-05 0.738007
9.99738E-05 9.99738E-05 9.99738E-05 0.264459 0.550747 0.164397 0.0200975
0.0265356 9.99736E-05 9.99736E-05 0.135697 0.0620724 9.99736E-05 0.775395
9.99824E-05 9.99824E-05 0.0922513 0.182841 0.297897 0.268523 0.158288
9.99648E-05 9.99648E-05 9.99648E-05 9.99648E-05 0.0120171 0.417745 0.569838
9.99823E-05 0.212629 0.21543 0.15581 0.19391 0.222022 9.99823E-05
9.99824E-05 0.398118 0.0883418 0.0236735 0.216969 0.272697 9.99824E-05
0.404598 9.99736E-05 9.99736E-05 9.99736E-05 0.422724 0.142788 0.0295896
0.200385 0.077413 0.115927 9.99912E-05 0.253659 0.2306 0.121915
0.237901 9.99649E-05 0.133825 0.627875 9.99649E-05 9.99649E-05 9.99649E-05
0.11187 9.99651E-05 9.99651E-05 0.136923 0.750808 9.99651E-05 9.99651E-05
0.251682 9.99735E-05 9.99735E-05 9.99735E-05 0.182263 0.44496 0.120795
0.423473 9.99736E-05 0.291942 0.281185 9.99736E-05 0.00310059 9.99736E-05
9.99651E-05 9.99651E-05 0.130313 9.99651E-05 0.206856 0.662432 9.99651E-05
0.208671 0.532379 0.258551 9.99651E-05 9.99651E-05 9.99651E-05 9.99651E-05
0.592641 0.209027 9.99736E-05 0.0163655 0.181667 9.99736E-05 9.99736E-05
9.9956E-05 9.9956E-05 9.9956E-05 9.9956E-05 0.414451 0.585049 9.9956E-05
0.558017 9.99648E-05 0.212304 9.99648E-05 9.99648E-05 0.229279 9.99648E-05
0.121761 9.99734E-05 0.266087 9.99734E-05 0.225058 9.99734E-05 0.386794
9.99824E-05 0.13294 0.119987 0.106323 9.99824E-05 0.487249 0.153302
9.99649E-05 9.99649E-05 9.99649E-05 0.391076 9.99649E-05 0.137686 0.470838
0.087361 9.99825E-05 0.179101 0.188125 9.99825E-05 0.0885842 0.456629
9.99647E-05 9.99647E-05 9.99647E-05 9.99647E-05 0.664018 0.221681 0.113902
9.99739E-05 0.0891999 0.0046073 0.166189 9.99739E-05 0.739704 9.99739E-05
9.99647E-05 9.99647E-05 0.161915 0.679595 0.158091 9.99647E-05 9.99647E-05
0.7216 9.99562E-05 9.99562E-05 0.2779 9.99562E-05 9.99562E-05 9.99562E-05
9.99563E-05 0.236592 9.99563E-05 9.99563E-05 0.762908 9.99563E-05 9.99563E-05
9.99648E-05 9.99648E-05 0.222702 0.618835 9.99648E-05 9.99648E-05 0.158064
0.0212709 0.138064 0.0275152 9.99735E-05 0.81285 9.99735E-05 9.99735E-05
9.99646E-05 9.99646E-05 0.596205 0.222429 9.99646E-05 9.99646E-05 0.180966
9.99653E-05 0.24261 9.99653E-05 0.375675 0.381315 9.99653E-05 9.99653E-05
0.130911 9.99735E-05 0.154408 9.99735E-05 9.99735E-05 0.171189 0.543192
9.99654E-05 9.99654E-05 0.00958886 0.0561812 9.99654E-05 9.99654E-05 0.93383
9.99648E-05 9.99648E-05 0.285232 9.99648E-05 9.99648E-05 0.657867 0.0565008
0.57651 9.99735E-05 9.99735E-05 0.00476505 0.140546 9.99735E-05 0.277879
9.9965E-05 9.9965E-05 0.236802 0.4495 9.9965E-05 9.9965E-05 0.313299
9.99824E-05 0.586386 0.0382795 9.99824E-05 0.103732 0.231461 0.0399407
0.0626353 0.404322 0.290682 9.99825E-05 0.00535365 0.236807 9.99825E-05
9.99649E-05 0.152994 9.99649E-05 9.99649E-05 0.0304681 9.99649E-05 0.816138
9.99738E-05 0.32764 0.291631 9.99738E-05 9.99738E-05 0.274507 0.105922
9.99648E-05 9.99648E-05 0.898963 9.99648E-05 0.0669737 9.99648E-05 0.0336635
9.99649E-05 9.99649E-05 0.226689 0.42403 0.348881 9.99649E-05 9.99649E-05
9.99736E-05 9.99736E-05 0.379304 0.109484 9.99736E-05 0.419255 0.0916578
0.566945 0.0363849 9.99737E-05 0.206866 9.99737E-05 9.99737E-05 0.189504
9.99824E-05 0.0117626 0.672383 0.193782 9.99824E-05 0.0866002 0.0352725
9.9965E-05 0.531678 0.200927 9.9965E-05 9.9965E-05 9.9965E-05 0.266994
0.0695113 9.99739E-05 9.99739E-05 9.99739E-05 0.552148 0.0045622 0.373479
0.567431 9.99738E-05 0.0340008 9.99738E-05 0.225373 9.99738E-05 0.172895
9.99824E-05 0.164814 0.489109 0.214844 9.99824E-05 0.0737621 0.0572712
0.119559 0.597679 0.217048 9.99736E-05 0.0654133 9.99736E-05 9.99736E-05
9.99736E-05 0.269303 9.99736E-05 0.223975 0.350658 0.155764 9.99736E-05
9.99646E-05 0.114358 9.99646E-05 0.400634 0.484608 9.99646E-05 9.99646E-05
0.119862 9.99825E-05 0.205047 0.0177288 9.99825E-05 0.575293 0.0818701
0.434698 9.99563E-05 9.99563E-05 9.99563E-05 9.99563E-05 9.99563E-05 0.564802
9.99735E-05 0.0148271 9.99735E-05 0.483896 0.459353 9.99735E-05 0.0416243
0.0966042 0.143252 9.99825E-05 0.0458762 9.99825E-05 0.31858 0.395487
9.99647E-05 0.41962 9.99647E-05 0.491665 0.0883146 9.99647E-05 9.99647E-05
0.138734 9.99824E-05 0.575878 0.00410184 9.99824E-05 0.192015 0.0890707
9.99562E-05 0.42341 9.99562E-05 9.99562E-05 9.99562E-05 9.99562E-05 0.576091
0.379436 9.996E-05 9.996E-05 9.996E-05 0.277574 9.996E-05 0.34259
0.752053 9.99649E-05 0.197878 0.0496699 9.99649E-05 9.99649E-05 9.99649E-05
9.99649E-05 0.0698956 0.128896 9.99649E-05 9.99649E-05 0.800809 9.99649E-05
9.99563E-05 9.99563E-05 0.945865 9.99563E-05 9.99563E-05 0.0536353 9.99563E-05
9.99646E-05 9.99646E-05 0.307477 0.242394 9.99646E-05 9.99646E-05 0.44973
0.420802 9.99737E-05 9.99737E-05 0.45257 0.00175418 0.124574 9.99737E-05
0.198425 9.99735E-05 0.0728777 9.99735E-05 0.385697 0.3427 9.99735E-05
0.211716 9.99737E-05 9.99737E-05 0.333684 0.434198 9.99737E-05 0.0201027
9.99736E-05 0.393253 0.136684 0.1165 9.99736E-05 0.353263 9.99736E-05
9.99648E-05 9.99648E-05 0.36867 0.105936 0.524994 9.99648E-05 9.99648E-05
9.99824E-05 0.011087 0.0264607 0.038626 9.99824E-05 0.640427 0.283199
9.99738E-05 9.99738E-05 9.99738E-05 0.156068 0.280835 0.323241 0.239556
9.99651E-05 9.99651E-05 0.0562652 9.99651E-05 0.414954 0.528381 9.99651E-05
9.99648E-05 9.99648E-05 9.99648E-05 0.280127 0.442097 0.277376 9.99648E-05
9.99736E-05 9.99736E-05 0.655959 9.99736E-05 0.0691655 0.0324857 0.24209
0.259569 9.99736E-05 0.00118686 9.99736E-05 9.99736E-05 0.121992 0.616952
9.99823E-05 0.0325536 0.0277758 9.99823E-05 0.587595 0.172071 0.179805
0.089649 9.99825E-05 0.0547876 0.727011 0.0324764 9.99825E-05 0.0958759
0.190559 9.99734E-05 9.99734E-05 9.99734E-05 0.68228 0.0819454 0.0449161
9.99648E-05 0.424236 0.502926 0.0724383 9.99648E-05 9.99648E-05 9.99648E-05
9.9965E-05 9.9965E-05 0.0699746 9.9965E-05 0.329104 0.600522 9.9965E-05
0.86134 9.99648E-05 9.99648E-05 0.113945 0.0243143 9.99648E-05 9.99648E-05
0.0914665 0.322125 0.358478 9.99738E-05 9.99738E-05 9.99738E-05 0.22763
9.99737E-05 9.99737E-05 0.531967 0.156523 0.0708563 0.240353 9.99737E-05
9.9965E-05 9.9965E-05 9.9965E-05 0.79359 9.9965E-05 0.0257072 0.180303
9.9965E-05 0.0898169 0.330964 9.9965E-05 9.9965E-05 9.9965E-05 0.578819
9.99647E-05 0.191938 0.245707 9.99647E-05 0.561955 9.99647E-05 9.99647E-05
9.99567E-05 9.99567E-05 0.970817 9.99567E-05 0.0286827 9.99567E-05 9.99567E-05
9.99824E-05 0.180603 0.167695 9.99824E-05 0.116601 0.509862 0.0250384
9.99735E-05 0.00241386 0.376316 9.99735E-05 0.284013 9.99735E-05 0.336957
9.99566E-05 9.99566E-05 0.134635 9.99566E-05 0.864865 9.99566E-05 9.99566E-05
0.0662745 0.217705 9.99738E-05 0.153852 0.561868 9.99738E-05 9.99738E-05
0.477739 0.0183246 9.99649E-05 9.99649E-05 9.99649E-05 9.99649E-05 0.503537
0.024665 0.132011 9.99737E-05 0.397779 0.445245 9.99737E-05 9.99737E-05
9.99647E-05 9.99647E-05 9.99647E-05 0.16568 0.531696 0.302225 9.99647E-05
9.99824E-05 0.232505 0.15107 9.99824E-05 0.0354809 0.516595 0.0641479
9.99645E-05 0.367879 0.0774908 9.99645E-05 0.55423 9.99645E-05 9.99645E-05
9.99646E-05 0.84281 9.99646E-05 0.0925962 0.0641943 9.99646E-05 9.99646E-05
0.721809 9.99562E-05 9.99562E-05 9.99562E-05 9.99562E-05 0.277692 9.99562E-05
0.0315587 0.39678 9.99736E-05 0.144858 0.426503 9.99736E-05 9.99736E-05
9.99823E-05 0.0448123 0.485259 0.0225929 0.181237 9.99823E-05 0.265899
0.369629 9.99652E-05 0.0110365 9.99652E-05 9.99652E-05 0.618934 9.99652E-05
9.99648E-05 9.99648E-05 0.865383 0.0218061 9.99648E-05 9.99648E-05 0.112412
9.99564E-05 0.224159 9.99564E-05 9.99564E-05 9.99564E-05 9.99564E-05 0.775341
0.281397 9.99648E-05 0.240395 9.99648E-05 0.477809 9.99648E-05 9.99648E-05
9.99559E-05 9.99559E-05 0.22312 9.99559E-05 9.99559E-05 0.77638 9.99559E-05
0.239232 0.323044 9.99648E-05 9.99648E-05 9.99648E-05 9.99648E-05 0.437325
9.9965E-05 9.9965E-05 0.87867 9.9965E-05 9.9965E-05 0.107114 0.0138162
9.99652E-05 9.99652E-05 0.253771 9.99652E-05 0.6193 0.126529 9.99652E-05
0.0155812 0.461598 9.99737E-05 9.99737E-05 0.123363 9.99737E-05 0.399158
0.173872 9.99646E-05 0.265216 9.99646E-05 9.99646E-05 9.99646E-05 0.560513
9.99562E-05 9.99562E-05 0.97063 9.99562E-05 9.99562E-05 9.99562E-05 0.0288705
0.174741 9.99824E-05 9.99824E-05 0.178831 0.424004 0.196749 0.0254745
9.99827E-05 0.0686443 0.16642 0.5023 9.99827E-05 0.166136 0.0962987
9.99562E-05 9.99562E-05 9.99562E-05 9.99562E-05 0.167461 0.832039 9.99562E-05
9.99646E-05 9.99646E-05 9.99646E-05 9.99646E-05 0.65908 0.282645 0.0578749
9.99653E-05 0.596954 9.99653E-05 9.99653E-05 9.99653E-05 0.213885 0.188761
9.99564E-05 9.99564E-05 9.99564E-05 9.99564E-05 9.99564E-05 0.923419 0.076081
9.99649E-05 0.138879 0.738449 0.122272 9.99649E-05 9.99649E-05 9.99649E-05
0.135041 9.9965E-05 0.00926674 0.855292 9.9965E-05 9.9965E-05 9.9965E-05
9.99735E-05 0.0812724 0.248246 0.222598 9.99735E-05 0.447583 9.99735E-05
0.828835 9.99566E-05 9.99566E-05 0.170665 9.99566E-05 9.99566E-05 9.99566E-05
9.99567E-05 9.99567E-05 9.99567E-05 9.99567E-05 0.908959 0.0905417 9.99567E-05
9.9965E-05 0.0275853 9.9965E-05 9.9965E-05 0.800232 9.9965E-05 0.171783
0.569489 0.0891914 0.0424176 0.119832 0.17887 9.99824E-05 9.99824E-05
9.99648E-05 9.99648E-05 9.99648E-05 0.202417 0.338178 0.459005 9.99648E-05
0.925932 9.99561E-05 0.0735682 9.99561E-05 9.99561E-05 9.99561E-05 9.99561E-05
0.289272 9.99648E-05 9.99648E-05 0.218299 9.99648E-05 0.492029 9.99648E-05
0.38555 9.99646E-05 9.99646E-05 9.99646E-05 0.590566 9.99646E-05 0.023484
0.483599 9.99912E-05 0.179887 0.222362 0.0373408 0.0346333 0.0420777
9.99824E-05 0.0187149 0.188744 9.99824E-05 0.290695 0.153583 0.348063
0.0868054 9.99913E-05 0.151565 0.15676 0.113102 0.213397 0.278271
0.321254 0.109373 0.0350371 0.165827 9.99822E-05 0.368309 9.99822E-05
9.99647E-05 9.99647E-05 9.99647E-05 0.166741 0.698229 9.99647E-05 0.134631
0.0507905 0.280702 0.668108 9.99649E-05 9.99649E-05 9.99649E-05 9.99649E-05
0.353071 9.99648E-05 9.99648E-05 9.99648E-05 0.0022665 9.99648E-05 0.644263
0.117708 0.076678 0.0609093 0.0872505 9.99912E-05 0.308458 0.348896
0.178066 9.99737E-05 0.686005 0.0633414 0.0722874 9.99737E-05 9.99737E-05
9.99559E-05 9.99559E-05 0.0240564 9.99559E-05 9.99559E-05 9.99559E-05 0.975444
0.00850262 9.99649E-05 0.811389 9.99649E-05 9.99649E-05 0.179709 9.99649E-05
9.99824E-05 0.114512 0.128093 0.144546 9.99824E-05 0.32381 0.288838
0.169696 9.99825E-05 0.190516 9.99825E-05 0.0806921 0.436261 0.122635
9.997E-05 0.152768 0.500837 0.18539 9.997E-05 9.997E-05 0.160705
9.99825E-05 0.226466 0.308921 0.372104 0.0182191 9.99825E-05 0.0740902
9.99648E-05 0.14282 9.99648E-05 0.632659 9.99648E-05 9.99648E-05 0.224121
0.195028 9.99651E-05 9.99651E-05 0.629288 9.99651E-05 9.99651E-05 0.175284
9.99824E-05 0.0115232 0.404387 0.0769253 9.99824E-05 0.213805 0.29316
9.99736E-05 0.0321937 0.0212074 9.99736E-05 9.99736E-05 0.682323 0.263976
9.99648E-05 9.99648E-05 9.99648E-05 0.105115 0.314453 0.580032 9.99648E-05
0.278308 9.99647E-05 0.44228 9.99647E-05 9.99647E-05 0.279012 9.99647E-05
9.995E-05 9.995E-05 9.995E-05 9.995E-05 9.995E-05 9.995E-05 0.9994
0.172456 0.0125445 0.45611 9.99823E-05 9.99823E-05 0.0236399 0.33505
9.995E-05 9.995E-05 0.9994 9.995E-05 9.995E-05 9.995E-05 9.995E-05
0.158879 9.99736E-05 0.0725047 9.99736E-05 9.99736E-05 0.122902 0.645414
0.10407 0.00453823 9.99824E-05 0.0303648 0.342356 9.99824E-05 0.518471
0.321735 9.99647E-05 9.99647E-05 9.99647E-05 0.229906 0.44796 9.99647E-05
9.99737E-05 0.214272 9.99737E-05 0.285688 9.99737E-05 0.409699 0.0900405
9.99737E-05 0.0609563 0.166425 9.99737E-05 0.486418 9.99737E-05 0.2859
0.0729775 9.99825E-05 0.180241 0.188028 0.401873 0.15668 9.99825E-05
9.995E-05 9.995E-05 9.995E-05 0.9994 9.995E-05 9.995E-05 9.995E-05
9.99736E-05 9.99736E-05 0.332086 9.99736E-05 0.0328416 0.117188 0.517585
0.0094037 0.214489 0.468346 0.131789 0.175772 9.99823E-05 9.99823E-05
9.995E-05 9.995E-05 9.995E-05 9.995E-05 9.995E-05 0.9994 9.995E-05
9.99736E-05 9.99736E-05 0.0871 0.0247653 0.354616 0.533219 9.99736E-05
0.10675 9.99737E-05 0.00641758 9.99737E-05 9.99737E-05 0.138828 0.747705
9.99649E-05 0.162296 0.081713 9.99649E-05 0.755591 9.99649E-05 9.99649E-05
0.0148473 9.99736E-05 9.99736E-05 0.026161 0.663078 0.295613 9.99736E-05
0.152219 0.149454 0.334928 9.99823E-05 9.99823E-05 0.129912 0.233287
0.257547 0.361019 9.99737E-05 9.99737E-05 9.99737E-05 0.26895 0.112185
0.174972 9.99648E-05 0.125713 9.99648E-05 9.99648E-05 9.99648E-05 0.698915
9.99654E-05 0.487973 0.504382 9.99654E-05 0.00724481 9.99654E-05 9.99654E-05
0.0477937 9.99564E-05 9.99564E-05 9.99564E-05 9.99564E-05 9.99564E-05 0.951707
0.0609836 9.99651E-05 0.738201 9.99651E-05 9.99651E-05 0.200416 9.99651E-05
0.0516315 9.99735E-05 0.200904 9.99735E-05 9.99735E-05 0.436162 0.311003
9.9956E-05 9.9956E-05 0.506526 9.9956E-05 0.492974 9.9956E-05 9.9956E-05
9.99561E-05 9.99561E-05 9.99561E-05 9.99561E-05 9.99561E-05 0.0864706 0.91303
9.99649E-05 0.766693 9.99649E-05 0.223698 9.99649E-05 0.00920881 9.99649E-05
0.109807 9.99648E-05 9.99648E-05 9.99648E-05 0.327571 9.99648E-05 0.562222
9.99649E-05 9.99649E-05 9.99649E-05 0.0529491 0.472201 0.47445 9.99649E-05
9.99824E-05 0.51013 0.0823924 0.113385 0.111478 9.99824E-05 0.182415
0.272379 0.164175 9.997E-05 9.997E-05 9.997E-05 0.411461 0.151685
9.99736E-05 9.99736E-05 0.0597544 0.587828 9.99736E-05 0.0245246 0.327593
9.99561E-05 9.99561E-05 9.99561E-05 0.428545 0.570955 9.99561E-05 9.99561E-05
9.99648E-05 9.99648E-05 0.244401 0.666916 0.0882836 9.99648E-05 9.99648E-05
9.99649E-05 9.99649E-05 0.151414 0.441937 9.99649E-05 0.406249 9.99649E-05
9.99736E-05 0.472049 9.99736E-05 9.99736E-05 0.0831076 0.315435 0.129109
0.0121979 0.0969931 9.99736E-05 0.294893 9.99736E-05 0.595616 9.99736E-05
0.102765 9.99646E-05 9.99646E-05 0.40762 9.99646E-05 0.489215 9.99646E-05
0.0137935 9.99649E-05 9.99649E-05 9.99649E-05 0.81059 0.175217 9.99649E-05
0.364578 9.99739E-05 9.99739E-05 0.149169 0.183861 0.302092 9.99739E-05
0.231021 0.148302 9.99826E-05 0.272509 0.210286 0.137682 9.99826E-05
0.218414 9.99735E-05 0.140096 0.11713 9.99735E-05 0.52406 9.99735E-05
9.99558E-05 9.99558E-05 0.0989419 9.99558E-05 9.99558E-05 9.99558E-05 0.900558
9.99825E-05 0.105555 0.30368 9.99825E-05 0.0572959 0.322991 0.210278
0.0938567 0.0209569 0.39427 9.99738E-05 0.490617 9.99738E-05 9.99738E-05
9.99824E-05 0.247729 0.0303214 9.99824E-05 0.605431 0.106865 0.00945469
0.243501 0.359018 9.99824E-05 9.99824E-05 0.127337 0.0289723 0.240972
9.99651E-05 0.214809 9.99651E-05 9.99651E-05 0.602773 0.182019 9.99651E-05
0.0260106 9.99649E-05 0.964992 9.99649E-05 9.99649E-05 0.00859754 9.99649E-05
0.186958 9.99649E-05 0.481352 0.33129 9.99649E-05 9.99649E-05 9.99649E-05
0.018121 9.997E-05 0.0108996 9.997E-05 9.997E-05 0.609099 0.361581
9.99559E-05 0.282807 9.99559E-05 9.99559E-05 9.99559E-05 9.99559E-05 0.716694
9.99736E-05 9.99736E-05 9.99736E-05 0.0942021 0.390285 0.130451 0.384762
0.507693 0.0566142 0.0398404 0.395553 9.99738E-05 9.99738E-05 9.99738E-05
0.309445 9.99824E-05 0.174418 0.180357 9.99824E-05 0.170917 0.164663
9.99823E-05 0.020598 0.163494 0.149116 9.99823E-05 0.297192 0.3694
9.99734E-05 9.99734E-05 0.00243693 9.99734E-05 0.0779184 0.826631 0.0927139
0.192825 0.140338 9.99736E-05 9.99736E-05 0.485076 0.181461 9.99736E-05
9.99824E-05 0.0733029 9.99824E-05 0.253713 0.0745115 0.482236 0.116037
0.103804 0.255654 0.498243 0.141999 9.99737E-05 9.99737E-05 9.99737E-05
9.99562E-05 9.99562E-05 9.99562E-05 9.99562E-05 9.99562E-05 0.540569 0.458931
9.99737E-05 9.99737E-05 0.0503841 0.209873 9.99737E-05 0.434769 0.304674
0.0209899 0.0556889 0.631714 9.99737E-05 9.99737E-05 0.291307 9.99737E-05
0.150209 9.99735E-05 9.99735E-05 0.104681 0.0984875 0.646323 9.99735E-05
0.0503092 0.210773 9.99652E-05 9.99652E-05 0.738518 9.99652E-05 9.99652E-05
0.377874 0.440106 9.99646E-05 9.99646E-05 9.99646E-05 0.18162 9.99646E-05
9.99648E-05 9.99648E-05 0.727326 0.215254 0.0570204 9.99648E-05 9.99648E-05
9.99647E-05 9.99647E-05 0.339055 0.327127 9.99647E-05 9.99647E-05 0.333418
9.99647E-05 0.0957743 0.457236 0.44659 9.99647E-05 9.99647E-05 9.99647E-05
9.99649E-05 9.99649E-05 9.99649E-05 0.0312561 0.171967 0.796377 9.99649E-05
9.99736E-05 0.596965 0.0674955 9.99736E-05 9.99736E-05 0.319444 0.0157952
0.0913805 0.715016 9.99735E-05 0.0897612 9.99735E-05 9.99735E-05 0.103542
0.583075 9.99738E-05 0.0615855 0.128909 0.22613 9.99738E-05 9.99738E-05
9.9965E-05 9.9965E-05 9.9965E-05 0.0863977 0.114221 9.9965E-05 0.798982
9.99648E-05 0.646759 0.113821 9.99648E-05 0.23902 9.99648E-05 9.99648E-05
9.99739E-05 0.0472291 9.99739E-05 0.0633453 0.259369 0.629757 9.99739E-05
9.9956E-05 9.9956E-05 0.664723 9.9956E-05 0.334777 9.9956E-05 9.9956E-05
0.33097 9.99823E-05 0.0487597 0.0269481 0.222605 9.99823E-05 0.370517
9.99737E-05 9.99737E-05 0.468065 0.099179 0.415886 0.0165705 9.99737E-05
0.305603 9.99736E-05 0.0341163 0.245019 0.414962 9.99736E-05 9.99736E-05
9.9956E-05 9.9956E-05 9.9956E-05 9.9956E-05 0.316258 9.9956E-05 0.683242
0.433966 0.102288 0.216537 9.99736E-05 9.99736E-05 9.99736E-05 0.24691
0.290238 0.606175 0.0446779 9.99735E-05 0.0586097 9.99735E-05 9.99735E-05
9.99824E-05 0.061646 0.378296 9.99824E-05 0.264259 0.0678346 0.227765
0.362055 0.0345198 9.99648E-05 9.99648E-05 9.99648E-05 0.603026 9.99648E-05
9.99652E-05 0.25317 9.99652E-05 0.0975709 9.99652E-05 0.648859 9.99652E-05
0.242996 0.0209382 9.99735E-05 9.99735E-05 9.99735E-05 0.322026 0.41374
9.99738E-05 0.168385 0.207919 9.99738E-05 0.603001 9.99738E-05 0.0203957
9.99559E-05 9.99559E-05 9.99559E-05 0.0629206 0.93658 9.99559E-05 9.99559E-05
0.164952 0.461355 0.153562 9.99823E-05 0.114281 0.10565 9.99823E-05
0.128282 9.99912E-05 0.154479 0.0538808 0.0392848 0.121703 0.50227
9.99651E-05 9.99651E-05 9.99651E-05 9.99651E-05 0.483157 0.294292 0.222151
9.99649E-05 9.99649E-05 0.614573 9.99649E-05 9.99649E-05 0.112467 0.272561
0.57679 0.42271 9.99562E-05 9.99562E-05 9.99562E-05 9.99562E-05 9.99562E-05
0.327736 0.274354 9.99647E-05 9.99647E-05 0.397511 9.99647E-05 9.99647E-05
9.99735E-05 0.27969 9.99735E-05 0.300724 9.99735E-05 0.09743 0.321856
0.8156 9.99647E-05 0.0606918 9.99647E-05 9.99647E-05 0.123308 9.99647E-05
9.99649E-05 0.175736 0.384561 0.439303 9.99649E-05 9.99649E-05 9.99649E-05
0.0159199 0.552703 9.99736E-05 9.99736E-05 0.0563244 9.99736E-05 0.374753
0.154187 9.99824E-05 0.0319316 0.298938 0.310192 9.99824E-05 0.204552
9.99647E-05 9.99647E-05 9.99647E-05 0.0694721 0.181992 9.99647E-05 0.748136
9.99559E-05 9.99559E-05 9.99559E-05 0.714099 9.99559E-05 9.99559E-05 0.285401
0.0205326 0.493798 0.139815 0.17004 9.99825E-05 0.175615 9.99825E-05
0.142934 0.0346274 0.689367 9.99824E-05 0.0530068 0.0798648 9.99824E-05
0.0846302 0.91487 9.99566E-05 9.99566E-05 9.99566E-05 9.99566E-05 9.99566E-05
9.99735E-05 0.256018 0.429096 9.99735E-05 0.283457 9.99735E-05 0.0311286
9.99737E-05 0.350151 0.0224488 9.99737E-05 9.99737E-05 0.56192 0.0651801
9.99647E-05 0.0685173 9.99647E-05 0.138493 9.99647E-05 9.99647E-05 0.79259
0.139468 9.99563E-05 9.99563E-05 9.99563E-05 9.99563E-05 0.860032 9.99563E-05
9.99825E-05 9.99825E-05 0.00308224 0.305943 0.28058 0.347168 0.0630265
