0.244797 0.740304 0.0148988
0.0258094 0.964987 0.00920377
0.487031 0.512869 9.9991E-05
0.156035 0.828081 0.0158838
0.832252 9.999E-05 0.167648
9.999E-05 0.488483 0.511417
0.879521 0.085366 0.0351127
0.0333014 0.966599 9.9991E-05
9.9991E-05 0.0841514 0.915749
0.933237 9.9991E-05 0.066663
0.9998 9.999E-05 9.999E-05
9.999E-05 0.9998 9.999E-05
0.709299 9.9991E-05 0.290601
0.811827 0.188073 9.9991E-05
0.709547 9.9991E-05 0.290353
0.220857 9.9991E-05 0.779043
0.0639045 0.935995 9.9991E-05
0.402807 9.9991E-05 0.597093
9.9991E-05 0.520948 0.478952
0.112065 9.9991E-05 0.887835
0.06599 9.9991E-05 0.93391
9.9991E-05 0.181244 0.818656
0.262022 9.9991E-05 0.737878
0.316972 0.564868 0.118161
0.776869 0.223031 9.9991E-05
0.583118 9.9991E-05 0.416782
0.18999 0.80991 9.9991E-05
0.204411 0.244067 0.551522
9.999E-05 0.9998 9.999E-05
9.9991E-05 0.699287 0.300613
0.898331 0.101569 9.9991E-05
0.940189 0.0597105 9.9991E-05
0.9998 9.999E-05 9.999E-05
9.9991E-05 0.361951 0.637949
0.0190961 0.980804 9.9991E-05
0.0788935 9.9991E-05 0.921007
9.9991E-05 0.277826 0.722074
9.9991E-05 0.411036 0.588864
0.724131 0.154075 0.121794
9.9991E-05 0.518225 0.481675
9.9991E-05 0.722399 0.277501
9.999E-05 0.9998 9.999E-05
0.190852 9.9991E-05 0.809048
0.814032 0.185868 9.9991E-05
0.57134 9.9991E-05 0.42856
0.0149238 0.984976 9.9991E-05
9.999E-05 9.999E-05 0.9998
9.9991E-05 0.162645 0.837255
0.526532 9.9991E-05 0.473368
0.101484 9.9991E-05 0.898416
