0.00247039 0.318135 0.679394
9.999E-05 0.031101 0.968799
9.999E-05 0.533851 0.466049
9.999E-05 0.167457 0.832443
0.21953 0.78037 9.9991E-05
0.408094 9.9991E-05 0.591806
0.0846556 0.871283 0.0440613
9.999E-05 0.0980397 0.90186
0.785662 9.9991E-05 0.214238
0.127625 0.872275 9.9991E-05
9.999E-05 0.9998 9.999E-05
9.9991E-05 0.00475632 0.995144
0.42674 0.57316 9.9991E-05
9.9991E-05 0.841244 0.158657
0.421038 0.578862 9.9991E-05
0.896791 0.103109 9.9991E-05
9.9991E-05 0.104877 0.895023
0.66234 0.310741 0.0269193
0.287993 9.9991E-05 0.711907
0.9998 9.999E-05 9.999E-05
0.850519 0.0486828 0.100798
0.62718 9.9991E-05 0.37272
0.903487 0.0964129 9.9991E-05
0.132274 0.305049 0.562677
9.9991E-05 0.848265 0.151635
0.548545 0.451355 9.9991E-05
9.9991E-05 0.289866 0.710034
0.474561 0.150217 0.375223
9.99911E-05 0.0633502 0.93655
0.226936 9.9991E-05 0.772964
9.999E-05 0.9998 9.999E-05
9.999E-05 0.9998 9.999E-05
0.0290515 0.970849 9.9991E-05
0.369296 9.9991E-05 0.630604
9.9991E-05 0.0564806 0.943419
0.9998 9.999E-05 9.999E-05
0.542988 9.9991E-05 0.456912
0.443401 9.9991E-05 0.556499
0.0599953 0.778022 0.161982
0.282108 9.9991E-05 0.717792
0.0755154 9.9991E-05 0.924385
9.999E-05 9.999E-05 0.9998
0.9998 9.999E-05 9.999E-05
9.9991E-05 0.876801 0.123099
0.5771 0.4228 9.9991E-05
9.9991E-05 0.045999 0.953901
0.979435 9.9991E-05 0.0204647
0.669176 9.9991E-05 0.330724
0.6229 0.377 9.9991E-05
0.889771 0.0220008 0.0882285
