0.669137 9.9991E-05 0.244105 0.0866584
0.950922 9.9982E-05 9.9982E-05 0.0488785
0.440966 9.9982E-05 0.558834 9.9982E-05
0.641289 0.164097 0.194514 9.9991E-05
9.9982E-05 9.9982E-05 0.469864 0.529937
0.0361198 0.867153 0.096627 9.9991E-05
9.999E-05 0.112597 0.7969 0.0904033
0.97334 9.99821E-05 0.0264602 9.99821E-05
9.99821E-05 0.964075 9.99821E-05 0.035725
9.9982E-05 9.9982E-05 0.647744 0.352056
9.99821E-05 9.99821E-05 0.887005 0.112795
0.954988 0.0271324 9.9991E-05 0.0177791
0.0183929 0.137453 0.350062 0.494092
0.168951 0.0179595 0.81299 9.9991E-05
9.9982E-05 9.9982E-05 0.25751 0.74229
9.9991E-05 0.414346 0.0364503 0.549104
0.979089 9.9982E-05 0.0207114 9.9982E-05
9.9991E-05 0.411244 0.23241 0.356247
0.0834766 0.916323 9.9982E-05 9.9982E-05
0.00245497 0.353728 9.9991E-05 0.643717
9.9982E-05 0.368569 9.9982E-05 0.631231
0.118591 0.639412 9.9991E-05 0.241897
9.9982E-05 0.230725 9.9982E-05 0.769075
0.448369 0.189384 0.291491 0.0707564
0.0708324 0.0219302 0.907137 9.9991E-05
9.9982E-05 9.9982E-05 0.0514609 0.948339
0.7153 9.99821E-05 0.2845 9.99821E-05
0.0492952 0.541754 0.247131 0.161819
0.956031 9.99821E-05 9.99821E-05 0.0437695
0.415308 0.584492 9.99821E-05 9.99821E-05
9.998E-05 9.998E-05 0.9997 9.998E-05
9.998E-05 9.998E-05 0.9997 9.998E-05
9.9982E-05 9.9982E-05 0.839712 0.160088
0.0495443 0.896148 0.0542082 9.9991E-05
0.973137 0.0240603 0.00270244 9.9991E-05
9.9982E-05 0.482724 9.9982E-05 0.517077
9.998E-05 0.9997 9.998E-05 9.998E-05
0.103041 0.824777 0.0720818 9.9991E-05
0.0184105 0.0980924 0.80287 0.0806275
0.184027 0.815773 9.99821E-05 9.99821E-05
0.361349 0.638451 9.9982E-05 9.9982E-05
0.970777 0.0290235 9.9982E-05 9.9982E-05
0.030977 0.0986664 9.9991E-05 0.870257
0.0225302 0.00628977 0.97108 9.9991E-05
9.9982E-05 9.9982E-05 0.100293 0.899507
0.9997 9.998E-05 9.998E-05 9.998E-05
9.9982E-05 0.615717 9.9982E-05 0.384083
9.99821E-05 0.933185 9.99821E-05 0.0666153
0.169097 9.9982E-05 9.9982E-05 0.830703
9.9982E-05 0.52203 9.9982E-05 0.47777
