0.686042 0.0865302 0.227328 9.9991E-05
0.9997 9.998E-05 9.998E-05 9.998E-05
0.482101 9.9982E-05 0.517699 9.9982E-05
0.637133 9.9991E-05 0.127228 0.235539
9.9982E-05 0.437636 0.562164 9.9982E-05
0.0260997 9.9991E-05 0.0726073 0.901193
9.999E-05 0.0154281 0.842105 0.142367
0.985615 9.99821E-05 0.0141854 9.99821E-05
9.9982E-05 0.283459 9.9982E-05 0.716341
9.9982E-05 0.329936 0.669864 9.9982E-05
9.998E-05 9.998E-05 0.9997 9.998E-05
0.909192 9.9982E-05 9.9982E-05 0.090608
9.999E-05 0.522261 0.411414 0.0662246
0.116674 9.9991E-05 0.850583 0.0326426
9.9982E-05 0.59996 0.39984 9.9982E-05
0.0796007 0.821215 0.0004707 0.0987134
0.892278 9.9982E-05 9.9982E-05 0.107522
9.9991E-05 0.416381 0.24886 0.334659
0.0203072 9.9982E-05 9.9982E-05 0.979493
9.99821E-05 0.929977 9.99821E-05 0.0698229
0.0195709 0.735353 9.9991E-05 0.244976
0.132839 0.320471 9.9991E-05 0.54659
0.0397479 0.899475 0.0101578 0.050619
0.474282 0.130243 0.214402 0.181074
0.045515 9.9991E-05 0.870916 0.0834691
9.9982E-05 0.854355 0.145445 9.9982E-05
0.725778 9.99821E-05 0.274022 9.99821E-05
9.9991E-05 0.0447755 0.304447 0.650677
0.9997 9.998E-05 9.998E-05 9.998E-05
0.401743 0.0147575 9.9991E-05 0.5834
9.998E-05 9.998E-05 0.9997 9.998E-05
9.998E-05 9.998E-05 0.9997 9.998E-05
9.9982E-05 0.101803 0.897997 9.9982E-05
9.9982E-05 9.9982E-05 0.067751 0.932049
0.807747 9.9991E-05 0.0598559 0.132297
9.9982E-05 0.67905 9.9982E-05 0.32075
9.9982E-05 0.120579 9.9982E-05 0.879221
9.9982E-05 9.9982E-05 0.0602106 0.939589
9.9991E-05 0.0357334 0.8006 0.163566
0.0575965 9.9991E-05 0.0281045 0.914199
0.240962 9.9982E-05 9.9982E-05 0.758838
0.844846 9.9982E-05 9.9982E-05 0.154954
9.998E-05 0.9997 9.998E-05 9.998E-05
0.0919838 9.9982E-05 0.907816 9.9982E-05
9.9982E-05 0.747973 0.251827 9.9982E-05
0.993432 0.00636757 9.9982E-05 9.9982E-05
9.9982E-05 0.614142 9.9982E-05 0.385658
9.99821E-05 0.106605 9.99821E-05 0.893195
0.138907 0.751894 0.109099 9.9991E-05
9.99821E-05 0.587247 9.99821E-05 0.412553
