9.99731E-05 0.686073 9.99731E-05 0.0768905 0.236737 9.99731E-05
9.9973E-05 0.929497 0.0515857 0.0186172 9.9973E-05 9.9973E-05
9.9973E-05 0.391191 9.9973E-05 0.0404454 0.568064 9.9973E-05
9.99641E-05 9.99641E-05 0.938149 9.99641E-05 9.99641E-05 0.0614516
0.950291 9.9964E-05 0.0493094 9.9964E-05 9.9964E-05 9.9964E-05
9.9973E-05 0.0114595 9.9973E-05 9.9973E-05 0.13407 0.854171
0.471045 9.9982E-05 0.143608 9.9982E-05 0.361845 0.0233023
9.99641E-05 0.906575 9.99641E-05 9.99641E-05 0.093025 9.99641E-05
9.996E-05 9.996E-05 9.996E-05 0.416956 9.996E-05 0.582644
0.9995 9.996E-05 9.996E-05 9.996E-05 9.996E-05 9.996E-05
0.850256 9.99641E-05 9.99641E-05 9.99641E-05 0.149344 9.99641E-05
9.997E-05 0.863653 0.0397956 9.997E-05 9.997E-05 0.096252
0.429201 9.9991E-05 0.0266587 0.315822 0.163095 0.065123
0.157569 9.99731E-05 0.286099 9.99731E-05 0.556033 9.99731E-05
0.812969 9.99641E-05 9.99641E-05 0.186631 9.99641E-05 9.99641E-05
9.99641E-05 9.99641E-05 9.99641E-05 0.912816 0.0867839 9.99641E-05
0.000803214 0.647735 0.346596 9.9982E-05 9.9982E-05 0.00466677
0.420629 9.9982E-05 9.9982E-05 0.264967 0.0203161 0.293888
9.9964E-05 0.00573011 9.9964E-05 9.9964E-05 9.9964E-05 0.99387
9.99641E-05 9.99641E-05 0.0592621 0.940338 9.99641E-05 9.99641E-05
0.0621128 9.9982E-05 0.080998 0.681001 9.9982E-05 0.175689
9.99731E-05 0.189113 9.99731E-05 0.45358 9.99731E-05 0.357008
0.0951303 9.9973E-05 9.9973E-05 0.838586 0.0659841 9.9973E-05
0.0550004 9.9973E-05 0.803033 0.141666 9.9973E-05 9.9973E-05
9.9973E-05 9.9973E-05 0.0757971 9.9973E-05 0.880283 0.04362
0.524554 9.9964E-05 9.9964E-05 0.475046 9.9964E-05 9.9964E-05
9.996E-05 9.996E-05 0.9995 9.996E-05 9.996E-05 9.996E-05
0.319283 9.99731E-05 0.0765128 9.99731E-05 9.99731E-05 0.603904
9.996E-05 0.9995 9.996E-05 9.996E-05 9.996E-05 9.996E-05
0.0107518 0.230626 0.104586 9.99821E-05 9.99821E-05 0.653837
9.996E-05 9.996E-05 9.996E-05 9.996E-05 0.9995 9.996E-05
0.0222929 9.99641E-05 9.99641E-05 9.99641E-05 0.977307 9.99641E-05
0.787569 9.9964E-05 9.9964E-05 9.9964E-05 0.212031 9.9964E-05
9.99641E-05 9.99641E-05 9.99641E-05 9.99641E-05 0.0753408 0.924259
9.9973E-05 0.101024 0.885833 9.9973E-05 9.9973E-05 0.0128431
9.9982E-05 0.00911193 9.9982E-05 0.897939 0.0541399 0.0386095
9.99641E-05 9.99641E-05 9.99641E-05 0.124819 9.99641E-05 0.874781
0.0466483 9.9982E-05 0.00298003 9.9982E-05 0.0205615 0.92961
0.497319 0.106633 9.99821E-05 9.99821E-05 0.28931 0.106538
9.99641E-05 9.99641E-05 0.242051 9.99641E-05 9.99641E-05 0.757549
9.9964E-05 0.157621 9.9964E-05 9.9964E-05 9.9964E-05 0.841979
9.9964E-05 0.888677 9.9964E-05 9.9964E-05 9.9964E-05 0.110923
9.996E-05 9.996E-05 9.996E-05 0.9995 9.996E-05 9.996E-05
9.9964E-05 0.0146798 9.9964E-05 9.9964E-05 0.98492 9.9964E-05
0.678821 9.99641E-05 9.99641E-05 0.320779 9.99641E-05 9.99641E-05
9.99641E-05 0.967591 9.99641E-05 0.0320087 9.99641E-05 9.99641E-05
9.9964E-05 9.9964E-05 9.9964E-05 0.692955 9.9964E-05 0.306645
9.99641E-05 9.99641E-05 9.99641E-05 0.206982 9.99641E-05 0.792618
0.394561 9.99731E-05 0.159314 0.445825 9.99731E-05 9.99731E-05
0.00147863 9.99821E-05 9.99821E-05 0.735734 0.00355463 0.259033
