9.99731E-05 0.611483 0.251585 0.136632 9.99731E-05 9.99731E-05
9.9964E-05 0.932086 9.9964E-05 0.0675144 9.9964E-05 9.9964E-05
0.0337395 0.448616 0.493198 0.00552885 0.0188174 9.9991E-05
9.997E-05 0.291722 0.184999 9.997E-05 9.997E-05 0.522979
0.766109 9.9973E-05 0.15364 9.9973E-05 0.0799515 9.9973E-05
9.9982E-05 9.9982E-05 0.076736 0.0686964 0.00297691 0.851391
9.9982E-05 9.9982E-05 0.385526 0.0505535 0.539163 0.0245576
9.99641E-05 0.939219 9.99641E-05 9.99641E-05 0.0603809 9.99641E-05
9.99641E-05 9.99641E-05 9.99641E-05 0.600578 9.99641E-05 0.399023
0.157458 9.9964E-05 9.9964E-05 9.9964E-05 0.842142 9.9964E-05
9.996E-05 9.996E-05 9.996E-05 9.996E-05 0.9995 9.996E-05
9.9973E-05 0.932748 9.9973E-05 0.00369907 9.9973E-05 0.0632532
0.300379 9.9991E-05 0.253543 0.195431 0.249659 0.000888369
9.99731E-05 0.00128707 0.945811 0.0526015 9.99731E-05 9.99731E-05
0.777372 9.9964E-05 9.9964E-05 9.9964E-05 0.222228 9.9964E-05
9.99641E-05 9.99641E-05 0.145662 0.853938 9.99641E-05 9.99641E-05
9.9982E-05 0.702981 0.0511346 9.9982E-05 0.00326469 0.24242
9.9973E-05 9.9973E-05 9.9973E-05 0.497142 0.397631 0.104927
9.996E-05 9.996E-05 9.996E-05 9.996E-05 9.996E-05 0.9995
0.34289 9.99641E-05 9.99641E-05 0.65671 9.99641E-05 9.99641E-05
0.170645 0.0256958 9.9982E-05 0.752516 9.9982E-05 0.0509429
9.9982E-05 0.0860486 9.9982E-05 0.527572 0.0447722 0.341408
0.177236 9.9982E-05 0.0717608 0.698045 0.0527588 9.9982E-05
0.0825917 0.337563 0.180898 0.0521515 0.0811314 0.265664
9.9973E-05 9.9973E-05 0.878462 0.0339702 9.9973E-05 0.087268
0.959784 9.9964E-05 0.0398162 9.9964E-05 9.9964E-05 9.9964E-05
9.99731E-05 0.507916 0.357401 9.99731E-05 9.99731E-05 0.134383
0.262655 9.9991E-05 0.0911093 0.0720955 0.0139924 0.560048
9.996E-05 0.9995 9.996E-05 9.996E-05 9.996E-05 9.996E-05
9.99821E-05 0.244718 9.99821E-05 0.0281034 0.0204056 0.706573
9.99641E-05 9.99641E-05 0.836845 9.99641E-05 0.162755 9.99641E-05
9.996E-05 9.996E-05 0.9995 9.996E-05 9.996E-05 9.996E-05
0.0521978 9.9973E-05 0.171019 9.9973E-05 0.776483 9.9973E-05
9.997E-05 9.997E-05 0.0958585 0.0858772 9.997E-05 0.817964
9.99731E-05 0.676994 0.0762799 9.99731E-05 9.99731E-05 0.246426
9.9973E-05 0.00555619 0.0167861 0.977358 9.9973E-05 9.9973E-05
9.99641E-05 9.99641E-05 9.99641E-05 0.256354 9.99641E-05 0.743246
0.0377195 9.9982E-05 9.9982E-05 0.0209391 0.0213204 0.919821
9.99641E-05 0.147939 9.99641E-05 9.99641E-05 0.851661 9.99641E-05
0.0433352 9.99641E-05 9.99641E-05 9.99641E-05 9.99641E-05 0.956265
9.9964E-05 0.172063 9.9964E-05 9.9964E-05 9.9964E-05 0.827537
9.99641E-05 0.813494 9.99641E-05 9.99641E-05 9.99641E-05 0.186106
0.459992 9.99641E-05 9.99641E-05 0.539609 9.99641E-05 9.99641E-05
9.996E-05 9.996E-05 0.9995 9.996E-05 9.996E-05 9.996E-05
0.9995 9.996E-05 9.996E-05 9.996E-05 9.996E-05 9.996E-05
9.99731E-05 0.961794 9.99731E-05 0.0241257 0.0137808 9.99731E-05
9.996E-05 9.996E-05 9.996E-05 0.9995 9.996E-05 9.996E-05
9.99641E-05 9.99641E-05 9.99641E-05 0.33187 9.99641E-05 0.66773
0.817516 0.0748872 9.99731E-05 0.107297 9.99731E-05 9.99731E-05
9.99731E-05 9.99731E-05 9.99731E-05 0.75029 0.040604 0.208806
