0.150839 0.0938336 9.9991E-05 0.755227
9.9982E-05 0.0515895 9.9982E-05 0.94821
0.509093 0.0689922 9.9991E-05 0.421815
0.145675 9.9991E-05 0.104267 0.749958
0.552171 0.447629 9.9982E-05 9.9982E-05
0.0638062 9.9991E-05 0.884032 0.0520614
0.83103 0.103873 0.064997 9.9991E-05
0.0575453 0.0143782 9.9991E-05 0.927977
9.9982E-05 0.207324 0.792476 9.9982E-05
0.704082 0.295718 9.9982E-05 9.9982E-05
0.946177 0.0536231 9.99821E-05 9.99821E-05
9.9982E-05 9.9982E-05 0.0526892 0.947111
0.464577 0.427922 0.107401 9.9991E-05
0.894456 9.9991E-05 0.0175408 0.087903
0.37122 0.62858 9.9982E-05 9.9982E-05
0.0179184 0.814533 0.167448 9.9991E-05
0.000776801 9.9991E-05 0.078014 0.921109
0.290604 0.36331 0.345986 9.9991E-05
9.9982E-05 9.9982E-05 0.943128 0.0566721
9.9991E-05 0.882609 0.100681 0.0166102
9.9982E-05 0.744689 0.255111 9.9982E-05
9.9991E-05 0.35583 0.505961 0.13811
0.0421469 0.835538 0.0241284 0.0981871
0.267779 0.128572 0.135511 0.468138
0.848601 9.9991E-05 0.0944914 0.0568081
0.22622 0.77358 9.9982E-05 9.9982E-05
0.27534 9.9991E-05 0.0570625 0.667497
0.243512 0.112425 0.643963 9.9991E-05
9.99821E-05 0.0425225 9.99821E-05 0.957278
9.99821E-05 9.99821E-05 0.649669 0.350131
0.989508 9.9982E-05 9.9982E-05 0.010292
0.9997 9.998E-05 9.998E-05 9.998E-05
0.878066 0.121734 9.9982E-05 9.9982E-05
0.0776687 9.9982E-05 0.922131 9.9982E-05
0.101614 9.9991E-05 0.135671 0.762616
9.9982E-05 0.747324 0.252476 9.9982E-05
9.9982E-05 0.135678 0.864123 9.9982E-05
0.0565744 9.9991E-05 0.941654 0.00167176
0.7806 0.0590443 0.0855233 0.074832
0.0107415 9.9991E-05 0.879798 0.109361
9.9982E-05 9.9982E-05 0.736126 0.263674
9.9982E-05 9.9982E-05 0.0803772 0.919423
9.9982E-05 0.99347 9.9982E-05 0.0063303
0.919103 9.9982E-05 9.9982E-05 0.0806971
0.1927 0.807101 9.9982E-05 9.9982E-05
9.998E-05 9.998E-05 9.998E-05 0.9997
9.9982E-05 0.613766 0.386034 9.9982E-05
9.9982E-05 0.0908106 0.908989 9.9982E-05
0.118765 0.810223 9.9991E-05 0.0709123
9.9982E-05 0.54813 0.45167 9.9982E-05
