0.744838 0.11502 0.140042 9.9991E-05
0.958455 9.9982E-05 0.0413447 9.9982E-05
0.473014 0.526786 9.9982E-05 9.9982E-05
0.612677 0.15265 9.9991E-05 0.234573
9.9982E-05 0.587197 0.412603 9.9982E-05
0.0878872 0.0358979 9.9991E-05 0.876115
9.9982E-05 0.856862 9.9982E-05 0.142938
0.961431 0.0383686 9.99821E-05 9.99821E-05
9.99821E-05 9.99821E-05 0.216618 0.783182
9.9982E-05 0.720474 0.279326 9.9982E-05
9.99821E-05 0.939461 0.060339 9.99821E-05
0.817527 9.9982E-05 9.9982E-05 0.182273
9.999E-05 0.496997 0.420426 0.0824771
0.158098 0.841702 9.99821E-05 9.99821E-05
9.9982E-05 0.337508 0.662292 9.9982E-05
0.00304003 0.00176106 0.833135 0.162064
0.841765 9.9982E-05 9.9982E-05 0.158035
9.9991E-05 0.229137 0.487632 0.28313
0.0594612 9.9982E-05 9.9982E-05 0.940339
9.99821E-05 9.99821E-05 0.887855 0.111945
9.9982E-05 9.9982E-05 0.801126 0.198674
0.0828065 9.9991E-05 0.282812 0.634282
9.9991E-05 0.0158436 0.895994 0.0880625
0.461085 0.251014 0.0967087 0.191193
0.0323208 0.847906 9.9991E-05 0.119673
9.9982E-05 0.268252 0.731549 9.9982E-05
0.72919 0.245069 9.9991E-05 0.0256406
9.9991E-05 0.252386 0.136564 0.61095
0.948074 9.99821E-05 0.0517257 9.99821E-05
0.382389 9.99821E-05 9.99821E-05 0.617411
0.0366904 0.96311 9.9982E-05 9.9982E-05
9.998E-05 0.9997 9.998E-05 9.998E-05
9.9982E-05 0.874192 0.125608 9.9982E-05
9.9982E-05 0.0722612 9.9982E-05 0.927539
0.774221 0.0659467 9.9991E-05 0.159733
9.9982E-05 9.9982E-05 0.714646 0.285154
9.9982E-05 9.9982E-05 0.0915591 0.908241
9.9991E-05 0.106161 0.00964507 0.884094
0.165314 0.705591 0.0989881 0.0301068
0.106747 9.99821E-05 9.99821E-05 0.893053
0.202688 9.9982E-05 9.9982E-05 0.797112
0.837318 9.9982E-05 9.9982E-05 0.162482
0.0138741 9.9982E-05 0.985926 9.9982E-05
0.0864195 0.913381 9.9982E-05 9.9982E-05
9.9982E-05 0.236221 0.763579 9.9982E-05
0.9997 9.998E-05 9.998E-05 9.998E-05
9.9982E-05 9.9982E-05 0.55435 0.445451
9.99821E-05 9.99821E-05 0.072413 0.927387
0.1025 0.0880383 0.809362 9.9991E-05
9.9982E-05 9.9982E-05 0.603948 0.395852
