9.99739E-05 0.689276 0.034485 9.99739E-05 0.0271967 0.124681 9.99739E-05 0.124061
0.565224 9.99649E-05 9.99649E-05 0.218654 9.99649E-05 0.0775902 0.138132 9.99649E-05
0.196303 0.428155 9.99646E-05 0.250602 9.99646E-05 0.124539 9.99646E-05 9.99646E-05
9.99478E-05 9.99478E-05 9.99478E-05 9.99478E-05 9.99478E-05 9.99478E-05 0.934303 0.065097
9.99561E-05 0.77873 0.0410764 9.99561E-05 0.179694 9.99561E-05 9.99561E-05 9.99561E-05
0.813161 9.99473E-05 9.99473E-05 9.99473E-05 9.99473E-05 0.186239 9.99473E-05 9.99473E-05
0.326489 0.267882 0.041339 9.99738E-05 9.99738E-05 0.146664 9.99738E-05 0.217327
9.99735E-05 0.0527144 0.0547833 9.99735E-05 0.261855 0.577521 9.99735E-05 0.0528269
9.99561E-05 9.99561E-05 9.99561E-05 0.432984 0.520721 9.99561E-05 9.99561E-05 0.0457949
9.99646E-05 9.99646E-05 0.171727 0.50271 9.99646E-05 0.214481 0.110682 9.99646E-05
0.255221 9.99562E-05 0.370847 0.373432 9.99562E-05 9.99562E-05 9.99562E-05 9.99562E-05
0.497965 9.99561E-05 0.098219 9.99561E-05 9.99561E-05 0.403316 9.99561E-05 9.99561E-05
9.9965E-05 9.9965E-05 0.643428 0.0716243 0.158218 9.9965E-05 9.9965E-05 0.12633
9.99559E-05 9.99559E-05 9.99559E-05 9.99559E-05 0.263064 0.561791 9.99559E-05 0.174645
9.9965E-05 9.9965E-05 9.9965E-05 0.444052 9.9965E-05 0.347635 0.0579447 0.149969
0.272108 0.636347 9.99649E-05 9.99649E-05 9.99649E-05 9.99649E-05 0.0584878 0.0326579
9.99562E-05 0.236528 9.99562E-05 9.99562E-05 9.99562E-05 0.504898 0.258074 9.99562E-05
9.99647E-05 9.99647E-05 0.0971503 0.0389568 9.99647E-05 9.99647E-05 0.773953 0.0895404
9.99648E-05 9.99648E-05 0.370582 0.247229 9.99648E-05 0.229405 0.152385 9.99648E-05
0.233627 0.636182 0.129691 9.9956E-05 9.9956E-05 9.9956E-05 9.9956E-05 9.9956E-05
9.99735E-05 9.99735E-05 0.0640659 0.16273 9.99735E-05 0.495707 0.126739 0.150458
0.864762 9.99558E-05 0.132053 9.99558E-05 0.0026849 9.99558E-05 9.99558E-05 9.99558E-05
0.14081 9.99651E-05 0.0109378 9.99651E-05 9.99651E-05 0.420177 9.99651E-05 0.427675
0.130034 9.99738E-05 9.99738E-05 0.729704 0.0679887 9.99738E-05 0.0199395 0.0520343
0.453007 0.0490292 9.99648E-05 9.99648E-05 9.99648E-05 0.30635 0.191213 9.99648E-05
0.0679239 9.99648E-05 0.357903 0.398505 9.99648E-05 9.99648E-05 9.99648E-05 0.175268
0.632812 0.128832 9.99737E-05 9.99737E-05 0.154311 0.0298186 9.99737E-05 0.0539263
9.99563E-05 0.31901 0.434067 0.246423 9.99563E-05 9.99563E-05 9.99563E-05 9.99563E-05
9.99473E-05 0.27229 9.99473E-05 9.99473E-05 9.99473E-05 0.72711 9.99473E-05 9.99473E-05
9.99736E-05 0.253881 0.411241 0.143337 0.155334 9.99736E-05 9.99736E-05 0.035908
9.99649E-05 0.17719 9.99649E-05 0.0533551 9.99649E-05 0.76063 0.00842482 9.99649E-05
0.117384 0.224102 0.041404 0.0249409 0.306775 9.99912E-05 0.0108257 0.274468
0.363194 9.99737E-05 9.99737E-05 0.348571 9.99737E-05 0.131429 0.0665214 0.089984
0.102948 0.72412 9.99646E-05 9.99646E-05 0.0621402 9.99646E-05 0.110392 9.99646E-05
9.9956E-05 9.9956E-05 0.307512 0.347716 9.9956E-05 0.344272 9.9956E-05 9.9956E-05
0.140141 0.150019 9.99562E-05 9.99562E-05 9.99562E-05 0.70934 9.99562E-05 9.99562E-05
9.99559E-05 0.101243 9.99559E-05 9.99559E-05 9.99559E-05 9.99559E-05 0.225541 0.672716
0.00414116 0.029909 0.309777 0.346164 0.281977 9.99824E-05 9.99824E-05 0.0278315
9.99647E-05 9.99647E-05 9.99647E-05 0.478489 0.0262754 9.99647E-05 0.463973 0.0308629
9.99647E-05 9.99647E-05 0.359471 0.330479 9.99647E-05 9.99647E-05 0.266355 0.0432945
0.258827 0.176409 9.99736E-05 0.238267 0.0231919 9.99736E-05 0.303006 9.99736E-05
9.99648E-05 9.99648E-05 0.3308 0.233967 0.356628 9.99648E-05 9.99648E-05 0.0782055
9.9948E-05 9.9948E-05 9.9948E-05 9.9948E-05 9.9948E-05 0.806826 0.192574 9.9948E-05
0.169727 0.366239 9.99565E-05 0.463534 9.99565E-05 9.99565E-05 9.99565E-05 9.99565E-05
0.48517 9.99648E-05 0.0826455 9.99648E-05 9.99648E-05 0.227419 9.99648E-05 0.204366
9.99738E-05 0.571794 9.99738E-05 0.214032 0.0325216 0.141174 0.0401785 9.99738E-05
9.99651E-05 0.224866 9.99651E-05 0.546335 0.0588211 0.169578 9.99651E-05 9.99651E-05
0.6133 0.0945231 0.269907 9.99651E-05 9.99651E-05 0.0218703 9.99651E-05 9.99651E-05
9.99473E-05 9.99473E-05 0.0898504 0.90955 9.99473E-05 9.99473E-05 9.99473E-05 9.99473E-05
0.0825527 9.99735E-05 0.197345 0.0626218 9.99735E-05 0.397976 0.259205 9.99735E-05
9.99473E-05 9.99473E-05 9.99473E-05 9.99473E-05 0.328065 9.99473E-05 0.671335 9.99473E-05
9.99735E-05 9.99735E-05 0.0220127 0.145672 0.0715673 9.99735E-05 0.672 0.0884481
9.99736E-05 9.99736E-05 0.138448 0.156152 0.41162 9.99736E-05 0.104385 0.189095
0.50487 0.265504 9.99561E-05 9.99561E-05 9.99561E-05 9.99561E-05 0.229126 9.99561E-05
9.994E-05 9.994E-05 9.994E-05 9.994E-05 9.994E-05 0.9993 9.994E-05 9.994E-05
0.0936552 0.0780316 0.437135 9.99737E-05 9.99737E-05 0.102632 0.288247 9.99737E-05
0.172939 0.326109 9.99647E-05 0.102072 9.99647E-05 0.39848 9.99647E-05 9.99647E-05
9.99563E-05 0.0479549 9.99563E-05 0.558432 9.99563E-05 0.393113 9.99563E-05 9.99563E-05
9.99648E-05 9.99648E-05 0.121151 0.757017 0.0629409 9.99648E-05 9.99648E-05 0.0584909
0.363162 0.0344354 0.52817 0.0738334 9.99647E-05 9.99647E-05 9.99647E-05 9.99647E-05
9.99737E-05 9.99737E-05 0.137433 9.99737E-05 0.153208 0.29387 0.175405 0.239785
9.99559E-05 9.99559E-05 9.99559E-05 9.99559E-05 9.99559E-05 0.548439 0.160088 0.290974
0.444017 0.133237 0.245204 9.99648E-05 9.99648E-05 9.99648E-05 9.99648E-05 0.177142
9.99739E-05 0.59447 0.122241 0.182578 0.020494 0.0799171 9.99739E-05 9.99739E-05
0.741295 0.0609846 0.197221 9.99561E-05 9.99561E-05 9.99561E-05 9.99561E-05 9.99561E-05
9.994E-05 9.994E-05 0.9993 9.994E-05 9.994E-05 9.994E-05 9.994E-05 9.994E-05
0.635479 9.99562E-05 0.102453 9.99562E-05 9.99562E-05 9.99562E-05 0.261568 9.99562E-05
0.375602 0.61247 9.9956E-05 9.9956E-05 9.9956E-05 9.9956E-05 0.0114284 9.9956E-05
0.249667 0.392156 0.254533 0.103244 9.9965E-05 9.9965E-05 9.9965E-05 9.9965E-05
9.99649E-05 0.703291 0.0347294 0.11205 0.14953 9.99649E-05 9.99649E-05 9.99649E-05
9.99737E-05 0.522681 0.151797 0.21142 9.99737E-05 0.00148144 9.99737E-05 0.11232
9.99739E-05 0.00824373 0.542795 0.307566 9.99739E-05 0.0493195 9.99739E-05 0.0917758
9.99648E-05 9.99648E-05 9.99648E-05 0.255711 0.407148 0.273261 9.99648E-05 0.0634807
9.99473E-05 9.99473E-05 9.99473E-05 9.99473E-05 0.529085 9.99473E-05 0.470315 9.99473E-05
9.99478E-05 0.195981 9.99478E-05 0.803419 9.99478E-05 9.99478E-05 9.99478E-05 9.99478E-05
0.157113 0.0645624 9.99558E-05 9.99558E-05 9.99558E-05 9.99558E-05 9.99558E-05 0.777824
0.65546 9.99561E-05 9.99561E-05 0.223444 0.120597 9.99561E-05 9.99561E-05 9.99561E-05
9.994E-05 0.9993 9.994E-05 9.994E-05 9.994E-05 9.994E-05 9.994E-05 9.994E-05
9.99562E-05 0.775794 0.150168 9.99562E-05 0.0735377 9.99562E-05 9.99562E-05 9.99562E-05
9.994E-05 0.9993 9.994E-05 9.994E-05 9.994E-05 9.994E-05 9.994E-05 9.994E-05
9.99653E-05 0.00649298 0.281015 9.99653E-05 0.592374 9.99653E-05 0.119718 9.99653E-05
9.99561E-05 9.99561E-05 0.223792 9.99561E-05 0.409437 9.99561E-05 9.99561E-05 0.366271
9.9956E-05 0.853238 9.9956E-05 0.0452043 0.101058 9.9956E-05 9.9956E-05 9.9956E-05
9.99648E-05 0.467974 0.0178687 0.00222014 9.99648E-05 9.99648E-05 0.511537 9.99648E-05
9.99736E-05 0.29157 0.288436 0.0212352 9.99736E-05 9.99736E-05 0.155648 0.242812
9.99737E-05 0.227162 0.0105871 9.99737E-05 0.287438 0.229688 0.244824 9.99737E-05
9.99561E-05 9.99561E-05 9.99561E-05 9.99561E-05 0.214116 9.99561E-05 0.357525 0.42786
0.00735043 0.16783 9.99912E-05 0.454482 0.117708 0.0893439 0.121556 0.0416303
9.99567E-05 9.99567E-05 9.99567E-05 0.590229 9.99567E-05 0.0400372 9.99567E-05 0.369234
9.99736E-05 0.657137 0.0153702 0.0282631 9.99736E-05 0.182071 9.99736E-05 0.116859
0.305612 0.370848 9.9965E-05 0.0205493 9.9965E-05 9.9965E-05 9.9965E-05 0.302591
0.170368 0.774995 9.99564E-05 9.99564E-05 9.99564E-05 9.99564E-05 0.0541376 9.99564E-05
0.0163066 9.99559E-05 9.99559E-05 9.99559E-05 9.99559E-05 0.797301 9.99559E-05 0.185893
9.99649E-05 0.0780741 9.99649E-05 9.99649E-05 0.261595 0.397561 0.26237 9.99649E-05
9.99647E-05 9.99647E-05 0.278439 0.313588 9.99647E-05 0.0222755 0.385298 9.99647E-05
9.99647E-05 9.99647E-05 0.0617988 0.0572057 9.99647E-05 0.790364 0.0902312 9.99647E-05
0.36677 9.99647E-05 0.170376 0.264471 9.99647E-05 0.197984 9.99647E-05 9.99647E-05
0.379091 0.273896 0.237062 9.99734E-05 9.99734E-05 0.0761617 0.0334891 9.99734E-05
9.99647E-05 9.99647E-05 0.542177 0.106983 9.99647E-05 0.0930749 0.257366 9.99647E-05
9.99563E-05 0.413061 9.99563E-05 9.99563E-05 9.99563E-05 9.99563E-05 0.196432 0.390008
0.148404 0.248194 9.99736E-05 0.0538788 9.99736E-05 0.174794 0.37443 9.99736E-05
9.99824E-05 0.0594344 0.322844 0.0305374 0.0899102 0.211919 0.285155 9.99824E-05
0.0500172 0.193503 0.127634 0.262206 9.9974E-05 9.9974E-05 9.9974E-05 0.36634
9.99651E-05 9.99651E-05 9.99651E-05 0.336919 9.99651E-05 0.28782 0.14438 0.230481
9.9956E-05 0.118667 0.864717 9.9956E-05 9.9956E-05 9.9956E-05 9.9956E-05 0.0161163
9.99648E-05 0.681186 0.231806 0.00932246 9.99648E-05 9.99648E-05 0.0772856 9.99648E-05
0.501045 9.99647E-05 9.99647E-05 0.149153 9.99647E-05 0.151637 0.197765 9.99647E-05
9.99736E-05 0.0517989 0.0821248 0.620906 9.99736E-05 0.131441 0.11343 9.99736E-05
9.99736E-05 0.113277 9.99736E-05 0.554028 0.157852 9.99736E-05 0.114142 0.060401
0.119402 0.791819 0.0120474 9.99736E-05 0.0225101 0.0539214 9.99736E-05 9.99736E-05
9.99649E-05 0.176237 0.513996 9.99649E-05 9.99649E-05 9.99649E-05 0.240591 0.0687755
9.9956E-05 0.177882 9.9956E-05 9.9956E-05 0.438281 9.9956E-05 0.383338 9.9956E-05
9.99474E-05 9.99474E-05 9.99474E-05 0.964844 9.99474E-05 9.99474E-05 9.99474E-05 0.0345564
0.182931 0.582145 9.99736E-05 0.00656145 9.99736E-05 0.130076 9.99736E-05 0.0979871
9.994E-05 9.994E-05 9.994E-05 9.994E-05 9.994E-05 9.994E-05 0.9993 9.994E-05
9.9947E-05 9.9947E-05 9.9947E-05 9.9947E-05 0.58537 9.9947E-05 0.41403 9.9947E-05
9.99653E-05 0.415659 0.141188 0.094482 9.99653E-05 0.34827 9.99653E-05 9.99653E-05
9.99563E-05 0.362301 0.427053 9.99563E-05 9.99563E-05 9.99563E-05 9.99563E-05 0.210146
0.371823 9.99736E-05 0.127094 0.226016 9.99736E-05 0.189628 9.99736E-05 0.0851398
0.21221 9.99651E-05 9.99651E-05 0.587101 0.110696 9.99651E-05 0.0895928 9.99651E-05
9.99562E-05 0.298139 9.99562E-05 9.99562E-05 9.99562E-05 0.306741 9.99562E-05 0.39462
9.99648E-05 9.99648E-05 9.99648E-05 0.432558 0.0270445 9.99648E-05 0.116192 0.423806
9.99563E-05 0.303795 9.99563E-05 0.0714398 0.624265 9.99563E-05 9.99563E-05 9.99563E-05
0.0915949 9.99561E-05 9.99561E-05 9.99561E-05 0.255502 9.99561E-05 0.652403 9.99561E-05
9.99562E-05 0.0994472 0.179591 9.99562E-05 9.99562E-05 0.720462 9.99562E-05 9.99562E-05
9.99562E-05 9.99562E-05 0.239727 9.99562E-05 0.716174 0.0435997 9.99562E-05 9.99562E-05
9.99651E-05 9.99651E-05 9.99651E-05 0.653522 0.107779 9.99651E-05 0.0035646 0.234734
9.9956E-05 0.474764 0.522278 0.00245827 9.9956E-05 9.9956E-05 9.9956E-05 9.9956E-05
9.99558E-05 0.337566 9.99558E-05 9.99558E-05 9.99558E-05 0.058223 0.603712 9.99558E-05
9.99473E-05 9.99473E-05 0.19149 9.99473E-05 0.80791 9.99473E-05 9.99473E-05 9.99473E-05
9.99646E-05 0.828713 9.99646E-05 9.99646E-05 0.0565545 0.0355499 9.99646E-05 0.0787826
9.99562E-05 9.99562E-05 0.0770532 0.572511 9.99562E-05 0.349936 9.99562E-05 9.99562E-05
0.0399108 9.99561E-05 0.935193 0.0243966 9.99561E-05 9.99561E-05 9.99561E-05 9.99561E-05
0.413078 0.373143 0.087586 9.99649E-05 9.99649E-05 0.125793 9.99649E-05 9.99649E-05
0.379876 0.0656363 0.207788 9.99737E-05 9.99737E-05 0.164291 0.182109 9.99737E-05
9.99646E-05 0.333861 0.0899221 9.99646E-05 9.99646E-05 9.99646E-05 0.239031 0.336787
0.273839 0.171743 0.377287 9.99736E-05 0.114303 0.0625272 9.99736E-05 9.99736E-05
9.99559E-05 0.18791 9.99559E-05 9.99559E-05 0.217837 9.99559E-05 9.99559E-05 0.593754
9.99735E-05 0.0329916 0.199727 9.99735E-05 0.0311448 0.413455 9.99735E-05 0.322382
0.414271 9.99471E-05 9.99471E-05 9.99471E-05 0.585129 9.99471E-05 9.99471E-05 9.99471E-05
0.249158 0.292303 0.315254 9.99649E-05 0.142885 9.99649E-05 9.99649E-05 9.99649E-05
0.508101 0.0372658 0.315432 0.0610268 0.0501812 0.0277936 9.99825E-05 9.99825E-05
0.0365914 0.194273 9.99737E-05 0.245666 0.0412293 0.481941 9.99737E-05 9.99737E-05
0.663906 9.99649E-05 9.99649E-05 9.99649E-05 0.115528 9.99649E-05 0.21049 0.00967557
0.9993 9.994E-05 9.994E-05 9.994E-05 9.994E-05 9.994E-05 9.994E-05 9.994E-05
9.99567E-05 9.99567E-05 0.591597 9.99567E-05 9.99567E-05 9.99567E-05 0.262621 0.145283
9.99646E-05 0.100964 9.99646E-05 0.604462 9.99646E-05 0.0958207 0.198353 9.99646E-05
9.99651E-05 0.184681 9.99651E-05 9.99651E-05 0.332039 0.205635 9.99651E-05 0.277245
0.889642 9.99562E-05 9.99562E-05 9.99562E-05 0.00827657 9.99562E-05 9.99562E-05 0.101582
0.0985111 0.00842197 9.99735E-05 0.200016 9.99735E-05 0.347614 9.99735E-05 0.345136
0.000323515 0.157585 9.99736E-05 0.0486852 0.264676 0.52843 9.99736E-05 9.99736E-05
0.809646 9.99566E-05 0.0336009 9.99566E-05 9.99566E-05 9.99566E-05 0.156254 9.99566E-05
0.249957 9.99649E-05 9.99649E-05 0.446964 9.99649E-05 9.99649E-05 0.138333 0.164346
9.99651E-05 9.99651E-05 0.472606 0.275903 0.0532967 9.99651E-05 9.99651E-05 0.197794
9.99647E-05 0.152829 0.108419 0.0797486 9.99647E-05 0.658604 9.99647E-05 9.99647E-05
9.99649E-05 0.384709 9.99649E-05 0.193448 9.99649E-05 0.119571 9.99649E-05 0.301871
0.162989 0.307692 0.0151131 0.286764 0.0807827 9.99823E-05 9.99823E-05 0.14646
9.9956E-05 0.815922 0.129391 9.9956E-05 9.9956E-05 0.054187 9.9956E-05 9.9956E-05
9.99562E-05 9.99562E-05 9.99562E-05 9.99562E-05 0.13734 0.571915 9.99562E-05 0.290245
0.174057 9.99647E-05 9.99647E-05 0.0121992 0.0499106 9.99647E-05 0.763434 9.99647E-05
0.219025 9.996E-05 9.996E-05 0.397177 0.283046 0.100352 9.996E-05 9.996E-05
9.99649E-05 9.99649E-05 0.0990968 9.99649E-05 9.99649E-05 0.0176888 0.680399 0.202416
0.916951 9.99475E-05 9.99475E-05 9.99475E-05 0.0824493 9.99475E-05 9.99475E-05 9.99475E-05
9.99648E-05 9.99648E-05 0.244198 9.99648E-05 0.271013 0.270505 9.99648E-05 0.213884
9.99471E-05 9.99471E-05 9.99471E-05 0.52222 9.99471E-05 9.99471E-05 9.99471E-05 0.47718
9.99473E-05 9.99473E-05 9.99473E-05 9.99473E-05 0.391524 0.607876 9.99473E-05 9.99473E-05
0.0523336 0.563637 9.99562E-05 9.99562E-05 9.99562E-05 9.99562E-05 0.38353 9.99562E-05
9.99475E-05 0.786905 9.99475E-05 9.99475E-05 0.212495 9.99475E-05 9.99475E-05 9.99475E-05
9.99651E-05 9.99651E-05 9.99651E-05 0.155971 0.563302 0.123747 0.156581 9.99651E-05
9.99561E-05 9.99561E-05 0.333001 9.99561E-05 0.25843 0.408068 9.99561E-05 9.99561E-05
0.262239 9.99648E-05 9.99648E-05 0.441779 9.99648E-05 0.184549 9.99648E-05 0.111034
0.510596 9.99651E-05 0.24217 9.99651E-05 0.129843 9.99651E-05 9.99651E-05 0.116992
0.0634376 0.48225 9.99562E-05 9.99562E-05 9.99562E-05 9.99562E-05 9.99562E-05 0.453813
9.99561E-05 0.312146 0.311236 0.376118 9.99561E-05 9.99561E-05 9.99561E-05 9.99561E-05
9.99562E-05 0.270364 9.99562E-05 0.614591 9.99562E-05 9.99562E-05 0.114545 9.99562E-05
0.356842 0.636298 9.99558E-05 9.99558E-05 9.99558E-05 0.00635967 9.99558E-05 9.99558E-05
0.0808177 0.324183 9.99735E-05 0.220297 0.349746 9.99735E-05 9.99735E-05 0.0246566
0.436486 9.99561E-05 9.99561E-05 9.99561E-05 9.99561E-05 0.190002 9.99561E-05 0.373013
9.99647E-05 0.33991 9.99647E-05 9.99647E-05 0.132422 0.246382 9.99647E-05 0.280886
0.218659 0.157179 0.109878 0.0297303 0.0244964 0.214519 0.245438 9.99912E-05
9.99647E-05 0.0136589 0.323353 0.648358 0.0142312 9.99647E-05 9.99647E-05 9.99647E-05
0.109176 0.438709 9.9965E-05 0.375543 0.0761721 9.9965E-05 9.9965E-05 9.9965E-05
0.0961189 0.903281 9.9947E-05 9.9947E-05 9.9947E-05 9.9947E-05 9.9947E-05 9.9947E-05
0.0829817 0.200807 9.99825E-05 0.432413 0.0211377 0.109549 9.99825E-05 0.152911
0.733329 0.143326 9.99738E-05 0.0261804 0.0164864 9.99738E-05 9.99738E-05 0.0803784
9.99648E-05 0.206911 9.99648E-05 0.166827 9.99648E-05 9.99648E-05 0.0555086 0.570354
9.99476E-05 9.99476E-05 0.107761 9.99476E-05 9.99476E-05 0.891639 9.99476E-05 9.99476E-05
0.493999 0.0141809 0.120315 9.99737E-05 0.0237265 9.99737E-05 0.347479 9.99737E-05
9.994E-05 9.994E-05 9.994E-05 9.994E-05 9.994E-05 0.9993 9.994E-05 9.994E-05
0.134382 9.99737E-05 0.292001 9.99737E-05 0.257436 0.197229 0.118653 9.99737E-05
0.202863 0.645673 0.0530072 9.99647E-05 9.99647E-05 9.99647E-05 0.0980567 9.99647E-05
0.097933 9.99912E-05 0.041282 0.0976061 0.237812 0.365773 0.116722 0.0427717
0.403463 9.99649E-05 0.0221089 9.99649E-05 0.0834907 0.490537 9.99649E-05 9.99649E-05
0.287917 0.500773 0.166044 9.99647E-05 9.99647E-05 9.99647E-05 9.99647E-05 0.0448659
0.505918 0.103441 0.147143 9.9965E-05 9.9965E-05 9.9965E-05 0.243098 9.9965E-05
9.99738E-05 0.0754275 0.111499 0.388078 9.99738E-05 9.99738E-05 0.341453 0.0832433
9.9956E-05 0.16806 9.9956E-05 9.9956E-05 9.9956E-05 0.475808 9.9956E-05 0.355632
9.9956E-05 0.584588 9.9956E-05 0.134417 9.9956E-05 9.9956E-05 0.280495 9.9956E-05
9.99647E-05 9.99647E-05 0.199467 0.406522 0.191198 9.99647E-05 9.99647E-05 0.202414
0.277615 0.0368881 9.99736E-05 9.99736E-05 0.319634 0.336051 9.99736E-05 0.0295122
9.99647E-05 0.459546 0.0164956 9.99647E-05 9.99647E-05 0.250071 0.273487 9.99647E-05
9.9956E-05 0.682237 9.9956E-05 9.9956E-05 0.207259 0.110004 9.9956E-05 9.9956E-05
9.99735E-05 0.188503 9.99735E-05 0.146828 0.0652661 0.494347 9.99735E-05 0.104756
9.99474E-05 0.852699 9.99474E-05 9.99474E-05 9.99474E-05 9.99474E-05 0.146701 9.99474E-05
0.754846 9.99559E-05 9.99559E-05 0.0923452 9.99559E-05 0.152309 9.99559E-05 9.99559E-05
0.72577 0.0285251 9.99648E-05 0.224152 0.0211528 9.99648E-05 9.99648E-05 9.99648E-05
9.99646E-05 0.236912 0.243514 0.484904 9.99646E-05 9.99646E-05 9.99646E-05 0.0342702
9.99649E-05 0.42774 0.307612 0.132194 0.132055 9.99649E-05 9.99649E-05 9.99649E-05
9.99648E-05 0.170029 0.259043 9.99648E-05 9.99648E-05 0.542497 9.99648E-05 0.0280306
0.218513 9.99735E-05 0.350848 0.286222 9.99735E-05 0.0430538 0.101064 9.99735E-05
0.336076 9.99648E-05 9.99648E-05 9.99648E-05 9.99648E-05 0.364003 0.148984 0.150536
0.210244 0.358927 0.3872 9.99647E-05 9.99647E-05 9.99647E-05 9.99647E-05 0.043229
0.0781309 0.111306 9.99737E-05 0.208107 0.3551 0.247056 9.99737E-05 9.99737E-05
9.99558E-05 0.264612 9.99558E-05 0.465084 0.269804 9.99558E-05 9.99558E-05 9.99558E-05
9.99648E-05 9.99648E-05 0.339934 0.331572 0.251745 9.99648E-05 9.99648E-05 0.0763498
9.99473E-05 9.99473E-05 9.99473E-05 9.99473E-05 9.99473E-05 0.362034 0.637367 9.99473E-05
0.52036 9.9956E-05 9.9956E-05 9.9956E-05 0.45328 9.9956E-05 9.9956E-05 0.0258597
0.469872 9.99737E-05 0.179179 0.279 9.99737E-05 9.99737E-05 0.0256812 0.0459682
9.99559E-05 0.108536 0.879843 0.0111218 9.99559E-05 9.99559E-05 9.99559E-05 9.99559E-05
9.9956E-05 0.117605 0.780925 9.9956E-05 9.9956E-05 0.10097 9.9956E-05 9.9956E-05
9.99562E-05 9.99562E-05 0.558206 9.99562E-05 0.175122 0.266172 9.99562E-05 9.99562E-05
0.107501 9.99649E-05 0.398299 0.472025 9.99649E-05 9.99649E-05 0.0217755 9.99649E-05
9.99475E-05 9.99475E-05 0.294677 9.99475E-05 9.99475E-05 9.99475E-05 0.704723 9.99475E-05
0.697774 0.104772 0.196954 9.99561E-05 9.99561E-05 9.99561E-05 9.99561E-05 9.99561E-05
9.9956E-05 0.789663 9.9956E-05 9.9956E-05 9.9956E-05 9.9956E-05 0.174849 0.0349884
9.99563E-05 9.99563E-05 0.479598 9.99563E-05 9.99563E-05 9.99563E-05 0.393315 0.126587
0.518074 9.99655E-05 0.0423143 9.99655E-05 9.99655E-05 9.99655E-05 0.1141 0.325112
0.191047 0.381358 9.99824E-05 0.152016 0.174131 0.0553019 0.0459465 9.99824E-05
9.99564E-05 9.99564E-05 9.99564E-05 9.99564E-05 0.123057 0.431134 9.99564E-05 0.445309
9.99648E-05 0.350761 9.99648E-05 0.367355 9.99648E-05 0.102062 0.179423 9.99648E-05
9.9965E-05 0.280936 0.0390503 9.9965E-05 9.9965E-05 0.580634 0.0989792 9.9965E-05
0.177696 0.488315 9.99647E-05 0.3278 9.99647E-05 9.99647E-05 9.99647E-05 0.00578892
9.99563E-05 0.418433 9.99563E-05 0.437657 9.99563E-05 9.99563E-05 9.99563E-05 0.14341
0.0401368 9.9965E-05 0.380876 9.9965E-05 0.116976 9.9965E-05 0.461612 9.9965E-05
9.99561E-05 0.0798336 9.99561E-05 0.676284 0.243383 9.99561E-05 9.99561E-05 9.99561E-05
0.198615 0.700968 9.9956E-05 9.9956E-05 0.0999171 9.9956E-05 9.9956E-05 9.9956E-05
0.817168 9.99559E-05 9.99559E-05 0.124623 9.99559E-05 9.99559E-05 9.99559E-05 0.0577097
0.0986728 0.143951 0.339022 9.99735E-05 9.99735E-05 0.287584 0.130471 9.99735E-05
0.690386 0.309014 9.99471E-05 9.99471E-05 9.99471E-05 9.99471E-05 9.99471E-05 9.99471E-05
0.206308 0.550929 9.99563E-05 9.99563E-05 9.99563E-05 9.99563E-05 9.99563E-05 0.242263
9.99736E-05 0.374667 9.99736E-05 0.274469 0.0901451 9.99736E-05 0.0914726 0.168946
9.99565E-05 0.432155 9.99565E-05 9.99565E-05 9.99565E-05 0.357288 9.99565E-05 0.210057
9.9965E-05 0.124683 9.9965E-05 9.9965E-05 0.275206 0.521974 0.0777369 9.9965E-05
0.213225 0.574542 0.128626 9.99735E-05 9.99735E-05 0.0746546 9.99735E-05 0.00865217
9.99648E-05 0.0153719 9.99648E-05 0.187292 9.99648E-05 0.208409 0.588527 9.99648E-05
0.178596 0.149645 0.285685 0.140197 9.99824E-05 0.0474363 9.99824E-05 0.198241
0.208835 9.9965E-05 0.66118 0.0788852 9.9965E-05 9.9965E-05 0.0506998 9.9965E-05
0.747745 9.99651E-05 0.0551543 0.183945 9.99651E-05 9.99651E-05 0.012756 9.99651E-05
9.99647E-05 0.271054 9.99647E-05 9.99647E-05 0.538887 0.0980396 9.99647E-05 0.0916199
9.99647E-05 9.99647E-05 0.264872 0.494532 9.99647E-05 0.0660079 0.174188 9.99647E-05
0.141221 0.0715302 0.308179 9.99735E-05 0.0927991 9.99735E-05 9.99735E-05 0.38597
0.344273 9.99648E-05 0.343529 9.99648E-05 0.232026 9.99648E-05 9.99648E-05 0.0797718
9.99736E-05 9.99736E-05 0.340241 0.116911 9.99736E-05 0.00229221 0.192081 0.348175
9.99737E-05 9.99737E-05 0.0926647 0.535016 0.162525 9.99737E-05 0.183154 0.0263403
9.99559E-05 9.99559E-05 0.209135 0.611083 9.99559E-05 0.179282 9.99559E-05 9.99559E-05
0.829282 9.9956E-05 9.9956E-05 0.0424513 9.9956E-05 0.127767 9.9956E-05 9.9956E-05
0.0764643 0.31773 0.263693 9.99912E-05 0.124719 0.184352 0.0104295 0.0225111
9.99561E-05 9.99561E-05 0.261959 0.105381 0.632161 9.99561E-05 9.99561E-05 9.99561E-05
9.99648E-05 0.685164 0.120029 9.99648E-05 9.99648E-05 0.165397 9.99648E-05 0.0290104
9.9956E-05 0.406937 9.9956E-05 9.9956E-05 9.9956E-05 9.9956E-05 0.43317 0.159393
0.114257 9.99737E-05 0.133296 9.99737E-05 0.264908 9.99737E-05 0.200322 0.286917
