9.99647E-05 0.730865 9.99647E-05 0.0736309 0.119078 9.99647E-05 0.0760259 9.99647E-05
9.99738E-05 0.0425379 9.99738E-05 0.15595 0.0827253 9.99738E-05 0.496758 0.221729
0.0253701 9.99563E-05 9.99563E-05 9.99563E-05 0.713871 9.99563E-05 0.260259 9.99563E-05
9.99474E-05 9.99474E-05 9.99474E-05 9.99474E-05 9.99474E-05 0.979962 9.99474E-05 0.0194387
0.543285 9.99648E-05 9.99648E-05 0.00196937 0.0836508 9.99648E-05 9.99648E-05 0.370695
9.99646E-05 9.99646E-05 0.161081 0.366368 0.345689 9.99646E-05 9.99646E-05 0.126462
0.171604 9.9965E-05 9.9965E-05 9.9965E-05 0.595669 9.9965E-05 0.155049 0.0772786
9.99648E-05 0.193607 9.99648E-05 0.400666 0.343333 9.99648E-05 0.0619946 9.99648E-05
9.99824E-05 0.0878856 0.0110904 0.0233399 9.99824E-05 0.426853 0.30281 0.147821
0.393668 9.99649E-05 0.498512 9.99649E-05 9.99649E-05 0.0170901 9.99649E-05 0.0903299
9.99561E-05 9.99561E-05 0.189665 0.695074 9.99561E-05 9.99561E-05 9.99561E-05 0.114761
0.518384 0.111169 9.99559E-05 9.99559E-05 9.99559E-05 9.99559E-05 9.99559E-05 0.369947
9.99562E-05 9.99562E-05 0.172375 9.99562E-05 0.241676 0.585449 9.99562E-05 9.99562E-05
9.99559E-05 9.99559E-05 0.604105 9.99559E-05 9.99559E-05 0.222756 9.99559E-05 0.17264
9.99471E-05 0.350957 9.99471E-05 9.99471E-05 9.99471E-05 9.99471E-05 0.648444 9.99471E-05
0.519789 0.303684 9.99735E-05 0.0285268 0.086322 0.0613791 9.99735E-05 9.99735E-05
0.0957175 9.99647E-05 0.00705214 9.99647E-05 0.482945 9.99647E-05 0.413886 9.99647E-05
0.0972539 0.101317 0.219091 0.209896 0.270651 9.99825E-05 9.99825E-05 0.101592
9.9965E-05 0.447697 0.202724 0.0648853 0.284294 9.9965E-05 9.9965E-05 9.9965E-05
0.398955 0.223506 0.377039 9.9956E-05 9.9956E-05 9.9956E-05 9.9956E-05 9.9956E-05
0.300758 9.99737E-05 0.0116127 0.116542 0.139494 9.99737E-05 9.99737E-05 0.431293
9.99474E-05 9.99474E-05 0.628188 9.99474E-05 0.371213 9.99474E-05 9.99474E-05 9.99474E-05
9.99476E-05 9.99476E-05 9.99476E-05 9.99476E-05 0.0271171 9.99476E-05 9.99476E-05 0.972283
0.0829966 9.99649E-05 0.016474 0.263122 9.99649E-05 9.99649E-05 0.637008 9.99649E-05
9.99563E-05 0.118892 9.99563E-05 9.99563E-05 9.99563E-05 9.99563E-05 0.208359 0.672248
0.492883 9.99558E-05 9.99558E-05 9.99558E-05 9.99558E-05 0.266551 9.99558E-05 0.240066
0.234717 9.99649E-05 0.484215 9.99649E-05 9.99649E-05 0.130476 0.150192 9.99649E-05
0.339097 9.99557E-05 9.99557E-05 9.99557E-05 9.99557E-05 9.99557E-05 0.27144 0.388963
0.9993 9.994E-05 9.994E-05 9.994E-05 9.994E-05 9.994E-05 9.994E-05 9.994E-05
0.517583 9.99646E-05 9.99646E-05 9.99646E-05 0.0710908 0.140178 9.99646E-05 0.270748
0.9993 9.994E-05 9.994E-05 9.994E-05 9.994E-05 9.994E-05 9.994E-05 9.994E-05
9.99475E-05 9.99475E-05 9.99475E-05 9.99475E-05 0.227489 9.99475E-05 9.99475E-05 0.771911
0.584851 9.9965E-05 0.108691 0.108563 9.9965E-05 9.9965E-05 0.197495 9.9965E-05
9.99647E-05 0.0379664 9.99647E-05 9.99647E-05 0.15225 9.99647E-05 0.449274 0.36011
9.99648E-05 0.134272 9.99648E-05 9.99648E-05 0.116033 0.132963 9.99648E-05 0.616333
0.375468 0.145615 0.0176222 0.025981 9.99824E-05 0.00617974 9.99824E-05 0.428935
9.99563E-05 9.99563E-05 9.99563E-05 9.99563E-05 9.99563E-05 0.201077 0.531785 0.266638
9.99648E-05 0.294699 9.99648E-05 0.164305 9.99648E-05 0.484707 9.99648E-05 0.0558894
0.112391 9.99565E-05 9.99565E-05 0.00689267 9.99565E-05 9.99565E-05 0.880217 9.99565E-05
0.0433024 0.093992 0.353201 9.99735E-05 9.99735E-05 9.99735E-05 0.077095 0.43211
9.99558E-05 9.99558E-05 9.99558E-05 9.99558E-05 9.99558E-05 0.0666548 0.301313 0.631532
0.182176 0.181306 9.99736E-05 9.99736E-05 9.99736E-05 0.493067 0.107756 0.0353946
9.99475E-05 9.99475E-05 9.99475E-05 9.99475E-05 9.99475E-05 9.99475E-05 0.0209838 0.978417
0.25587 9.99737E-05 9.99737E-05 0.210324 0.0794084 0.409896 9.99737E-05 0.044202
0.447732 0.0893617 0.238667 9.99648E-05 9.99648E-05 0.223839 9.99648E-05 9.99648E-05
0.055694 9.99736E-05 0.072915 0.167446 9.99736E-05 9.99736E-05 0.455437 0.248209
9.99558E-05 9.99558E-05 0.563102 9.99558E-05 9.99558E-05 0.426002 0.0103966 9.99558E-05
0.40125 9.99561E-05 0.284734 9.99561E-05 0.313516 9.99561E-05 9.99561E-05 9.99561E-05
9.99471E-05 0.151315 0.848085 9.99471E-05 9.99471E-05 9.99471E-05 9.99471E-05 9.99471E-05
0.464987 9.99646E-05 0.178209 9.99646E-05 9.99646E-05 0.203017 9.99646E-05 0.153388
9.99473E-05 9.99473E-05 9.99473E-05 9.99473E-05 0.480363 0.519037 9.99473E-05 9.99473E-05
0.472873 9.99647E-05 0.219828 0.133418 0.173481 9.99647E-05 9.99647E-05 9.99647E-05
9.99648E-05 9.99648E-05 0.129515 0.180981 9.99648E-05 0.308541 0.380563 9.99648E-05
0.57161 9.99648E-05 0.0971975 9.99648E-05 0.0143136 0.316479 9.99648E-05 9.99648E-05
0.67579 9.99473E-05 9.99473E-05 9.99473E-05 0.323611 9.99473E-05 9.99473E-05 9.99473E-05
9.99562E-05 9.99562E-05 0.149018 9.99562E-05 0.112487 0.737995 9.99562E-05 9.99562E-05
0.360076 9.9965E-05 9.9965E-05 0.427917 0.0616559 0.149952 9.9965E-05 9.9965E-05
9.9965E-05 9.9965E-05 0.315481 9.9965E-05 0.268445 9.9965E-05 0.0547647 0.360909
0.0467002 9.9956E-05 9.9956E-05 9.9956E-05 0.516506 9.9956E-05 0.436294 9.9956E-05
9.99558E-05 9.99558E-05 0.836221 9.99558E-05 9.99558E-05 9.99558E-05 0.130259 0.0330201
0.532712 0.106689 0.0389553 9.99824E-05 0.11026 0.155643 0.0555406 9.99824E-05
0.9993 9.994E-05 9.994E-05 9.994E-05 9.994E-05 9.994E-05 9.994E-05 9.994E-05
0.406516 9.99559E-05 9.99559E-05 9.99559E-05 9.99559E-05 9.99559E-05 0.356012 0.236972
9.99561E-05 9.99561E-05 0.054267 9.99561E-05 9.99561E-05 9.99561E-05 0.880554 0.0646796
0.810842 9.9956E-05 9.9956E-05 9.9956E-05 0.134681 9.9956E-05 9.9956E-05 0.0539776
9.9947E-05 9.9947E-05 0.304695 9.9947E-05 9.9947E-05 9.9947E-05 9.9947E-05 0.694706
9.99648E-05 9.99648E-05 0.435622 9.99648E-05 0.12154 9.99648E-05 0.179071 0.263367
9.99477E-05 9.99477E-05 0.978813 9.99477E-05 0.0205871 9.99477E-05 9.99477E-05 9.99477E-05
0.00408098 9.99649E-05 0.144526 0.517357 9.99649E-05 9.99649E-05 0.333636 9.99649E-05
0.691576 9.99737E-05 0.0612662 0.0751111 9.99737E-05 0.109609 0.0621382 9.99737E-05
9.99473E-05 9.99473E-05 9.99473E-05 9.99473E-05 0.486439 9.99473E-05 0.512961 9.99473E-05
0.417979 0.0486614 0.117833 9.99735E-05 9.99735E-05 0.314824 9.99735E-05 0.100403
0.0188413 9.99562E-05 0.629588 9.99562E-05 9.99562E-05 9.99562E-05 9.99562E-05 0.351071
9.99475E-05 9.99475E-05 9.99475E-05 0.63667 9.99475E-05 0.36273 9.99475E-05 9.99475E-05
0.833361 9.9956E-05 0.138857 9.9956E-05 9.9956E-05 0.0272824 9.9956E-05 9.9956E-05
9.99475E-05 9.99475E-05 0.443619 9.99475E-05 0.555782 9.99475E-05 9.99475E-05 9.99475E-05
0.183699 9.99649E-05 0.0481958 9.99649E-05 9.99649E-05 9.99649E-05 0.157719 0.609986
9.99471E-05 0.570414 0.428986 9.99471E-05 9.99471E-05 9.99471E-05 9.99471E-05 9.99471E-05
0.461701 9.99565E-05 0.190105 9.99565E-05 9.99565E-05 0.347694 9.99565E-05 9.99565E-05
9.99478E-05 0.65132 9.99478E-05 9.99478E-05 9.99478E-05 9.99478E-05 9.99478E-05 0.34808
9.99649E-05 9.99649E-05 0.0694802 0.0536849 9.99649E-05 0.00818465 9.99649E-05 0.86825
9.99562E-05 9.99562E-05 9.99562E-05 9.99562E-05 0.197466 0.118986 0.683049 9.99562E-05
9.9965E-05 0.00567438 0.0889936 0.746467 9.9965E-05 9.9965E-05 9.9965E-05 0.158465
0.0813731 0.0907147 0.321024 9.99824E-05 9.99824E-05 0.169761 0.136635 0.200292
9.99646E-05 0.15721 0.324997 9.99646E-05 0.478737 9.99646E-05 0.0386571 9.99646E-05
9.99471E-05 9.99471E-05 9.99471E-05 0.375266 9.99471E-05 9.99471E-05 9.99471E-05 0.624134
0.424643 9.99648E-05 9.99648E-05 9.99648E-05 0.132434 9.99648E-05 0.261576 0.180948
0.521249 9.9965E-05 0.224793 0.134409 9.9965E-05 9.9965E-05 0.119149 9.9965E-05
9.99565E-05 0.0222826 0.418478 9.99565E-05 0.55874 9.99565E-05 9.99565E-05 9.99565E-05
9.99651E-05 0.0162207 0.650554 0.249612 9.99651E-05 9.99651E-05 9.99651E-05 0.0832141
0.0143556 9.99558E-05 0.787839 9.99558E-05 9.99558E-05 9.99558E-05 0.197306 9.99558E-05
9.99648E-05 0.622973 0.303356 0.0566282 9.99648E-05 9.99648E-05 9.99648E-05 0.016643
0.452643 0.261841 9.9956E-05 9.9956E-05 9.9956E-05 0.285016 9.9956E-05 9.9956E-05
0.0941555 9.99648E-05 0.00248146 9.99648E-05 0.731608 0.171356 9.99648E-05 9.99648E-05
0.631807 9.99651E-05 9.99651E-05 9.99651E-05 0.0107049 0.213115 9.99651E-05 0.143973
0.256353 9.99647E-05 0.334351 9.99647E-05 9.99647E-05 0.0670763 0.34182 9.99647E-05
9.99562E-05 9.99562E-05 0.212914 9.99562E-05 9.99562E-05 0.0150684 9.99562E-05 0.771518
0.115994 9.99648E-05 0.0893504 9.99648E-05 0.0908114 9.99648E-05 9.99648E-05 0.703445
0.0685221 9.99561E-05 0.151662 9.99561E-05 9.99561E-05 9.99561E-05 9.99561E-05 0.779316
0.510781 9.99564E-05 9.99564E-05 9.99564E-05 9.99564E-05 0.329742 9.99564E-05 0.158977
0.579246 9.99565E-05 9.99565E-05 9.99565E-05 0.41035 9.99565E-05 0.00990391 9.99565E-05
0.436466 9.99735E-05 0.0306512 9.99735E-05 0.212032 9.99735E-05 0.218491 0.10206
0.479082 9.99648E-05 9.99648E-05 0.0753949 9.99648E-05 9.99648E-05 0.110734 0.334389
9.99647E-05 9.99647E-05 0.339372 0.436022 0.057665 9.99647E-05 0.166541 9.99647E-05
0.134579 0.318789 9.99737E-05 0.0367337 0.0234025 9.99737E-05 9.99737E-05 0.486196
9.99563E-05 9.99563E-05 0.929854 0.0462544 9.99563E-05 0.0233921 9.99563E-05 9.99563E-05
9.99736E-05 0.115252 9.99736E-05 0.13529 9.99736E-05 0.0876848 0.162055 0.499418
0.0237711 0.658493 9.99652E-05 9.99652E-05 9.99652E-05 0.0697838 0.247552 9.99652E-05
9.9965E-05 0.015328 9.9965E-05 0.864452 9.9965E-05 0.0259258 0.0938941 9.9965E-05
9.99649E-05 9.99649E-05 0.34912 0.170335 0.363348 9.99649E-05 0.116797 9.99649E-05
0.252307 9.99824E-05 0.0190181 0.271954 0.11272 0.340569 9.99824E-05 0.00323109
9.99474E-05 9.99474E-05 0.814504 0.184896 9.99474E-05 9.99474E-05 9.99474E-05 9.99474E-05
9.99475E-05 9.99475E-05 0.584987 9.99475E-05 9.99475E-05 9.99475E-05 0.414414 9.99475E-05
0.525936 9.99559E-05 0.208944 9.99559E-05 0.26462 9.99559E-05 9.99559E-05 9.99559E-05
0.0698537 9.99565E-05 9.99565E-05 9.99565E-05 0.179425 9.99565E-05 9.99565E-05 0.750222
0.146055 9.9965E-05 9.9965E-05 0.171381 9.9965E-05 0.643163 0.0390018 9.9965E-05
0.00896101 9.99648E-05 9.99648E-05 9.99648E-05 0.599127 0.207824 9.99648E-05 0.183688
9.99478E-05 9.99478E-05 9.99478E-05 9.99478E-05 0.442936 0.556465 9.99478E-05 9.99478E-05
0.352449 0.160554 9.99565E-05 9.99565E-05 9.99565E-05 9.99565E-05 9.99565E-05 0.486497
9.99649E-05 9.99649E-05 9.99649E-05 0.019212 0.141693 0.61827 0.220426 9.99649E-05
0.0241888 9.9956E-05 0.962937 9.9956E-05 9.9956E-05 9.9956E-05 9.9956E-05 0.0123741
0.414177 9.99562E-05 0.304019 0.281304 9.99562E-05 9.99562E-05 9.99562E-05 9.99562E-05
9.99562E-05 9.99562E-05 9.99562E-05 9.99562E-05 0.540167 9.99562E-05 0.0625532 0.39678
9.99563E-05 9.99563E-05 0.626757 0.068644 9.99563E-05 9.99563E-05 9.99563E-05 0.304099
9.9956E-05 0.218481 9.9956E-05 9.9956E-05 0.518713 9.9956E-05 0.262306 9.9956E-05
0.175259 9.9947E-05 0.824141 9.9947E-05 9.9947E-05 9.9947E-05 9.9947E-05 9.9947E-05
0.276867 9.99649E-05 0.234199 0.485112 0.00342187 9.99649E-05 9.99649E-05 9.99649E-05
0.486253 0.180542 9.99648E-05 0.183275 0.14953 9.99648E-05 9.99648E-05 9.99648E-05
9.99471E-05 9.99471E-05 0.371538 9.99471E-05 9.99471E-05 9.99471E-05 0.627863 9.99471E-05
0.136628 0.191953 0.490755 0.105607 9.99734E-05 9.99734E-05 0.0747556 9.99734E-05
0.571905 9.99562E-05 0.066983 9.99562E-05 9.99562E-05 9.99562E-05 9.99562E-05 0.360612
9.99471E-05 9.99471E-05 9.99471E-05 9.99471E-05 9.99471E-05 0.0109511 0.988449 9.99471E-05
9.99477E-05 9.99477E-05 9.99477E-05 9.99477E-05 9.99477E-05 9.99477E-05 0.895052 0.104348
0.398189 9.99736E-05 9.99736E-05 0.107518 9.99736E-05 0.0545622 0.150913 0.288518
0.0733757 0.226901 0.240781 9.99649E-05 9.99649E-05 9.99649E-05 0.458542 9.99649E-05
9.99649E-05 9.99649E-05 0.217783 9.99649E-05 9.99649E-05 0.481319 0.230346 0.0701521
0.418364 9.99647E-05 9.99647E-05 9.99647E-05 9.99647E-05 0.0539554 0.445165 0.0821152
9.99472E-05 9.99472E-05 9.99472E-05 0.916388 9.99472E-05 0.0830127 9.99472E-05 9.99472E-05
9.99565E-05 9.99565E-05 9.99565E-05 9.99565E-05 0.294425 0.0615674 9.99565E-05 0.643508
0.141826 9.99738E-05 0.497049 0.266998 0.0022222 9.99738E-05 9.99738E-05 0.091604
0.60444 0.1047 9.99737E-05 0.0999221 9.99737E-05 0.0891626 0.101475 9.99737E-05
0.170247 9.99559E-05 9.99559E-05 9.99559E-05 0.309084 9.99559E-05 9.99559E-05 0.520169
0.716137 0.0919335 9.99563E-05 9.99563E-05 0.19143 9.99563E-05 9.99563E-05 9.99563E-05
9.99648E-05 0.0156176 0.514213 9.99648E-05 9.99648E-05 0.0534715 0.416298 9.99648E-05
9.9956E-05 9.9956E-05 0.508729 9.9956E-05 0.372418 0.118353 9.9956E-05 9.9956E-05
0.421846 9.99649E-05 9.99649E-05 9.99649E-05 9.99649E-05 0.348391 0.105261 0.124102
9.99562E-05 9.99562E-05 9.99562E-05 9.99562E-05 0.234352 0.211026 9.99562E-05 0.554122
0.0460309 9.9956E-05 0.846936 9.9956E-05 9.9956E-05 9.9956E-05 9.9956E-05 0.106533
9.99472E-05 0.454757 0.544643 9.99472E-05 9.99472E-05 9.99472E-05 9.99472E-05 9.99472E-05
9.99561E-05 9.99561E-05 0.730462 9.99561E-05 9.99561E-05 0.135875 9.99561E-05 0.133163
0.363589 0.0317345 9.9965E-05 9.9965E-05 0.178222 9.9965E-05 0.426055 9.9965E-05
0.499044 9.99647E-05 9.99647E-05 0.172223 0.242888 9.99647E-05 9.99647E-05 0.0854458
0.717909 9.99649E-05 0.0901323 9.99649E-05 9.99649E-05 9.99649E-05 0.08823 0.103329
0.275122 9.99557E-05 9.99557E-05 9.99557E-05 0.418451 0.305927 9.99557E-05 9.99557E-05
0.351439 0.17739 9.9965E-05 0.273621 9.9965E-05 9.9965E-05 0.19715 9.9965E-05
9.99736E-05 9.99736E-05 0.321991 0.0559867 0.474075 0.0952485 9.99736E-05 0.0523991
9.99562E-05 0.362174 9.99562E-05 9.99562E-05 9.99562E-05 9.99562E-05 0.358816 0.27851
9.99479E-05 0.659366 9.99479E-05 9.99479E-05 9.99479E-05 9.99479E-05 9.99479E-05 0.340035
0.257997 9.9956E-05 9.9956E-05 0.66404 0.0774635 9.9956E-05 9.9956E-05 9.9956E-05
0.197787 9.99652E-05 0.380846 9.99652E-05 9.99652E-05 0.33576 9.99652E-05 0.0852078
0.0279606 9.99651E-05 0.657532 0.0522608 9.99651E-05 9.99651E-05 0.261847 9.99651E-05
9.99561E-05 9.99561E-05 9.99561E-05 0.0393973 0.320011 9.99561E-05 9.99561E-05 0.640092
9.99563E-05 9.99563E-05 0.78836 9.99563E-05 9.99563E-05 0.0672335 9.99563E-05 0.143907
0.416102 9.99648E-05 9.99648E-05 0.0871307 9.99648E-05 9.99648E-05 0.443897 0.0524696
9.99472E-05 9.99472E-05 9.99472E-05 9.99472E-05 0.299192 9.99472E-05 0.700208 9.99472E-05
0.129427 0.0762435 0.79383 9.9956E-05 9.9956E-05 9.9956E-05 9.9956E-05 9.9956E-05
0.564574 0.263337 9.99651E-05 9.99651E-05 9.99651E-05 9.99651E-05 0.0615895 0.1101
0.720067 9.99474E-05 9.99474E-05 9.99474E-05 9.99474E-05 9.99474E-05 0.279333 9.99474E-05
9.99649E-05 9.99649E-05 0.331754 0.258872 0.292553 0.11642 9.99649E-05 9.99649E-05
0.441191 9.99738E-05 9.99738E-05 0.0030185 0.441373 9.99738E-05 0.11072 0.00339854
0.358444 0.498521 0.0256588 9.99736E-05 0.0413104 9.99736E-05 0.0757654 9.99736E-05
9.99738E-05 0.0168863 0.485163 0.087624 9.99738E-05 0.0317104 9.99738E-05 0.378317
0.617543 9.99561E-05 9.99561E-05 0.238147 9.99561E-05 9.99561E-05 0.143811 9.99561E-05
9.99564E-05 9.99564E-05 0.721738 9.99564E-05 9.99564E-05 0.0688295 9.99564E-05 0.208933
9.99647E-05 9.99647E-05 0.200313 9.99647E-05 9.99647E-05 0.260451 0.234053 0.304783
0.0694348 9.99647E-05 0.292018 9.99647E-05 0.552878 9.99647E-05 0.0852699 9.99647E-05
9.99561E-05 9.99561E-05 0.355793 9.99561E-05 0.136084 9.99561E-05 0.507624 9.99561E-05
9.99649E-05 9.99649E-05 0.18698 9.99649E-05 0.276297 0.400974 9.99649E-05 0.13535
0.305247 9.99562E-05 9.99562E-05 9.99562E-05 0.467213 9.99562E-05 9.99562E-05 0.22704
0.454897 9.99562E-05 9.99562E-05 0.263285 9.99562E-05 0.281318 9.99562E-05 9.99562E-05
9.99646E-05 9.99646E-05 0.502602 0.360352 0.0205325 9.99646E-05 0.116114 9.99646E-05
0.129481 9.99561E-05 0.0624453 0.807573 9.99561E-05 9.99561E-05 9.99561E-05 9.99561E-05
0.0414237 9.99558E-05 0.866192 9.99558E-05 9.99558E-05 9.99558E-05 0.0918848 9.99558E-05
0.0330552 9.99738E-05 0.428167 9.99738E-05 9.99738E-05 0.0133837 0.10378 0.421314
0.0205993 9.99823E-05 0.629624 0.200776 9.99823E-05 0.0286445 0.00718392 0.112973
9.9965E-05 0.0267903 0.662519 0.109682 9.9965E-05 0.200609 9.9965E-05 9.9965E-05
0.571822 9.99559E-05 9.99559E-05 9.99559E-05 9.99559E-05 9.99559E-05 0.189679 0.237999
9.99561E-05 0.164561 9.99561E-05 0.74334 9.99561E-05 9.99561E-05 9.99561E-05 0.0915996
0.199003 0.103332 0.180184 9.99737E-05 0.111811 9.99737E-05 9.99737E-05 0.405369
0.214813 9.9956E-05 0.118695 0.665992 9.9956E-05 9.9956E-05 9.9956E-05 9.9956E-05
0.213258 9.9956E-05 0.26234 9.9956E-05 9.9956E-05 9.9956E-05 9.9956E-05 0.523902
0.376002 9.9956E-05 9.9956E-05 9.9956E-05 9.9956E-05 9.9956E-05 0.339681 0.283817
0.253649 0.0930428 9.99735E-05 9.99735E-05 0.183488 0.108903 9.99735E-05 0.360617
0.538734 0.109261 0.0547199 0.296885 9.99648E-05 9.99648E-05 9.99648E-05 9.99648E-05
9.99648E-05 9.99648E-05 0.246374 0.297402 0.0175396 9.99648E-05 0.438285 9.99648E-05
0.59407 0.228338 9.99559E-05 9.99559E-05 0.177092 9.99559E-05 9.99559E-05 9.99559E-05
0.0933135 0.130551 0.37419 9.99737E-05 9.99737E-05 0.0325372 0.369108 9.99737E-05
0.342527 9.995E-05 0.534725 9.995E-05 9.995E-05 9.995E-05 9.995E-05 0.122248
0.320512 9.99649E-05 9.99649E-05 0.241264 0.386748 9.99649E-05 9.99649E-05 0.0510761
9.99474E-05 9.99474E-05 0.257575 9.99474E-05 0.741825 9.99474E-05 9.99474E-05 9.99474E-05
9.99473E-05 9.99473E-05 9.99473E-05 0.211959 9.99473E-05 9.99473E-05 9.99473E-05 0.787441
0.643332 9.99476E-05 9.99476E-05 9.99476E-05 9.99476E-05 9.99476E-05 9.99476E-05 0.356068
0.642875 0.0497449 9.99649E-05 9.99649E-05 9.99649E-05 9.99649E-05 0.257152 0.0498279
0.490895 9.99648E-05 9.99648E-05 0.139566 0.19107 0.178069 9.99648E-05 9.99648E-05
9.99649E-05 0.322111 0.229691 9.99649E-05 0.446206 0.00159222 9.99649E-05 9.99649E-05
0.500204 9.99736E-05 0.209387 0.134381 9.99736E-05 9.99736E-05 0.152081 0.0036472
9.99648E-05 9.99648E-05 0.455035 9.99648E-05 0.252085 0.0213121 9.99648E-05 0.271168
9.99648E-05 9.99648E-05 0.140964 9.99648E-05 0.160495 9.99648E-05 0.0567487 0.641393
0.487682 9.99649E-05 0.17123 9.99649E-05 9.99649E-05 0.0449052 9.99649E-05 0.295783
0.56328 9.99559E-05 9.99559E-05 0.0576416 9.99559E-05 9.99559E-05 9.99559E-05 0.378579
0.49931 9.99561E-05 9.99561E-05 9.99561E-05 9.99561E-05 9.99561E-05 0.168412 0.331778
0.228915 9.99475E-05 9.99475E-05 9.99475E-05 0.770485 9.99475E-05 9.99475E-05 9.99475E-05
0.0432079 0.246057 9.99735E-05 0.0985276 9.99735E-05 9.99735E-05 0.310351 0.301556
0.0652632 0.205837 0.576058 9.99649E-05 0.152442 9.99649E-05 9.99649E-05 9.99649E-05
0.0636566 9.99736E-05 9.99736E-05 0.187331 0.373304 9.99736E-05 0.24802 0.127388
0.591999 9.99477E-05 9.99477E-05 0.407401 9.99477E-05 9.99477E-05 9.99477E-05 9.99477E-05
0.00139358 9.99648E-05 0.1119 0.558826 0.327481 9.99648E-05 9.99648E-05 9.99648E-05
9.99648E-05 9.99648E-05 0.415359 0.0722487 0.196607 9.99648E-05 0.315386 9.99648E-05
9.99648E-05 0.115438 9.99648E-05 0.0678229 9.99648E-05 0.00961733 9.99648E-05 0.806721
0.144771 9.9947E-05 9.9947E-05 9.9947E-05 9.9947E-05 9.9947E-05 9.9947E-05 0.85463
9.99477E-05 9.99477E-05 9.99477E-05 0.655676 0.343725 9.99477E-05 9.99477E-05 9.99477E-05
9.99648E-05 9.99648E-05 0.124175 9.99648E-05 9.99648E-05 0.14125 0.091188 0.642988
0.226063 9.99648E-05 0.257576 9.99648E-05 9.99648E-05 0.146569 0.369392 9.99648E-05
0.0577915 9.99735E-05 0.159226 0.129348 0.510472 9.99735E-05 9.99735E-05 0.142862
9.99559E-05 9.99559E-05 9.99559E-05 9.99559E-05 9.99559E-05 0.341382 0.546638 0.11148
9.9965E-05 0.052455 9.9965E-05 0.376071 0.156603 9.9965E-05 0.414472 9.9965E-05
9.99559E-05 9.99559E-05 0.527679 9.99559E-05 9.99559E-05 0.266215 0.205606 9.99559E-05
9.99472E-05 9.99472E-05 9.99472E-05 9.99472E-05 9.99472E-05 9.99472E-05 0.570182 0.429218
0.174847 9.99736E-05 0.505669 9.99736E-05 0.115428 9.99736E-05 0.0346602 0.169096
9.99471E-05 9.99471E-05 0.362596 9.99471E-05 9.99471E-05 0.636804 9.99471E-05 9.99471E-05
9.99481E-05 9.99481E-05 0.600181 9.99481E-05 9.99481E-05 9.99481E-05 0.399219 9.99481E-05
0.512867 0.0994187 9.99735E-05 9.99735E-05 9.99735E-05 0.343737 0.0141488 0.0295291
0.204737 0.794663 9.99477E-05 9.99477E-05 9.99477E-05 9.99477E-05 9.99477E-05 9.99477E-05
0.0300715 9.99824E-05 9.99824E-05 0.0288269 0.267082 0.267877 0.154932 0.251011
0.437068 9.99563E-05 9.99563E-05 9.99563E-05 9.99563E-05 9.99563E-05 0.468557 0.0938749
9.99647E-05 0.257601 0.0241021 9.99647E-05 0.261689 0.456208 9.99647E-05 9.99647E-05
0.365404 0.557305 9.99563E-05 9.99563E-05 9.99563E-05 9.99563E-05 9.99563E-05 0.0767919
0.432201 0.0361902 9.9956E-05 9.9956E-05 9.9956E-05 9.9956E-05 0.531109 9.9956E-05
9.99558E-05 9.99558E-05 9.99558E-05 9.99558E-05 0.232295 9.99558E-05 0.432814 0.334391
0.0466914 9.99735E-05 0.40439 0.284506 0.176165 9.99735E-05 9.99735E-05 0.0879472
0.231567 0.691186 9.99649E-05 9.99649E-05 9.99649E-05 9.99649E-05 0.0666608 0.0101871
9.99473E-05 9.99473E-05 9.99473E-05 9.99473E-05 0.25859 9.99473E-05 0.74081 9.99473E-05
9.9956E-05 9.9956E-05 0.609973 0.124576 0.264951 9.9956E-05 9.9956E-05 9.9956E-05
0.645741 0.11921 9.99653E-05 0.175407 9.99653E-05 9.99653E-05 0.059242 9.99653E-05
9.99563E-05 9.99563E-05 0.653295 9.99563E-05 0.0841534 9.99563E-05 9.99563E-05 0.262052
0.115926 9.99737E-05 0.108824 0.194202 0.480261 9.99737E-05 9.99737E-05 0.100486
9.9956E-05 9.9956E-05 0.279719 0.327263 9.9956E-05 9.9956E-05 0.392518 9.9956E-05
0.384966 9.99559E-05 0.313074 0.30146 9.99559E-05 9.99559E-05 9.99559E-05 9.99559E-05
9.99472E-05 9.99472E-05 9.99472E-05 9.99472E-05 9.99472E-05 0.852533 0.146867 9.99472E-05
9.99563E-05 0.174424 9.99563E-05 9.99563E-05 0.642046 0.18303 9.99563E-05 9.99563E-05
9.99653E-05 9.99653E-05 0.163065 0.228626 9.99653E-05 9.99653E-05 0.00661448 0.601294
0.0271131 9.99736E-05 0.100764 9.99736E-05 0.0482295 0.127172 9.99736E-05 0.696421
9.99652E-05 9.99652E-05 0.478541 0.19242 0.157493 0.171147 9.99652E-05 9.99652E-05
0.00632362 9.99563E-05 9.99563E-05 9.99563E-05 9.99563E-05 9.99563E-05 0.924689 0.0684876
0.267717 9.99648E-05 0.534305 0.0476118 0.149966 9.99648E-05 9.99648E-05 9.99648E-05
0.0108209 9.99652E-05 0.0701263 9.99652E-05 9.99652E-05 9.99652E-05 0.804005 0.114648
0.509525 9.99648E-05 0.349741 0.0368167 9.99648E-05 9.99648E-05 9.99648E-05 0.103518
0.363916 9.99566E-05 9.99566E-05 9.99566E-05 9.99566E-05 0.540277 0.0953073 9.99566E-05
9.99559E-05 0.695717 0.168297 9.99559E-05 9.99559E-05 9.99559E-05 0.135486 9.99559E-05
9.99736E-05 0.0579886 9.99736E-05 0.28822 0.0717721 0.181077 9.99736E-05 0.400642
0.396012 9.99736E-05 0.19851 0.138927 0.154365 0.111887 9.99736E-05 9.99736E-05
