0.104672 9.9973E-05 0.629728 9.9973E-05 9.9973E-05 0.2653
0.0749216 0.0115709 0.913208 9.9973E-05 9.9973E-05 9.9973E-05
0.057771 0.0267485 0.377221 9.9982E-05 9.9982E-05 0.53806
9.997E-05 9.997E-05 0.602012 0.274803 0.122885 9.997E-05
9.9973E-05 0.226235 9.9973E-05 9.9973E-05 0.771225 0.00224007
0.0429656 9.9973E-05 9.9973E-05 0.879869 9.9973E-05 0.0768654
0.0484953 9.9991E-05 0.0831904 0.0140162 0.675812 0.178386
9.99641E-05 9.99641E-05 0.901234 9.99641E-05 9.99641E-05 0.0983662
0.570695 9.9964E-05 9.9964E-05 0.428905 9.9964E-05 9.9964E-05
9.996E-05 9.996E-05 9.996E-05 9.996E-05 0.9995 9.996E-05
9.99642E-05 9.99642E-05 9.99642E-05 9.99642E-05 0.730585 0.269015
0.0190908 0.00648222 0.904075 0.0701522 9.9982E-05 9.9982E-05
0.290706 0.0410933 0.0559095 9.9991E-05 0.574256 0.0379352
9.99821E-05 9.99821E-05 0.0847307 0.0597694 0.455493 0.399807
9.9964E-05 0.337718 9.9964E-05 9.9964E-05 0.661882 9.9964E-05
0.9995 9.996E-05 9.996E-05 9.996E-05 9.996E-05 9.996E-05
9.9973E-05 9.9973E-05 0.806749 0.146428 0.046523 9.9973E-05
0.349342 9.9973E-05 9.9973E-05 0.260043 0.390316 9.9973E-05
9.996E-05 9.996E-05 9.996E-05 0.9995 9.996E-05 9.996E-05
0.441398 0.558202 9.99641E-05 9.99641E-05 9.99641E-05 9.99641E-05
0.164384 0.640178 9.9982E-05 0.183791 9.9982E-05 0.011447
0.477038 9.9982E-05 0.0922273 0.360858 0.0696765 9.9982E-05
0.607369 0.205652 9.9973E-05 9.9973E-05 0.186679 9.9973E-05
9.9982E-05 0.232784 0.367551 0.128816 9.9982E-05 0.27065
9.9964E-05 9.9964E-05 9.9964E-05 0.0219292 9.9964E-05 0.977671
0.00243154 0.652797 9.9973E-05 9.9973E-05 0.344472 9.9973E-05
9.99731E-05 9.99731E-05 0.671161 0.04256 9.99731E-05 0.285979
0.0595698 9.99731E-05 9.99731E-05 0.617191 0.32294 9.99731E-05
0.0976196 9.99642E-05 0.901981 9.99642E-05 9.99642E-05 9.99642E-05
9.99641E-05 9.99641E-05 0.347846 0.651754 9.99641E-05 9.99641E-05
9.99641E-05 9.99641E-05 9.99641E-05 9.99641E-05 0.229127 0.770473
9.99641E-05 9.99641E-05 9.99641E-05 9.99641E-05 0.0572061 0.942394
9.9964E-05 9.9964E-05 9.9964E-05 9.9964E-05 0.882454 0.117146
0.0336884 9.9973E-05 9.9973E-05 0.891384 9.9973E-05 0.0746273
9.9973E-05 9.9973E-05 0.701253 0.205911 9.9973E-05 0.0925354
0.9995 9.996E-05 9.996E-05 9.996E-05 9.996E-05 9.996E-05
0.259937 9.9964E-05 9.9964E-05 0.739663 9.9964E-05 9.9964E-05
0.0316557 9.9973E-05 9.9973E-05 0.933104 9.9973E-05 0.0349407
0.0430159 9.9991E-05 0.0606724 0.0846339 0.255389 0.556189
9.99731E-05 0.13157 0.0429324 0.825198 9.99731E-05 9.99731E-05
9.9964E-05 9.9964E-05 0.225263 0.774338 9.9964E-05 9.9964E-05
9.99641E-05 9.99641E-05 0.797686 0.201914 9.99641E-05 9.99641E-05
0.0179993 0.981601 9.9964E-05 9.9964E-05 9.9964E-05 9.9964E-05
0.00267737 9.9964E-05 9.9964E-05 9.9964E-05 9.9964E-05 0.996923
9.99641E-05 0.582918 9.99641E-05 9.99641E-05 0.416682 9.99641E-05
0.0652727 9.996E-05 0.934327 9.996E-05 9.996E-05 9.996E-05
0.795333 0.112037 9.997E-05 0.0923305 9.997E-05 9.997E-05
0.195447 9.99642E-05 9.99642E-05 0.804153 9.99642E-05 9.99642E-05
9.99641E-05 0.90316 9.99641E-05 9.99641E-05 9.99641E-05 0.0964401
0.214676 0.443601 9.997E-05 0.341423 9.997E-05 9.997E-05
