9.9982E-05 9.9982E-05 0.0286208 0.276896 0.11244 0.581844
9.99641E-05 9.99641E-05 9.99641E-05 9.99641E-05 0.0514363 0.948164
9.9973E-05 9.9973E-05 9.9973E-05 0.611638 0.0234328 0.36463
0.170757 0.269633 9.99731E-05 9.99731E-05 9.99731E-05 0.55931
0.0985887 9.9973E-05 0.746061 0.15505 9.9973E-05 9.9973E-05
9.99641E-05 0.899554 9.99641E-05 0.100046 9.99641E-05 9.99641E-05
0.930351 0.0447472 9.9982E-05 9.9982E-05 0.0103853 0.0143165
0.0390634 9.99731E-05 9.99731E-05 0.0212022 9.99731E-05 0.939434
9.99641E-05 0.536222 9.99641E-05 9.99641E-05 0.463378 9.99641E-05
0.669411 9.9964E-05 0.330189 9.9964E-05 9.9964E-05 9.9964E-05
0.9995 9.996E-05 9.996E-05 9.996E-05 9.996E-05 9.996E-05
9.9964E-05 0.0807998 9.9964E-05 9.9964E-05 9.9964E-05 0.9188
0.344522 0.0879543 0.39242 0.0409286 0.134075 9.9991E-05
0.550048 0.0286332 9.99821E-05 0.389813 9.99821E-05 0.0313059
9.99641E-05 9.99641E-05 0.959108 0.0404925 9.99641E-05 9.99641E-05
9.99641E-05 9.99641E-05 9.99641E-05 0.0940007 0.905599 9.99641E-05
0.00459593 0.026087 9.99731E-05 9.99731E-05 9.99731E-05 0.969017
0.355404 0.146139 9.9973E-05 9.9973E-05 0.498157 9.9973E-05
9.996E-05 0.9995 9.996E-05 9.996E-05 9.996E-05 9.996E-05
9.99731E-05 0.0405607 0.121153 9.99731E-05 0.837986 9.99731E-05
9.9982E-05 0.0822666 0.0826978 9.9982E-05 0.813122 0.0217133
0.092212 0.341433 9.9982E-05 9.9982E-05 0.404253 0.161902
0.0770953 9.9973E-05 0.125114 9.9973E-05 0.797491 9.9973E-05
0.171788 0.136473 0.0876949 9.9991E-05 0.0859642 0.517981
9.99641E-05 0.0435288 9.99641E-05 0.956071 9.99641E-05 9.99641E-05
9.9964E-05 9.9964E-05 0.811567 9.9964E-05 0.188033 9.9964E-05
9.99731E-05 0.0175386 9.99731E-05 0.266102 9.99731E-05 0.716059
0.0519598 0.598915 0.290926 0.0579988 9.9982E-05 9.9982E-05
9.99642E-05 9.99642E-05 9.99642E-05 9.99642E-05 0.0689313 0.930669
9.99642E-05 0.609353 9.99642E-05 9.99642E-05 9.99642E-05 0.390247
0.353827 9.9964E-05 9.9964E-05 0.645773 9.9964E-05 9.9964E-05
9.996E-05 9.996E-05 9.996E-05 0.9995 9.996E-05 9.996E-05
0.937767 9.9964E-05 0.0618329 9.9964E-05 9.9964E-05 9.9964E-05
9.9973E-05 0.78783 9.9973E-05 0.130269 0.0816012 9.9973E-05
9.9973E-05 0.137205 9.9973E-05 0.0830365 9.9973E-05 0.779459
9.9973E-05 0.0495646 9.9973E-05 0.0113574 0.938778 9.9973E-05
9.996E-05 0.720045 9.996E-05 9.996E-05 0.279555 9.996E-05
0.0540283 0.921288 9.997E-05 9.997E-05 0.0243835 9.997E-05
0.595823 9.999E-05 0.0557274 0.110228 0.0538367 0.184285
9.997E-05 0.818882 0.0881754 9.997E-05 9.997E-05 0.0926428
9.9964E-05 0.786951 9.9964E-05 9.9964E-05 9.9964E-05 0.212649
9.99641E-05 0.120127 9.99641E-05 9.99641E-05 9.99641E-05 0.879473
9.99642E-05 9.99642E-05 0.173028 9.99642E-05 0.826572 9.99642E-05
9.996E-05 9.996E-05 9.996E-05 0.9995 9.996E-05 9.996E-05
0.017779 9.99641E-05 0.981821 9.99641E-05 9.99641E-05 9.99641E-05
9.99641E-05 9.99641E-05 9.99641E-05 9.99641E-05 0.0177922 0.981808
9.99641E-05 0.155645 9.99641E-05 9.99641E-05 0.843955 9.99641E-05
9.99641E-05 0.887658 9.99641E-05 9.99641E-05 0.111942 9.99641E-05
9.99731E-05 0.0156566 0.91552 9.99731E-05 9.99731E-05 0.0685231
0.100788 0.260221 9.9973E-05 9.9973E-05 0.638691 9.9973E-05
