0.780246 9.99825E-05 0.0566257 9.99825E-05 0.162928
0.145989 0.00477491 0.230974 0.378531 0.239731
9.99824E-05 0.101328 9.99824E-05 0.185446 0.713026
9.99737E-05 9.99737E-05 0.259329 0.740372 9.99737E-05
9.99735E-05 9.99735E-05 0.218409 0.781291 9.99735E-05
9.99738E-05 9.99738E-05 0.36378 9.99738E-05 0.63592
9.99734E-05 9.99734E-05 9.99734E-05 0.492269 0.507431
0.0615075 9.99825E-05 0.205539 9.99825E-05 0.732754
9.999E-05 0.11441 0.147576 0.343138 0.394776
9.99825E-05 0.0341509 9.99825E-05 0.472878 0.492771
0.653937 9.99824E-05 0.10385 0.242013 9.99824E-05
9.999E-05 0.127397 0.0328999 0.334129 0.505474
0.117641 0.851108 9.99826E-05 0.0310517 9.99826E-05
0.0908713 9.99824E-05 0.603344 0.305585 9.99824E-05
0.288752 0.0895801 0.00977328 0.0508046 0.56109
9.99824E-05 0.172277 9.99824E-05 0.499119 0.328403
9.99825E-05 0.37601 9.99825E-05 0.583329 0.0404608
0.168847 0.155853 9.99913E-05 0.197631 0.477569
0.438653 9.99825E-05 0.062482 9.99825E-05 0.498665
0.214911 9.9974E-05 9.9974E-05 9.9974E-05 0.784789
0.147153 0.493655 9.99823E-05 9.99823E-05 0.358993
9.999E-05 0.07313 0.0519079 0.564848 0.310014
0.115761 0.723817 9.99826E-05 0.160222 9.99826E-05
9.99826E-05 0.144713 0.0691959 9.99826E-05 0.785891
0.0950084 9.99827E-05 0.100846 0.803946 9.99827E-05
9.99735E-05 0.488913 9.99735E-05 9.99735E-05 0.510788
9.99824E-05 9.99824E-05 0.300053 0.0145211 0.685226
0.690437 9.99823E-05 0.269344 9.99823E-05 0.0400195
9.99736E-05 0.809867 0.189833 9.99736E-05 9.99736E-05
0.165991 9.99913E-05 0.325174 0.438393 0.0703416
0.316179 0.583429 9.99824E-05 0.100192 9.99824E-05
9.99824E-05 9.99824E-05 0.446236 0.404439 0.149125
0.268106 9.99738E-05 9.99738E-05 0.731594 9.99738E-05
9.99738E-05 0.692063 9.99738E-05 0.307637 9.99738E-05
9.99735E-05 9.99735E-05 9.99735E-05 0.781623 0.218077
9.99825E-05 0.207046 9.99825E-05 0.0814861 0.711268
0.181758 0.308147 9.99825E-05 0.509895 9.99825E-05
0.361794 0.266567 0.0790289 0.29251 9.99912E-05
0.0625613 0.204302 9.99826E-05 9.99826E-05 0.732936
9.99824E-05 0.127786 0.47076 0.401254 9.99824E-05
0.55959 9.99736E-05 0.44011 9.99736E-05 9.99736E-05
9.99824E-05 0.350115 0.179338 0.470346 9.99824E-05
9.99824E-05 9.99824E-05 0.0352437 0.646788 0.317769
0.0845668 0.311275 9.99824E-05 0.603958 9.99824E-05
0.314094 9.99912E-05 0.313691 0.353416 0.0186991
9.99736E-05 9.99736E-05 0.398029 9.99736E-05 0.601671
9.99913E-05 0.189966 0.100354 0.309834 0.399746
0.282744 9.99737E-05 9.99737E-05 9.99737E-05 0.716956
0.0546684 0.0861251 9.99912E-05 0.0498484 0.809258
9.99912E-05 0.452758 0.0831963 0.454767 0.00917885
0.04159 9.99912E-05 0.515083 0.36497 0.0782572
0.241227 9.99824E-05 0.469209 9.99824E-05 0.289364
0.122348 0.441111 0.436341 9.99824E-05 9.99824E-05
9.99911E-05 0.218367 0.538183 0.178432 0.0649186
9.99736E-05 0.475261 9.99736E-05 9.99736E-05 0.524439
9.99912E-05 0.341254 0.208069 0.349653 0.100924
9.99736E-05 0.10844 0.89126 9.99736E-05 9.99736E-05
0.0868644 9.99825E-05 0.819271 0.0936643 9.99825E-05
0.0210566 0.25918 0.719564 9.99825E-05 9.99825E-05
0.218633 9.99823E-05 9.99823E-05 0.201325 0.579842
0.0254197 9.99824E-05 0.536752 9.99824E-05 0.437628
0.00171396 0.095328 0.316231 0.366159 0.220569
9.99825E-05 0.568969 0.360912 0.0699188 9.99825E-05
0.056288 0.250246 0.132816 0.53047 0.0301796
0.0919518 0.0406393 0.867209 9.99824E-05 9.99824E-05
9.99824E-05 0.19106 9.99824E-05 0.112209 0.696532
0.140397 0.324415 0.436386 0.098702 9.99913E-05
9.99824E-05 9.99824E-05 0.616947 0.189831 0.193022
0.249636 0.750064 9.9974E-05 9.9974E-05 9.9974E-05
0.165988 0.175724 9.99824E-05 0.658089 9.99824E-05
9.99824E-05 0.160731 0.135447 9.99824E-05 0.703622
0.266052 9.99823E-05 9.99823E-05 0.239279 0.49447
0.0838827 9.99824E-05 9.99824E-05 0.360243 0.555674
0.0120491 9.99738E-05 0.987651 9.99738E-05 9.99738E-05
9.99826E-05 0.564662 9.99826E-05 0.3502 0.0849386
9.99825E-05 0.0655425 0.645643 0.288615 9.99825E-05
0.370786 0.335598 0.293173 9.99912E-05 0.000343315
9.997E-05 9.997E-05 9.997E-05 0.9996 9.997E-05
9.99824E-05 9.99824E-05 0.158454 0.507022 0.334324
0.822511 9.99736E-05 0.177189 9.99736E-05 9.99736E-05
0.247325 0.750881 9.99824E-05 9.99824E-05 0.00159444
0.150913 9.99826E-05 0.493775 0.355112 9.99826E-05
9.99735E-05 0.391827 9.99735E-05 9.99735E-05 0.607874
9.99824E-05 0.649609 9.99824E-05 0.0965807 0.25361
0.206571 9.99825E-05 9.99825E-05 0.102361 0.690868
9.99738E-05 9.99738E-05 0.314551 0.685149 9.99738E-05
9.99738E-05 0.407123 9.99738E-05 9.99738E-05 0.592577
0.123472 0.564972 9.99824E-05 9.99824E-05 0.311357
9.997E-05 9.997E-05 9.997E-05 9.997E-05 0.9996
9.99824E-05 0.375676 0.354997 9.99824E-05 0.269126
0.0737608 9.99826E-05 0.529112 9.99826E-05 0.396927
9.99826E-05 0.8449 0.113136 0.0417638 9.99826E-05
9.99735E-05 9.99735E-05 9.99735E-05 0.274904 0.724796
0.362908 9.99912E-05 0.37131 0.0208862 0.244796
0.11627 9.99825E-05 0.426936 9.99825E-05 0.456594
0.133212 0.452964 0.120992 0.292733 9.99913E-05
9.99823E-05 0.425608 0.261524 0.312668 9.99823E-05
0.405618 9.99912E-05 0.228161 0.35737 0.00875132
9.99825E-05 0.181333 9.99825E-05 0.136754 0.681713
0.437567 9.99824E-05 9.99824E-05 0.131653 0.430581
9.99736E-05 0.855267 9.99736E-05 0.144434 9.99736E-05
0.00498882 0.618546 0.284527 0.0918386 9.99913E-05
0.255598 0.524193 0.18993 9.99913E-05 0.0301786
9.99824E-05 0.638395 0.133428 9.99824E-05 0.227977
9.997E-05 9.997E-05 0.9996 9.997E-05 9.997E-05
0.0928494 9.99824E-05 0.3402 0.56675 9.99824E-05
9.99736E-05 9.99736E-05 0.230791 0.768909 9.99736E-05
9.99912E-05 0.0101837 0.183704 0.149702 0.656311
0.248369 0.213026 9.99827E-05 9.99827E-05 0.538406
9.99824E-05 9.99824E-05 0.0111189 0.2872 0.701481
9.99912E-05 0.117317 0.787855 0.0762422 0.0184863
9.99824E-05 0.0914817 0.336614 9.99824E-05 0.571704
0.0276535 0.294527 0.466933 0.210787 9.99913E-05
9.99912E-05 0.35857 0.539014 0.0298051 0.0725116
0.589743 0.253635 0.156422 9.99827E-05 9.99827E-05
9.997E-05 9.997E-05 0.9996 9.997E-05 9.997E-05
9.99741E-05 9.99741E-05 0.37776 0.62194 9.99741E-05
9.99743E-05 0.264614 0.735086 9.99743E-05 9.99743E-05
9.99735E-05 0.923794 0.0759065 9.99735E-05 9.99735E-05
9.99824E-05 0.672959 0.0235578 0.303283 9.99824E-05
9.99737E-05 9.99737E-05 0.643911 0.355789 9.99737E-05
9.99823E-05 9.99823E-05 0.270327 0.708937 0.0205366
9.99734E-05 9.99734E-05 0.674321 0.325379 9.99734E-05
0.00669505 9.99912E-05 0.655474 0.171684 0.166046
9.99824E-05 0.114593 0.726246 9.99824E-05 0.158962
0.205963 0.0448514 9.99912E-05 0.283521 0.465564
0.678825 9.99735E-05 9.99735E-05 0.320875 9.99735E-05
9.99738E-05 0.210852 9.99738E-05 9.99738E-05 0.788848
0.232289 0.231107 0.536404 9.99824E-05 9.99824E-05
0.192485 0.156378 0.164248 0.204658 0.282231
9.99824E-05 0.185677 0.438858 9.99824E-05 0.375265
9.99735E-05 0.753775 9.99735E-05 0.245925 9.99735E-05
0.0651804 9.99826E-05 9.99826E-05 0.0153939 0.919226
0.00619003 0.0227215 0.422631 0.178376 0.370081
0.129502 9.99824E-05 9.99824E-05 0.0553068 0.814991
0.240977 9.99739E-05 9.99739E-05 9.99739E-05 0.758723
9.99825E-05 0.0571547 0.909129 9.99825E-05 0.0335163
9.99912E-05 0.412801 0.401677 0.174217 0.0112042
0.137883 9.99824E-05 0.618292 0.243625 9.99824E-05
9.99823E-05 9.99823E-05 0.337115 0.393839 0.268846
0.0481697 0.0324622 0.11925 0.2731 0.527018
0.318542 9.99737E-05 9.99737E-05 9.99737E-05 0.681158
9.99912E-05 0.716299 0.159142 0.115505 0.00895494
9.99736E-05 0.314096 9.99736E-05 0.685604 9.99736E-05
0.220813 9.99736E-05 9.99736E-05 0.778887 9.99736E-05
9.99824E-05 9.99824E-05 0.630314 0.0840793 0.285406
9.99825E-05 0.418865 0.161663 9.99825E-05 0.419272
0.147454 0.0152665 0.0199281 0.15376 0.663591
9.99735E-05 9.99735E-05 0.732765 9.99735E-05 0.266935
9.99739E-05 0.157026 9.99739E-05 9.99739E-05 0.842674
9.99825E-05 0.289173 9.99825E-05 0.0380354 0.672592
0.464308 0.389404 9.99824E-05 0.146088 9.99824E-05
0.630784 9.99826E-05 0.078903 0.290113 9.99826E-05
0.11119 0.0883329 9.99913E-05 0.33646 0.463917
9.99735E-05 9.99735E-05 0.269055 9.99735E-05 0.730646
9.99737E-05 0.762215 0.237485 9.99737E-05 9.99737E-05
0.0253611 0.147926 0.401545 0.425068 9.99912E-05
9.99736E-05 9.99736E-05 9.99736E-05 0.199318 0.800383
0.101896 9.99912E-05 0.65516 0.199204 0.0436397
9.99912E-05 0.460661 0.289243 0.0416075 0.208388
9.99825E-05 0.0374865 0.403326 9.99825E-05 0.558987
0.0439313 9.99912E-05 0.129911 0.463487 0.362571
0.449207 0.550493 9.99736E-05 9.99736E-05 9.99736E-05
9.9974E-05 0.0988549 0.900845 9.9974E-05 9.9974E-05
0.496221 0.352314 9.99825E-05 9.99825E-05 0.151264
0.170564 0.430038 0.19005 9.99911E-05 0.209247
9.99824E-05 9.99824E-05 0.644867 0.0631942 0.291739
0.614861 9.99825E-05 0.306397 9.99825E-05 0.0785422
0.00176789 0.189359 0.131981 9.99912E-05 0.676792
0.305895 9.99823E-05 9.99823E-05 0.131505 0.5624
9.99736E-05 9.99736E-05 0.329094 9.99736E-05 0.670606
0.766208 9.99735E-05 9.99735E-05 9.99735E-05 0.233492
0.292105 9.99824E-05 0.610292 0.0974032 9.99824E-05
9.997E-05 9.997E-05 0.9996 9.997E-05 9.997E-05
0.00676151 9.99913E-05 0.719443 0.261706 0.0119894
9.99738E-05 9.99738E-05 0.590292 0.409408 9.99738E-05
0.238423 0.411006 9.99826E-05 0.350371 9.99826E-05
9.99824E-05 9.99824E-05 0.256607 0.0689948 0.674198
0.000164174 0.204598 0.703436 0.0108719 0.08093
9.99736E-05 9.99736E-05 0.545044 9.99736E-05 0.454656
0.0209353 9.99912E-05 0.26071 0.407358 0.310896
9.99736E-05 9.99736E-05 9.99736E-05 0.429004 0.570696
9.99736E-05 9.99736E-05 9.99736E-05 0.796219 0.203481
0.157532 0.474889 0.233639 9.99912E-05 0.133839
0.15904 0.214023 0.00629969 0.275319 0.345318
0.12393 9.99912E-05 0.543277 0.324481 0.00821258
9.99824E-05 9.99824E-05 0.27193 0.0663342 0.661535
0.427499 0.226552 0.0374217 0.0123099 0.296217
0.0222132 0.977487 9.99737E-05 9.99737E-05 9.99737E-05
9.99823E-05 0.0544618 0.629814 0.315525 9.99823E-05
0.12231 0.579508 0.297982 9.99823E-05 9.99823E-05
0.0474072 9.99824E-05 0.496334 9.99824E-05 0.456058
0.0736473 9.99912E-05 0.330867 0.549369 0.0460166
0.0440103 0.260812 0.192244 9.99912E-05 0.502834
9.997E-05 9.997E-05 9.997E-05 9.997E-05 0.9996
9.99736E-05 9.99736E-05 0.633948 9.99736E-05 0.365752
9.99737E-05 0.707259 0.292441 9.99737E-05 9.99737E-05
0.00206157 0.144696 0.258914 9.99912E-05 0.594229
9.99735E-05 0.650347 9.99735E-05 0.349354 9.99735E-05
0.467137 0.243712 0.288952 9.99825E-05 9.99825E-05
0.340591 0.659109 9.99738E-05 9.99738E-05 9.99738E-05
9.99737E-05 0.0314773 9.99737E-05 9.99737E-05 0.968223
9.99912E-05 0.17389 0.205811 0.186844 0.433355
0.0959704 0.629542 0.167002 0.0123631 0.0951226
0.197185 9.99738E-05 9.99738E-05 0.802515 9.99738E-05
9.99824E-05 9.99824E-05 0.0906401 0.356456 0.552704
0.392747 9.99824E-05 0.203405 0.403648 9.99824E-05
0.107381 9.99913E-05 0.15332 0.377339 0.36186
9.99824E-05 0.252391 9.99824E-05 0.0794064 0.668003
9.99736E-05 9.99736E-05 0.712542 9.99736E-05 0.287158
9.99825E-05 0.169287 0.34506 9.99825E-05 0.485454
0.0156945 0.37402 0.610086 9.99827E-05 9.99827E-05
9.997E-05 9.997E-05 9.997E-05 0.9996 9.997E-05
0.131399 0.376946 0.412768 0.0787867 9.99913E-05
0.684468 9.99824E-05 9.99824E-05 0.0137013 0.301631
9.99739E-05 0.284618 0.715082 9.99739E-05 9.99739E-05
9.997E-05 9.997E-05 0.9996 9.997E-05 9.997E-05
9.99824E-05 9.99824E-05 0.178872 0.135596 0.685332
9.99823E-05 0.0601257 9.99823E-05 0.597726 0.341948
9.99734E-05 9.99734E-05 9.99734E-05 0.474811 0.524889
9.99827E-05 9.99827E-05 0.121365 0.14069 0.737745
0.0110364 0.275836 0.382539 0.330489 9.99912E-05
0.103688 9.99912E-05 0.428071 0.227726 0.240415
9.99825E-05 0.459162 0.175082 0.365557 9.99825E-05
9.99912E-05 0.0630775 0.0869706 0.310359 0.539493
9.99737E-05 9.99737E-05 9.99737E-05 0.209438 0.790262
0.0684369 0.112794 0.514138 0.304531 9.99912E-05
0.28245 9.99737E-05 9.99737E-05 0.71725 9.99737E-05
9.99737E-05 9.99737E-05 9.99737E-05 0.998924 0.000775793
0.0845765 0.760932 9.99826E-05 0.154291 9.99826E-05
9.99736E-05 0.468837 9.99736E-05 0.530863 9.99736E-05
9.997E-05 9.997E-05 0.9996 9.997E-05 9.997E-05
9.99736E-05 9.99736E-05 9.99736E-05 0.988329 0.0113712
9.99738E-05 9.99738E-05 0.85486 9.99738E-05 0.14484
0.115979 0.628196 9.99824E-05 9.99824E-05 0.255625
9.99824E-05 0.0130543 0.238326 0.74842 9.99824E-05
9.99735E-05 9.99735E-05 0.869349 9.99735E-05 0.130351
0.13409 9.99824E-05 0.714168 0.151542 9.99824E-05
0.0368849 0.234899 0.728016 9.99824E-05 9.99824E-05
9.99825E-05 0.453081 0.0428444 0.503875 9.99825E-05
9.99737E-05 0.781979 0.217721 9.99737E-05 9.99737E-05
0.1441 0.372343 0.483356 9.99824E-05 9.99824E-05
9.99826E-05 9.99826E-05 0.0560424 0.197038 0.746719
9.99825E-05 0.346643 0.23004 0.423118 9.99825E-05
0.161468 0.694899 9.99824E-05 9.99824E-05 0.143432
0.549128 0.210295 0.098995 0.141482 9.99913E-05
0.00810998 9.99825E-05 0.786597 0.205093 9.99825E-05
9.99736E-05 0.613501 9.99736E-05 0.386199 9.99736E-05
9.99825E-05 9.99825E-05 0.984302 0.0074965 0.00800125
9.99825E-05 0.158508 0.158292 0.683 9.99825E-05
9.99737E-05 9.99737E-05 0.296557 0.703143 9.99737E-05
9.99736E-05 0.31184 0.68786 9.99736E-05 9.99736E-05
0.358479 9.99825E-05 0.390834 9.99825E-05 0.250487
0.0808287 9.99826E-05 9.99826E-05 0.520907 0.398064
0.038252 9.99826E-05 9.99826E-05 0.429963 0.531585
9.99739E-05 9.99739E-05 0.330442 0.669258 9.99739E-05
0.827561 9.99738E-05 0.172139 9.99738E-05 9.99738E-05
9.99736E-05 0.156237 0.843463 9.99736E-05 9.99736E-05
9.99825E-05 9.99825E-05 0.227143 0.586047 0.18661
0.130358 0.755331 0.0249809 9.99911E-05 0.0892302
9.99824E-05 9.99824E-05 0.0885626 0.271312 0.639926
