9.99738E-05 0.52249 9.99738E-05 0.47721 9.99738E-05
9.99824E-05 9.99824E-05 0.0544477 0.858386 0.0869659
9.999E-05 0.521452 0.169953 0.258982 0.0495126
0.148189 0.566233 9.99824E-05 9.99824E-05 0.285378
9.99823E-05 0.185089 0.48478 0.32993 9.99823E-05
0.412321 0.431459 9.99824E-05 9.99824E-05 0.15602
9.99735E-05 0.038465 0.961235 9.99735E-05 9.99735E-05
0.326623 9.99824E-05 0.629162 0.0440158 9.99824E-05
0.0603884 0.00889267 9.99912E-05 0.851547 0.0790719
9.99824E-05 9.99824E-05 0.00853985 0.641321 0.349939
9.999E-05 0.0254197 0.121508 0.266981 0.585992
9.99824E-05 0.31104 0.0621061 0.626654 9.99824E-05
0.0194754 0.441134 0.324127 9.99912E-05 0.215164
0.00526736 9.99912E-05 0.374615 0.22745 0.392567
9.997E-05 9.997E-05 0.9996 9.997E-05 9.997E-05
0.0359064 0.963794 9.99736E-05 9.99736E-05 9.99736E-05
9.99738E-05 0.612316 9.99738E-05 9.99738E-05 0.387384
0.0682975 9.99737E-05 0.931403 9.99737E-05 9.99737E-05
9.99736E-05 9.99736E-05 0.454916 0.544784 9.99736E-05
9.99738E-05 0.75417 9.99738E-05 9.99738E-05 0.24553
9.99825E-05 0.411807 9.99825E-05 0.159956 0.428037
0.264105 9.99826E-05 0.431076 9.99826E-05 0.304619
9.9974E-05 0.466546 9.9974E-05 9.9974E-05 0.533154
0.349519 0.0120825 0.367837 0.0259901 0.244572
9.99912E-05 0.815349 0.0252824 0.1399 0.0193678
9.99826E-05 0.141727 0.420409 9.99826E-05 0.437664
9.997E-05 9.997E-05 9.997E-05 0.9996 9.997E-05
9.99825E-05 0.000766659 0.87355 9.99825E-05 0.125483
9.99737E-05 9.99737E-05 9.99737E-05 0.288266 0.711434
9.99738E-05 9.99738E-05 0.241402 9.99738E-05 0.758298
9.99736E-05 9.99736E-05 9.99736E-05 0.332485 0.667215
0.0642462 9.99912E-05 0.0826629 0.388885 0.464106
9.99736E-05 9.99736E-05 0.360827 0.638873 9.99736E-05
0.356175 9.99738E-05 0.643525 9.99738E-05 9.99738E-05
9.99739E-05 0.686081 9.99739E-05 0.313619 9.99739E-05
0.451761 9.99824E-05 0.318382 9.99824E-05 0.229657
9.99737E-05 9.99737E-05 0.324558 0.675142 9.99737E-05
9.99824E-05 0.647433 9.99824E-05 0.160698 0.191669
0.334522 0.191651 0.132231 0.0290197 0.312576
9.99823E-05 9.99823E-05 0.285399 0.554792 0.159609
9.99736E-05 9.99736E-05 0.378749 0.620951 9.99736E-05
9.99737E-05 0.586747 9.99737E-05 0.412953 9.99737E-05
9.99825E-05 9.99825E-05 0.242544 0.635915 0.12134
9.99824E-05 0.669839 0.264988 9.99824E-05 0.0649728
9.99912E-05 0.0139279 0.726642 0.18747 0.0718607
0.386733 0.182197 0.43087 9.99825E-05 9.99825E-05
0.338064 9.99737E-05 9.99737E-05 0.661636 9.99737E-05
0.366258 9.99825E-05 0.517382 0.11616 9.99825E-05
9.99826E-05 9.99826E-05 0.411906 0.432978 0.154916
0.984081 9.99738E-05 0.0156187 9.99738E-05 9.99738E-05
9.99734E-05 9.99734E-05 0.135922 9.99734E-05 0.863778
9.99825E-05 0.500926 0.429688 0.0691862 9.99825E-05
0.0949128 0.841771 0.063116 9.99824E-05 9.99824E-05
0.283212 9.99823E-05 0.0107604 0.705828 9.99823E-05
9.99737E-05 0.863644 9.99737E-05 0.136056 9.99737E-05
0.508431 0.178123 0.104301 0.0200752 0.189069
0.413949 9.99824E-05 0.124842 0.461009 9.99824E-05
9.997E-05 9.997E-05 9.997E-05 0.9996 9.997E-05
0.810723 0.0950492 9.99824E-05 0.0940282 9.99824E-05
9.99734E-05 9.99734E-05 0.725131 0.274569 9.99734E-05
0.757846 0.0743706 0.0611984 9.99912E-05 0.106485
9.99823E-05 0.4882 0.173604 9.99823E-05 0.337996
9.99824E-05 9.99824E-05 0.147169 0.789703 0.0629278
0.36796 9.99737E-05 0.63174 9.99737E-05 9.99737E-05
0.352578 0.436671 9.99825E-05 0.21055 9.99825E-05
9.99735E-05 0.8806 9.99735E-05 0.1191 9.99735E-05
0.2937 0.0344231 9.99824E-05 0.671677 9.99824E-05
0.631239 9.99737E-05 9.99737E-05 0.368461 9.99737E-05
9.99738E-05 0.748926 0.250774 9.99738E-05 9.99738E-05
9.99826E-05 0.224951 9.99826E-05 0.425971 0.348878
9.99824E-05 0.0557336 0.323777 0.620289 9.99824E-05
9.99736E-05 0.727574 0.272126 9.99736E-05 9.99736E-05
9.99824E-05 0.561335 0.140799 0.297666 9.99824E-05
9.99738E-05 9.99738E-05 9.99738E-05 0.770694 0.229006
9.99912E-05 0.397844 0.318764 0.0430108 0.240281
0.101229 9.99738E-05 9.99738E-05 0.898471 9.99738E-05
9.99824E-05 0.121139 0.864087 9.99824E-05 0.0145736
9.99824E-05 9.99824E-05 0.466764 0.528085 0.00495067
9.99825E-05 0.0759994 9.99825E-05 0.106782 0.817018
9.99824E-05 0.415684 0.298728 9.99824E-05 0.285388
0.396717 9.99824E-05 0.290437 9.99824E-05 0.312646
0.101137 9.99913E-05 0.139323 0.169048 0.590392
9.99913E-05 0.59382 0.316709 0.030247 0.0591241
9.99825E-05 0.622952 0.0462647 9.99825E-05 0.330583
0.346582 0.243419 9.99912E-05 0.291723 0.118177
0.578302 9.99739E-05 0.421398 9.99739E-05 9.99739E-05
0.225249 9.99739E-05 9.99739E-05 0.774451 9.99739E-05
0.230863 0.50696 0.261977 9.99824E-05 9.99824E-05
9.99827E-05 0.944451 0.0134316 0.0419175 9.99827E-05
0.595447 9.99824E-05 9.99824E-05 0.299936 0.104417
9.99824E-05 0.814617 9.99824E-05 0.0749253 0.110258
9.99824E-05 0.605902 0.209176 9.99824E-05 0.184722
0.437449 0.231924 9.99824E-05 9.99824E-05 0.330427
9.99912E-05 0.278351 0.120021 0.456485 0.145043
0.237516 0.070504 9.99913E-05 0.0758386 0.616041
9.99823E-05 0.592098 9.99823E-05 0.386581 0.0211215
9.99826E-05 9.99826E-05 0.882096 0.0062204 0.111484
9.99823E-05 9.99823E-05 0.257848 0.701129 0.0408228
0.0491449 9.99913E-05 0.0340353 0.850827 0.0658923
0.23584 0.225728 9.99826E-05 0.538232 9.99826E-05
9.99738E-05 0.926763 0.0729371 9.99738E-05 9.99738E-05
0.292247 9.99824E-05 0.0779523 9.99824E-05 0.6296
0.439121 0.560579 9.99736E-05 9.99736E-05 9.99736E-05
0.149336 9.99824E-05 9.99824E-05 0.628487 0.221977
0.397433 9.99826E-05 0.555388 9.99826E-05 0.0469794
9.99737E-05 9.99737E-05 9.99737E-05 0.782182 0.217518
9.99825E-05 0.143015 0.23075 0.626035 9.99825E-05
9.99827E-05 0.31 0.624834 0.0649666 9.99827E-05
0.248082 9.99825E-05 0.207762 0.543957 9.99825E-05
9.99735E-05 0.954182 0.0455179 9.99735E-05 9.99735E-05
0.0311989 0.284343 0.0891319 9.99912E-05 0.595226
9.99824E-05 0.27531 0.466865 9.99824E-05 0.257625
0.151587 9.99824E-05 9.99824E-05 0.293088 0.555125
0.128996 9.99912E-05 0.38058 0.079676 0.410647
9.99827E-05 0.366026 9.99827E-05 0.0501832 0.58359
0.0730042 9.99825E-05 9.99825E-05 0.699551 0.227245
0.303389 0.155836 9.99825E-05 9.99825E-05 0.540575
0.0139479 0.031677 0.438986 0.513689 0.0017006
9.99824E-05 9.99824E-05 0.234736 0.109983 0.655081
0.0496486 0.613702 9.99912E-05 0.24411 0.0924393
0.191732 9.99824E-05 0.734311 9.99824E-05 0.0737564
9.99736E-05 0.714589 9.99736E-05 9.99736E-05 0.285111
0.14063 9.99911E-05 0.397257 0.128636 0.333377
0.0379362 9.99824E-05 0.72382 9.99824E-05 0.238044
0.413187 9.99912E-05 0.0847796 0.223069 0.278864
9.99912E-05 0.209504 0.129021 0.302018 0.359357
9.99912E-05 0.187324 0.338209 0.204493 0.269875
0.303547 0.696153 9.99738E-05 9.99738E-05 9.99738E-05
0.297306 9.99737E-05 9.99737E-05 0.702394 9.99737E-05
9.99912E-05 0.286708 0.336045 0.20322 0.173926
9.99737E-05 0.297189 9.99737E-05 9.99737E-05 0.702511
0.0519842 0.699773 0.0563497 0.191793 9.99912E-05
0.312165 0.437497 0.244573 0.0056651 9.99912E-05
0.283734 0.214311 0.501756 9.99823E-05 9.99823E-05
9.997E-05 9.997E-05 9.997E-05 0.9996 9.997E-05
0.414153 0.585547 9.99735E-05 9.99735E-05 9.99735E-05
9.99824E-05 0.0829095 9.99824E-05 0.353187 0.563703
0.0229092 9.99825E-05 9.99825E-05 0.53595 0.44094
9.99735E-05 0.561941 9.99735E-05 0.437759 9.99735E-05
9.99825E-05 9.99825E-05 0.756354 0.185185 0.0582608
9.99738E-05 0.789339 0.210361 9.99738E-05 9.99738E-05
9.99736E-05 0.50466 0.49504 9.99736E-05 9.99736E-05
9.997E-05 9.997E-05 9.997E-05 0.9996 9.997E-05
9.99824E-05 0.311893 9.99824E-05 0.399402 0.288506
0.377076 0.0278666 0.21585 0.379107 9.99912E-05
0.390831 0.327311 9.99912E-05 0.0432974 0.238461
0.089658 0.203612 9.99825E-05 0.70653 9.99825E-05
0.120065 0.190595 0.271536 9.99912E-05 0.417705
9.99737E-05 0.588512 9.99737E-05 0.411188 9.99737E-05
9.99825E-05 0.588275 0.342912 0.0686127 9.99825E-05
0.0785417 9.99913E-05 0.0491408 0.325844 0.546374
0.057902 9.99826E-05 0.215943 0.725955 9.99826E-05
0.192267 0.425969 9.99825E-05 0.381564 9.99825E-05
0.438097 9.99825E-05 9.99825E-05 0.438941 0.122762
9.997E-05 9.997E-05 9.997E-05 0.9996 9.997E-05
9.99735E-05 9.99735E-05 0.520078 9.99735E-05 0.479622
0.110571 0.732424 0.0633505 0.0935551 9.99912E-05
9.99824E-05 0.0502448 9.99824E-05 0.562807 0.386748
9.99738E-05 0.163732 9.99738E-05 0.835968 9.99738E-05
9.99912E-05 0.34763 0.119333 0.116965 0.415972
9.99826E-05 0.208031 0.504803 0.286966 9.99826E-05
0.753059 9.99737E-05 9.99737E-05 0.246641 9.99737E-05
9.99824E-05 0.358196 0.613947 0.0276577 9.99824E-05
0.25382 9.99913E-05 0.170256 0.428456 0.147369
0.404623 9.99825E-05 0.360585 0.234592 9.99825E-05
0.196944 0.802756 9.99738E-05 9.99738E-05 9.99738E-05
9.99825E-05 0.168563 9.99825E-05 0.518398 0.312839
0.483193 9.99912E-05 0.143289 0.3731 0.00031741
0.116694 0.260147 9.99824E-05 9.99824E-05 0.622959
9.99912E-05 0.0714433 0.485667 0.296688 0.146102
0.124055 0.070168 0.162192 0.580991 0.0625944
0.503917 9.99823E-05 9.99823E-05 0.198081 0.297802
0.511911 0.0805917 0.181535 0.225863 9.99912E-05
0.109712 0.26153 9.99912E-05 0.280916 0.347741
0.34676 0.163527 0.40666 9.99912E-05 0.0829529
0.0787132 9.99738E-05 9.99738E-05 9.99738E-05 0.920987
9.99825E-05 9.99825E-05 0.0896184 0.50184 0.408342
9.99826E-05 0.0234604 9.99826E-05 0.067409 0.908931
9.99736E-05 0.297242 9.99736E-05 0.702458 9.99736E-05
0.12117 0.441743 9.99825E-05 9.99825E-05 0.436887
0.386133 0.374618 9.99912E-05 0.190501 0.0486486
0.287814 9.99825E-05 0.222331 9.99825E-05 0.489655
9.99826E-05 9.99826E-05 0.0857749 0.497453 0.416572
0.245014 0.421092 0.179326 0.0341471 0.120421
9.99823E-05 9.99823E-05 0.621649 0.226212 0.151939
0.0595531 0.322257 0.61799 9.99823E-05 9.99823E-05
0.185012 9.99912E-05 0.387324 0.408415 0.0191491
0.0860806 0.552709 9.99912E-05 0.291816 0.0692942
9.99824E-05 0.865863 0.0275471 0.10639 9.99824E-05
9.99735E-05 0.715235 9.99735E-05 9.99735E-05 0.284465
9.99826E-05 0.649386 0.339279 9.99826E-05 0.0111355
9.9974E-05 0.694941 9.9974E-05 9.9974E-05 0.304759
0.246607 0.743596 9.99824E-05 0.00959772 9.99824E-05
0.104667 9.99913E-05 0.0805131 0.0400137 0.774706
9.99736E-05 9.99736E-05 0.546328 9.99736E-05 0.453372
9.997E-05 9.997E-05 9.997E-05 0.9996 9.997E-05
0.103409 0.0700459 9.99824E-05 9.99824E-05 0.826346
9.99824E-05 0.578495 0.176927 9.99824E-05 0.244378
9.99912E-05 0.0717663 0.19071 0.611276 0.126148
9.99735E-05 9.99735E-05 0.42023 9.99735E-05 0.579471
9.99738E-05 9.99738E-05 9.99738E-05 0.930608 0.0690922
9.9974E-05 9.9974E-05 9.9974E-05 0.608551 0.391149
9.99738E-05 9.99738E-05 9.99738E-05 0.426589 0.573111
9.99912E-05 0.168292 0.398046 0.242614 0.190948
0.275158 0.616891 9.99824E-05 9.99824E-05 0.107751
9.99824E-05 9.99824E-05 0.193024 0.619307 0.187469
0.163208 0.836492 9.99738E-05 9.99738E-05 9.99738E-05
0.0608774 9.99823E-05 0.477805 9.99823E-05 0.461118
9.99912E-05 0.642941 0.0767476 0.127011 0.1532
0.540937 9.99912E-05 0.210072 0.149108 0.0997834
9.99735E-05 0.586501 9.99735E-05 9.99735E-05 0.413199
9.99736E-05 0.476971 9.99736E-05 0.522729 9.99736E-05
9.997E-05 0.9996 9.997E-05 9.997E-05 9.997E-05
0.0378312 0.345422 9.99824E-05 0.616547 9.99824E-05
9.99736E-05 9.99736E-05 0.0814602 0.91824 9.99736E-05
9.99738E-05 9.99738E-05 9.99738E-05 0.156024 0.843676
0.325504 9.99824E-05 0.142785 0.531512 9.99824E-05
0.0502309 9.99824E-05 0.61919 0.330379 9.99824E-05
9.99735E-05 0.993897 9.99735E-05 0.00580323 9.99735E-05
9.997E-05 0.9996 9.997E-05 9.997E-05 9.997E-05
0.574952 0.0716659 9.99825E-05 0.353182 9.99825E-05
9.99825E-05 9.99825E-05 0.406945 0.0462846 0.546571
9.997E-05 9.997E-05 9.997E-05 0.9996 9.997E-05
9.99825E-05 0.0894108 0.0249566 0.885433 9.99825E-05
0.186917 0.058373 0.490691 0.263919 9.99913E-05
9.99913E-05 0.0149301 0.474195 0.349212 0.161562
9.99825E-05 0.191065 0.0906151 0.718119 9.99825E-05
9.99735E-05 0.28123 9.99735E-05 0.71847 9.99735E-05
9.99823E-05 0.499952 9.99823E-05 0.456899 0.0429486
0.803174 0.129936 9.99824E-05 0.0666903 9.99824E-05
9.99737E-05 0.147674 9.99737E-05 9.99737E-05 0.852026
9.99823E-05 0.299113 0.139332 0.561356 9.99823E-05
9.99739E-05 0.78774 9.99739E-05 0.21196 9.99739E-05
0.302333 0.532609 9.99913E-05 0.0341272 0.13083
0.361002 0.373196 0.116914 0.015481 0.133407
0.603 9.99736E-05 9.99736E-05 0.3967 9.99736E-05
9.99825E-05 0.407059 0.0616705 0.53107 9.99825E-05
0.00354157 0.324914 9.99825E-05 9.99825E-05 0.671345
9.99736E-05 0.792809 0.206891 9.99736E-05 9.99736E-05
0.217929 9.99739E-05 9.99739E-05 0.781771 9.99739E-05
9.99735E-05 0.533514 9.99735E-05 9.99735E-05 0.466186
9.99824E-05 0.576924 9.99824E-05 0.192617 0.230258
0.0623538 9.99825E-05 0.581131 0.356316 9.99825E-05
9.99825E-05 9.99825E-05 0.881527 0.103046 0.0152273
9.99736E-05 9.99736E-05 0.670968 0.328732 9.99736E-05
0.303481 9.99825E-05 0.344236 0.352083 9.99825E-05
0.657052 9.99824E-05 9.99824E-05 0.206434 0.136314
9.99823E-05 0.320053 9.99823E-05 0.390779 0.288969
9.99825E-05 0.0913018 0.0533388 0.855159 9.99825E-05
0.14944 0.0983375 9.99912E-05 0.324781 0.427341
9.99912E-05 0.0147486 0.178389 0.4708 0.335962
9.997E-05 9.997E-05 0.9996 9.997E-05 9.997E-05
9.99735E-05 9.99735E-05 0.388049 9.99735E-05 0.611651
9.99825E-05 9.99825E-05 0.73736 0.156954 0.105486
9.99736E-05 0.482595 9.99736E-05 0.517105 9.99736E-05
9.99736E-05 0.325539 9.99736E-05 0.674161 9.99736E-05
9.99823E-05 0.209438 9.99823E-05 0.322817 0.467545
0.0548151 0.555258 9.99912E-05 0.264064 0.125763
9.99824E-05 0.784538 0.0596887 0.155573 9.99824E-05
0.12064 0.116698 0.686364 9.99912E-05 0.0761968
0.104498 9.99735E-05 9.99735E-05 0.895202 9.99735E-05
