0.0789326 0.0327717 9.99641E-05 0.00754308 9.99641E-05 0.70353 9.99641E-05 9.99641E-05 0.176823
9.9955E-05 0.0490721 9.9955E-05 9.9955E-05 9.9955E-05 0.842946 0.102697 0.00478518 9.9955E-05
0.627655 0.0184129 9.99461E-05 9.99461E-05 9.99461E-05 0.353333 9.99461E-05 9.99461E-05 9.99461E-05
9.99372E-05 0.0116536 9.99372E-05 9.99372E-05 9.99372E-05 9.99372E-05 0.987647 9.99372E-05 9.99372E-05
0.116657 9.9955E-05 9.9955E-05 0.749665 9.9955E-05 9.9955E-05 0.00300388 9.9955E-05 0.130175
0.0551671 0.053494 9.99461E-05 9.99461E-05 0.890739 9.99461E-05 9.99461E-05 9.99461E-05 9.99461E-05
9.9946E-05 0.0632231 0.0411278 9.9946E-05 9.9946E-05 9.9946E-05 9.9946E-05 9.9946E-05 0.895049
0.00999729 9.99461E-05 0.059256 9.99461E-05 9.99461E-05 0.930147 9.99461E-05 9.99461E-05 9.99461E-05
9.99371E-05 0.680885 9.99371E-05 9.99371E-05 0.318415 9.99371E-05 9.99371E-05 9.99371E-05 9.99371E-05
9.9946E-05 9.9946E-05 0.329173 0.460075 9.9946E-05 9.9946E-05 9.9946E-05 9.9946E-05 0.210152
9.993E-05 9.993E-05 0.999201 9.993E-05 9.993E-05 9.993E-05 9.993E-05 9.993E-05 9.993E-05
9.994E-05 9.994E-05 9.994E-05 9.994E-05 0.154846 0.833748 0.010806 9.994E-05 9.994E-05
0.0261045 0.274756 0.0240906 0.328118 9.9973E-05 0.0146583 9.9973E-05 9.9973E-05 0.331973
9.993E-05 9.993E-05 9.993E-05 9.993E-05 9.993E-05 9.993E-05 9.993E-05 9.993E-05 0.999201
9.99372E-05 9.99372E-05 0.0500759 0.949225 9.99372E-05 9.99372E-05 9.99372E-05 9.99372E-05 9.99372E-05
9.993E-05 0.999201 9.993E-05 9.993E-05 9.993E-05 9.993E-05 9.993E-05 9.993E-05 9.993E-05
9.99461E-05 9.99461E-05 9.99461E-05 9.99461E-05 0.117128 0.682084 0.200188 9.99461E-05 9.99461E-05
9.9955E-05 0.577483 0.260764 0.0669181 0.0943348 9.9955E-05 9.9955E-05 9.9955E-05 9.9955E-05
9.9937E-05 9.9937E-05 9.9937E-05 9.9937E-05 0.946676 0.0526241 9.9937E-05 9.9937E-05 9.9937E-05
9.993E-05 9.993E-05 9.993E-05 9.993E-05 9.993E-05 9.993E-05 9.993E-05 0.999201 9.993E-05
9.99551E-05 0.0847389 9.99551E-05 9.99551E-05 9.99551E-05 0.0263425 9.99551E-05 0.835796 0.052623
9.99641E-05 0.61083 0.0187738 9.99641E-05 0.209331 0.0436673 0.116998 9.99641E-05 9.99641E-05
9.99461E-05 0.71349 9.99461E-05 0.265115 9.99461E-05 9.99461E-05 9.99461E-05 0.0207953 9.99461E-05
9.9946E-05 9.9946E-05 0.0912992 9.9946E-05 9.9946E-05 9.9946E-05 0.779406 0.128695 9.9946E-05
0.944492 9.99371E-05 9.99371E-05 9.99371E-05 0.0548086 9.99371E-05 9.99371E-05 9.99371E-05 9.99371E-05
9.9946E-05 0.1096 9.9946E-05 0.872367 9.9946E-05 9.9946E-05 9.9946E-05 0.0174338 9.9946E-05
0.0268281 9.99371E-05 9.99371E-05 9.99371E-05 9.99371E-05 9.99371E-05 0.972472 9.99371E-05 9.99371E-05
9.994E-05 9.994E-05 9.994E-05 0.0913794 0.546252 9.994E-05 9.994E-05 9.994E-05 0.361769
9.993E-05 9.993E-05 9.993E-05 9.993E-05 9.993E-05 0.999201 9.993E-05 9.993E-05 9.993E-05
9.99641E-05 9.99641E-05 0.0169607 9.99641E-05 0.580574 0.301602 0.087748 9.99641E-05 0.0127157
0.705248 9.99461E-05 0.0877386 9.99461E-05 9.99461E-05 9.99461E-05 9.99461E-05 9.99461E-05 0.206413
0.862367 9.99371E-05 9.99371E-05 9.99371E-05 9.99371E-05 9.99371E-05 9.99371E-05 9.99371E-05 0.136934
9.9946E-05 9.9946E-05 0.113346 0.0821624 9.9946E-05 9.9946E-05 9.9946E-05 9.9946E-05 0.803892
0.000403583 0.173225 0.048899 9.99551E-05 0.776972 9.99551E-05 9.99551E-05 9.99551E-05 9.99551E-05
9.9946E-05 9.9946E-05 9.9946E-05 9.9946E-05 0.121998 0.120871 0.756531 9.9946E-05 9.9946E-05
9.99461E-05 0.914883 9.99461E-05 9.99461E-05 9.99461E-05 0.00317633 9.99461E-05 0.0813415 9.99461E-05
9.99461E-05 0.138453 9.99461E-05 9.99461E-05 0.766946 9.99461E-05 9.99461E-05 0.0940015 9.99461E-05
0.0495884 0.0786927 0.0201954 9.99551E-05 0.851024 9.99551E-05 9.99551E-05 9.99551E-05 9.99551E-05
9.9946E-05 9.9946E-05 0.903664 9.9946E-05 0.034397 0.0613395 9.9946E-05 9.9946E-05 9.9946E-05
9.99462E-05 9.99462E-05 9.99462E-05 9.99462E-05 0.770369 9.99462E-05 0.195204 0.0338276 9.99462E-05
9.9937E-05 9.9937E-05 9.9937E-05 9.9937E-05 0.777511 0.221789 9.9937E-05 9.9937E-05 9.9937E-05
9.99371E-05 9.99371E-05 9.99371E-05 9.99371E-05 0.237522 0.761778 9.99371E-05 9.99371E-05 9.99371E-05
9.993E-05 9.993E-05 9.993E-05 9.993E-05 9.993E-05 9.993E-05 9.993E-05 0.999201 9.993E-05
0.999201 9.993E-05 9.993E-05 9.993E-05 9.993E-05 9.993E-05 9.993E-05 9.993E-05 9.993E-05
9.99461E-05 9.99461E-05 9.99461E-05 0.715457 9.99461E-05 9.99461E-05 9.99461E-05 0.168566 0.115377
9.99461E-05 0.0630398 9.99461E-05 9.99461E-05 9.99461E-05 0.835749 0.100612 9.99461E-05 9.99461E-05
9.99461E-05 0.522883 9.99461E-05 9.99461E-05 0.144956 9.99461E-05 9.99461E-05 0.331562 9.99461E-05
9.99373E-05 0.203432 9.99373E-05 9.99373E-05 0.795869 9.99373E-05 9.99373E-05 9.99373E-05 9.99373E-05
9.99551E-05 9.99551E-05 9.99551E-05 0.89887 0.00615774 9.99551E-05 0.0651106 0.0293615 9.99551E-05
9.99461E-05 9.99461E-05 9.99461E-05 9.99461E-05 0.167321 9.99461E-05 9.99461E-05 0.769143 0.0629366
