9.99551E-05 0.629266 9.99551E-05 0.18717 0.106731 9.99551E-05 9.99551E-05 9.99551E-05 0.0763336
9.99371E-05 0.898445 9.99371E-05 9.99371E-05 9.99371E-05 9.99371E-05 9.99371E-05 9.99371E-05 0.100855
9.9955E-05 0.263506 9.9955E-05 0.689704 9.9955E-05 9.9955E-05 9.9955E-05 0.00536284 0.0409272
9.99462E-05 0.540861 0.245917 9.99462E-05 0.212622 9.99462E-05 9.99462E-05 9.99462E-05 9.99462E-05
0.856982 9.9946E-05 9.9946E-05 0.133345 9.9946E-05 9.9946E-05 0.00907322 9.9946E-05 9.9946E-05
9.9946E-05 9.9946E-05 0.883557 0.0846537 9.9946E-05 0.0311892 9.9946E-05 9.9946E-05 9.9946E-05
9.9946E-05 9.9946E-05 9.9946E-05 9.9946E-05 0.769483 0.11391 9.9946E-05 9.9946E-05 0.116007
9.99462E-05 0.844485 9.99462E-05 0.0685272 9.99462E-05 0.0863879 9.99462E-05 9.99462E-05 9.99462E-05
9.99372E-05 9.99372E-05 0.40412 9.99372E-05 9.99372E-05 9.99372E-05 9.99372E-05 9.99372E-05 0.595181
0.733273 9.9946E-05 9.9946E-05 9.9946E-05 0.103148 0.16298 9.9946E-05 9.9946E-05 9.9946E-05
9.993E-05 9.993E-05 9.993E-05 9.993E-05 9.993E-05 0.999201 9.993E-05 9.993E-05 9.993E-05
9.9955E-05 0.825636 0.147926 9.9955E-05 0.00572735 9.9955E-05 9.9955E-05 0.02021 9.9955E-05
0.425227 9.9973E-05 0.00105587 0.168044 0.102439 9.9973E-05 0.0369939 9.9973E-05 0.265941
9.99371E-05 9.99371E-05 9.99371E-05 9.99371E-05 0.915622 9.99371E-05 0.0836781 9.99371E-05 9.99371E-05
0.99103 9.99372E-05 0.00827085 9.99372E-05 9.99372E-05 9.99372E-05 9.99372E-05 9.99372E-05 9.99372E-05
9.993E-05 9.993E-05 9.993E-05 9.993E-05 9.993E-05 9.993E-05 9.993E-05 9.993E-05 0.999201
9.99461E-05 0.829885 0.147548 0.021967 9.99461E-05 9.99461E-05 9.99461E-05 9.99461E-05 9.99461E-05
0.0458326 9.9955E-05 0.0683096 9.9955E-05 9.9955E-05 0.36193 9.9955E-05 9.9955E-05 0.523428
9.993E-05 9.993E-05 0.999201 9.993E-05 9.993E-05 9.993E-05 9.993E-05 9.993E-05 9.993E-05
9.993E-05 9.993E-05 9.993E-05 9.993E-05 9.993E-05 9.993E-05 9.993E-05 0.999201 9.993E-05
9.99461E-05 9.99461E-05 9.99461E-05 9.99461E-05 9.99461E-05 9.99461E-05 0.170621 0.624552 0.204227
9.99551E-05 0.145734 0.181315 9.99551E-05 9.99551E-05 9.99551E-05 0.0690688 9.99551E-05 0.603382
0.16665 9.99461E-05 9.99461E-05 9.99461E-05 0.00482452 9.99461E-05 9.99461E-05 9.99461E-05 0.827926
9.9964E-05 0.42661 9.9964E-05 0.169046 9.9964E-05 0.0291834 0.00479419 0.369967 9.9964E-05
9.99461E-05 9.99461E-05 0.000558287 0.926921 9.99461E-05 9.99461E-05 0.0719213 9.99461E-05 9.99461E-05
0.738897 9.99371E-05 9.99371E-05 9.99371E-05 9.99371E-05 9.99371E-05 9.99371E-05 9.99371E-05 0.260403
9.99462E-05 0.595559 0.0431009 0.360741 9.99462E-05 9.99462E-05 9.99462E-05 9.99462E-05 9.99462E-05
9.993E-05 9.993E-05 9.993E-05 9.993E-05 9.993E-05 9.993E-05 0.999201 9.993E-05 9.993E-05
9.99463E-05 0.898707 9.99463E-05 9.99463E-05 9.99463E-05 0.00633094 9.99463E-05 9.99463E-05 0.0943624
9.99462E-05 0.300906 0.549794 9.99462E-05 9.99462E-05 9.99462E-05 0.1487 9.99462E-05 9.99462E-05
9.993E-05 9.993E-05 9.993E-05 9.993E-05 0.999201 9.993E-05 9.993E-05 9.993E-05 9.993E-05
9.99371E-05 9.99371E-05 9.99371E-05 0.9473 0.0520003 9.99371E-05 9.99371E-05 9.99371E-05 9.99371E-05
0.4424 9.9946E-05 9.9946E-05 9.9946E-05 0.54651 0.0104907 9.9946E-05 9.9946E-05 9.9946E-05
9.994E-05 9.994E-05 0.769603 0.115812 9.994E-05 9.994E-05 9.994E-05 9.994E-05 0.113985
9.99551E-05 0.664915 0.139474 0.152676 9.99551E-05 9.99551E-05 0.0424356 9.99551E-05 9.99551E-05
9.9955E-05 0.00608896 0.0333311 9.9955E-05 9.9955E-05 9.9955E-05 9.9955E-05 0.0452711 0.914809
9.9955E-05 9.9955E-05 0.711541 9.9955E-05 9.9955E-05 9.9955E-05 0.0652463 0.032553 0.19016
9.9964E-05 9.9964E-05 0.813874 9.9964E-05 0.0280204 0.0519461 0.0147531 9.9964E-05 0.0910068
9.99371E-05 0.0577565 9.99371E-05 9.99371E-05 9.99371E-05 0.941544 9.99371E-05 9.99371E-05 9.99371E-05
0.0256178 0.0879133 0.838595 9.99552E-05 9.99552E-05 9.99552E-05 9.99552E-05 0.0473738 9.99552E-05
9.9946E-05 0.209308 0.74078 9.9946E-05 9.9946E-05 9.9946E-05 0.0493124 9.9946E-05 9.9946E-05
9.99461E-05 0.883531 0.107562 9.99461E-05 9.99461E-05 9.99461E-05 0.00830717 9.99461E-05 9.99461E-05
9.993E-05 9.993E-05 9.993E-05 9.993E-05 9.993E-05 9.993E-05 9.993E-05 0.999201 9.993E-05
9.9946E-05 9.9946E-05 9.9946E-05 0.963395 0.0147178 0.0212875 9.9946E-05 9.9946E-05 9.9946E-05
0.877495 9.99551E-05 9.99551E-05 9.99551E-05 9.99551E-05 9.99551E-05 0.0456801 0.0743046 0.00202024
9.99371E-05 0.925355 9.99371E-05 9.99371E-05 9.99371E-05 9.99371E-05 9.99371E-05 9.99371E-05 0.0739452
9.9946E-05 9.9946E-05 0.158129 9.9946E-05 9.9946E-05 9.9946E-05 9.9946E-05 0.200238 0.641033
9.99372E-05 9.99372E-05 0.754882 9.99372E-05 9.99372E-05 9.99372E-05 9.99372E-05 9.99372E-05 0.244418
0.235505 9.99461E-05 9.99461E-05 0.114496 9.99461E-05 9.99461E-05 9.99461E-05 0.6494 9.99461E-05
9.9937E-05 9.9937E-05 0.231393 9.9937E-05 9.9937E-05 9.9937E-05 9.9937E-05 0.767907 9.9937E-05
