9.99821E-05 0.080438 9.99821E-05 0.664396 0.254966
9.9973E-05 0.0471372 9.9973E-05 0.952563 9.9973E-05
9.9973E-05 9.9973E-05 9.9973E-05 0.408343 0.591357
0.220784 9.9991E-05 0.0715046 0.577572 0.13004
0.0320674 9.9973E-05 0.967633 9.9973E-05 9.9973E-05
0.869241 9.9991E-05 0.0154981 0.0398338 0.0753274
0.106061 9.9982E-05 0.507641 9.9982E-05 0.386098
9.99731E-05 9.99731E-05 0.00920273 0.990497 9.99731E-05
0.669057 0.330644 9.99731E-05 9.99731E-05 9.99731E-05
9.997E-05 9.997E-05 0.9996 9.997E-05 9.997E-05
9.99731E-05 9.99731E-05 0.923954 9.99731E-05 0.0757465
0.0413447 0.0108475 9.9982E-05 0.947608 9.9982E-05
0.120594 0.242031 0.506086 9.9991E-05 0.131189
0.0567202 9.9991E-05 0.106101 0.029235 0.807844
9.997E-05 0.225698 0.774002 9.997E-05 9.997E-05
0.0391281 0.828219 9.99821E-05 9.99821E-05 0.132453
0.0212802 9.9982E-05 0.0189747 0.959545 9.9982E-05
0.300171 0.350649 0.307152 9.9991E-05 0.0419276
0.97798 9.9973E-05 9.9973E-05 0.0217201 9.9973E-05
0.00533441 0.975464 9.9982E-05 0.0190013 9.9982E-05
0.132997 0.804919 0.0384864 0.0234968 9.9991E-05
0.398895 0.400914 9.9982E-05 0.199991 9.9982E-05
9.9973E-05 0.92761 9.9973E-05 9.9973E-05 0.0720901
0.101659 0.198467 9.9991E-05 0.407358 0.292416
0.0482931 9.99731E-05 9.99731E-05 9.99731E-05 0.951407
9.9973E-05 0.582414 0.417286 9.9973E-05 9.9973E-05
0.0633512 9.99821E-05 9.99821E-05 0.615479 0.320969
0.635111 0.00473259 0.240883 9.9991E-05 0.119174
9.99732E-05 0.00808681 9.99732E-05 0.991613 9.99732E-05
0.592828 9.99821E-05 0.010987 0.395985 9.99821E-05
9.99731E-05 9.99731E-05 0.0285067 9.99731E-05 0.971193
9.99731E-05 9.99731E-05 0.0399094 9.99731E-05 0.959791
9.9973E-05 9.9973E-05 0.88273 9.9973E-05 0.11697
0.94336 9.9973E-05 9.9973E-05 9.9973E-05 0.0563398
0.0617252 9.9982E-05 9.9982E-05 0.899642 0.0384327
0.104481 0.883653 9.9991E-05 0.00315725 0.00860871
0.88714 0.11256 9.997E-05 9.997E-05 9.997E-05
0.896081 0.00417432 9.9991E-05 0.0188005 0.0808439
0.0984522 9.9991E-05 0.573487 0.0999385 0.228022
0.865478 9.99821E-05 0.0356578 0.0986644 9.99821E-05
0.77627 9.9973E-05 9.9973E-05 0.22343 9.9973E-05
0.0588136 9.997E-05 9.997E-05 0.940887 9.997E-05
9.997E-05 0.9996 9.997E-05 9.997E-05 9.997E-05
9.997E-05 9.997E-05 9.997E-05 9.997E-05 0.9996
9.997E-05 0.364489 0.635212 9.997E-05 9.997E-05
9.997E-05 9.997E-05 9.997E-05 0.9996 9.997E-05
0.274048 0.725652 9.9973E-05 9.9973E-05 9.9973E-05
0.836492 0.163208 9.997E-05 9.997E-05 9.997E-05
9.99821E-05 0.418671 0.449969 0.13116 9.99821E-05
0.243963 0.686627 0.0692101 9.99821E-05 9.99821E-05
