9.9982E-05 0.0620361 0.23677 9.9982E-05 0.700994
0.0795353 9.9973E-05 9.9973E-05 9.9973E-05 0.920165
9.9973E-05 9.9973E-05 0.486226 9.9973E-05 0.513474
0.9996 9.997E-05 9.997E-05 9.997E-05 9.997E-05
9.9973E-05 0.386956 0.612744 9.9973E-05 9.9973E-05
9.998E-05 9.998E-05 0.123129 0.868866 0.00780515
0.196244 0.0403454 0.763211 9.9982E-05 9.9982E-05
9.99731E-05 9.99731E-05 0.026812 9.99731E-05 0.972888
9.9973E-05 0.311283 9.9973E-05 0.688417 9.9973E-05
9.9973E-05 0.200982 0.798719 9.9973E-05 9.9973E-05
9.997E-05 9.997E-05 0.9996 9.997E-05 9.997E-05
9.9973E-05 9.9973E-05 9.9973E-05 0.124629 0.875071
9.9991E-05 0.442742 0.514232 0.0190116 0.0239138
0.345328 9.99731E-05 0.654372 9.99731E-05 9.99731E-05
9.99731E-05 0.506471 0.493229 9.99731E-05 9.99731E-05
9.99821E-05 0.888811 9.99821E-05 0.0951545 0.0158348
0.229275 9.9982E-05 9.9982E-05 0.0890967 0.681428
9.9982E-05 0.413354 0.297436 0.28901 9.9982E-05
9.9973E-05 9.9973E-05 9.9973E-05 0.907197 0.0925026
0.000240357 0.99946 9.99731E-05 9.99731E-05 9.99731E-05
0.03784 0.847661 9.9991E-05 0.0630468 0.0513526
9.99821E-05 0.372994 9.99821E-05 0.515718 0.111087
9.998E-05 0.885906 0.0557969 0.0580971 9.998E-05
0.704156 0.218795 0.0478228 0.0291254 9.9991E-05
0.276912 9.9973E-05 0.722788 9.9973E-05 9.9973E-05
9.9973E-05 0.757043 0.242657 9.9973E-05 9.9973E-05
0.9996 9.997E-05 9.997E-05 9.997E-05 9.997E-05
0.0605438 0.0660346 0.279081 0.594241 9.999E-05
9.997E-05 9.997E-05 9.997E-05 9.997E-05 0.9996
0.0923112 9.99821E-05 9.99821E-05 0.61333 0.294159
9.997E-05 9.997E-05 0.940598 9.997E-05 0.0591019
9.997E-05 9.997E-05 0.9996 9.997E-05 9.997E-05
9.9973E-05 0.0337133 0.965987 9.9973E-05 9.9973E-05
0.0127579 9.9982E-05 0.0597939 0.927248 9.9982E-05
0.883752 9.997E-05 9.997E-05 9.997E-05 0.115948
9.9973E-05 0.766018 9.9973E-05 0.233682 9.9973E-05
9.9973E-05 0.181975 9.9973E-05 0.817725 9.9973E-05
9.9973E-05 9.9973E-05 0.0688142 0.930886 9.9973E-05
9.998E-05 9.998E-05 0.788262 0.157242 0.0542962
0.248351 9.99731E-05 9.99731E-05 0.751349 9.99731E-05
9.9973E-05 9.9973E-05 9.9973E-05 0.770439 0.229261
9.9973E-05 9.9973E-05 9.9973E-05 0.177255 0.822445
9.997E-05 0.9996 9.997E-05 9.997E-05 9.997E-05
0.0867684 9.9982E-05 0.840271 9.9982E-05 0.0727608
9.99731E-05 0.648776 0.350924 9.99731E-05 9.99731E-05
0.118492 0.0196138 9.998E-05 9.998E-05 0.861695
9.9973E-05 0.682478 9.9973E-05 0.317222 9.9973E-05
9.99731E-05 0.0867008 9.99731E-05 0.912999 9.99731E-05
0.118947 0.652739 0.228113 9.99821E-05 9.99821E-05
9.99731E-05 0.634211 9.99731E-05 0.365489 9.99731E-05
