0.651087 9.9991E-05 0.0863362 0.262477
0.990424 9.9982E-05 0.00937646 9.9982E-05
0.461767 9.9991E-05 0.00802364 0.530109
0.719504 0.185807 0.0144491 0.08024
9.9982E-05 9.9982E-05 0.310221 0.689579
9.9982E-05 0.905704 9.9982E-05 0.0940957
0.0875325 0.0522276 0.0781078 0.782132
0.935021 9.9991E-05 0.00293788 0.0619411
9.9982E-05 0.648646 0.351155 9.9982E-05
9.9982E-05 9.9982E-05 0.236753 0.763047
9.99821E-05 9.99821E-05 0.0171333 0.982667
0.888431 0.111369 9.9982E-05 9.9982E-05
0.0298797 0.0212655 0.408109 0.540746
0.115861 0.0188817 9.9991E-05 0.865157
9.9982E-05 9.9982E-05 0.50053 0.49927
0.00549163 0.0600929 0.907292 0.027123
0.892209 0.0933196 9.9991E-05 0.0143719
9.9991E-05 0.22384 0.445837 0.330223
0.0550855 0.944715 9.9982E-05 9.9982E-05
0.0338828 0.0562334 0.909784 9.9991E-05
0.0159698 0.186486 0.797444 9.9991E-05
0.193772 0.333951 0.472177 9.9991E-05
9.9991E-05 0.117575 0.822858 0.0594678
0.623337 0.0611545 0.154772 0.160737
0.0507127 0.0839162 9.9991E-05 0.865271
9.9982E-05 9.9982E-05 0.701371 0.298429
0.76484 9.99821E-05 9.99821E-05 0.23496
9.9991E-05 0.59727 0.136525 0.266106
0.9997 9.998E-05 9.998E-05 9.998E-05
0.298948 0.696792 0.00416058 9.9991E-05
0.00215993 9.99821E-05 9.99821E-05 0.99764
9.998E-05 9.998E-05 9.998E-05 0.9997
9.9982E-05 9.9982E-05 0.057753 0.942047
9.9982E-05 0.886663 9.9982E-05 0.113137
0.875529 0.0467593 9.9991E-05 0.077612
0.0265888 0.172985 0.800326 9.9991E-05
0.00433121 0.801739 0.19383 9.9991E-05
9.9982E-05 0.932255 9.9982E-05 0.0675452
0.0417647 0.217024 0.0132508 0.727961
0.120528 0.879272 9.99821E-05 9.99821E-05
0.250556 0.749244 9.9982E-05 9.9982E-05
0.883484 0.116316 9.9982E-05 9.9982E-05
9.998E-05 9.998E-05 0.9997 9.998E-05
0.129957 9.9982E-05 9.9982E-05 0.869843
9.9982E-05 9.9982E-05 0.678635 0.321165
0.9997 9.998E-05 9.998E-05 9.998E-05
9.9982E-05 0.34011 0.65969 9.9982E-05
9.99821E-05 0.885481 0.114319 9.99821E-05
0.034122 9.9991E-05 0.753304 0.212474
9.9982E-05 0.371049 0.628751 9.9982E-05
