0.210876 0.712311 9.9991E-05 0.0767134
9.998E-05 0.9997 9.998E-05 9.998E-05
0.526029 0.428349 0.0455217 9.9991E-05
0.0832937 0.737785 0.178822 9.9991E-05
0.538012 9.9982E-05 9.9982E-05 0.461788
0.0822571 9.9982E-05 0.917543 9.9982E-05
0.802492 9.9991E-05 0.164054 0.0333545
9.998E-05 0.9997 9.998E-05 9.998E-05
9.99821E-05 9.99821E-05 0.848331 0.151469
0.707294 9.9982E-05 9.9982E-05 0.292506
0.954282 9.99821E-05 9.99821E-05 0.0455183
9.9982E-05 0.962642 0.0371577 9.9982E-05
0.410382 9.9991E-05 0.118346 0.471172
0.815623 0.178901 0.00537553 9.9991E-05
0.33353 9.9982E-05 9.9982E-05 0.66627
9.99821E-05 9.99821E-05 0.189268 0.810532
0.0144643 0.967042 0.0183934 9.9991E-05
0.320674 9.9991E-05 0.332888 0.346338
9.9982E-05 0.0457824 0.954018 9.9982E-05
9.99821E-05 9.99821E-05 0.259491 0.740309
9.9982E-05 9.9982E-05 0.354341 0.645459
9.9991E-05 0.212934 0.447852 0.339114
9.9982E-05 9.9982E-05 0.206712 0.793088
0.14613 0.586444 0.125503 0.141923
0.814665 0.0873481 0.0978867 9.9991E-05
0.185775 9.9982E-05 9.9982E-05 0.814025
0.190119 0.809681 9.99821E-05 9.99821E-05
0.149146 0.0996461 0.529885 0.221322
9.99821E-05 0.975191 9.99821E-05 0.0246095
9.99821E-05 0.434305 0.565495 9.99821E-05
0.9997 9.998E-05 9.998E-05 9.998E-05
0.9997 9.998E-05 9.998E-05 9.998E-05
0.904237 9.9982E-05 9.9982E-05 0.0955632
0.0647153 9.9982E-05 0.935085 9.9982E-05
0.0295056 0.958689 0.0117055 9.9991E-05
9.9982E-05 9.9982E-05 0.421648 0.578152
9.9982E-05 9.9982E-05 0.970062 0.0297382
0.0715766 9.9982E-05 0.928223 9.9982E-05
0.725159 0.00756208 0.267179 9.9991E-05
9.9991E-05 0.192366 0.771908 0.0356254
9.9982E-05 0.284321 0.715479 9.9982E-05
9.9982E-05 0.903649 0.0961511 9.9982E-05
9.9991E-05 0.0237323 0.016923 0.959245
0.869364 0.130436 9.9982E-05 9.9982E-05
0.158648 9.9982E-05 9.9982E-05 0.841152
9.998E-05 0.9997 9.998E-05 9.998E-05
9.9982E-05 9.9982E-05 0.545201 0.454599
9.99821E-05 9.99821E-05 0.938912 0.0608878
9.99821E-05 0.113396 9.99821E-05 0.886405
9.9982E-05 9.9982E-05 0.504589 0.495211
