9.99564E-05 9.99564E-05 0.813793 0.0596572 0.0315011 9.99564E-05 9.99564E-05 0.0945486 9.99564E-05
0.138146 9.99561E-05 9.99561E-05 0.203706 0.593521 9.99561E-05 9.99561E-05 9.99561E-05 0.0641271
9.99649E-05 9.99649E-05 0.0934125 0.0890608 9.99649E-05 0.68247 0.0333542 9.99649E-05 0.101303
0.260102 9.99474E-05 9.99474E-05 9.99474E-05 9.99474E-05 0.422706 9.99474E-05 9.99474E-05 0.316593
0.675706 0.0439738 0.0309277 9.99736E-05 0.0537773 9.99736E-05 0.0435951 9.99736E-05 0.15172
0.101434 9.99562E-05 0.203943 9.99562E-05 0.0895763 0.604547 9.99562E-05 9.99562E-05 9.99562E-05
9.99563E-05 0.333416 9.99563E-05 0.325729 0.194202 0.146153 9.99563E-05 9.99563E-05 9.99563E-05
0.220581 0.127071 0.40248 9.99647E-05 0.216132 9.99647E-05 9.99647E-05 9.99647E-05 0.0333368
0.0302252 9.99648E-05 9.99648E-05 9.99648E-05 0.050002 0.125008 9.99648E-05 0.2941 0.500265
0.0704516 9.9947E-05 9.9947E-05 9.9947E-05 0.0537247 0.875224 9.9947E-05 9.9947E-05 9.9947E-05
9.99475E-05 9.99475E-05 0.313377 9.99475E-05 0.400561 9.99475E-05 0.285462 9.99475E-05 9.99475E-05
0.306123 9.99382E-05 9.99382E-05 9.99382E-05 9.99382E-05 0.693177 9.99382E-05 9.99382E-05 9.99382E-05
0.227316 9.99475E-05 9.99475E-05 9.99475E-05 0.0893161 9.99475E-05 9.99475E-05 9.99475E-05 0.682769
0.205688 9.99648E-05 0.0967965 0.0464506 9.99648E-05 0.44167 0.208995 9.99648E-05 9.99648E-05
9.99649E-05 0.125762 9.99649E-05 0.00920952 0.227099 0.473108 9.99649E-05 0.164421 9.99649E-05
0.0990929 9.99735E-05 0.235624 0.0307706 0.179831 9.99735E-05 0.101111 9.99735E-05 0.353271
0.17987 0.276946 9.9965E-05 0.318323 0.115194 9.9965E-05 9.9965E-05 9.9965E-05 0.109267
9.995E-05 9.995E-05 0.366837 0.216113 0.0139844 9.995E-05 9.995E-05 9.995E-05 0.402566
9.99564E-05 9.99564E-05 0.0363634 0.581011 9.99564E-05 0.272825 9.99564E-05 0.109301 9.99564E-05
0.112301 9.99736E-05 9.99736E-05 0.0151839 9.99736E-05 0.278708 0.0276559 0.00283029 0.563021
0.041158 9.99387E-05 9.99387E-05 9.99387E-05 0.958142 9.99387E-05 9.99387E-05 9.99387E-05 9.99387E-05
0.11709 0.0373073 9.99824E-05 0.227517 0.0125985 0.0437254 0.127121 9.99824E-05 0.434442
0.646778 9.9956E-05 9.9956E-05 9.9956E-05 0.0375748 0.123084 0.192064 9.9956E-05 9.9956E-05
9.99386E-05 0.64219 9.99386E-05 9.99386E-05 9.99386E-05 0.35711 9.99386E-05 9.99386E-05 9.99386E-05
9.99649E-05 0.48867 0.152964 0.00331684 0.185487 9.99649E-05 9.99649E-05 9.99649E-05 0.169163
0.328373 9.9965E-05 9.9965E-05 0.0597023 9.9965E-05 0.462381 0.00728025 9.9965E-05 0.141863
0.535537 9.99474E-05 9.99474E-05 0.330483 9.99474E-05 9.99474E-05 9.99474E-05 9.99474E-05 0.13338
0.258727 0.367398 0.289005 9.99648E-05 0.03756 0.0469104 9.99648E-05 9.99648E-05 9.99648E-05
9.99475E-05 9.99475E-05 9.99475E-05 0.245326 9.99475E-05 0.122414 9.99475E-05 9.99475E-05 0.63166
0.574769 9.99472E-05 0.0141162 0.410515 9.99472E-05 9.99472E-05 9.99472E-05 9.99472E-05 9.99472E-05
9.99474E-05 9.99474E-05 9.99474E-05 0.00879975 9.99474E-05 0.270988 9.99474E-05 9.99474E-05 0.719613
9.99565E-05 9.99565E-05 9.99565E-05 9.99565E-05 0.0275237 0.657134 0.29033 0.0245125 9.99565E-05
0.0541968 9.99385E-05 9.99385E-05 9.99385E-05 9.99385E-05 9.99385E-05 9.99385E-05 9.99385E-05 0.945104
0.284428 9.99474E-05 9.99474E-05 9.99474E-05 0.0910092 9.99474E-05 9.99474E-05 9.99474E-05 0.623963
9.99382E-05 9.99382E-05 9.99382E-05 9.99382E-05 0.722844 9.99382E-05 9.99382E-05 9.99382E-05 0.276456
0.103026 0.102134 9.99647E-05 9.99647E-05 0.216217 9.99647E-05 0.22621 9.99647E-05 0.352013
0.210615 9.99647E-05 0.101864 0.453339 0.137007 9.99647E-05 9.99647E-05 9.99647E-05 0.0967752
9.99559E-05 9.99559E-05 0.171717 0.00292886 9.99559E-05 9.99559E-05 0.475581 9.99559E-05 0.349273
0.102643 9.99473E-05 9.99473E-05 0.424661 0.472097 9.99473E-05 9.99473E-05 9.99473E-05 9.99473E-05
0.0808699 0.103959 9.99736E-05 0.616019 9.99736E-05 0.0562844 0.0233954 9.99736E-05 0.119172
0.539238 0.261128 9.99561E-05 9.99561E-05 0.125058 9.99561E-05 9.99561E-05 9.99561E-05 0.0740759
9.99473E-05 0.249235 0.730729 0.0194358 9.99473E-05 9.99473E-05 9.99473E-05 9.99473E-05 9.99473E-05
9.99649E-05 0.330741 0.0111421 0.277579 0.17894 9.99649E-05 9.99649E-05 9.99649E-05 0.201198
0.418628 9.99562E-05 0.00106015 0.0202101 0.559602 9.99562E-05 9.99562E-05 9.99562E-05 9.99562E-05
9.99476E-05 9.99476E-05 0.222327 9.99476E-05 9.99476E-05 9.99476E-05 9.99476E-05 0.261315 0.515758
9.99476E-05 9.99476E-05 9.99476E-05 9.99476E-05 0.447813 0.17836 9.99476E-05 0.373228 9.99476E-05
9.99472E-05 0.0520723 9.99472E-05 0.527702 9.99472E-05 9.99472E-05 9.99472E-05 0.419626 9.99472E-05
0.54725 9.9947E-05 9.9947E-05 0.0429321 9.9947E-05 9.9947E-05 9.9947E-05 9.9947E-05 0.409218
0.0258962 9.99648E-05 0.591969 9.99648E-05 0.210188 9.99648E-05 0.146798 9.99648E-05 0.0247486
0.80644 9.99388E-05 9.99388E-05 9.99388E-05 9.99388E-05 9.99388E-05 9.99388E-05 0.19286 9.99388E-05
0.168646 0.0418396 0.788914 9.99477E-05 9.99477E-05 9.99477E-05 9.99477E-05 9.99477E-05 9.99477E-05
0.173934 0.406446 0.00562599 9.9965E-05 0.219252 9.9965E-05 9.9965E-05 9.9965E-05 0.194342
9.99385E-05 9.99385E-05 9.99385E-05 0.459107 0.540194 9.99385E-05 9.99385E-05 9.99385E-05 9.99385E-05
0.361399 0.0319381 9.99559E-05 0.0957082 9.99559E-05 9.99559E-05 9.99559E-05 9.99559E-05 0.510454
0.481083 9.99561E-05 9.99561E-05 0.0558613 9.99561E-05 9.99561E-05 0.0973775 9.99561E-05 0.365179
0.0613584 9.99649E-05 9.99649E-05 0.281821 0.126572 0.253125 9.99649E-05 9.99649E-05 0.276724
9.99385E-05 9.99385E-05 9.99385E-05 9.99385E-05 0.407997 9.99385E-05 9.99385E-05 0.591303 9.99385E-05
9.99561E-05 0.492128 9.99561E-05 0.130165 9.99561E-05 0.215824 0.161384 9.99561E-05 9.99561E-05
0.51887 9.99475E-05 9.99475E-05 0.263245 9.99475E-05 9.99475E-05 9.99475E-05 9.99475E-05 0.217286
0.483916 9.9947E-05 0.368457 0.147027 9.9947E-05 9.9947E-05 9.9947E-05 9.9947E-05 9.9947E-05
9.99471E-05 9.99471E-05 0.68697 9.99471E-05 0.0263824 9.99471E-05 9.99471E-05 9.99471E-05 0.286048
0.0163087 0.63332 9.9956E-05 9.9956E-05 9.9956E-05 0.168704 9.9956E-05 9.9956E-05 0.181167
9.99473E-05 9.99473E-05 0.696377 0.138924 9.99473E-05 9.99473E-05 9.99473E-05 9.99473E-05 0.1641
9.99564E-05 9.99564E-05 0.0480527 9.99564E-05 0.150802 9.99564E-05 9.99564E-05 0.229495 0.57115
0.347917 0.130923 0.231403 0.00586522 0.0260047 9.99736E-05 9.99736E-05 9.99736E-05 0.257588
9.99558E-05 9.99558E-05 0.296425 9.99558E-05 0.276319 9.99558E-05 0.0445921 9.99558E-05 0.382164
0.71364 0.136541 0.100328 9.99647E-05 0.000532716 9.99647E-05 0.048558 9.99647E-05 9.99647E-05
0.247927 9.99647E-05 9.99647E-05 0.0656836 0.098512 9.99647E-05 9.99647E-05 0.0961581 0.49132
9.99563E-05 9.99563E-05 0.76016 0.00691454 9.99563E-05 0.20712 0.0253059 9.99563E-05 9.99563E-05
9.99826E-05 9.99826E-05 0.10607 0.0206142 0.0187478 0.0867306 0.0611531 0.00185943 0.704625
0.573993 0.0425314 0.191231 9.99649E-05 9.99649E-05 0.100303 0.0915414 9.99649E-05 9.99649E-05
9.99473E-05 9.99473E-05 0.168055 9.99473E-05 0.0870279 0.744318 9.99473E-05 9.99473E-05 9.99473E-05
0.0940815 9.99476E-05 0.0948368 0.810482 9.99476E-05 9.99476E-05 9.99476E-05 9.99476E-05 9.99476E-05
9.99559E-05 0.156737 9.99559E-05 9.99559E-05 0.22009 0.145407 9.99559E-05 0.477266 9.99559E-05
9.99561E-05 0.209221 9.99561E-05 9.99561E-05 0.230437 9.99561E-05 0.40565 9.99561E-05 0.154192
0.0388119 9.99563E-05 0.15858 9.99563E-05 0.133202 0.668906 9.99563E-05 9.99563E-05 9.99563E-05
0.393217 9.99559E-05 9.99559E-05 9.99559E-05 0.244583 9.99559E-05 0.353139 9.99559E-05 0.00856222
0.889333 9.99387E-05 9.99387E-05 0.109968 9.99387E-05 9.99387E-05 9.99387E-05 9.99387E-05 9.99387E-05
9.99468E-05 9.99468E-05 9.99468E-05 9.99468E-05 0.425994 0.378253 9.99468E-05 9.99468E-05 0.195153
0.0175036 0.201095 0.19689 0.312672 9.99735E-05 0.000976519 9.99735E-05 9.99735E-05 0.270562
9.9956E-05 0.0778632 9.9956E-05 0.441991 9.9956E-05 9.9956E-05 0.302286 9.9956E-05 0.17736
9.99386E-05 9.99386E-05 9.99386E-05 9.99386E-05 0.273027 9.99386E-05 0.726274 9.99386E-05 9.99386E-05
9.99478E-05 0.0681634 9.99478E-05 9.99478E-05 9.99478E-05 0.609473 9.99478E-05 9.99478E-05 0.321764
9.9965E-05 9.9965E-05 9.9965E-05 0.0475228 0.0208243 0.09065 9.9965E-05 0.167103 0.6735
9.99386E-05 9.99386E-05 9.99386E-05 0.43702 9.99386E-05 0.56228 9.99386E-05 9.99386E-05 9.99386E-05
0.218528 9.99557E-05 0.322756 9.99557E-05 0.447845 9.99557E-05 9.99557E-05 0.0103717 9.99557E-05
0.181809 9.995E-05 9.995E-05 9.995E-05 9.995E-05 0.334546 9.995E-05 0.270358 0.212787
9.99648E-05 0.00714585 9.99648E-05 9.99648E-05 0.456344 0.117835 9.99648E-05 0.0910632 0.327213
9.99479E-05 9.99479E-05 9.99479E-05 9.99479E-05 9.99479E-05 0.264687 9.99479E-05 0.206564 0.528149
0.296741 9.99386E-05 9.99386E-05 9.99386E-05 9.99386E-05 9.99386E-05 9.99386E-05 9.99386E-05 0.70256
0.255282 9.99651E-05 0.00197985 0.233469 0.177969 9.99651E-05 9.99651E-05 9.99651E-05 0.330899
0.987181 9.99386E-05 0.0121194 9.99386E-05 9.99386E-05 9.99386E-05 9.99386E-05 9.99386E-05 9.99386E-05
0.251917 9.99562E-05 9.99562E-05 0.299182 9.99562E-05 9.99562E-05 0.406479 9.99562E-05 0.0419218
9.99476E-05 9.99476E-05 0.134048 9.99476E-05 9.99476E-05 0.12024 9.99476E-05 9.99476E-05 0.745112
0.960854 9.99559E-05 9.99559E-05 9.99559E-05 0.010591 0.00860657 0.0194488 9.99559E-05 9.99559E-05
9.99562E-05 9.99562E-05 9.99562E-05 9.99562E-05 0.227432 0.304206 0.112405 9.99562E-05 0.355458
9.99561E-05 9.99561E-05 0.278737 9.99561E-05 0.333336 9.99561E-05 9.99561E-05 0.0360263 0.351401
0.0481935 9.995E-05 9.995E-05 9.995E-05 0.119176 0.353506 9.995E-05 9.995E-05 0.478626
0.00811627 9.99476E-05 9.99476E-05 9.99476E-05 0.699856 0.291429 9.99476E-05 9.99476E-05 9.99476E-05
0.369322 9.99647E-05 0.00790566 9.99647E-05 0.0635219 0.343738 9.99647E-05 9.99647E-05 0.215112
9.9947E-05 9.9947E-05 9.9947E-05 9.9947E-05 0.0431453 0.7615 9.9947E-05 9.9947E-05 0.194755
0.264852 9.99472E-05 0.546036 9.99472E-05 9.99472E-05 9.99472E-05 9.99472E-05 9.99472E-05 0.188512
9.99648E-05 0.025672 0.0749139 0.251616 9.99648E-05 0.023582 9.99648E-05 9.99648E-05 0.623817
9.99473E-05 9.99473E-05 9.99473E-05 0.315327 9.99473E-05 9.99473E-05 9.99473E-05 0.137409 0.546664
0.162092 0.11486 0.208555 9.99646E-05 0.378783 9.99646E-05 9.99646E-05 9.99646E-05 0.13531
0.311005 9.994E-05 0.366187 9.994E-05 9.994E-05 0.322209 9.994E-05 9.994E-05 9.994E-05
0.134658 9.9956E-05 0.357595 9.9956E-05 0.0422443 0.465003 9.9956E-05 9.9956E-05 9.9956E-05
0.538684 0.0145343 9.99558E-05 9.99558E-05 9.99558E-05 9.99558E-05 9.99558E-05 0.183556 0.262726
9.99385E-05 9.99385E-05 9.99385E-05 9.99385E-05 0.634702 9.99385E-05 9.99385E-05 9.99385E-05 0.364598
0.122661 9.99471E-05 9.99471E-05 9.99471E-05 9.99471E-05 0.271542 9.99471E-05 9.99471E-05 0.605198
0.161064 0.508402 0.193925 9.9965E-05 0.0102207 9.9965E-05 9.9965E-05 9.9965E-05 0.125988
0.0229815 0.203258 0.396432 9.99647E-05 0.337864 9.99647E-05 9.99647E-05 9.99647E-05 0.0390653
9.995E-05 9.995E-05 0.176635 0.237407 9.995E-05 0.395933 9.995E-05 9.995E-05 0.189524
0.29247 9.9947E-05 9.9947E-05 0.360909 9.9947E-05 9.9947E-05 9.9947E-05 9.9947E-05 0.346022
9.99389E-05 9.99389E-05 9.99389E-05 9.99389E-05 9.99389E-05 9.99389E-05 0.790411 9.99389E-05 0.208889
9.99469E-05 9.99469E-05 9.99469E-05 9.99469E-05 0.0250883 0.453403 9.99469E-05 0.520909 9.99469E-05
0.309711 0.140732 9.9947E-05 9.9947E-05 9.9947E-05 9.9947E-05 9.9947E-05 9.9947E-05 0.548957
9.99391E-05 9.99391E-05 9.99391E-05 9.99391E-05 0.153856 9.99391E-05 9.99391E-05 9.99391E-05 0.845444
0.489471 9.99472E-05 9.99472E-05 9.99472E-05 9.99472E-05 0.376516 9.99472E-05 9.99472E-05 0.133414
9.99473E-05 9.99473E-05 0.439033 9.99473E-05 9.99473E-05 0.272235 9.99473E-05 9.99473E-05 0.288132
0.29888 0.137613 9.99559E-05 9.99559E-05 0.451846 9.99559E-05 0.111161 9.99559E-05 9.99559E-05
0.441829 0.27799 9.99561E-05 9.99561E-05 0.0860806 0.1936 9.99561E-05 9.99561E-05 9.99561E-05
0.114025 0.641091 9.99474E-05 9.99474E-05 0.244285 9.99474E-05 9.99474E-05 9.99474E-05 9.99474E-05
0.149462 0.0208012 0.048702 9.996E-05 0.3657 0.414935 9.996E-05 9.996E-05 9.996E-05
9.99562E-05 9.99562E-05 0.456904 9.99562E-05 0.332945 0.100775 9.99562E-05 0.108876 9.99562E-05
0.787262 9.99393E-05 9.99393E-05 9.99393E-05 0.212039 9.99393E-05 9.99393E-05 9.99393E-05 9.99393E-05
9.99567E-05 9.99567E-05 9.99567E-05 0.245977 0.58942 0.0361939 9.99567E-05 0.12791 9.99567E-05
9.99563E-05 0.125499 0.603094 9.99563E-05 9.99563E-05 0.0977028 9.99563E-05 9.99563E-05 0.173204
0.0109032 9.99558E-05 9.99558E-05 9.99558E-05 0.585066 9.99558E-05 9.99558E-05 0.268721 0.13481
9.99386E-05 9.99386E-05 9.99386E-05 9.99386E-05 0.369114 0.630186 9.99386E-05 9.99386E-05 9.99386E-05
0.480466 9.99472E-05 9.99472E-05 0.368123 9.99472E-05 9.99472E-05 0.150811 9.99472E-05 9.99472E-05
9.99561E-05 9.99561E-05 0.0555003 9.99561E-05 0.440219 0.47992 9.99561E-05 0.0238606 9.99561E-05
0.228721 9.99648E-05 0.224736 9.99648E-05 0.0116438 0.512572 9.99648E-05 9.99648E-05 0.0219276
9.99382E-05 9.99382E-05 0.389464 9.99382E-05 9.99382E-05 0.609836 9.99382E-05 9.99382E-05 9.99382E-05
0.642766 9.99472E-05 9.99472E-05 0.0847935 9.99472E-05 9.99472E-05 9.99472E-05 9.99472E-05 0.27184
0.546434 0.452867 9.99385E-05 9.99385E-05 9.99385E-05 9.99385E-05 9.99385E-05 9.99385E-05 9.99385E-05
0.0902203 9.9956E-05 9.9956E-05 0.0522141 0.536369 9.9956E-05 9.9956E-05 9.9956E-05 0.320697
9.99473E-05 9.99473E-05 9.99473E-05 0.379101 9.99473E-05 9.99473E-05 0.422763 9.99473E-05 0.197536
9.99387E-05 9.99387E-05 9.99387E-05 9.99387E-05 0.775229 0.224071 9.99387E-05 9.99387E-05 9.99387E-05
9.99647E-05 9.99647E-05 0.551464 0.0430722 9.99647E-05 0.299026 0.0367487 9.99647E-05 0.0692893
0.35088 9.99736E-05 0.0377493 0.0657908 0.0577999 9.99736E-05 0.175705 9.99736E-05 0.311775
9.9956E-05 0.213947 0.0958218 9.9956E-05 0.443383 9.9956E-05 9.9956E-05 9.9956E-05 0.246349
9.99647E-05 0.5505 9.99647E-05 0.114613 9.99647E-05 0.106408 9.99647E-05 0.0708484 0.157231
9.99564E-05 9.99564E-05 0.116721 0.206411 9.99564E-05 0.437622 9.99564E-05 9.99564E-05 0.238746
9.99649E-05 9.99649E-05 9.99649E-05 0.261921 0.175206 9.99649E-05 0.0530387 0.0834294 0.426006
9.99476E-05 9.99476E-05 0.184305 9.99476E-05 9.99476E-05 0.78553 9.99476E-05 0.029565 9.99476E-05
0.0254847 9.99475E-05 0.471831 9.99475E-05 9.99475E-05 0.502085 9.99475E-05 9.99475E-05 9.99475E-05
0.190346 9.99475E-05 9.99475E-05 9.99475E-05 9.99475E-05 9.99475E-05 0.400121 9.99475E-05 0.408934
0.467247 0.17094 9.99473E-05 9.99473E-05 9.99473E-05 9.99473E-05 9.99473E-05 9.99473E-05 0.361213
9.99559E-05 0.764182 0.0650721 0.0121861 9.99559E-05 0.15806 9.99559E-05 9.99559E-05 9.99559E-05
9.99471E-05 9.99471E-05 9.99471E-05 0.392577 9.99471E-05 0.107673 0.49915 9.99471E-05 9.99471E-05
9.99391E-05 9.99391E-05 9.99391E-05 9.99391E-05 9.99391E-05 9.99391E-05 9.99391E-05 0.221279 0.778022
0.200338 0.038273 0.014573 9.99736E-05 0.473979 0.221108 0.0514289 9.99736E-05 9.99736E-05
9.99383E-05 9.99383E-05 0.387102 9.99383E-05 9.99383E-05 9.99383E-05 9.99383E-05 9.99383E-05 0.612199
9.99563E-05 0.253905 0.221059 0.313804 9.99563E-05 9.99563E-05 0.210732 9.99563E-05 9.99563E-05
9.99562E-05 9.99562E-05 9.99562E-05 0.0631584 0.496939 9.99562E-05 0.0761584 9.99562E-05 0.363245
0.292535 9.99559E-05 0.0487759 9.99559E-05 0.304748 9.99559E-05 9.99559E-05 9.99559E-05 0.353441
9.99647E-05 9.99647E-05 0.131661 9.99647E-05 0.189772 0.0935018 0.145538 9.99647E-05 0.439128
9.9947E-05 9.9947E-05 9.9947E-05 9.9947E-05 0.361851 9.9947E-05 9.9947E-05 0.245463 0.392086
0.642217 9.99473E-05 9.99473E-05 9.99473E-05 9.99473E-05 9.99473E-05 9.99473E-05 0.130149 0.227034
9.9947E-05 9.9947E-05 0.0366128 9.9947E-05 0.714507 9.9947E-05 9.9947E-05 9.9947E-05 0.24828
0.348823 9.99561E-05 0.121137 9.99561E-05 0.199788 0.329751 9.99561E-05 9.99561E-05 9.99561E-05
9.99558E-05 0.0787379 0.0335692 9.99558E-05 9.99558E-05 0.711805 9.99558E-05 0.175388 9.99558E-05
0.472517 9.99559E-05 9.99559E-05 0.256165 0.0405808 0.230238 9.99559E-05 9.99559E-05 9.99559E-05
9.99477E-05 9.99477E-05 0.656995 9.99477E-05 0.213475 9.99477E-05 0.128931 9.99477E-05 9.99477E-05
0.344643 0.342949 9.99473E-05 9.99473E-05 0.311808 9.99473E-05 9.99473E-05 9.99473E-05 9.99473E-05
0.470683 9.99564E-05 9.99564E-05 9.99564E-05 0.437513 9.99564E-05 0.0130031 0.0783014 9.99564E-05
0.013388 9.99648E-05 9.99648E-05 9.99648E-05 0.0200857 9.99648E-05 0.719738 0.0861747 0.160213
0.901201 9.99387E-05 9.99387E-05 9.99387E-05 0.0980998 9.99387E-05 9.99387E-05 9.99387E-05 9.99387E-05
0.211137 9.99559E-05 0.213082 9.99559E-05 9.99559E-05 0.157578 0.417703 9.99559E-05 9.99559E-05
9.99469E-05 9.99469E-05 9.99469E-05 0.669023 9.99469E-05 0.060411 9.99469E-05 9.99469E-05 0.269967
0.103605 9.99735E-05 0.290761 0.030722 0.209793 9.99735E-05 0.339354 0.025466 9.99735E-05
0.216204 9.99475E-05 0.397847 9.99475E-05 9.99475E-05 9.99475E-05 9.99475E-05 9.99475E-05 0.385349
0.144597 9.99736E-05 0.0519744 0.0492625 0.25636 0.38409 9.99736E-05 9.99736E-05 0.113415
9.99302E-05 9.99302E-05 9.99302E-05 9.99302E-05 9.99302E-05 0.999201 9.99302E-05 9.99302E-05 9.99302E-05
0.0448153 0.0455422 9.9965E-05 9.9965E-05 0.0719983 9.9965E-05 9.9965E-05 0.71851 0.118734
9.996E-05 9.996E-05 0.10445 9.996E-05 0.151213 0.0233786 0.285481 9.996E-05 0.435078
9.99562E-05 9.99562E-05 0.0484782 9.99562E-05 9.99562E-05 0.797738 0.0176863 9.99562E-05 0.135597
0.36221 9.99561E-05 0.149865 9.99561E-05 0.0887299 9.99561E-05 9.99561E-05 9.99561E-05 0.398696
9.99382E-05 9.99382E-05 9.99382E-05 9.99382E-05 9.99382E-05 0.925237 9.99382E-05 9.99382E-05 0.0740639
9.9956E-05 9.9956E-05 0.339069 0.235023 0.414972 9.9956E-05 9.9956E-05 0.0104361 9.9956E-05
0.202896 0.0818453 9.99469E-05 9.99469E-05 9.99469E-05 9.99469E-05 9.99469E-05 9.99469E-05 0.714659
9.99649E-05 0.0545112 9.99649E-05 0.11031 0.33264 9.99649E-05 0.0651147 9.99649E-05 0.437024
0.575446 9.9965E-05 9.9965E-05 0.184743 9.9965E-05 0.114088 9.9965E-05 0.0526176 0.0727062
0.651057 9.99648E-05 0.102385 9.99648E-05 0.154094 0.0467769 9.99648E-05 9.99648E-05 0.0452868
9.99471E-05 9.99471E-05 0.386775 0.565404 9.99471E-05 9.99471E-05 9.99471E-05 0.0472214 9.99471E-05
0.085175 9.99558E-05 0.0295973 9.99558E-05 0.23429 9.99558E-05 9.99558E-05 9.99558E-05 0.650438
0.547497 9.995E-05 9.995E-05 0.129964 9.995E-05 0.11825 0.203789 9.995E-05 9.995E-05
0.129668 9.9965E-05 0.0199157 0.0478647 0.601965 9.9965E-05 0.200187 9.9965E-05 9.9965E-05
9.993E-05 9.993E-05 9.993E-05 9.993E-05 9.993E-05 0.999201 9.993E-05 9.993E-05 9.993E-05
9.99559E-05 0.264457 0.409032 0.0470608 9.99559E-05 9.99559E-05 9.99559E-05 9.99559E-05 0.27895
0.181053 9.9956E-05 0.543207 0.137881 9.9956E-05 9.9956E-05 9.9956E-05 9.9956E-05 0.137359
0.420489 9.99559E-05 0.367423 9.99559E-05 0.18747 0.0241179 9.99559E-05 9.99559E-05 9.99559E-05
9.99383E-05 9.99383E-05 9.99383E-05 0.00923621 9.99383E-05 0.990064 9.99383E-05 9.99383E-05 9.99383E-05
9.99562E-05 0.0949613 0.111197 9.99562E-05 0.78521 9.99562E-05 9.99562E-05 9.99562E-05 0.00813145
0.279279 0.018397 0.0783268 9.99646E-05 0.356536 9.99646E-05 9.99646E-05 9.99646E-05 0.267061
9.99558E-05 9.99558E-05 0.397968 9.99558E-05 0.0119118 0.16843 9.99558E-05 9.99558E-05 0.42119
0.110241 9.99558E-05 0.360755 0.391788 0.136716 9.99558E-05 9.99558E-05 9.99558E-05 9.99558E-05
0.555369 9.99474E-05 9.99474E-05 9.99474E-05 0.129594 0.314437 9.99474E-05 9.99474E-05 9.99474E-05
9.99473E-05 0.612013 9.99473E-05 0.0538967 9.99473E-05 9.99473E-05 9.99473E-05 0.333491 9.99473E-05
9.99472E-05 9.99472E-05 9.99472E-05 0.888046 0.0226977 9.99472E-05 9.99472E-05 0.0886568 9.99472E-05
9.99473E-05 0.321472 0.613432 0.0644966 9.99473E-05 9.99473E-05 9.99473E-05 9.99473E-05 9.99473E-05
0.0395121 9.99565E-05 9.99565E-05 0.473339 0.260773 0.225876 9.99565E-05 9.99565E-05 9.99565E-05
0.0967413 9.99648E-05 9.99648E-05 0.212813 0.360883 0.263519 9.99648E-05 9.99648E-05 0.0656443
0.497309 9.99474E-05 0.00804565 0.494046 9.99474E-05 9.99474E-05 9.99474E-05 9.99474E-05 9.99474E-05
9.99383E-05 9.99383E-05 9.99383E-05 9.99383E-05 0.723155 9.99383E-05 0.276145 9.99383E-05 9.99383E-05
0.518711 9.99477E-05 9.99477E-05 0.0448975 9.99477E-05 9.99477E-05 0.435792 9.99477E-05 9.99477E-05
0.177606 9.99558E-05 9.99558E-05 9.99558E-05 0.54192 0.101551 9.99558E-05 9.99558E-05 0.178424
0.58658 0.0607403 9.99561E-05 0.153279 9.99561E-05 9.99561E-05 9.99561E-05 0.198901 9.99561E-05
9.99384E-05 9.99384E-05 9.99384E-05 9.99384E-05 9.99384E-05 9.99384E-05 0.298783 9.99384E-05 0.700518
9.9956E-05 0.196827 9.9956E-05 0.0863642 9.9956E-05 9.9956E-05 0.479995 9.9956E-05 0.236314
9.99561E-05 9.99561E-05 9.99561E-05 0.413027 0.380864 9.99561E-05 0.139939 9.99561E-05 0.0656709
0.0917056 9.99473E-05 9.99473E-05 9.99473E-05 9.99473E-05 9.99473E-05 9.99473E-05 0.367115 0.54058
9.99561E-05 9.99561E-05 0.0508689 0.424452 0.22532 9.99561E-05 9.99561E-05 0.29886 9.99561E-05
9.99384E-05 9.99384E-05 9.99384E-05 9.99384E-05 0.324881 9.99384E-05 9.99384E-05 9.99384E-05 0.67442
9.99562E-05 9.99562E-05 9.99562E-05 0.040785 9.99562E-05 0.17805 9.99562E-05 0.447246 0.333419
0.419246 0.0146925 9.99562E-05 0.220548 9.99562E-05 9.99562E-05 9.99562E-05 0.345014 9.99562E-05
9.995E-05 9.995E-05 0.376202 0.37142 9.995E-05 0.0828643 9.995E-05 9.995E-05 0.169014
9.99469E-05 9.99469E-05 0.173461 9.99469E-05 0.554407 9.99469E-05 0.271532 9.99469E-05 9.99469E-05
9.99474E-05 9.99474E-05 0.313312 9.99474E-05 0.54989 9.99474E-05 9.99474E-05 9.99474E-05 0.136198
0.282692 0.123657 0.0885303 0.159457 0.239861 0.0324129 9.99823E-05 0.0731909 9.99823E-05
9.99645E-05 9.99645E-05 9.99645E-05 0.0643077 0.0367931 0.0411384 0.0548529 9.99645E-05 0.802508
9.9956E-05 9.9956E-05 0.197719 0.201308 9.9956E-05 0.494966 0.105508 9.9956E-05 9.9956E-05
0.0764704 0.188038 9.996E-05 9.996E-05 0.127993 0.0404341 9.996E-05 9.996E-05 0.566665
9.99471E-05 9.99471E-05 9.99471E-05 0.19569 9.99471E-05 0.0371552 9.99471E-05 9.99471E-05 0.766555
0.0163508 9.99646E-05 9.99646E-05 9.99646E-05 0.335219 0.223748 0.26469 9.99646E-05 0.159592
0.58177 0.1164 0.194185 9.99561E-05 0.107146 9.99561E-05 9.99561E-05 9.99561E-05 9.99561E-05
0.321604 9.99647E-05 9.99647E-05 0.01686 0.242861 9.99647E-05 0.340679 0.0775958 9.99647E-05
9.99474E-05 0.098567 9.99474E-05 9.99474E-05 9.99474E-05 9.99474E-05 0.220291 9.99474E-05 0.680542
0.163255 0.399572 9.9947E-05 9.9947E-05 9.9947E-05 9.9947E-05 9.9947E-05 9.9947E-05 0.436573
9.994E-05 9.994E-05 9.994E-05 9.994E-05 0.0628314 9.994E-05 9.994E-05 0.387326 0.549243
0.115509 9.9956E-05 0.0438016 9.9956E-05 9.9956E-05 0.296514 9.9956E-05 9.9956E-05 0.543676
0.00709574 0.0940378 0.0490004 9.996E-05 0.808562 0.0409042 9.996E-05 9.996E-05 9.996E-05
0.525021 9.99471E-05 9.99471E-05 9.99471E-05 0.113432 9.99471E-05 0.360947 9.99471E-05 9.99471E-05
0.211863 9.99649E-05 0.0752377 9.99649E-05 0.074966 0.103893 9.99649E-05 9.99649E-05 0.53364
0.343388 9.99647E-05 0.138206 0.267984 9.99647E-05 0.0560646 9.99647E-05 9.99647E-05 0.193958
0.363896 9.99734E-05 0.0347982 9.99734E-05 0.436339 9.99734E-05 0.0657918 0.0353294 0.063546
9.99472E-05 9.99472E-05 9.99472E-05 0.216064 0.144254 0.639082 9.99472E-05 9.99472E-05 9.99472E-05
0.362152 0.256339 0.256718 9.99561E-05 9.99561E-05 9.99561E-05 9.99561E-05 9.99561E-05 0.124292
9.99559E-05 0.083302 9.99559E-05 0.0582518 0.757639 9.99559E-05 9.99559E-05 0.100308 9.99559E-05
9.99562E-05 0.0129836 9.99562E-05 0.0112884 0.502662 0.472566 9.99562E-05 9.99562E-05 9.99562E-05
0.14414 9.99562E-05 0.245229 9.99562E-05 0.00396759 9.99562E-05 9.99562E-05 9.99562E-05 0.606164
0.471656 9.99383E-05 9.99383E-05 9.99383E-05 9.99383E-05 9.99383E-05 9.99383E-05 9.99383E-05 0.527645
9.99381E-05 9.99381E-05 0.144314 9.99381E-05 9.99381E-05 0.854986 9.99381E-05 9.99381E-05 9.99381E-05
9.9956E-05 9.9956E-05 9.9956E-05 9.9956E-05 0.149254 0.138152 0.151304 9.9956E-05 0.56079
0.476897 9.99737E-05 0.295935 9.99737E-05 0.0014802 0.102643 9.99737E-05 0.0479223 0.0748213
9.99561E-05 0.520608 0.00934124 0.304864 0.164688 9.99561E-05 9.99561E-05 9.99561E-05 9.99561E-05
0.00441047 0.247235 9.99735E-05 0.34498 9.99735E-05 0.32424 9.99735E-05 0.027552 0.0512824
0.162534 9.99648E-05 0.459909 9.99648E-05 0.0447784 9.99648E-05 0.307493 0.0248853 9.99648E-05
0.201239 0.131443 9.99647E-05 0.353691 9.99647E-05 0.130702 9.99647E-05 9.99647E-05 0.182524
0.291438 9.99473E-05 9.99473E-05 0.484859 9.99473E-05 0.223104 9.99473E-05 9.99473E-05 9.99473E-05
9.99477E-05 9.99477E-05 9.99477E-05 0.216425 9.99477E-05 9.99477E-05 0.619373 0.163602 9.99477E-05
0.0116182 9.996E-05 9.996E-05 0.261865 0.140761 0.431399 9.996E-05 9.996E-05 0.153957
0.207631 9.996E-05 0.148632 0.158117 0.0636947 0.421525 9.996E-05 9.996E-05 9.996E-05
0.515864 9.99471E-05 9.99471E-05 9.99471E-05 9.99471E-05 9.99471E-05 9.99471E-05 0.0157533 0.467783
9.99564E-05 0.0194821 0.00446433 9.99564E-05 0.132503 9.99564E-05 9.99564E-05 9.99564E-05 0.843051
0.0967832 0.0472257 0.336103 9.99562E-05 9.99562E-05 9.99562E-05 0.519388 9.99562E-05 9.99562E-05
0.391965 9.99382E-05 9.99382E-05 0.607336 9.99382E-05 9.99382E-05 9.99382E-05 9.99382E-05 9.99382E-05
9.99471E-05 9.99471E-05 9.99471E-05 0.687405 9.99471E-05 0.114214 0.197782 9.99471E-05 9.99471E-05
0.0819829 0.511897 9.9956E-05 0.354754 9.9956E-05 0.0508665 9.9956E-05 9.9956E-05 9.9956E-05
0.185005 0.0271148 9.99736E-05 0.139338 9.99736E-05 9.99736E-05 0.197003 0.265946 0.185294
