0.314751 0.291012 9.99561E-05 9.99561E-05 9.99561E-05 0.0710478 9.99561E-05 0.32269 9.99561E-05
9.99647E-05 9.99647E-05 0.106861 9.99647E-05 0.412685 0.040709 0.153666 9.99647E-05 0.285679
0.280753 9.99562E-05 0.442161 0.0696923 9.99562E-05 9.99562E-05 9.99562E-05 9.99562E-05 0.206893
0.0439407 9.99649E-05 0.324223 0.135847 9.99649E-05 9.99649E-05 9.99649E-05 0.113857 0.381733
0.552468 9.99649E-05 0.0309414 9.99649E-05 9.99649E-05 9.99649E-05 0.0872418 0.130911 0.198038
9.99561E-05 9.99561E-05 0.0991993 0.0397313 0.0239139 0.836656 9.99561E-05 9.99561E-05 9.99561E-05
9.99562E-05 9.99562E-05 0.668994 9.99562E-05 0.138042 9.99562E-05 0.109103 0.0833615 9.99562E-05
9.9956E-05 9.9956E-05 0.116112 0.174732 9.9956E-05 9.9956E-05 0.363413 0.345243 9.9956E-05
0.0572884 0.396272 9.99559E-05 0.51697 0.0289709 9.99559E-05 9.99559E-05 9.99559E-05 9.99559E-05
9.99386E-05 9.99386E-05 9.99386E-05 9.99386E-05 9.99386E-05 9.99386E-05 0.314814 9.99386E-05 0.684487
9.99561E-05 9.99561E-05 0.380535 0.0446598 9.99561E-05 9.99561E-05 0.29123 0.283075 9.99561E-05
9.99384E-05 9.99384E-05 0.0548155 0.944485 9.99384E-05 9.99384E-05 9.99384E-05 9.99384E-05 9.99384E-05
9.9956E-05 9.9956E-05 0.443352 0.205007 9.9956E-05 0.241917 9.9956E-05 0.109225 9.9956E-05
0.00886212 9.99647E-05 9.99647E-05 0.397074 9.99647E-05 9.99647E-05 0.371648 0.171428 0.0505879
9.99382E-05 0.156963 9.99382E-05 9.99382E-05 9.99382E-05 9.99382E-05 9.99382E-05 9.99382E-05 0.842337
0.251214 9.9956E-05 0.466853 0.277213 9.9956E-05 0.00422002 9.9956E-05 9.9956E-05 9.9956E-05
0.122978 9.99473E-05 0.482442 9.99473E-05 9.99473E-05 0.39398 9.99473E-05 9.99473E-05 9.99473E-05
0.179918 9.99563E-05 0.229942 9.99563E-05 9.99563E-05 0.423817 9.99563E-05 0.165823 9.99563E-05
9.99563E-05 9.99563E-05 0.0793434 9.99563E-05 0.0433956 0.673792 9.99563E-05 0.202969 9.99563E-05
0.748327 0.0353818 0.14151 9.9956E-05 9.9956E-05 9.9956E-05 9.9956E-05 9.9956E-05 0.0742811
0.626667 9.99385E-05 9.99385E-05 9.99385E-05 9.99385E-05 0.372634 9.99385E-05 9.99385E-05 9.99385E-05
9.99563E-05 0.0560729 9.99563E-05 0.285525 9.99563E-05 9.99563E-05 9.99563E-05 0.271181 0.386721
9.9956E-05 0.256445 9.9956E-05 0.11605 9.9956E-05 0.271166 9.9956E-05 9.9956E-05 0.355839
0.0740398 9.99648E-05 9.99648E-05 0.316231 0.387711 0.0717934 9.99648E-05 0.149825 9.99648E-05
9.99381E-05 9.99381E-05 9.99381E-05 9.99381E-05 9.99381E-05 9.99381E-05 0.553195 9.99381E-05 0.446105
9.99472E-05 9.99472E-05 0.00492839 0.984559 9.99472E-05 9.99472E-05 9.99472E-05 0.00991287 9.99472E-05
9.99557E-05 9.99557E-05 9.99557E-05 0.290921 9.99557E-05 0.431813 0.16632 0.110445 9.99557E-05
9.99565E-05 9.99565E-05 0.660396 9.99565E-05 0.198622 9.99565E-05 0.0651124 0.0753696 9.99565E-05
0.326004 9.99561E-05 9.99561E-05 0.0602152 0.359014 9.99561E-05 9.99561E-05 0.254267 9.99561E-05
9.994E-05 9.994E-05 9.994E-05 0.246024 0.436344 9.994E-05 9.994E-05 9.994E-05 0.317032
0.156566 9.99647E-05 9.99647E-05 0.185938 0.403366 0.0513381 9.99647E-05 0.202392 9.99647E-05
9.99473E-05 9.99473E-05 0.255012 9.99473E-05 0.370236 9.99473E-05 0.374152 9.99473E-05 9.99473E-05
0.0917838 9.99564E-05 0.0390346 0.673403 9.99564E-05 9.99564E-05 0.195279 9.99564E-05 9.99564E-05
9.9947E-05 0.176638 0.570084 0.252678 9.9947E-05 9.9947E-05 9.9947E-05 9.9947E-05 9.9947E-05
0.770897 0.0577018 0.0587818 9.9956E-05 9.9956E-05 9.9956E-05 0.11212 9.9956E-05 9.9956E-05
0.140503 9.99471E-05 0.467145 0.391752 9.99471E-05 9.99471E-05 9.99471E-05 9.99471E-05 9.99471E-05
0.51837 9.99561E-05 0.0959674 9.99561E-05 9.99561E-05 9.99561E-05 0.0415041 9.99561E-05 0.343659
9.99564E-05 9.99564E-05 0.174726 9.99564E-05 9.99564E-05 0.11944 0.64861 9.99564E-05 0.0567246
9.99563E-05 9.99563E-05 9.99563E-05 0.326939 0.336506 0.00225733 9.99563E-05 9.99563E-05 0.333798
0.450954 0.0974097 9.9956E-05 0.352785 9.9956E-05 9.9956E-05 0.0983518 9.9956E-05 9.9956E-05
0.520314 9.994E-05 9.994E-05 9.994E-05 9.994E-05 9.994E-05 0.240105 0.238982 9.994E-05
0.17433 9.99734E-05 0.239582 0.162719 0.0382415 9.99734E-05 0.333174 9.99734E-05 0.0516536
0.118744 9.99559E-05 9.99559E-05 0.351703 9.99559E-05 9.99559E-05 0.404012 9.99559E-05 0.125041
0.143722 9.99736E-05 0.0113911 0.174765 0.133846 9.99736E-05 9.99736E-05 0.392535 0.143441
9.9947E-05 9.9947E-05 0.867453 0.0566297 0.0753176 9.9947E-05 9.9947E-05 9.9947E-05 9.9947E-05
9.99736E-05 9.99736E-05 0.0499021 0.40429 0.212034 0.11142 0.0704361 9.99736E-05 0.151618
9.99471E-05 9.99471E-05 0.55989 9.99471E-05 0.184048 9.99471E-05 9.99471E-05 9.99471E-05 0.255462
9.9956E-05 9.9956E-05 9.9956E-05 0.411798 9.9956E-05 9.9956E-05 0.0355581 0.060062 0.492082
0.19918 9.9947E-05 0.30615 0.494069 9.9947E-05 9.9947E-05 9.9947E-05 9.9947E-05 9.9947E-05
9.99559E-05 0.270808 0.374999 0.24359 9.99559E-05 9.99559E-05 0.110104 9.99559E-05 9.99559E-05
0.115299 9.996E-05 0.310785 0.352061 0.110222 9.996E-05 9.996E-05 9.996E-05 0.111233
9.99476E-05 0.130288 0.708184 9.99476E-05 9.99476E-05 0.160929 9.99476E-05 9.99476E-05 9.99476E-05
0.0704359 9.99648E-05 0.0372906 9.99648E-05 0.202292 0.22478 0.464802 9.99648E-05 9.99648E-05
9.99736E-05 9.99736E-05 0.0789731 0.459041 0.106408 9.99736E-05 0.0715927 0.215283 0.0684022
9.99562E-05 0.0564897 9.99562E-05 9.99562E-05 0.553899 0.0418397 9.99562E-05 9.99562E-05 0.347271
0.0195179 9.99736E-05 0.238794 0.30696 9.99736E-05 0.210903 9.99736E-05 0.131999 0.0915261
0.0318426 9.99736E-05 0.12599 0.0762596 9.99736E-05 0.204035 9.99736E-05 0.00203736 0.559536
0.0437885 9.99648E-05 0.0572408 0.249718 0.436501 9.99648E-05 9.99648E-05 0.212352 9.99648E-05
0.241068 9.99559E-05 0.218374 0.309546 0.230512 9.99559E-05 9.99559E-05 9.99559E-05 9.99559E-05
9.99647E-05 9.99647E-05 0.284955 0.354457 9.99647E-05 9.99647E-05 0.102004 0.0293694 0.228814
9.993E-05 9.993E-05 9.993E-05 9.993E-05 0.999201 9.993E-05 9.993E-05 9.993E-05 9.993E-05
9.9965E-05 0.0557425 0.00140065 0.52219 0.251091 9.9965E-05 9.9965E-05 9.9965E-05 0.169177
0.26518 9.9956E-05 0.259333 0.0883142 9.9956E-05 9.9956E-05 0.386673 9.9956E-05 9.9956E-05
9.99474E-05 9.99474E-05 9.99474E-05 0.864722 9.99474E-05 9.99474E-05 0.098228 9.99474E-05 0.0364498
0.603554 9.99472E-05 9.99472E-05 9.99472E-05 9.99472E-05 0.0335163 9.99472E-05 0.36233 9.99472E-05
9.99381E-05 9.99381E-05 0.815353 9.99381E-05 9.99381E-05 9.99381E-05 9.99381E-05 9.99381E-05 0.183947
0.322357 0.00263556 9.99564E-05 0.220179 9.99564E-05 0.454328 9.99564E-05 9.99564E-05 9.99564E-05
9.9956E-05 9.9956E-05 9.9956E-05 0.40733 9.9956E-05 0.154933 0.418431 0.0188071 9.9956E-05
9.99476E-05 9.99476E-05 9.99476E-05 0.185769 0.728148 9.99476E-05 0.0854831 9.99476E-05 9.99476E-05
9.995E-05 9.995E-05 0.118535 9.995E-05 0.280787 9.995E-05 0.2639 0.336278 9.995E-05
9.99647E-05 0.0943155 9.99647E-05 0.096315 0.420522 9.99647E-05 0.297541 0.0909063 9.99647E-05
9.9947E-05 9.9947E-05 9.9947E-05 0.495639 9.9947E-05 9.9947E-05 0.090501 9.9947E-05 0.41326
9.99475E-05 9.99475E-05 9.99475E-05 0.875243 0.0714197 9.99475E-05 9.99475E-05 0.0527379 9.99475E-05
0.852079 9.99387E-05 9.99387E-05 9.99387E-05 9.99387E-05 9.99387E-05 0.147221 9.99387E-05 9.99387E-05
9.99475E-05 9.99475E-05 9.99475E-05 0.662314 0.0686184 9.99475E-05 0.268468 9.99475E-05 9.99475E-05
0.134999 9.99476E-05 0.135227 9.99476E-05 9.99476E-05 9.99476E-05 9.99476E-05 9.99476E-05 0.729174
0.228213 9.99651E-05 0.129296 9.99651E-05 9.99651E-05 0.236588 9.99651E-05 0.0071113 0.398391
9.99562E-05 0.173317 9.99562E-05 0.1489 0.100475 9.99562E-05 9.99562E-05 9.99562E-05 0.576808
9.99385E-05 9.99385E-05 0.235591 0.76371 9.99385E-05 9.99385E-05 9.99385E-05 9.99385E-05 9.99385E-05
9.99561E-05 0.28296 9.99561E-05 0.33967 0.207961 9.99561E-05 9.99561E-05 0.168909 9.99561E-05
9.99478E-05 0.0670996 0.437567 9.99478E-05 0.494734 9.99478E-05 9.99478E-05 9.99478E-05 9.99478E-05
9.99302E-05 9.99302E-05 9.99302E-05 9.99302E-05 9.99302E-05 9.99302E-05 0.999201 9.99302E-05 9.99302E-05
0.355636 9.99474E-05 9.99474E-05 0.0947327 9.99474E-05 9.99474E-05 0.549032 9.99474E-05 9.99474E-05
0.0365042 9.99648E-05 9.99648E-05 0.248601 0.146794 9.99648E-05 9.99648E-05 0.268785 0.298916
0.289313 9.99648E-05 9.99648E-05 9.99648E-05 0.379939 9.99648E-05 0.0375078 0.0423334 0.250507
9.99475E-05 9.99475E-05 9.99475E-05 0.198703 0.653144 0.147554 9.99475E-05 9.99475E-05 9.99475E-05
9.9956E-05 9.9956E-05 9.9956E-05 0.654539 0.117953 9.9956E-05 9.9956E-05 0.0136006 0.213408
9.99382E-05 9.99382E-05 9.99382E-05 0.421903 0.577397 9.99382E-05 9.99382E-05 9.99382E-05 9.99382E-05
9.99392E-05 9.99392E-05 9.99392E-05 0.216087 9.99392E-05 9.99392E-05 9.99392E-05 0.783214 9.99392E-05
9.993E-05 9.993E-05 9.993E-05 0.999201 9.993E-05 9.993E-05 9.993E-05 9.993E-05 9.993E-05
9.99472E-05 9.99472E-05 9.99472E-05 0.589274 9.99472E-05 9.99472E-05 9.99472E-05 0.0909569 0.31917
9.9956E-05 9.9956E-05 9.9956E-05 0.285749 0.38809 9.9956E-05 0.00767253 0.317989 9.9956E-05
0.870708 9.9956E-05 0.0190878 0.0324155 0.0772892 9.9956E-05 9.9956E-05 9.9956E-05 9.9956E-05
9.997E-05 0.0692574 0.154564 9.997E-05 0.130454 0.276707 0.30605 9.997E-05 0.0626681
0.199669 9.99558E-05 9.99558E-05 0.156099 0.353839 9.99558E-05 9.99558E-05 0.289893 9.99558E-05
0.406477 9.99737E-05 9.99737E-05 0.00622363 9.99737E-05 0.0256948 0.396413 0.0383331 0.126558
0.11662 0.0397005 9.99653E-05 0.491133 0.344244 0.00790367 9.99653E-05 9.99653E-05 9.99653E-05
0.251874 9.99561E-05 9.99561E-05 0.516669 0.201451 0.0295054 9.99561E-05 9.99561E-05 9.99561E-05
0.0700398 9.99472E-05 0.625166 9.99472E-05 9.99472E-05 9.99472E-05 0.304194 9.99472E-05 9.99472E-05
0.206794 9.99736E-05 0.313377 9.99736E-05 0.188532 0.12023 0.0303787 0.140389 9.99736E-05
0.50541 9.99735E-05 0.119188 0.0175895 0.00368475 0.334342 0.0194864 9.99735E-05 9.99735E-05
0.3709 0.163145 0.0587394 0.0230588 0.383757 9.99647E-05 9.99647E-05 9.99647E-05 9.99647E-05
0.205355 0.035128 9.99649E-05 0.0129698 0.647315 9.99649E-05 9.99649E-05 0.0988316 9.99649E-05
9.99562E-05 0.0341191 0.534195 9.99562E-05 9.99562E-05 0.0461319 9.99562E-05 9.99562E-05 0.385055
9.9947E-05 9.9947E-05 9.9947E-05 0.480793 9.9947E-05 9.9947E-05 0.372842 0.145764 9.9947E-05
9.99388E-05 9.99388E-05 9.99388E-05 9.99388E-05 0.145091 9.99388E-05 0.85421 9.99388E-05 9.99388E-05
9.99558E-05 9.99558E-05 9.99558E-05 0.0658728 9.99558E-05 0.65907 9.99558E-05 0.152109 0.122448
9.99824E-05 9.99824E-05 0.0231274 0.143871 0.145206 0.334343 0.168882 0.0393861 0.144985
0.28006 9.9947E-05 9.9947E-05 9.9947E-05 0.630837 9.9947E-05 9.9947E-05 9.9947E-05 0.088504
0.0268527 0.188252 9.9956E-05 9.9956E-05 9.9956E-05 9.9956E-05 0.0347542 9.9956E-05 0.749642
9.99648E-05 9.99648E-05 9.99648E-05 0.372112 0.185064 0.04697 9.99648E-05 0.0602873 0.335167
9.99393E-05 9.99393E-05 0.558333 9.99393E-05 9.99393E-05 9.99393E-05 9.99393E-05 0.440967 9.99393E-05
0.016222 9.99563E-05 9.99563E-05 0.480582 0.440631 9.99563E-05 9.99563E-05 0.0620644 9.99563E-05
9.99469E-05 9.99469E-05 9.99469E-05 0.367036 0.228773 9.99469E-05 9.99469E-05 0.403592 9.99469E-05
9.99398E-05 9.99398E-05 9.99398E-05 0.90404 9.99398E-05 9.99398E-05 9.99398E-05 9.99398E-05 0.0952603
0.915425 9.99473E-05 9.99473E-05 0.07234 9.99473E-05 9.99473E-05 0.0116353 9.99473E-05 9.99473E-05
0.268164 0.516135 9.99648E-05 9.99648E-05 9.99648E-05 0.0406419 0.0724758 9.99648E-05 0.102184
9.99477E-05 9.99477E-05 9.99477E-05 0.0375548 9.99477E-05 0.433691 9.99477E-05 0.528154 9.99477E-05
9.99563E-05 9.99563E-05 0.396686 0.166482 9.99563E-05 9.99563E-05 0.14984 0.286493 9.99563E-05
0.283533 9.99562E-05 0.182956 0.320418 9.99562E-05 9.99562E-05 9.99562E-05 9.99562E-05 0.212593
0.167992 9.9956E-05 9.9956E-05 9.9956E-05 0.170188 9.9956E-05 0.57633 9.9956E-05 0.0849903
9.99385E-05 9.99385E-05 9.99385E-05 9.99385E-05 9.99385E-05 0.0889082 0.910392 9.99385E-05 9.99385E-05
0.836198 0.0658186 9.99471E-05 0.097384 9.99471E-05 9.99471E-05 9.99471E-05 9.99471E-05 9.99471E-05
9.99473E-05 9.99473E-05 9.99473E-05 0.00758438 0.200826 0.79099 9.99473E-05 9.99473E-05 9.99473E-05
9.99561E-05 0.0121331 9.99561E-05 0.819879 9.99561E-05 9.99561E-05 0.00518399 9.99561E-05 0.162304
0.0668823 9.99648E-05 9.99648E-05 0.165003 9.99648E-05 0.407489 0.102444 0.257782 9.99648E-05
9.99474E-05 9.99474E-05 9.99474E-05 0.520263 9.99474E-05 9.99474E-05 0.430101 0.049036 9.99474E-05
0.288818 9.99561E-05 0.326365 0.173549 9.99561E-05 9.99561E-05 0.210768 9.99561E-05 9.99561E-05
0.19837 9.99559E-05 0.354338 0.353065 9.99559E-05 9.99559E-05 0.0937279 9.99559E-05 9.99559E-05
0.447995 9.99562E-05 0.503417 9.99562E-05 0.0397075 9.99562E-05 9.99562E-05 9.99562E-05 0.00838115
0.590204 9.99563E-05 0.168242 0.157779 9.99563E-05 0.0832761 9.99563E-05 9.99563E-05 9.99563E-05
9.99648E-05 9.99648E-05 0.241996 0.20126 0.0126826 9.99648E-05 0.192431 9.99648E-05 0.35123
9.99647E-05 9.99647E-05 9.99647E-05 0.450293 0.0151211 0.0366459 0.237071 9.99647E-05 0.26047
9.993E-05 0.999201 9.993E-05 9.993E-05 9.993E-05 9.993E-05 9.993E-05 9.993E-05 9.993E-05
9.99476E-05 9.99476E-05 0.388279 9.99476E-05 9.99476E-05 9.99476E-05 0.404252 9.99476E-05 0.206869
0.56413 9.99472E-05 9.99472E-05 9.99472E-05 0.357759 9.99472E-05 0.0775111 9.99472E-05 9.99472E-05
0.484811 9.99562E-05 9.99562E-05 9.99562E-05 0.26596 9.99562E-05 9.99562E-05 0.149957 0.098771
0.245436 9.99561E-05 0.145043 0.400423 0.208598 9.99561E-05 9.99561E-05 9.99561E-05 9.99561E-05
0.173889 0.0185524 0.189713 9.99648E-05 0.3818 9.99648E-05 0.235646 9.99648E-05 9.99648E-05
9.99648E-05 9.99648E-05 0.0782705 9.99648E-05 0.223725 9.99648E-05 0.246657 0.317217 0.13373
9.99474E-05 9.99474E-05 9.99474E-05 9.99474E-05 0.0948849 9.99474E-05 0.689376 9.99474E-05 0.215139
9.99471E-05 9.99471E-05 0.680173 0.175534 9.99471E-05 9.99471E-05 0.143693 9.99471E-05 9.99471E-05
9.99557E-05 9.99557E-05 9.99557E-05 0.618804 0.102188 9.99557E-05 9.99557E-05 0.0937916 0.184717
0.269574 9.99735E-05 9.99735E-05 0.237102 0.068568 9.99735E-05 0.02072 0.0722508 0.331485
0.451028 9.99385E-05 9.99385E-05 9.99385E-05 9.99385E-05 9.99385E-05 0.548273 9.99385E-05 9.99385E-05
9.99475E-05 9.99475E-05 9.99475E-05 0.330022 9.99475E-05 9.99475E-05 0.323368 0.34601 9.99475E-05
0.109438 0.0301143 9.99649E-05 9.99649E-05 0.306056 9.99649E-05 9.99649E-05 0.0805745 0.473417
0.564844 9.99558E-05 0.0158988 9.99558E-05 9.99558E-05 0.357665 9.99558E-05 9.99558E-05 0.0610919
0.344768 0.240819 0.0492656 9.9956E-05 9.9956E-05 9.9956E-05 9.9956E-05 9.9956E-05 0.364647
0.018631 9.99647E-05 9.99647E-05 9.99647E-05 9.99647E-05 0.134968 0.14246 0.451747 0.251794
9.99381E-05 9.99381E-05 9.99381E-05 9.99381E-05 9.99381E-05 0.532367 9.99381E-05 9.99381E-05 0.466933
9.9956E-05 0.126951 9.9956E-05 9.9956E-05 0.054119 9.9956E-05 9.9956E-05 0.107446 0.710984
9.99563E-05 0.0573422 9.99563E-05 0.023489 9.99563E-05 9.99563E-05 9.99563E-05 0.448961 0.469708
9.99473E-05 9.99473E-05 9.99473E-05 0.594225 9.99473E-05 0.347827 9.99473E-05 0.0573485 9.99473E-05
0.302371 9.99647E-05 9.99647E-05 9.99647E-05 0.0349432 9.99647E-05 0.24689 0.00923773 0.406158
0.440144 0.267448 9.99559E-05 0.126304 9.99559E-05 9.99559E-05 9.99559E-05 0.165604 9.99559E-05
0.388206 9.99471E-05 0.26649 0.344704 9.99471E-05 9.99471E-05 9.99471E-05 9.99471E-05 9.99471E-05
9.9947E-05 9.9947E-05 0.176316 9.9947E-05 9.9947E-05 9.9947E-05 9.9947E-05 0.579414 0.243671
9.996E-05 9.996E-05 9.996E-05 0.234425 0.425999 0.071863 0.204643 9.996E-05 0.0626693
0.518835 9.99471E-05 9.99471E-05 9.99471E-05 9.99471E-05 0.245392 0.235174 9.99471E-05 9.99471E-05
9.99474E-05 9.99474E-05 9.99474E-05 0.556655 9.99474E-05 0.143756 0.298989 9.99474E-05 9.99474E-05
9.99561E-05 9.99561E-05 0.467827 9.99561E-05 0.490162 0.0316426 0.00986863 9.99561E-05 9.99561E-05
0.175286 9.99473E-05 0.000117813 0.823996 9.99473E-05 9.99473E-05 9.99473E-05 9.99473E-05 9.99473E-05
0.0930993 9.99649E-05 0.154534 9.99649E-05 0.296926 0.445804 0.00923728 9.99649E-05 9.99649E-05
9.99561E-05 9.99561E-05 0.0409751 0.358007 0.548272 0.0522457 9.99561E-05 9.99561E-05 9.99561E-05
9.99472E-05 9.99472E-05 9.99472E-05 0.488514 9.99472E-05 9.99472E-05 0.274615 0.236271 9.99472E-05
9.99647E-05 0.0989238 9.99647E-05 0.146932 0.194682 9.99647E-05 0.0196322 0.539431 9.99647E-05
0.100211 9.99559E-05 0.692429 9.99559E-05 9.99559E-05 9.99559E-05 0.109694 9.99559E-05 0.097167
0.201507 9.9947E-05 9.9947E-05 0.768402 9.9947E-05 9.9947E-05 9.9947E-05 9.9947E-05 0.0294905
0.371416 9.99562E-05 0.0235496 0.157719 9.99562E-05 9.99562E-05 0.446815 9.99562E-05 9.99562E-05
9.99736E-05 0.046924 0.143778 0.208878 0.148412 9.99736E-05 0.155326 9.99736E-05 0.296382
0.174144 0.123337 0.0468809 0.264895 9.99824E-05 0.181817 9.99824E-05 0.0692545 0.139471
0.239052 9.99473E-05 9.99473E-05 0.696547 0.0638013 9.99473E-05 9.99473E-05 9.99473E-05 9.99473E-05
9.99561E-05 9.99561E-05 0.352481 0.286232 0.010368 9.99561E-05 0.350419 9.99561E-05 9.99561E-05
9.99472E-05 9.99472E-05 0.0358991 0.727937 0.235564 9.99472E-05 9.99472E-05 9.99472E-05 9.99472E-05
0.200212 9.9956E-05 9.9956E-05 0.0636712 9.9956E-05 9.9956E-05 9.9956E-05 0.0583376 0.67728
0.211132 9.99648E-05 0.438921 9.99648E-05 0.073365 9.99648E-05 9.99648E-05 0.123082 0.1531
0.0892862 9.99648E-05 0.199153 0.39805 9.99648E-05 9.99648E-05 0.299371 0.0137394 9.99648E-05
9.99387E-05 9.99387E-05 9.99387E-05 0.639348 9.99387E-05 9.99387E-05 0.359952 9.99387E-05 9.99387E-05
9.99474E-05 9.99474E-05 0.404512 9.99474E-05 9.99474E-05 0.495882 9.99474E-05 9.99474E-05 0.0990064
9.9956E-05 9.9956E-05 0.0532795 0.058207 9.9956E-05 9.9956E-05 0.601606 0.286408 9.9956E-05
9.99476E-05 0.0425446 9.99476E-05 0.57646 9.99476E-05 9.99476E-05 9.99476E-05 9.99476E-05 0.380395
9.9956E-05 9.9956E-05 0.373446 0.15186 9.9956E-05 0.192472 0.281722 9.9956E-05 9.9956E-05
0.307946 9.99558E-05 9.99558E-05 0.0325497 9.99558E-05 0.527218 0.131786 9.99558E-05 9.99558E-05
0.255696 9.99738E-05 9.99738E-05 0.423983 0.0761466 0.0850876 0.0196868 9.99738E-05 0.139101
9.99473E-05 9.99473E-05 0.0111587 0.43203 9.99473E-05 9.99473E-05 9.99473E-05 0.556211 9.99473E-05
0.263335 9.99735E-05 0.271667 0.128027 0.275914 9.99735E-05 9.99735E-05 0.0401409 0.0206151
0.487864 9.99478E-05 9.99478E-05 9.99478E-05 0.471167 9.99478E-05 9.99478E-05 9.99478E-05 0.0403687
9.99647E-05 9.99647E-05 0.0433626 9.99647E-05 0.111257 0.142553 0.350466 9.99647E-05 0.351961
9.99475E-05 9.99475E-05 0.247935 0.0689338 0.682531 9.99475E-05 9.99475E-05 9.99475E-05 9.99475E-05
9.995E-05 0.229692 9.995E-05 0.220631 9.995E-05 9.995E-05 9.995E-05 0.342768 0.206409
9.99647E-05 9.99647E-05 9.99647E-05 0.430654 0.180901 0.0196744 9.99647E-05 0.139419 0.228952
0.472256 9.99473E-05 9.99473E-05 0.234113 0.293031 9.99473E-05 9.99473E-05 9.99473E-05 9.99473E-05
0.256332 0.170994 9.9974E-05 0.256596 9.9974E-05 0.182656 0.041579 9.9974E-05 0.0915432
9.99558E-05 9.99558E-05 0.0600965 9.99558E-05 9.99558E-05 0.162436 0.329248 0.44772 9.99558E-05
9.99472E-05 9.99472E-05 0.357783 0.535769 9.99472E-05 0.105847 9.99472E-05 9.99472E-05 9.99472E-05
0.0103038 9.99472E-05 0.589845 9.99472E-05 9.99472E-05 0.399251 9.99472E-05 9.99472E-05 9.99472E-05
0.354601 9.99646E-05 0.380071 0.0668192 0.137196 9.99646E-05 0.0609134 9.99646E-05 9.99646E-05
0.308874 9.99559E-05 0.156122 0.34954 9.99559E-05 9.99559E-05 9.99559E-05 0.184965 9.99559E-05
9.99386E-05 9.99386E-05 9.99386E-05 0.961365 0.0379351 9.99386E-05 9.99386E-05 9.99386E-05 9.99386E-05
0.104288 9.99736E-05 0.110904 0.562731 0.0391825 9.99736E-05 0.0111076 0.171487 9.99736E-05
9.99562E-05 9.99562E-05 9.99562E-05 0.467691 0.0281113 0.0753706 9.99562E-05 9.99562E-05 0.428327
9.99471E-05 9.99471E-05 0.189961 0.192759 9.99471E-05 0.61668 9.99471E-05 9.99471E-05 9.99471E-05
9.99385E-05 9.99385E-05 9.99385E-05 0.220004 9.99385E-05 9.99385E-05 9.99385E-05 0.779297 9.99385E-05
9.99472E-05 9.99472E-05 9.99472E-05 0.714894 9.99472E-05 0.21733 9.99472E-05 9.99472E-05 0.0671767
0.0660856 9.99646E-05 9.99646E-05 0.554899 9.99646E-05 9.99646E-05 0.0922947 0.115871 0.17045
0.0509447 9.99563E-05 0.0113125 9.99563E-05 0.124843 0.8124 9.99563E-05 9.99563E-05 9.99563E-05
9.99392E-05 9.99392E-05 0.290564 9.99392E-05 9.99392E-05 9.99392E-05 9.99392E-05 9.99392E-05 0.708737
0.0605835 0.218855 0.00234627 9.99648E-05 0.371214 0.346601 9.99648E-05 9.99648E-05 9.99648E-05
9.99474E-05 0.0943628 9.99474E-05 0.898041 0.00699618 9.99474E-05 9.99474E-05 9.99474E-05 9.99474E-05
9.9956E-05 0.0271473 0.0744459 0.149752 9.9956E-05 9.9956E-05 9.9956E-05 0.748155 9.9956E-05
0.210462 9.99564E-05 0.244619 9.99564E-05 9.99564E-05 9.99564E-05 0.318748 0.225672 9.99564E-05
0.157454 9.99649E-05 9.99649E-05 9.99649E-05 9.99649E-05 0.246584 0.102754 0.366672 0.126135
0.582743 9.99559E-05 9.99559E-05 0.193242 9.99559E-05 9.99559E-05 9.99559E-05 0.055523 0.167992
9.9947E-05 9.9947E-05 9.9947E-05 0.490938 9.9947E-05 0.204138 0.304324 9.9947E-05 9.9947E-05
0.635785 9.99392E-05 9.99392E-05 9.99392E-05 9.99392E-05 9.99392E-05 9.99392E-05 0.363515 9.99392E-05
0.310711 0.355464 9.99471E-05 9.99471E-05 9.99471E-05 9.99471E-05 9.99471E-05 0.333225 9.99471E-05
9.99736E-05 9.99736E-05 0.381563 9.99736E-05 0.00310566 0.0382633 0.242452 0.0538343 0.280482
9.99472E-05 9.99472E-05 0.48349 0.384073 9.99472E-05 9.99472E-05 9.99472E-05 9.99472E-05 0.131838
9.99472E-05 9.99472E-05 0.49836 0.232787 9.99472E-05 9.99472E-05 9.99472E-05 9.99472E-05 0.268253
0.258424 9.99647E-05 0.314055 9.99647E-05 0.125045 9.99647E-05 9.99647E-05 0.0528256 0.249251
0.275671 9.99645E-05 9.99645E-05 0.339487 0.185358 0.162625 0.0364593 9.99645E-05 9.99645E-05
0.123242 9.99559E-05 0.2846 9.99559E-05 9.99559E-05 9.99559E-05 9.99559E-05 0.106209 0.485449
9.99385E-05 9.99385E-05 0.837584 0.161717 9.99385E-05 9.99385E-05 9.99385E-05 9.99385E-05 9.99385E-05
0.2324 0.0192767 0.323384 0.367542 0.0430483 0.0140491 9.99737E-05 9.99737E-05 9.99737E-05
0.568133 9.99563E-05 9.99563E-05 9.99563E-05 0.0845498 9.99563E-05 9.99563E-05 0.0372342 0.309583
0.348709 9.99559E-05 0.351415 9.99559E-05 0.243862 9.99559E-05 9.99559E-05 0.0555151 9.99559E-05
9.993E-05 9.993E-05 9.993E-05 9.993E-05 9.993E-05 9.993E-05 9.993E-05 9.993E-05 0.999201
9.99389E-05 9.99389E-05 9.99389E-05 9.99389E-05 0.182812 9.99389E-05 9.99389E-05 9.99389E-05 0.816489
9.99475E-05 0.0769841 0.199091 9.99475E-05 9.99475E-05 9.99475E-05 9.99475E-05 0.723325 9.99475E-05
0.515226 9.99648E-05 9.99648E-05 0.0275764 0.118972 0.224937 0.112888 9.99648E-05 9.99648E-05
0.0982869 9.99649E-05 0.179132 9.99649E-05 0.0992373 9.99649E-05 9.99649E-05 0.553154 0.0697902
0.0118991 9.99479E-05 9.99479E-05 9.99479E-05 0.25894 9.99479E-05 0.728561 9.99479E-05 9.99479E-05
0.0884871 9.99474E-05 9.99474E-05 0.436743 9.99474E-05 9.99474E-05 9.99474E-05 0.47417 9.99474E-05
0.0946195 9.9956E-05 9.9956E-05 0.195153 0.241406 9.9956E-05 9.9956E-05 9.9956E-05 0.468322
9.99562E-05 9.99562E-05 9.99562E-05 0.630379 0.0857181 9.99562E-05 9.99562E-05 0.26368 0.0197234
9.99649E-05 0.183284 0.414839 0.3423 9.99649E-05 0.0139606 9.99649E-05 0.045216 9.99649E-05
9.99473E-05 9.99473E-05 0.360663 9.99473E-05 0.226123 0.412614 9.99473E-05 9.99473E-05 9.99473E-05
9.99648E-05 0.0196214 0.0375163 0.652677 9.99648E-05 0.0982151 0.19157 9.99648E-05 9.99648E-05
0.9902 0.00910061 9.99385E-05 9.99385E-05 9.99385E-05 9.99385E-05 9.99385E-05 9.99385E-05 9.99385E-05
9.99475E-05 0.0204527 0.049922 0.929026 9.99475E-05 9.99475E-05 9.99475E-05 9.99475E-05 9.99475E-05
9.99646E-05 9.99646E-05 9.99646E-05 0.316096 0.40887 0.0953979 0.0310847 0.148151 9.99646E-05
9.99471E-05 0.288358 9.99471E-05 9.99471E-05 0.53319 9.99471E-05 0.177853 9.99471E-05 9.99471E-05
0.0562214 9.99559E-05 0.192413 0.032495 9.99559E-05 9.99559E-05 9.99559E-05 0.718371 9.99559E-05
9.99559E-05 9.99559E-05 9.99559E-05 9.99559E-05 0.490033 9.99559E-05 0.33992 0.000562769 0.168985
0.29027 9.9956E-05 9.9956E-05 0.0576241 0.539762 9.9956E-05 9.9956E-05 0.111844 9.9956E-05
9.99647E-05 9.99647E-05 0.286396 0.162282 0.248573 9.99647E-05 9.99647E-05 0.105313 0.197036
0.572684 9.99565E-05 9.99565E-05 9.99565E-05 9.99565E-05 9.99565E-05 0.164524 0.139034 0.123257
0.376995 0.105461 0.220963 9.99562E-05 0.296082 9.99562E-05 9.99562E-05 9.99562E-05 9.99562E-05
0.443776 9.99558E-05 9.99558E-05 0.226156 9.99558E-05 9.99558E-05 0.196453 9.99558E-05 0.133115
9.99383E-05 9.99383E-05 9.99383E-05 0.538274 9.99383E-05 9.99383E-05 0.461027 9.99383E-05 9.99383E-05
0.202044 9.99564E-05 0.0905473 9.99564E-05 9.99564E-05 9.99564E-05 9.99564E-05 0.641333 0.065575
0.565342 9.99473E-05 9.99473E-05 0.227385 9.99473E-05 9.99473E-05 0.206673 9.99473E-05 9.99473E-05
0.000248699 0.130036 9.99649E-05 0.344731 9.99649E-05 9.99649E-05 0.160957 9.99649E-05 0.363628
0.537151 9.99646E-05 9.99646E-05 0.00294053 9.99646E-05 9.99646E-05 0.107654 0.334374 0.0174813
9.99388E-05 9.99388E-05 0.734614 9.99388E-05 9.99388E-05 9.99388E-05 0.264686 9.99388E-05 9.99388E-05
0.0311609 9.99558E-05 9.99558E-05 0.441957 0.0663075 9.99558E-05 9.99558E-05 0.460075 9.99558E-05
9.99383E-05 9.99383E-05 9.99383E-05 0.544771 0.454529 9.99383E-05 9.99383E-05 9.99383E-05 9.99383E-05
0.234408 9.99561E-05 9.99561E-05 9.99561E-05 0.193283 9.99561E-05 0.0635317 9.99561E-05 0.508278
9.99472E-05 9.99472E-05 9.99472E-05 9.99472E-05 9.99472E-05 0.113818 0.142449 0.743133 9.99472E-05
0.49466 9.99473E-05 9.99473E-05 9.99473E-05 9.99473E-05 9.99473E-05 9.99473E-05 0.428535 0.0762056
