9.99641E-05 0.0671909 0.68245 0.249959 9.99641E-05 9.99641E-05 9.99641E-05
9.996E-05 0.0137656 0.921064 9.996E-05 0.0647707 9.996E-05 9.996E-05
9.9964E-05 0.0240363 0.40605 0.569514 9.9964E-05 9.9964E-05 9.9964E-05
9.995E-05 9.995E-05 9.995E-05 9.995E-05 0.9994 9.995E-05 9.995E-05
9.9964E-05 9.9964E-05 9.9964E-05 0.105366 0.0607039 9.9964E-05 0.833531
0.832998 0.0288811 0.0338299 0.10395 9.9982E-05 0.00014128 9.9982E-05
9.9982E-05 0.0657706 9.9982E-05 0.509607 0.091893 0.268531 0.0639984
9.99551E-05 9.99551E-05 0.98353 9.99551E-05 9.99551E-05 0.0159704 9.99551E-05
0.47791 0.52159 9.99551E-05 9.99551E-05 9.99551E-05 9.99551E-05 9.99551E-05
9.99551E-05 9.99551E-05 9.99551E-05 9.99551E-05 9.99551E-05 0.365222 0.634278
9.995E-05 9.995E-05 9.995E-05 9.995E-05 9.995E-05 0.9994 9.995E-05
0.131155 9.9955E-05 0.868345 9.9955E-05 9.9955E-05 9.9955E-05 9.9955E-05
0.0382991 0.170651 9.9982E-05 0.186568 9.9982E-05 0.0109399 0.593343
0.00741326 9.99731E-05 9.99731E-05 0.695097 0.12327 9.99731E-05 0.17392
0.0207118 9.99551E-05 9.99551E-05 9.99551E-05 9.99551E-05 9.99551E-05 0.978788
9.99551E-05 0.895057 9.99551E-05 0.104443 9.99551E-05 9.99551E-05 9.99551E-05
0.100458 9.9973E-05 0.572134 0.00595225 0.321156 9.9973E-05 9.9973E-05
0.172076 0.435144 9.9973E-05 9.9973E-05 9.9973E-05 0.375968 0.0165127
0.990431 9.99551E-05 0.00906876 9.99551E-05 9.99551E-05 9.99551E-05 9.99551E-05
9.995E-05 0.9994 9.995E-05 9.995E-05 9.995E-05 9.995E-05 9.995E-05
9.99731E-05 0.844837 0.130454 9.99731E-05 0.0136043 9.99731E-05 0.0108044
0.358331 0.384741 0.181982 9.9973E-05 9.9973E-05 9.9973E-05 0.0746466
9.99551E-05 0.758493 9.99551E-05 9.99551E-05 9.99551E-05 9.99551E-05 0.241008
9.99641E-05 0.191037 9.99641E-05 9.99641E-05 0.722177 0.0863861 9.99641E-05
0.0120419 0.00685696 9.9973E-05 0.931096 0.0497052 9.9973E-05 9.9973E-05
9.9955E-05 0.146474 9.9955E-05 9.9955E-05 9.9955E-05 9.9955E-05 0.853026
9.9955E-05 9.9955E-05 9.9955E-05 0.0793544 0.920146 9.9955E-05 9.9955E-05
0.620687 9.99641E-05 9.99641E-05 0.0837924 9.99641E-05 9.99641E-05 0.295121
9.99553E-05 0.00805941 0.991441 9.99553E-05 9.99553E-05 9.99553E-05 9.99553E-05
0.524144 0.01831 0.118058 9.99731E-05 0.339188 9.99731E-05 9.99731E-05
9.99551E-05 9.99551E-05 9.99551E-05 0.901861 9.99551E-05 0.0976391 9.99551E-05
9.995E-05 9.995E-05 9.995E-05 0.9994 9.995E-05 9.995E-05 9.995E-05
9.9964E-05 9.9964E-05 9.9964E-05 0.317379 9.9964E-05 0.298226 0.383995
0.859707 9.99641E-05 9.99641E-05 0.0632426 0.0766507 9.99641E-05 9.99641E-05
0.00355147 9.9964E-05 0.0649383 9.9964E-05 0.93111 9.9964E-05 9.9964E-05
0.0304987 0.961722 0.00737949 9.9964E-05 9.9964E-05 9.9964E-05 9.9964E-05
0.822858 0.176643 9.99551E-05 9.99551E-05 9.99551E-05 9.99551E-05 9.99551E-05
0.859798 0.0536101 9.9973E-05 9.9973E-05 0.0611418 0.0251504 9.9973E-05
9.9955E-05 9.9955E-05 0.146258 9.9955E-05 9.9955E-05 0.853242 9.9955E-05
0.78032 9.99552E-05 9.99552E-05 9.99552E-05 0.21918 9.99552E-05 9.99552E-05
0.796032 9.99551E-05 0.203468 9.99551E-05 9.99551E-05 9.99551E-05 9.99551E-05
0.152706 9.99551E-05 0.846795 9.99551E-05 9.99551E-05 9.99551E-05 9.99551E-05
9.99552E-05 0.770728 9.99552E-05 9.99552E-05 9.99552E-05 9.99552E-05 0.228772
0.00450922 9.9955E-05 9.9955E-05 0.994991 9.9955E-05 9.9955E-05 9.9955E-05
9.99551E-05 0.198331 9.99551E-05 9.99551E-05 9.99551E-05 9.99551E-05 0.801169
9.99641E-05 9.99641E-05 0.86294 0.00789147 0.128769 9.99641E-05 9.99641E-05
0.0850948 0.914405 9.99551E-05 9.99551E-05 9.99551E-05 9.99551E-05 9.99551E-05
0.886142 0.113359 9.99552E-05 9.99552E-05 9.99552E-05 9.99552E-05 9.99552E-05
9.99731E-05 0.316262 9.99731E-05 9.99731E-05 0.150848 0.00106505 0.531525
0.211378 0.679099 9.99641E-05 9.99641E-05 9.99641E-05 0.109123 9.99641E-05
