9.9973E-05 0.0746109 0.612714 9.9973E-05 0.259565 0.0528107 9.9973E-05
9.9955E-05 0.114702 0.884798 9.9955E-05 9.9955E-05 9.9955E-05 9.9955E-05
9.9964E-05 0.0468989 0.330013 9.9964E-05 0.622688 9.9964E-05 9.9964E-05
0.232613 9.99641E-05 0.483509 0.283478 9.99641E-05 9.99641E-05 9.99641E-05
9.9973E-05 9.9973E-05 9.9973E-05 0.0230122 0.0369503 0.197942 0.741795
9.99641E-05 0.0191206 9.99641E-05 0.884429 0.0960501 9.99641E-05 9.99641E-05
0.953562 0.0234799 9.9964E-05 9.9964E-05 9.9964E-05 9.9964E-05 0.022558
0.0601851 0.00401559 0.933111 9.99731E-05 0.00238862 9.99731E-05 9.99731E-05
9.99551E-05 0.585657 9.99551E-05 0.413844 9.99551E-05 9.99551E-05 9.99551E-05
9.995E-05 9.995E-05 9.995E-05 9.995E-05 9.995E-05 9.995E-05 0.9994
0.00202476 9.99642E-05 9.99642E-05 9.99642E-05 0.0771831 9.99642E-05 0.920392
9.99551E-05 9.99551E-05 0.774391 0.225109 9.99551E-05 9.99551E-05 9.99551E-05
0.0363006 0.243511 0.0614758 9.9991E-05 0.0653229 0.0725117 0.520778
0.9994 9.995E-05 9.995E-05 9.995E-05 9.995E-05 9.995E-05 9.995E-05
9.99551E-05 9.99551E-05 9.99551E-05 9.99551E-05 9.99551E-05 0.353619 0.645881
9.99551E-05 0.954087 9.99551E-05 9.99551E-05 0.0454128 9.99551E-05 9.99551E-05
9.99641E-05 9.99641E-05 0.788124 0.168921 9.99641E-05 9.99641E-05 0.0425553
0.197134 0.605674 9.9973E-05 0.0378162 9.9973E-05 9.9973E-05 0.159077
9.995E-05 9.995E-05 9.995E-05 0.9994 9.995E-05 9.995E-05 9.995E-05
9.99551E-05 0.295936 9.99551E-05 9.99551E-05 9.99551E-05 0.703564 9.99551E-05
9.99641E-05 0.440943 9.99641E-05 0.142224 9.99641E-05 0.416434 9.99641E-05
9.99731E-05 0.468816 0.0966782 0.400002 9.99731E-05 9.99731E-05 0.0342035
9.9964E-05 0.740333 9.9964E-05 9.9964E-05 9.9964E-05 0.147644 0.111623
0.319039 9.9982E-05 0.32533 0.0883811 0.0114693 0.25558 9.9982E-05
9.99551E-05 9.99551E-05 9.99551E-05 0.0318458 0.967654 9.99551E-05 9.99551E-05
9.997E-05 0.0953521 9.997E-05 9.997E-05 0.114112 0.546731 0.243505
0.154854 9.9973E-05 0.586849 0.0752169 0.18278 9.9973E-05 9.9973E-05
0.330995 9.99641E-05 9.99641E-05 0.545333 9.99641E-05 0.123272 9.99641E-05
9.99553E-05 0.067154 0.932346 9.99553E-05 9.99553E-05 9.99553E-05 9.99553E-05
9.99641E-05 9.99641E-05 0.294429 0.635268 9.99641E-05 9.99641E-05 0.0699031
0.375809 9.99551E-05 9.99551E-05 9.99551E-05 0.623691 9.99551E-05 9.99551E-05
9.99551E-05 9.99551E-05 9.99551E-05 9.99551E-05 0.895701 9.99551E-05 0.1038
0.141307 9.9964E-05 9.9964E-05 9.9964E-05 0.0068496 9.9964E-05 0.851444
0.0319794 0.113436 9.9973E-05 0.844739 0.00954484 9.9973E-05 9.9973E-05
0.0467947 9.9973E-05 0.61575 0.279118 0.0580371 9.9973E-05 9.9973E-05
9.995E-05 0.9994 9.995E-05 9.995E-05 9.995E-05 9.995E-05 9.995E-05
9.99551E-05 0.227654 9.99551E-05 0.771846 9.99551E-05 9.99551E-05 9.99551E-05
0.00811032 0.0378622 9.9982E-05 0.876128 0.0286488 0.0490509 9.9982E-05
0.958695 0.0337261 9.99641E-05 9.99641E-05 9.99641E-05 0.00717937 9.99641E-05
9.99641E-05 9.99641E-05 0.0335336 0.851699 9.99641E-05 0.114367 9.99641E-05
9.9964E-05 9.9964E-05 0.195243 0.801215 0.00314152 9.9964E-05 9.9964E-05
9.9955E-05 9.9955E-05 0.783581 0.215919 9.9955E-05 9.9955E-05 9.9955E-05
9.995E-05 9.995E-05 9.995E-05 9.995E-05 9.995E-05 0.9994 9.995E-05
9.995E-05 9.995E-05 9.995E-05 9.995E-05 0.9994 9.995E-05 9.995E-05
0.0329017 9.9964E-05 9.9964E-05 9.9964E-05 9.9964E-05 0.72035 0.246348
9.99551E-05 0.0762604 0.92324 9.99551E-05 9.99551E-05 9.99551E-05 9.99551E-05
9.99551E-05 0.923309 9.99551E-05 0.0761909 9.99551E-05 9.99551E-05 9.99551E-05
9.99552E-05 0.22931 9.99552E-05 0.77019 9.99552E-05 9.99552E-05 9.99552E-05
9.99641E-05 9.99641E-05 9.99641E-05 9.99641E-05 0.0845568 0.911008 0.00403483
9.9973E-05 0.233373 9.9973E-05 0.313975 9.9973E-05 0.449915 0.00243695
