9.99647E-05 9.99647E-05 0.154942 9.99647E-05 0.0102013 9.99647E-05 0.435065 0.399391
0.244342 9.99648E-05 9.99648E-05 9.99648E-05 0.0713732 0.562048 0.121837 9.99648E-05
9.99558E-05 9.99558E-05 9.99558E-05 0.158528 9.99558E-05 0.59564 9.99558E-05 0.245332
0.248199 9.99737E-05 9.99737E-05 0.0237174 0.415049 9.99737E-05 0.250832 0.0619026
9.99561E-05 9.99561E-05 0.473555 0.125238 9.99561E-05 9.99561E-05 0.400707 9.99561E-05
0.0157278 9.99647E-05 9.99647E-05 9.99647E-05 0.203878 9.99647E-05 0.473303 0.306691
9.99649E-05 9.99649E-05 0.218078 9.99649E-05 0.0619089 0.303437 0.416176 9.99649E-05
9.995E-05 9.995E-05 0.338361 9.995E-05 0.549647 0.111492 9.995E-05 9.995E-05
0.453316 9.99477E-05 9.99477E-05 0.546084 9.99477E-05 9.99477E-05 9.99477E-05 9.99477E-05
0.154528 9.99475E-05 9.99475E-05 9.99475E-05 9.99475E-05 9.99475E-05 0.844872 9.99475E-05
9.994E-05 0.9993 9.994E-05 9.994E-05 9.994E-05 9.994E-05 9.994E-05 9.994E-05
0.0652484 0.80882 9.9965E-05 9.9965E-05 9.9965E-05 9.9965E-05 0.0976388 0.0278925
9.994E-05 9.994E-05 9.994E-05 9.994E-05 9.994E-05 0.9993 9.994E-05 9.994E-05
9.99647E-05 9.99647E-05 0.182585 0.26535 0.463524 9.99647E-05 0.0881407 9.99647E-05
9.99647E-05 9.99647E-05 0.108228 0.225246 0.0966792 9.99647E-05 0.569447 9.99647E-05
0.534653 0.194524 9.99647E-05 9.99647E-05 9.99647E-05 0.25257 9.99647E-05 0.0178536
9.99647E-05 0.1894 9.99647E-05 0.15529 9.99647E-05 9.99647E-05 0.374719 0.280191
0.0813022 9.99735E-05 9.99735E-05 9.99735E-05 0.126728 0.00908523 0.525169 0.257416
9.99477E-05 0.0039436 9.99477E-05 9.99477E-05 0.995457 9.99477E-05 9.99477E-05 9.99477E-05
9.99559E-05 9.99559E-05 9.99559E-05 0.302785 9.99559E-05 0.356999 9.99559E-05 0.339716
0.399292 9.99649E-05 0.0812483 9.99649E-05 9.99649E-05 0.26045 0.258609 9.99649E-05
9.99474E-05 9.99474E-05 0.163624 9.99474E-05 0.835777 9.99474E-05 9.99474E-05 9.99474E-05
9.99563E-05 0.799438 0.00758645 9.99563E-05 9.99563E-05 0.192476 9.99563E-05 9.99563E-05
0.455064 9.99648E-05 0.0210379 0.310695 9.99648E-05 9.99648E-05 0.212803 9.99648E-05
9.9956E-05 9.9956E-05 9.9956E-05 0.569816 0.141208 9.9956E-05 0.288477 9.9956E-05
9.99647E-05 0.0838812 9.99647E-05 9.99647E-05 0.336019 0.342422 0.237278 9.99647E-05
9.99566E-05 0.157383 0.562318 9.99566E-05 9.99566E-05 9.99566E-05 0.279799 9.99566E-05
9.99648E-05 0.306034 0.130646 9.99648E-05 9.99648E-05 0.525333 9.99648E-05 0.0375867
0.0338612 9.99649E-05 9.99649E-05 0.496927 0.0985628 9.99649E-05 0.370249 9.99649E-05
9.99823E-05 0.147323 0.0116584 9.99823E-05 0.210906 0.108222 0.435357 0.0863346
9.99648E-05 9.99648E-05 9.99648E-05 0.347049 0.120048 0.399026 0.133477 9.99648E-05
9.99825E-05 9.99825E-05 0.138611 0.0250808 0.0153082 0.638196 0.145189 0.037415
9.9956E-05 9.9956E-05 9.9956E-05 9.9956E-05 0.654112 0.0812694 9.9956E-05 0.264119
9.99473E-05 9.99473E-05 9.99473E-05 9.99473E-05 9.99473E-05 0.350113 9.99473E-05 0.649287
9.99648E-05 0.328622 0.0481583 0.0148365 9.99648E-05 9.99648E-05 9.99648E-05 0.607984
0.0924534 0.158902 9.99563E-05 9.99563E-05 9.99563E-05 0.748144 9.99563E-05 9.99563E-05
0.820564 9.99472E-05 0.178837 9.99472E-05 9.99472E-05 9.99472E-05 9.99472E-05 9.99472E-05
0.070931 9.99649E-05 9.99649E-05 0.0324746 0.413443 9.99649E-05 0.482752 9.99649E-05
9.99558E-05 9.99558E-05 9.99558E-05 0.183601 9.99558E-05 0.654481 0.161418 9.99558E-05
9.99737E-05 0.136491 9.99737E-05 0.432991 0.202419 0.173748 9.99737E-05 0.0540514
0.137897 0.122026 0.0378607 0.289491 9.99824E-05 0.0352497 0.377276 9.99824E-05
0.0754424 0.0758385 9.99735E-05 0.392267 9.99735E-05 9.99735E-05 0.279578 0.176574
0.0232344 9.99563E-05 9.99563E-05 9.99563E-05 0.722228 9.99563E-05 0.254038 9.99563E-05
0.499383 0.0145151 0.0799934 9.99823E-05 0.0209568 0.105178 0.279774 9.99823E-05
0.0362696 0.221387 9.99646E-05 9.99646E-05 9.99646E-05 0.373401 0.368542 9.99646E-05
9.99652E-05 9.99652E-05 9.99652E-05 0.258141 9.99652E-05 0.0298892 0.167798 0.543772
9.99562E-05 9.99562E-05 9.99562E-05 0.230693 9.99562E-05 0.523543 0.245264 9.99562E-05
0.209249 9.99648E-05 0.316556 9.99648E-05 0.144835 0.32896 9.99648E-05 9.99648E-05
9.9965E-05 0.163936 0.00536185 0.531237 9.9965E-05 0.299066 9.9965E-05 9.9965E-05
0.277837 0.241838 0.010667 9.99646E-05 9.99646E-05 9.99646E-05 0.469258 9.99646E-05
0.79556 9.99476E-05 9.99476E-05 0.20384 9.99476E-05 9.99476E-05 9.99476E-05 9.99476E-05
9.99737E-05 0.0367968 0.12218 9.99737E-05 0.565376 9.99737E-05 0.226738 0.0486091
0.241857 0.0444458 9.99737E-05 9.99737E-05 0.36246 9.99737E-05 0.197963 0.152973
9.99647E-05 9.99647E-05 9.99647E-05 0.0301344 0.476398 0.161106 0.331962 9.99647E-05
9.99647E-05 0.0671406 9.99647E-05 0.256878 9.99647E-05 9.99647E-05 0.637595 0.0379861
9.9956E-05 9.9956E-05 0.400023 0.0446499 0.554827 9.9956E-05 9.9956E-05 9.9956E-05
0.714927 0.000693485 0.0256724 0.258307 9.9965E-05 9.9965E-05 9.9965E-05 9.9965E-05
9.9956E-05 9.9956E-05 0.699938 9.9956E-05 0.288606 0.0109565 9.9956E-05 9.9956E-05
0.254738 0.186019 9.99824E-05 0.219416 0.216304 0.117493 9.99824E-05 0.0058305
9.99648E-05 9.99648E-05 0.11828 9.99648E-05 9.99648E-05 0.37632 0.19056 0.31444
9.99648E-05 0.0731035 9.99648E-05 9.99648E-05 0.20734 0.418517 0.300639 9.99648E-05
9.99562E-05 9.99562E-05 0.388026 0.353036 9.99562E-05 0.258438 9.99562E-05 9.99562E-05
0.266439 0.732961 9.99469E-05 9.99469E-05 9.99469E-05 9.99469E-05 9.99469E-05 9.99469E-05
0.256074 9.99738E-05 0.165523 9.99738E-05 0.442613 0.0302056 0.105284 9.99738E-05
0.266833 9.9947E-05 9.9947E-05 9.9947E-05 0.732567 9.9947E-05 9.9947E-05 9.9947E-05
0.748079 9.99557E-05 9.99557E-05 9.99557E-05 0.0137721 9.99557E-05 9.99557E-05 0.237649
0.379458 9.99559E-05 9.99559E-05 9.99559E-05 9.99559E-05 0.559876 9.99559E-05 0.060166
9.99474E-05 9.99474E-05 0.160447 9.99474E-05 9.99474E-05 0.838953 9.99474E-05 9.99474E-05
0.286941 9.995E-05 9.995E-05 9.995E-05 9.995E-05 0.451384 0.261175 9.995E-05
9.9956E-05 9.9956E-05 9.9956E-05 0.148943 9.9956E-05 9.9956E-05 0.721206 0.129351
0.272144 9.99563E-05 9.99563E-05 9.99563E-05 9.99563E-05 9.99563E-05 0.522735 0.204621
0.376151 0.11059 0.22636 0.0363671 9.99736E-05 9.99736E-05 0.250232 9.99736E-05
9.9956E-05 0.243764 0.362521 9.9956E-05 9.9956E-05 9.9956E-05 9.9956E-05 0.393215
0.00730606 9.99737E-05 0.0695536 0.258028 0.253953 9.99737E-05 0.410859 9.99737E-05
9.9947E-05 9.9947E-05 9.9947E-05 0.217813 9.9947E-05 9.9947E-05 0.781588 9.9947E-05
9.99562E-05 0.742586 9.99562E-05 9.99562E-05 0.213986 9.99562E-05 0.0429286 9.99562E-05
9.996E-05 0.360508 9.996E-05 0.015065 9.996E-05 0.265987 0.35804 9.996E-05
0.139547 9.99735E-05 0.0234064 9.99735E-05 0.171226 0.222097 0.443425 9.99735E-05
9.9965E-05 9.9965E-05 0.190093 9.9965E-05 9.9965E-05 0.264796 0.20394 0.340771
9.99558E-05 9.99558E-05 9.99558E-05 0.0129589 0.950121 9.99558E-05 0.0364207 9.99558E-05
9.99557E-05 9.99557E-05 9.99557E-05 9.99557E-05 0.050186 9.99557E-05 0.758801 0.190513
9.994E-05 9.994E-05 0.9993 9.994E-05 9.994E-05 9.994E-05 9.994E-05 9.994E-05
9.9965E-05 0.0164318 9.9965E-05 9.9965E-05 0.11546 0.753029 0.114679 9.9965E-05
0.337158 9.99561E-05 9.99561E-05 0.50692 9.99561E-05 9.99561E-05 0.155422 9.99561E-05
9.994E-05 9.994E-05 9.994E-05 9.994E-05 9.994E-05 0.9993 9.994E-05 9.994E-05
9.99561E-05 9.99561E-05 0.643204 0.0866592 9.99561E-05 9.99561E-05 9.99561E-05 0.269637
9.996E-05 0.202187 9.996E-05 9.996E-05 0.231428 0.510522 0.0554632 9.996E-05
0.0834199 9.9947E-05 9.9947E-05 0.91598 9.9947E-05 9.9947E-05 9.9947E-05 9.9947E-05
9.99564E-05 9.99564E-05 9.99564E-05 9.99564E-05 0.0613222 9.99564E-05 0.489804 0.448374
9.99473E-05 9.99473E-05 9.99473E-05 9.99473E-05 0.220716 0.778684 9.99473E-05 9.99473E-05
0.092153 9.99558E-05 9.99558E-05 9.99558E-05 9.99558E-05 9.99558E-05 0.456775 0.450572
9.99562E-05 0.32589 9.99562E-05 0.243198 9.99562E-05 9.99562E-05 9.99562E-05 0.430413
9.9956E-05 0.415147 9.9956E-05 0.401187 9.9956E-05 0.183166 9.9956E-05 9.9956E-05
0.640187 0.210758 9.99648E-05 0.022364 9.99648E-05 0.126291 9.99648E-05 9.99648E-05
9.99647E-05 9.99647E-05 0.125822 9.99647E-05 0.440225 9.99647E-05 0.254285 0.179268
0.248676 9.99562E-05 0.413096 0.337729 9.99562E-05 9.99562E-05 9.99562E-05 9.99562E-05
9.99737E-05 0.0889107 0.0775642 0.192407 0.09624 0.544578 9.99737E-05 9.99737E-05
9.99649E-05 0.0459702 9.99649E-05 9.99649E-05 9.99649E-05 0.499676 0.327031 0.126923
0.0483295 9.99735E-05 0.392527 0.237372 9.99735E-05 9.99735E-05 0.244614 0.0768564
0.324094 9.99736E-05 0.396074 0.0413106 9.99736E-05 0.085994 9.99736E-05 0.152227
0.49531 9.99736E-05 9.99736E-05 9.99736E-05 0.165127 0.0219206 0.257637 0.0597058
0.597942 9.99562E-05 9.99562E-05 9.99562E-05 0.248894 9.99562E-05 9.99562E-05 0.152664
0.569621 9.99561E-05 9.99561E-05 9.99561E-05 9.99561E-05 9.99561E-05 0.345358 0.0845216
9.99474E-05 9.99474E-05 0.347967 9.99474E-05 9.99474E-05 0.651433 9.99474E-05 9.99474E-05
0.398317 9.996E-05 0.0724378 9.996E-05 9.996E-05 0.323034 9.996E-05 0.205811
9.996E-05 9.996E-05 0.00390523 9.996E-05 0.442907 0.260614 0.292174 9.996E-05
9.99739E-05 0.298038 0.0633769 9.99739E-05 0.396133 9.99739E-05 0.0719302 0.170221
0.0281615 9.99559E-05 0.626908 9.99559E-05 9.99559E-05 9.99559E-05 0.34443 9.99559E-05
9.99561E-05 9.99561E-05 0.419735 9.99561E-05 9.99561E-05 9.99561E-05 0.198511 0.381254
0.445679 9.99647E-05 0.178199 9.99647E-05 0.250137 9.99647E-05 0.125585 9.99647E-05
9.99562E-05 0.25656 9.99562E-05 9.99562E-05 9.99562E-05 0.362319 0.380621 9.99562E-05
0.241579 9.99561E-05 9.99561E-05 0.282289 9.99561E-05 9.99561E-05 0.475632 9.99561E-05
0.19364 9.99651E-05 9.99651E-05 9.99651E-05 0.321215 0.338616 9.99651E-05 0.146129
9.99735E-05 0.173729 9.99735E-05 0.167389 0.492129 0.0754556 0.0909978 9.99735E-05
9.99563E-05 9.99563E-05 9.99563E-05 9.99563E-05 0.247183 0.158354 0.593964 9.99563E-05
9.99474E-05 9.99474E-05 9.99474E-05 0.361917 9.99474E-05 9.99474E-05 0.637483 9.99474E-05
9.99647E-05 9.99647E-05 0.143651 0.220566 0.0948182 9.99647E-05 0.540565 9.99647E-05
9.99481E-05 9.99481E-05 9.99481E-05 9.99481E-05 9.99481E-05 0.521667 0.477733 9.99481E-05
9.9956E-05 0.688364 0.184824 9.9956E-05 9.9956E-05 9.9956E-05 0.126312 9.9956E-05
0.27063 9.99737E-05 9.99737E-05 9.99737E-05 0.0304722 0.219758 0.155136 0.323703
9.99648E-05 0.043188 0.314165 9.99648E-05 9.99648E-05 9.99648E-05 0.383988 0.258259
9.99558E-05 0.600542 0.0214504 9.99558E-05 9.99558E-05 9.99558E-05 0.377508 9.99558E-05
0.322118 0.458052 9.99558E-05 9.99558E-05 9.99558E-05 9.99558E-05 0.21933 9.99558E-05
0.471685 9.99647E-05 9.99647E-05 9.99647E-05 0.0329214 0.387173 0.107821 9.99647E-05
0.337478 0.19429 9.9965E-05 9.9965E-05 0.0600665 9.9965E-05 0.407766 9.9965E-05
0.330063 9.99563E-05 9.99563E-05 9.99563E-05 0.501732 9.99563E-05 0.167706 9.99563E-05
9.99479E-05 0.844198 9.99479E-05 9.99479E-05 9.99479E-05 9.99479E-05 9.99479E-05 0.155202
9.9965E-05 9.9965E-05 9.9965E-05 9.9965E-05 0.000558317 0.532213 0.0846481 0.38218
9.99737E-05 0.258864 9.99737E-05 0.260469 0.123502 0.0259101 9.99737E-05 0.330955
9.99737E-05 9.99737E-05 9.99737E-05 0.208485 0.177823 0.16177 0.201593 0.250029
0.235771 9.99472E-05 9.99472E-05 9.99472E-05 9.99472E-05 9.99472E-05 0.763629 9.99472E-05
0.134293 0.101702 0.302935 9.99647E-05 9.99647E-05 9.99647E-05 0.46067 9.99647E-05
0.14755 9.99561E-05 0.604777 9.99561E-05 9.99561E-05 0.247173 9.99561E-05 9.99561E-05
0.175809 9.99649E-05 0.109196 9.99649E-05 9.99649E-05 9.99649E-05 0.446068 0.268528
9.99559E-05 9.99559E-05 0.0408824 0.0708442 9.99559E-05 9.99559E-05 0.887774 9.99559E-05
9.99562E-05 0.0425884 9.99562E-05 0.7658 9.99562E-05 9.99562E-05 9.99562E-05 0.191112
0.150748 9.99735E-05 9.99735E-05 0.235139 0.141457 0.205117 0.267239 9.99735E-05
0.00835443 9.99737E-05 0.00388232 0.432415 9.99737E-05 9.99737E-05 0.0626072 0.492441
9.99649E-05 0.400718 0.256124 9.99649E-05 0.255782 9.99649E-05 0.0869759 9.99649E-05
0.241592 0.0516909 9.99739E-05 9.99739E-05 0.0978404 9.99739E-05 0.593593 0.0149837
9.99471E-05 0.554363 9.99471E-05 9.99471E-05 9.99471E-05 9.99471E-05 0.445037 9.99471E-05
0.026318 9.99735E-05 9.99735E-05 0.296072 0.0344825 0.317733 9.99735E-05 0.325094
0.58392 9.99648E-05 9.99648E-05 9.99648E-05 0.00275317 9.99648E-05 0.169073 0.243854
9.9965E-05 9.9965E-05 9.9965E-05 0.139727 9.9965E-05 0.632082 0.20887 0.0189204
9.99649E-05 0.0817413 9.99649E-05 9.99649E-05 9.99649E-05 0.378112 0.169241 0.370507
0.0472381 9.99736E-05 0.385887 9.99736E-05 0.180257 0.248036 0.138281 9.99736E-05
9.99648E-05 0.249071 0.228955 0.401868 0.119705 9.99648E-05 9.99648E-05 9.99648E-05
0.0358732 9.99648E-05 0.148279 9.99648E-05 0.186109 0.629339 9.99648E-05 9.99648E-05
0.572882 9.99559E-05 9.99559E-05 9.99559E-05 9.99559E-05 0.359206 9.99559E-05 0.0674117
0.311975 9.99647E-05 0.0579938 0.238007 9.99647E-05 9.99647E-05 9.99647E-05 0.391625
9.99649E-05 0.257229 0.0127494 0.0025351 9.99649E-05 9.99649E-05 0.727086 9.99649E-05
0.0741697 0.23827 9.99646E-05 9.99646E-05 0.528637 9.99646E-05 9.99646E-05 0.158523
9.99557E-05 9.99557E-05 9.99557E-05 0.28786 9.99557E-05 0.333188 9.99557E-05 0.378453
9.99474E-05 0.507489 9.99474E-05 9.99474E-05 9.99474E-05 0.491911 9.99474E-05 9.99474E-05
9.99557E-05 9.99557E-05 9.99557E-05 9.99557E-05 9.99557E-05 0.138933 0.629046 0.231521
9.99648E-05 9.99648E-05 0.157727 0.128214 0.335128 0.378532 9.99648E-05 9.99648E-05
0.563845 9.99558E-05 9.99558E-05 9.99558E-05 9.99558E-05 9.99558E-05 0.405424 0.0302313
9.99736E-05 0.183216 9.99736E-05 0.436081 9.99736E-05 0.253819 0.0972379 0.0293458
0.374151 9.99647E-05 0.471511 9.99647E-05 9.99647E-05 0.142124 9.99647E-05 0.0118138
0.286064 9.99562E-05 9.99562E-05 9.99562E-05 9.99562E-05 0.573776 9.99562E-05 0.13966
0.310655 9.99559E-05 0.279641 9.99559E-05 9.99559E-05 9.99559E-05 0.409204 9.99559E-05
0.326997 0.383654 9.99649E-05 9.99649E-05 9.99649E-05 0.00556385 0.283386 9.99649E-05
9.99648E-05 9.99648E-05 9.99648E-05 0.0625623 0.322898 0.11279 0.50135 9.99648E-05
9.99472E-05 9.99472E-05 9.99472E-05 9.99472E-05 0.806773 9.99472E-05 9.99472E-05 0.192628
0.222933 0.286496 0.109989 0.116539 0.200914 0.062928 9.99825E-05 9.99825E-05
9.99648E-05 0.181113 9.99648E-05 9.99648E-05 0.456482 0.22937 0.132634 9.99648E-05
0.149509 9.99474E-05 9.99474E-05 9.99474E-05 9.99474E-05 0.849891 9.99474E-05 9.99474E-05
0.0442933 9.99739E-05 9.99739E-05 0.091693 9.99739E-05 0.346747 0.465926 0.0510408
9.99473E-05 9.99473E-05 9.99473E-05 9.99473E-05 0.0936837 9.99473E-05 0.905717 9.99473E-05
9.99646E-05 0.463789 9.99646E-05 0.068999 0.0923012 0.374511 9.99646E-05 9.99646E-05
9.99648E-05 0.275044 0.405534 0.0515503 9.99648E-05 9.99648E-05 0.267472 9.99648E-05
9.99649E-05 0.203619 9.99649E-05 9.99649E-05 0.186318 0.210386 0.399278 9.99649E-05
9.99736E-05 0.0804463 0.100796 0.0604727 0.444389 0.313596 9.99736E-05 9.99736E-05
9.994E-05 9.994E-05 9.994E-05 9.994E-05 0.9993 9.994E-05 9.994E-05 9.994E-05
0.0135253 0.148512 0.837463 9.99561E-05 9.99561E-05 9.99561E-05 9.99561E-05 9.99561E-05
0.113203 9.99736E-05 0.226553 9.99736E-05 0.446152 0.00904307 0.20475 9.99736E-05
9.99647E-05 0.655378 9.99647E-05 0.057635 0.0132939 0.273293 9.99647E-05 9.99647E-05
0.239285 0.737774 0.0224419 9.99562E-05 9.99562E-05 9.99562E-05 9.99562E-05 9.99562E-05
9.99649E-05 0.0983621 9.99649E-05 0.0044987 0.679825 0.216915 9.99649E-05 9.99649E-05
0.515582 0.0510538 0.0452549 9.997E-05 9.997E-05 0.330159 9.997E-05 0.0576501
0.083878 0.2488 0.666823 9.99562E-05 9.99562E-05 9.99562E-05 9.99562E-05 9.99562E-05
0.0712468 0.0340019 0.101548 0.162532 9.99735E-05 0.630372 9.99735E-05 9.99735E-05
9.99645E-05 0.0493152 9.99645E-05 0.11497 9.99645E-05 0.726137 9.99645E-05 0.109179
9.99649E-05 9.99649E-05 9.99649E-05 0.546787 0.0235402 0.415805 9.99649E-05 0.0134678
0.0898023 0.0367146 9.996E-05 9.996E-05 9.996E-05 0.279426 0.593657 9.996E-05
9.99648E-05 0.306602 9.99648E-05 0.410174 9.99648E-05 0.116637 0.166187 9.99648E-05
0.739856 0.208662 9.99559E-05 9.99559E-05 0.0509821 9.99559E-05 9.99559E-05 9.99559E-05
0.016875 9.99735E-05 0.684156 0.160984 9.99735E-05 9.99735E-05 0.134048 0.00363685
9.99647E-05 0.183672 9.99647E-05 0.180813 0.469821 0.165293 9.99647E-05 9.99647E-05
9.99649E-05 0.0613704 0.475345 9.99649E-05 0.336652 9.99649E-05 0.126233 9.99649E-05
9.994E-05 0.9993 9.994E-05 9.994E-05 9.994E-05 9.994E-05 9.994E-05 9.994E-05
0.35437 0.188632 0.117745 9.997E-05 9.997E-05 0.126115 0.212839 9.997E-05
0.292663 0.126449 0.354656 0.0958435 9.99737E-05 9.99737E-05 0.130089 9.99737E-05
9.99648E-05 0.03367 9.99648E-05 9.99648E-05 0.64217 0.250459 9.99648E-05 0.0733014
9.99561E-05 0.368191 9.99561E-05 9.99561E-05 9.99561E-05 0.437653 0.193657 9.99561E-05
9.994E-05 9.994E-05 9.994E-05 9.994E-05 9.994E-05 0.9993 9.994E-05 9.994E-05
9.99652E-05 0.367607 9.99652E-05 0.0300213 0.380388 9.99652E-05 9.99652E-05 0.221585
0.191853 9.99649E-05 0.109715 9.99649E-05 9.99649E-05 9.99649E-05 0.567628 0.130403
0.0910774 9.99472E-05 9.99472E-05 9.99472E-05 9.99472E-05 9.99472E-05 0.908323 9.99472E-05
9.99646E-05 0.234831 9.99646E-05 0.0598935 9.99646E-05 0.516956 9.99646E-05 0.18792
9.99649E-05 9.99649E-05 0.153408 0.045159 9.99649E-05 0.418819 0.382214 9.99649E-05
0.491738 9.99653E-05 0.260066 9.99653E-05 0.203604 9.99653E-05 0.0441917 9.99653E-05
9.99648E-05 0.447936 0.0739169 9.99648E-05 9.99648E-05 9.99648E-05 0.469503 0.00824443
9.99478E-05 9.99478E-05 9.99478E-05 9.99478E-05 9.99478E-05 9.99478E-05 0.582728 0.416673
0.0675942 0.433952 9.99648E-05 9.99648E-05 0.492295 9.99648E-05 0.00575858 9.99648E-05
0.0703333 0.315298 9.996E-05 9.996E-05 0.364766 9.996E-05 0.249202 9.996E-05
9.99473E-05 9.99473E-05 9.99473E-05 9.99473E-05 0.1866 9.99473E-05 0.8128 9.99473E-05
9.99471E-05 9.99471E-05 9.99471E-05 9.99471E-05 0.751006 9.99471E-05 0.248395 9.99471E-05
9.99649E-05 0.0864341 9.99649E-05 0.127011 0.158523 9.99649E-05 0.627633 9.99649E-05
9.9956E-05 0.276181 0.631187 0.0921319 9.9956E-05 9.9956E-05 9.9956E-05 9.9956E-05
9.994E-05 9.994E-05 9.994E-05 9.994E-05 0.9993 9.994E-05 9.994E-05 9.994E-05
0.22381 9.99561E-05 9.99561E-05 9.99561E-05 9.99561E-05 9.99561E-05 0.450393 0.325297
9.9956E-05 9.9956E-05 9.9956E-05 9.9956E-05 0.0996647 9.9956E-05 0.87832 0.0215156
0.0916479 9.99736E-05 0.14905 0.399294 9.99736E-05 0.358641 0.00106707 9.99736E-05
9.99475E-05 9.99475E-05 9.99475E-05 0.390402 9.99475E-05 9.99475E-05 0.608998 9.99475E-05
9.99564E-05 0.116218 9.99564E-05 0.0394883 9.99564E-05 9.99564E-05 0.843794 9.99564E-05
9.9965E-05 0.158561 0.0823473 9.9965E-05 9.9965E-05 0.118091 0.6406 9.9965E-05
9.99647E-05 9.99647E-05 0.394017 9.99647E-05 0.41439 9.99647E-05 0.0475012 0.143692
0.552774 0.0883687 9.99645E-05 9.99645E-05 0.144762 9.99645E-05 9.99645E-05 0.213695
0.854793 9.99471E-05 9.99471E-05 9.99471E-05 9.99471E-05 9.99471E-05 9.99471E-05 0.144607
0.0865517 9.99737E-05 9.99737E-05 0.0545511 0.248389 0.565347 9.99737E-05 0.0448613
9.99559E-05 9.99559E-05 0.389903 0.0394734 9.99559E-05 0.570124 9.99559E-05 9.99559E-05
0.544364 9.99649E-05 0.0520197 9.99649E-05 9.99649E-05 0.240689 0.162528 9.99649E-05
9.99649E-05 9.99649E-05 9.99649E-05 0.346739 0.395413 9.99649E-05 0.23616 0.0212873
0.251591 0.314606 9.99561E-05 9.99561E-05 9.99561E-05 9.99561E-05 9.99561E-05 0.433303
0.113033 9.99735E-05 0.388842 0.00534455 0.284566 0.207915 9.99735E-05 9.99735E-05
9.99735E-05 9.99735E-05 0.315405 0.0232909 0.374432 0.00945928 0.277113 9.99735E-05
9.99649E-05 0.044848 9.99649E-05 0.25015 9.99649E-05 0.191537 0.513065 9.99649E-05
9.99647E-05 9.99647E-05 9.99647E-05 0.336195 0.278258 9.99647E-05 0.0855892 0.299559
0.422816 9.99649E-05 0.306608 9.99649E-05 0.102707 9.99649E-05 0.167469 9.99649E-05
9.99561E-05 0.235835 0.0858294 9.99561E-05 9.99561E-05 9.99561E-05 0.677836 9.99561E-05
0.004776 9.99736E-05 9.99736E-05 9.99736E-05 0.459871 0.159875 0.24815 0.127028
9.99648E-05 9.99648E-05 0.373533 0.256459 0.0865823 9.99648E-05 0.283026 9.99648E-05
0.324025 0.348557 9.99736E-05 9.99736E-05 0.101677 9.99736E-05 0.0835201 0.141921
9.99824E-05 0.36939 0.0632782 9.99824E-05 0.0284169 0.0586887 0.310509 0.169517
0.438154 9.99648E-05 0.213651 9.99648E-05 9.99648E-05 0.260682 9.99648E-05 0.0871131
0.18868 9.99824E-05 0.168495 0.175048 0.00768633 0.379518 0.0803732 9.99824E-05
9.99738E-05 0.13756 0.220403 9.99738E-05 0.198355 9.99738E-05 0.250245 0.193137
0.246588 0.126697 9.99736E-05 9.99736E-05 0.0292745 0.531391 0.0657496 9.99736E-05
0.0605919 9.996E-05 9.996E-05 0.236762 9.996E-05 0.266731 0.435515 9.996E-05
9.9956E-05 0.24366 9.9956E-05 9.9956E-05 0.179414 0.576426 9.9956E-05 9.9956E-05
9.99561E-05 9.99561E-05 9.99561E-05 9.99561E-05 0.0165063 9.99561E-05 0.929091 0.0539025
9.9965E-05 9.9965E-05 9.9965E-05 0.282723 0.00467214 0.240409 0.471796 9.9965E-05
0.736428 9.99653E-05 0.100642 9.99653E-05 0.0878236 9.99653E-05 0.0747062 9.99653E-05
0.275895 0.098548 9.99561E-05 9.99561E-05 0.625057 9.99561E-05 9.99561E-05 9.99561E-05
9.99648E-05 0.415361 0.313131 9.99648E-05 9.99648E-05 0.0548697 0.216239 9.99648E-05
9.99474E-05 9.99474E-05 9.99474E-05 0.327616 9.99474E-05 9.99474E-05 9.99474E-05 0.671784
9.99735E-05 9.99735E-05 0.127387 0.0015326 0.692913 0.123819 0.0540484 9.99735E-05
0.18062 9.99648E-05 0.0853991 9.99648E-05 0.522746 0.210836 9.99648E-05 9.99648E-05
9.9956E-05 9.9956E-05 9.9956E-05 9.9956E-05 0.112291 0.221332 0.665877 9.9956E-05
9.99649E-05 9.99649E-05 0.42292 9.99649E-05 0.00696538 0.477283 9.99649E-05 0.0924321
0.130302 9.997E-05 0.0591291 9.997E-05 0.0776538 0.57571 0.156905 9.997E-05
9.99736E-05 0.197127 9.99736E-05 0.1387 0.293022 0.158704 0.212147 9.99736E-05
9.99648E-05 0.474596 9.99648E-05 0.30982 0.175572 9.99648E-05 9.99648E-05 0.0396124
9.99475E-05 9.99475E-05 9.99475E-05 9.99475E-05 0.0167057 0.982695 9.99475E-05 9.99475E-05
9.99563E-05 0.0500703 0.13543 0.814 9.99563E-05 9.99563E-05 9.99563E-05 9.99563E-05
0.30223 9.99564E-05 9.99564E-05 9.99564E-05 0.505521 0.19175 9.99564E-05 9.99564E-05
9.99648E-05 9.99648E-05 9.99648E-05 0.235188 0.0102469 0.405803 0.348362 9.99648E-05
9.99475E-05 9.99475E-05 9.99475E-05 9.99475E-05 0.115082 9.99475E-05 0.884318 9.99475E-05
9.99561E-05 9.99561E-05 9.99561E-05 0.122389 9.99561E-05 0.397335 9.99561E-05 0.479776
0.122266 0.25451 0.484018 9.99648E-05 0.138807 9.99648E-05 9.99648E-05 9.99648E-05
