0.140743 9.99477E-05 9.99477E-05 9.99477E-05 9.99477E-05 9.99477E-05 9.99477E-05 0.858657
0.180191 0.117335 9.99649E-05 9.99649E-05 9.99649E-05 0.446196 0.255878 9.99649E-05
9.99473E-05 9.99473E-05 9.99473E-05 0.445056 9.99473E-05 9.99473E-05 9.99473E-05 0.554344
0.254359 9.99648E-05 9.99648E-05 0.197848 9.99648E-05 9.99648E-05 0.139009 0.408384
9.99649E-05 0.100741 9.99649E-05 9.99649E-05 0.405428 9.99649E-05 0.243656 0.249775
9.99737E-05 9.99737E-05 0.0942847 0.305748 9.99737E-05 0.000980766 0.0779497 0.520737
9.99648E-05 0.176947 0.326756 0.17125 9.99648E-05 9.99648E-05 0.324646 9.99648E-05
9.99561E-05 0.0457952 0.547611 9.99561E-05 9.99561E-05 0.406094 9.99561E-05 9.99561E-05
0.408441 0.419835 9.99562E-05 9.99562E-05 9.99562E-05 9.99562E-05 9.99562E-05 0.171224
9.99563E-05 9.99563E-05 0.125662 9.99563E-05 9.99563E-05 9.99563E-05 0.536733 0.337105
0.0246702 0.203366 0.171022 0.235231 9.99824E-05 0.270846 0.0946658 9.99824E-05
9.99562E-05 9.99562E-05 9.99562E-05 0.0406964 0.452578 9.99562E-05 0.506226 9.99562E-05
9.99648E-05 0.20103 9.99648E-05 0.204441 9.99648E-05 9.99648E-05 0.456997 0.137132
9.99648E-05 0.427412 0.315236 9.99648E-05 0.04029 9.99648E-05 0.216662 9.99648E-05
9.99647E-05 0.170641 0.221267 9.99647E-05 9.99647E-05 9.99647E-05 0.113912 0.49378
9.99735E-05 0.013046 0.102541 0.13138 9.99735E-05 0.282032 0.470701 9.99735E-05
0.214979 0.230872 0.242249 9.99647E-05 9.99647E-05 9.99647E-05 9.99647E-05 0.3115
9.99471E-05 9.99471E-05 0.176648 9.99471E-05 9.99471E-05 9.99471E-05 9.99471E-05 0.822752
9.99649E-05 9.99649E-05 0.524764 9.99649E-05 0.254743 0.159749 0.0603453 9.99649E-05
9.99563E-05 0.21851 0.0378278 9.99563E-05 9.99563E-05 9.99563E-05 9.99563E-05 0.743163
9.99736E-05 9.99736E-05 0.346101 0.319124 0.0163299 0.141861 9.99736E-05 0.176284
0.603433 9.99562E-05 9.99562E-05 0.316405 9.99562E-05 9.99562E-05 0.0796617 9.99562E-05
9.99476E-05 9.99476E-05 0.995736 9.99476E-05 9.99476E-05 9.99476E-05 9.99476E-05 0.00366388
9.99649E-05 9.99649E-05 0.348715 0.190001 0.0281885 9.99649E-05 9.99649E-05 0.432696
9.99559E-05 9.99559E-05 0.578261 0.207273 9.99559E-05 9.99559E-05 9.99559E-05 0.213967
9.99647E-05 0.41942 0.179329 9.99647E-05 9.99647E-05 0.286799 9.99647E-05 0.114052
9.9965E-05 9.9965E-05 0.0624631 0.54262 0.342353 9.9965E-05 9.9965E-05 0.0521639
9.994E-05 9.994E-05 0.9993 9.994E-05 9.994E-05 9.994E-05 9.994E-05 9.994E-05
9.99649E-05 0.17053 9.99649E-05 9.99649E-05 0.252785 0.472152 9.99649E-05 0.104133
9.99649E-05 0.458212 9.99649E-05 0.505347 9.99649E-05 9.99649E-05 0.00672129 0.0293206
9.99736E-05 0.0824462 9.99736E-05 9.99736E-05 0.417318 0.112607 0.0600459 0.327282
9.99824E-05 0.150456 9.99824E-05 0.0230295 0.0297726 0.243798 0.255566 0.297179
9.9965E-05 9.9965E-05 0.135717 0.0361622 0.343882 9.9965E-05 0.483839 9.9965E-05
9.99472E-05 9.99472E-05 9.99472E-05 9.99472E-05 9.99472E-05 9.99472E-05 0.251197 0.748203
9.99561E-05 0.454609 9.99561E-05 9.99561E-05 0.137399 0.407493 9.99561E-05 9.99561E-05
0.262436 0.182227 9.99647E-05 9.99647E-05 0.366734 9.99647E-05 0.188203 9.99647E-05
9.99735E-05 0.00312127 0.554136 0.0608466 0.0627673 9.99735E-05 0.318829 9.99735E-05
9.99564E-05 9.99564E-05 9.99564E-05 0.176355 9.99564E-05 0.116878 0.706267 9.99564E-05
9.99648E-05 0.0728809 9.99648E-05 0.258399 9.99648E-05 0.00793182 0.660388 9.99648E-05
0.00147778 0.340921 9.9965E-05 9.9965E-05 0.0688418 0.58836 9.9965E-05 9.9965E-05
9.99558E-05 9.99558E-05 9.99558E-05 0.399667 9.99558E-05 0.245325 9.99558E-05 0.354508
9.99648E-05 0.475243 9.99648E-05 0.418211 9.99648E-05 0.0204864 9.99648E-05 0.0856595
9.99736E-05 0.404257 0.139436 0.00229725 0.244454 9.99736E-05 9.99736E-05 0.209255
9.9956E-05 9.9956E-05 0.17289 0.65297 0.17364 9.9956E-05 9.9956E-05 9.9956E-05
0.161767 9.99559E-05 9.99559E-05 9.99559E-05 0.547536 9.99559E-05 9.99559E-05 0.290197
9.9956E-05 0.253649 9.9956E-05 9.9956E-05 0.406436 9.9956E-05 0.339415 9.9956E-05
9.99651E-05 0.165838 9.99651E-05 0.415907 9.99651E-05 0.126763 0.291092 9.99651E-05
9.99558E-05 0.268104 9.99558E-05 0.179662 9.99558E-05 9.99558E-05 9.99558E-05 0.551734
9.99561E-05 9.99561E-05 0.609305 9.99561E-05 0.23414 0.156055 9.99561E-05 9.99561E-05
9.99559E-05 0.228031 9.99559E-05 9.99559E-05 9.99559E-05 0.509171 9.99559E-05 0.262298
9.99649E-05 9.99649E-05 0.130548 9.99649E-05 0.422061 9.99649E-05 0.0563523 0.390639
0.151069 0.107646 0.0178393 9.99826E-05 0.048114 9.99826E-05 0.355927 0.319206
9.99649E-05 9.99649E-05 0.053343 9.99649E-05 9.99649E-05 0.0110278 0.287298 0.647932
9.99558E-05 9.99558E-05 0.137608 9.99558E-05 9.99558E-05 0.231606 9.99558E-05 0.630286
9.9956E-05 9.9956E-05 0.0911517 9.9956E-05 9.9956E-05 0.733625 0.174723 9.9956E-05
9.99564E-05 0.933793 9.99564E-05 9.99564E-05 9.99564E-05 0.0648905 0.000817144 9.99564E-05
9.99472E-05 0.559767 9.99472E-05 9.99472E-05 9.99472E-05 9.99472E-05 0.439634 9.99472E-05
9.99474E-05 9.99474E-05 9.99474E-05 9.99474E-05 9.99474E-05 0.283705 0.715696 9.99474E-05
9.9956E-05 9.9956E-05 0.275455 9.9956E-05 9.9956E-05 9.9956E-05 0.668503 0.0555423
9.99647E-05 9.99647E-05 0.189172 0.191784 9.99647E-05 9.99647E-05 0.362949 0.255695
9.99471E-05 9.99471E-05 9.99471E-05 9.99471E-05 9.99471E-05 9.99471E-05 0.34796 0.65144
9.99566E-05 0.280201 9.99566E-05 9.99566E-05 9.99566E-05 9.99566E-05 0.39082 0.328479
9.99559E-05 9.99559E-05 9.99559E-05 9.99559E-05 9.99559E-05 0.442096 0.270705 0.286699
9.99823E-05 0.0599135 0.387577 0.476029 9.99823E-05 0.0236393 0.0315908 0.0210511
0.0417197 9.99737E-05 0.447139 0.172568 0.242214 9.99737E-05 9.99737E-05 0.09606
9.9956E-05 0.132874 9.9956E-05 9.9956E-05 9.9956E-05 0.0118889 0.854737 9.9956E-05
9.99472E-05 0.415212 9.99472E-05 9.99472E-05 9.99472E-05 0.584189 9.99472E-05 9.99472E-05
9.99559E-05 9.99559E-05 0.208068 0.262625 9.99559E-05 9.99559E-05 0.528807 9.99559E-05
9.99651E-05 0.465055 9.99651E-05 0.382744 0.12375 9.99651E-05 9.99651E-05 0.0280509
9.9956E-05 0.424376 9.9956E-05 9.9956E-05 0.10254 9.9956E-05 0.472584 9.9956E-05
9.99736E-05 0.151203 9.99736E-05 9.99736E-05 0.1531 0.117444 0.0888858 0.489068
9.99738E-05 0.364108 9.99738E-05 0.247655 0.0788573 9.99738E-05 0.0702016 0.238879
9.99645E-05 9.99645E-05 9.99645E-05 9.99645E-05 0.373014 0.168036 0.216335 0.242215
9.99563E-05 0.286742 9.99563E-05 0.514079 0.19868 9.99563E-05 9.99563E-05 9.99563E-05
0.314949 0.541547 9.99562E-05 9.99562E-05 9.99562E-05 9.99562E-05 9.99562E-05 0.143005
0.0523506 9.99561E-05 9.99561E-05 9.99561E-05 9.99561E-05 0.271223 9.99561E-05 0.675927
0.110206 9.99736E-05 0.320954 0.401051 0.166424 9.99736E-05 9.99736E-05 0.00106463
9.994E-05 0.9993 9.994E-05 9.994E-05 9.994E-05 9.994E-05 9.994E-05 9.994E-05
9.99559E-05 0.498572 0.140545 0.360383 9.99559E-05 9.99559E-05 9.99559E-05 9.99559E-05
9.99561E-05 9.99561E-05 9.99561E-05 9.99561E-05 0.319434 9.99561E-05 0.530152 0.149914
9.99646E-05 9.99646E-05 0.27056 9.99646E-05 0.126208 0.0419745 9.99646E-05 0.560858
9.99651E-05 0.157988 0.1523 0.363046 0.326266 9.99651E-05 9.99651E-05 9.99651E-05
9.99558E-05 9.99558E-05 9.99558E-05 0.283697 9.99558E-05 9.99558E-05 0.482153 0.23365
9.99474E-05 0.626667 9.99474E-05 9.99474E-05 9.99474E-05 0.372734 9.99474E-05 9.99474E-05
9.99561E-05 9.99561E-05 0.0382465 0.0364424 0.924811 9.99561E-05 9.99561E-05 9.99561E-05
9.99558E-05 0.25844 9.99558E-05 9.99558E-05 9.99558E-05 0.295522 9.99558E-05 0.445539
9.99737E-05 0.296963 0.0590978 0.329778 9.99737E-05 0.28985 9.99737E-05 0.0240107
9.99559E-05 0.695805 9.99559E-05 9.99559E-05 9.99559E-05 0.0565485 9.99559E-05 0.247146
0.902987 9.99562E-05 9.99562E-05 9.99562E-05 0.00257656 9.99562E-05 9.99562E-05 0.093937
9.99565E-05 0.772248 9.99565E-05 9.99565E-05 9.99565E-05 0.182824 9.99565E-05 0.0444284
9.99558E-05 9.99558E-05 9.99558E-05 9.99558E-05 0.0268006 0.553681 9.99558E-05 0.419019
0.0443126 9.99825E-05 0.331742 0.00202788 9.99825E-05 0.243692 0.297588 0.0804386
9.99651E-05 0.194442 0.545187 9.99651E-05 0.174196 9.99651E-05 9.99651E-05 0.085774
0.228011 9.99559E-05 9.99559E-05 9.99559E-05 0.436793 9.99559E-05 9.99559E-05 0.334696
9.99476E-05 0.605673 9.99476E-05 9.99476E-05 9.99476E-05 9.99476E-05 9.99476E-05 0.393727
9.99473E-05 9.99473E-05 9.99473E-05 9.99473E-05 9.99473E-05 9.99473E-05 0.136349 0.863051
9.99649E-05 0.249045 9.99649E-05 9.99649E-05 9.99649E-05 0.00398586 0.114351 0.632218
9.99648E-05 0.764252 0.15622 9.99648E-05 9.99648E-05 9.99648E-05 0.00726137 0.071867
9.99563E-05 0.466576 0.168469 9.99563E-05 9.99563E-05 9.99563E-05 9.99563E-05 0.364455
9.99557E-05 0.300361 9.99557E-05 9.99557E-05 0.288988 9.99557E-05 0.410151 9.99557E-05
0.0995522 9.99559E-05 9.99559E-05 0.264316 9.99559E-05 9.99559E-05 9.99559E-05 0.635632
9.99648E-05 9.99648E-05 0.345325 0.00913863 9.99648E-05 9.99648E-05 0.513985 0.131152
9.994E-05 9.994E-05 9.994E-05 9.994E-05 0.9993 9.994E-05 9.994E-05 9.994E-05
9.99564E-05 9.99564E-05 9.99564E-05 9.99564E-05 0.0601887 9.99564E-05 0.107932 0.831379
0.187558 9.99561E-05 0.186085 9.99561E-05 9.99561E-05 9.99561E-05 9.99561E-05 0.625857
9.99473E-05 0.646273 9.99473E-05 9.99473E-05 0.353127 9.99473E-05 9.99473E-05 9.99473E-05
0.0725953 0.151306 9.99737E-05 9.99737E-05 0.496185 9.99737E-05 0.0167852 0.262829
0.047658 0.0221773 0.0379452 9.99824E-05 0.602083 0.188592 9.99824E-05 0.101344
9.99647E-05 9.99647E-05 0.178431 9.99647E-05 0.0989545 9.99647E-05 0.151691 0.570523
9.99473E-05 9.99473E-05 0.727583 0.271818 9.99473E-05 9.99473E-05 9.99473E-05 9.99473E-05
9.99562E-05 0.3403 9.99562E-05 0.261207 9.99562E-05 9.99562E-05 9.99562E-05 0.397993
9.9965E-05 0.378983 0.225443 0.27328 9.9965E-05 0.121894 9.9965E-05 9.9965E-05
0.284976 0.0621545 9.99649E-05 9.99649E-05 9.99649E-05 9.99649E-05 0.0783726 0.574097
9.99472E-05 9.99472E-05 9.99472E-05 9.99472E-05 9.99472E-05 0.0867101 9.99472E-05 0.91269
0.605476 9.9965E-05 9.9965E-05 0.0268521 0.0963695 9.9965E-05 9.9965E-05 0.270903
9.99562E-05 0.0727933 9.99562E-05 0.383069 0.543638 9.99562E-05 9.99562E-05 9.99562E-05
9.99647E-05 0.388147 9.99647E-05 9.99647E-05 0.354216 0.0123933 9.99647E-05 0.244844
0.231589 9.99478E-05 9.99478E-05 9.99478E-05 0.767811 9.99478E-05 9.99478E-05 9.99478E-05
9.9956E-05 9.9956E-05 9.9956E-05 0.111915 0.62366 9.9956E-05 0.263926 9.9956E-05
9.99559E-05 0.460881 9.99559E-05 9.99559E-05 0.00775796 9.99559E-05 0.530862 9.99559E-05
9.99559E-05 9.99559E-05 9.99559E-05 0.186153 9.99559E-05 9.99559E-05 0.680852 0.132495
0.168565 9.99736E-05 9.99736E-05 9.99736E-05 0.314119 0.0786735 0.208091 0.230251
0.146784 0.121276 9.99823E-05 0.10458 0.232844 9.99823E-05 0.163761 0.230556
0.169047 0.241064 0.338761 9.99649E-05 0.250728 9.99649E-05 9.99649E-05 9.99649E-05
9.99649E-05 9.99649E-05 0.315864 0.282858 9.99649E-05 0.0122845 0.388594 9.99649E-05
9.99562E-05 9.99562E-05 0.0718685 0.303052 0.62458 9.99562E-05 9.99562E-05 9.99562E-05
9.9965E-05 0.635775 0.0228192 9.9965E-05 0.265571 9.9965E-05 9.9965E-05 0.075435
0.342805 9.99736E-05 9.99736E-05 9.99736E-05 0.429634 0.0364551 0.0346882 0.156118
9.99734E-05 0.249446 0.242695 0.0306205 0.201124 0.275814 9.99734E-05 9.99734E-05
0.0287244 0.155222 0.176913 0.203297 9.99823E-05 9.99823E-05 0.0281427 0.407501
9.99646E-05 0.592241 9.99646E-05 9.99646E-05 0.135714 0.178573 9.99646E-05 0.0930727
0.235598 0.0720495 9.99735E-05 9.99735E-05 0.476463 9.99735E-05 0.106379 0.10921
9.99648E-05 9.99648E-05 0.065811 0.388007 0.0631588 9.99648E-05 0.482623 9.99648E-05
0.0289086 9.99563E-05 0.446537 9.99563E-05 9.99563E-05 9.99563E-05 9.99563E-05 0.524055
0.047306 9.99735E-05 0.461037 9.99735E-05 0.278324 9.99735E-05 0.0770211 0.136013
9.99562E-05 9.99562E-05 9.99562E-05 9.99562E-05 9.99562E-05 0.0710317 0.372663 0.555805
9.99649E-05 9.99649E-05 9.99649E-05 0.276725 9.99649E-05 0.054563 0.00781029 0.660502
0.244499 0.363165 9.99737E-05 0.0684479 0.215111 0.108477 9.99737E-05 9.99737E-05
0.0697091 9.9956E-05 0.2537 9.9956E-05 9.9956E-05 9.9956E-05 0.676092 9.9956E-05
9.99651E-05 0.146914 0.122948 9.99651E-05 9.99651E-05 9.99651E-05 0.399188 0.33055
9.99561E-05 9.99561E-05 0.357533 9.99561E-05 0.156764 9.99561E-05 9.99561E-05 0.485203
9.99473E-05 9.99473E-05 0.724442 9.99473E-05 9.99473E-05 9.99473E-05 0.274958 9.99473E-05
9.99565E-05 0.0979404 9.99565E-05 0.0782194 9.99565E-05 9.99565E-05 9.99565E-05 0.82334
0.0663011 0.738334 9.99648E-05 0.182678 9.99648E-05 9.99648E-05 0.0122869 9.99648E-05
9.99646E-05 9.99646E-05 9.99646E-05 9.99646E-05 0.209834 0.0218561 0.463609 0.3043
9.99649E-05 0.194271 9.99649E-05 0.0535592 0.674503 9.99649E-05 0.0772664 9.99649E-05
9.99473E-05 0.890556 9.99473E-05 9.99473E-05 9.99473E-05 9.99473E-05 0.108844 9.99473E-05
9.99736E-05 9.99736E-05 0.0257248 0.0139011 9.99736E-05 0.626934 0.311222 0.0219189
9.99648E-05 0.0607297 9.99648E-05 0.207521 9.99648E-05 0.291591 0.439759 9.99648E-05
9.99564E-05 9.99564E-05 9.99564E-05 0.714586 0.275917 9.99564E-05 0.00899744 9.99564E-05
0.153764 0.136326 0.146501 9.99824E-05 9.99824E-05 0.191976 0.275763 0.0954705
9.99478E-05 0.234146 9.99478E-05 9.99478E-05 9.99478E-05 9.99478E-05 9.99478E-05 0.765254
9.99561E-05 0.367627 0.365741 9.99561E-05 0.266132 9.99561E-05 9.99561E-05 9.99561E-05
9.99561E-05 9.99561E-05 0.243943 9.99561E-05 0.683305 9.99561E-05 9.99561E-05 0.0722525
9.99651E-05 9.99651E-05 9.99651E-05 9.99651E-05 0.111582 0.414412 0.306757 0.166849
9.9956E-05 9.9956E-05 9.9956E-05 9.9956E-05 0.89263 0.0399007 0.0669695 9.9956E-05
0.0434783 0.130341 9.99736E-05 0.202852 0.13852 9.99736E-05 0.484508 9.99736E-05
9.99648E-05 0.192787 9.99648E-05 0.1729 0.436762 0.197151 9.99648E-05 9.99648E-05
9.99736E-05 0.53682 0.0188231 0.417228 9.99736E-05 0.016548 9.99736E-05 0.0102808
9.99559E-05 9.99559E-05 9.99559E-05 0.604708 0.233087 9.99559E-05 9.99559E-05 0.161705
9.99558E-05 9.99558E-05 0.222876 0.34722 0.429404 9.99558E-05 9.99558E-05 9.99558E-05
0.0655505 0.131331 0.052979 0.0791534 9.99824E-05 9.99824E-05 0.199637 0.471149
0.487305 9.9956E-05 9.9956E-05 9.9956E-05 9.9956E-05 9.9956E-05 0.46428 0.0479153
9.99646E-05 9.99646E-05 0.15108 0.204888 9.99646E-05 0.0882454 9.99646E-05 0.555387
9.99471E-05 9.99471E-05 9.99471E-05 0.625322 9.99471E-05 9.99471E-05 0.374078 9.99471E-05
0.301509 0.597967 9.9956E-05 9.9956E-05 9.9956E-05 9.9956E-05 9.9956E-05 0.100024
9.99559E-05 0.356544 9.99559E-05 9.99559E-05 9.99559E-05 9.99559E-05 0.134882 0.508075
9.99473E-05 9.99473E-05 9.99473E-05 0.18049 9.99473E-05 9.99473E-05 0.818911 9.99473E-05
9.99649E-05 0.0506936 0.470709 9.99649E-05 9.99649E-05 9.99649E-05 0.30187 0.176328
9.99652E-05 0.366534 9.99652E-05 0.137081 0.10376 9.99652E-05 0.392225 9.99652E-05
9.99559E-05 0.650701 9.99559E-05 9.99559E-05 0.273095 0.0757044 9.99559E-05 9.99559E-05
9.996E-05 0.472403 9.996E-05 0.478631 0.00134925 9.996E-05 0.0472178 9.996E-05
0.19568 0.601507 9.99646E-05 9.99646E-05 0.192586 9.99646E-05 0.0098274 9.99646E-05
9.99647E-05 9.99647E-05 0.282705 0.243251 0.0620173 9.99647E-05 9.99647E-05 0.411627
9.99561E-05 0.62075 0.223203 9.99561E-05 0.155547 9.99561E-05 9.99561E-05 9.99561E-05
9.99562E-05 9.99562E-05 0.468374 9.99562E-05 9.99562E-05 0.376921 9.99562E-05 0.154205
9.9956E-05 9.9956E-05 9.9956E-05 0.286355 0.261964 0.451182 9.9956E-05 9.9956E-05
9.99736E-05 9.99736E-05 9.99736E-05 0.00192587 0.13209 0.197631 0.0535928 0.61446
9.99648E-05 0.0286698 9.99648E-05 0.502777 0.304327 9.99648E-05 9.99648E-05 0.163826
0.0848337 9.9956E-05 9.9956E-05 9.9956E-05 9.9956E-05 9.9956E-05 0.765929 0.148737
9.99474E-05 9.99474E-05 0.836075 9.99474E-05 9.99474E-05 0.163325 9.99474E-05 9.99474E-05
9.99652E-05 0.682353 0.0731606 9.99652E-05 9.99652E-05 0.120782 9.99652E-05 0.123304
9.99559E-05 0.75936 0.21588 9.99559E-05 9.99559E-05 9.99559E-05 9.99559E-05 0.0242601
9.99559E-05 0.88442 9.99559E-05 9.99559E-05 0.0502514 9.99559E-05 9.99559E-05 0.0648287
9.99561E-05 9.99561E-05 0.321941 9.99561E-05 9.99561E-05 9.99561E-05 0.437234 0.240325
9.99473E-05 9.99473E-05 9.99473E-05 0.156463 0.842938 9.99473E-05 9.99473E-05 9.99473E-05
9.99559E-05 9.99559E-05 0.406411 9.99559E-05 9.99559E-05 9.99559E-05 0.253834 0.339256
9.99735E-05 0.105877 9.99735E-05 0.306442 0.00614029 0.219266 9.99735E-05 0.361975
0.358177 0.0590455 0.148255 0.180496 9.99824E-05 0.111262 0.142565 9.99824E-05
9.99473E-05 9.99473E-05 9.99473E-05 9.99473E-05 9.99473E-05 9.99473E-05 0.832836 0.166565
0.00578134 9.99736E-05 9.99736E-05 0.0244847 0.726343 9.99736E-05 0.0150876 0.228004
9.99736E-05 0.371603 0.202074 0.0617781 0.258475 9.99736E-05 9.99736E-05 0.10577
9.99737E-05 0.270248 9.99737E-05 0.257415 0.136031 9.99737E-05 0.195424 0.140582
0.17817 9.99646E-05 9.99646E-05 0.0273855 9.99646E-05 0.16799 0.626055 9.99646E-05
9.99559E-05 0.509941 0.293593 9.99559E-05 9.99559E-05 9.99559E-05 9.99559E-05 0.195966
9.99562E-05 0.311464 9.99562E-05 0.00281914 9.99562E-05 9.99562E-05 9.99562E-05 0.685217
9.99648E-05 0.414014 0.182707 9.99648E-05 0.220509 0.182369 9.99648E-05 9.99648E-05
9.99473E-05 0.751112 9.99473E-05 9.99473E-05 9.99473E-05 9.99473E-05 0.248289 9.99473E-05
9.99558E-05 0.201781 9.99558E-05 9.99558E-05 0.740551 0.0571681 9.99558E-05 9.99558E-05
0.6027 9.99561E-05 0.32313 9.99561E-05 0.0736696 9.99561E-05 9.99561E-05 9.99561E-05
9.99648E-05 0.0317579 9.99648E-05 9.99648E-05 0.181577 0.482727 0.303538 9.99648E-05
9.99647E-05 0.10968 9.99647E-05 9.99647E-05 0.455623 0.199491 9.99647E-05 0.234806
9.99559E-05 9.99559E-05 9.99559E-05 9.99559E-05 0.0666756 9.99559E-05 0.198128 0.734696
9.99648E-05 0.226722 9.99648E-05 0.0832563 9.99648E-05 9.99648E-05 0.188112 0.50151
9.99737E-05 0.0221193 9.99737E-05 0.0701497 0.371665 0.277126 9.99737E-05 0.258641
9.99649E-05 9.99649E-05 0.278693 9.99649E-05 0.27542 0.3056 0.139888 9.99649E-05
0.237764 9.99648E-05 9.99648E-05 9.99648E-05 0.558918 9.99648E-05 0.0200472 0.182871
9.99648E-05 9.99648E-05 0.306233 9.99648E-05 0.190259 0.0474124 9.99648E-05 0.455696
9.99647E-05 0.474693 0.0755001 9.99647E-05 0.438494 9.99647E-05 0.0109128 9.99647E-05
9.994E-05 9.994E-05 9.994E-05 9.994E-05 9.994E-05 9.994E-05 0.9993 9.994E-05
9.99736E-05 0.495156 0.0739896 0.0234697 0.267479 0.139606 9.99736E-05 9.99736E-05
9.99647E-05 0.461307 9.99647E-05 9.99647E-05 0.170633 0.211816 9.99647E-05 0.155845
9.99736E-05 9.99736E-05 9.99736E-05 0.0903359 0.16204 0.206758 0.40225 0.138316
9.99561E-05 9.99561E-05 0.184643 9.99561E-05 9.99561E-05 9.99561E-05 0.453212 0.361645
9.99562E-05 9.99562E-05 9.99562E-05 0.69546 0.0490886 9.99562E-05 0.254952 9.99562E-05
9.99654E-05 0.00507262 9.99654E-05 9.99654E-05 0.763083 0.175582 9.99654E-05 0.055863
0.171077 9.99737E-05 0.112239 0.202041 9.99737E-05 0.182191 9.99737E-05 0.332153
0.0165325 0.0114276 9.99736E-05 9.99736E-05 0.0561907 9.99736E-05 0.718942 0.196607
9.99559E-05 0.601042 0.0675183 9.99559E-05 9.99559E-05 9.99559E-05 0.33094 9.99559E-05
9.99558E-05 0.540222 9.99558E-05 9.99558E-05 9.99558E-05 0.137189 0.322089 9.99558E-05
9.99477E-05 9.99477E-05 9.99477E-05 9.99477E-05 9.99477E-05 9.99477E-05 0.649827 0.349573
9.99648E-05 0.520471 9.99648E-05 0.224524 0.18759 9.99648E-05 0.0670159 9.99648E-05
9.99649E-05 9.99649E-05 9.99649E-05 0.335657 0.147118 0.277341 0.239483 9.99649E-05
9.99477E-05 9.99477E-05 9.99477E-05 9.99477E-05 9.99477E-05 0.223141 0.77626 9.99477E-05
0.315196 0.0609734 9.99648E-05 0.266971 9.99648E-05 9.99648E-05 0.35646 9.99648E-05
0.0239974 0.51694 0.143892 0.161615 0.0973799 0.0559748 9.99824E-05 9.99824E-05
9.99564E-05 0.265396 0.654338 0.0797663 9.99564E-05 9.99564E-05 9.99564E-05 9.99564E-05
9.99647E-05 0.318926 0.247433 0.0356649 9.99647E-05 9.99647E-05 9.99647E-05 0.397576
0.134261 0.342 9.99736E-05 0.0651241 0.165282 0.293033 9.99736E-05 9.99736E-05
9.9956E-05 9.9956E-05 9.9956E-05 9.9956E-05 0.848923 9.9956E-05 0.0758592 0.0747177
9.9965E-05 9.9965E-05 0.487827 9.9965E-05 0.183779 9.9965E-05 0.0816039 0.24639
9.99562E-05 0.0774193 9.99562E-05 9.99562E-05 9.99562E-05 9.99562E-05 0.886519 0.0355616
9.99648E-05 0.169683 0.25959 0.132577 9.99648E-05 0.437751 9.99648E-05 9.99648E-05
9.9956E-05 9.9956E-05 9.9956E-05 0.327912 9.9956E-05 9.9956E-05 0.292731 0.378858
9.99475E-05 9.99475E-05 9.99475E-05 9.99475E-05 9.99475E-05 0.164669 9.99475E-05 0.834731
9.99471E-05 9.99471E-05 0.196407 9.99471E-05 9.99471E-05 9.99471E-05 9.99471E-05 0.802993
9.99561E-05 0.0694039 9.99561E-05 9.99561E-05 9.99561E-05 0.599751 9.99561E-05 0.330345
0.285109 0.223746 9.99648E-05 9.99648E-05 0.227736 0.263009 9.99648E-05 9.99648E-05
9.99561E-05 0.0155602 9.99561E-05 9.99561E-05 0.636071 9.99561E-05 9.99561E-05 0.347869
9.99562E-05 0.170438 9.99562E-05 0.72285 9.99562E-05 0.106212 9.99562E-05 9.99562E-05
9.99735E-05 9.99735E-05 9.99735E-05 0.321685 0.230519 0.0120184 0.13226 0.303218
0.0013386 0.669302 9.99735E-05 0.162204 9.99735E-05 0.0214223 9.99735E-05 0.145433
9.99475E-05 9.99475E-05 9.99475E-05 9.99475E-05 9.99475E-05 0.0237939 9.99475E-05 0.975606
9.99559E-05 9.99559E-05 0.49526 0.12958 9.99559E-05 9.99559E-05 9.99559E-05 0.37466
9.99736E-05 0.201416 9.99736E-05 9.99736E-05 0.351536 0.0414387 0.179008 0.226301
9.99739E-05 0.267459 9.99739E-05 0.0760714 9.99739E-05 0.234737 0.419973 0.00146056
0.914489 0.0849117 9.99474E-05 9.99474E-05 9.99474E-05 9.99474E-05 9.99474E-05 9.99474E-05
0.126068 9.9956E-05 0.267086 9.9956E-05 9.9956E-05 9.9956E-05 0.606347 9.9956E-05
9.99561E-05 9.99561E-05 0.259017 9.99561E-05 0.585634 0.154849 9.99561E-05 9.99561E-05
9.99647E-05 0.160456 0.598246 0.182046 0.058852 9.99647E-05 9.99647E-05 9.99647E-05
9.99488E-05 9.99488E-05 9.99488E-05 0.383375 9.99488E-05 9.99488E-05 9.99488E-05 0.616025
0.190883 0.24109 9.99647E-05 9.99647E-05 0.303283 9.99647E-05 0.264345 9.99647E-05
9.99566E-05 0.142082 9.99566E-05 9.99566E-05 9.99566E-05 0.745502 9.99566E-05 0.111917
9.9956E-05 0.235939 9.9956E-05 9.9956E-05 0.634457 9.9956E-05 9.9956E-05 0.129104
9.9965E-05 9.9965E-05 9.9965E-05 9.9965E-05 0.321066 0.260576 0.0604683 0.357489
9.99561E-05 0.0147443 9.99561E-05 9.99561E-05 0.556046 9.99561E-05 9.99561E-05 0.42871
9.99649E-05 0.135721 9.99649E-05 9.99649E-05 0.475443 0.186489 0.201947 9.99649E-05
0.154915 0.262526 0.159875 9.99824E-05 0.350986 9.99824E-05 0.00327117 0.068227
9.99648E-05 9.99648E-05 9.99648E-05 9.99648E-05 0.183776 0.165754 0.160045 0.490025
0.320861 0.440756 9.9956E-05 9.9956E-05 9.9956E-05 9.9956E-05 0.237883 9.9956E-05
9.99561E-05 9.99561E-05 0.0947234 9.99561E-05 0.730307 0.17447 9.99561E-05 9.99561E-05
