9.99641E-05 0.0677444 9.99641E-05 0.721882 0.126076 0.0412601 9.99641E-05 0.0426381 9.99641E-05
9.99551E-05 0.0603246 9.99551E-05 0.89325 9.99551E-05 0.00987423 0.0360509 9.99551E-05 9.99551E-05
9.99371E-05 9.99371E-05 9.99371E-05 0.317817 0.681484 9.99371E-05 9.99371E-05 9.99371E-05 9.99371E-05
9.993E-05 9.993E-05 9.993E-05 9.993E-05 9.993E-05 9.993E-05 0.999201 9.993E-05 9.993E-05
9.9955E-05 9.9955E-05 0.838104 9.9955E-05 0.0738423 9.9955E-05 0.0511346 0.0364197 9.9955E-05
0.817606 9.9946E-05 9.9946E-05 0.0202454 0.161549 9.9946E-05 9.9946E-05 9.9946E-05 9.9946E-05
0.0253463 9.9955E-05 9.9955E-05 9.9955E-05 9.9955E-05 0.0636183 9.9955E-05 0.864238 0.0462977
9.995E-05 9.995E-05 9.995E-05 0.869231 0.0744343 9.995E-05 0.0485927 9.995E-05 0.0072424
0.580744 9.99371E-05 9.99371E-05 9.99371E-05 9.99371E-05 0.418557 9.99371E-05 9.99371E-05 9.99371E-05
9.99461E-05 9.99461E-05 0.773409 9.99461E-05 9.99461E-05 9.99461E-05 9.99461E-05 0.181883 0.0441082
9.99371E-05 9.99371E-05 0.0347804 9.99371E-05 9.99371E-05 9.99371E-05 9.99371E-05 9.99371E-05 0.96452
0.143034 9.99371E-05 9.99371E-05 0.856266 9.99371E-05 9.99371E-05 9.99371E-05 9.99371E-05 9.99371E-05
9.9937E-05 0.862122 9.9937E-05 9.9937E-05 9.9937E-05 9.9937E-05 9.9937E-05 0.137178 9.9937E-05
9.99371E-05 9.99371E-05 9.99371E-05 9.99371E-05 9.99371E-05 9.99371E-05 0.145307 0.853993 9.99371E-05
9.993E-05 9.993E-05 0.999201 9.993E-05 9.993E-05 9.993E-05 9.993E-05 9.993E-05 9.993E-05
9.99372E-05 9.99372E-05 9.99372E-05 9.99372E-05 0.0922862 0.907014 9.99372E-05 9.99372E-05 9.99372E-05
0.0746699 9.99461E-05 9.99461E-05 0.645974 9.99461E-05 9.99461E-05 0.278757 9.99461E-05 9.99461E-05
0.124777 9.9964E-05 0.160348 9.9964E-05 9.9964E-05 0.446992 9.9964E-05 0.0436665 0.223817
0.96655 9.99371E-05 9.99371E-05 0.0327502 9.99371E-05 9.99371E-05 9.99371E-05 9.99371E-05 9.99371E-05
9.99462E-05 9.99462E-05 0.0093105 9.99462E-05 9.99462E-05 0.95802 0.0320694 9.99462E-05 9.99462E-05
0.0620242 0.0657843 0.0508395 9.99731E-05 0.00759105 0.737612 0.0758492 9.99731E-05 9.99731E-05
0.493212 0.0477301 9.99641E-05 0.0547767 9.99641E-05 0.327163 9.99641E-05 0.0767185 9.99641E-05
9.9955E-05 0.0447786 0.175375 9.9955E-05 9.9955E-05 0.719353 9.9955E-05 0.059994 9.9955E-05
9.9946E-05 9.9946E-05 9.9946E-05 9.9946E-05 9.9946E-05 0.119897 0.713568 9.9946E-05 0.165936
9.99371E-05 0.00317688 9.99371E-05 9.99371E-05 0.996124 9.99371E-05 9.99371E-05 9.99371E-05 9.99371E-05
9.99371E-05 9.99371E-05 0.7494 9.99371E-05 9.99371E-05 0.2499 9.99371E-05 9.99371E-05 9.99371E-05
9.99371E-05 9.99371E-05 9.99371E-05 9.99371E-05 0.0584959 9.99371E-05 0.940805 9.99371E-05 9.99371E-05
0.482615 0.345198 9.99551E-05 9.99551E-05 9.99551E-05 9.99551E-05 0.054119 0.117568 9.99551E-05
9.99373E-05 9.99373E-05 9.99373E-05 0.972726 9.99373E-05 0.0265741 9.99373E-05 9.99373E-05 9.99373E-05
0.625161 9.99462E-05 9.99462E-05 0.207982 9.99462E-05 9.99462E-05 0.166257 9.99462E-05 9.99462E-05
9.99371E-05 9.99371E-05 9.99371E-05 9.99371E-05 0.0778638 9.99371E-05 9.99371E-05 0.921437 9.99371E-05
9.99372E-05 9.99372E-05 9.99372E-05 9.99372E-05 0.71991 9.99372E-05 9.99372E-05 0.27939 9.99372E-05
9.9955E-05 0.109919 0.284772 9.9955E-05 9.9955E-05 9.9955E-05 9.9955E-05 0.529151 0.0756572
0.868963 9.99551E-05 0.0323691 9.99551E-05 0.0376039 9.99551E-05 9.99551E-05 0.0605646 9.99551E-05
0.0218602 9.9946E-05 9.9946E-05 0.172179 9.9946E-05 9.9946E-05 0.805362 9.9946E-05 9.9946E-05
9.9937E-05 9.9937E-05 9.9937E-05 0.0386775 9.9937E-05 0.960623 9.9937E-05 9.9937E-05 9.9937E-05
0.838355 9.99371E-05 9.99371E-05 9.99371E-05 9.99371E-05 0.160945 9.99371E-05 9.99371E-05 9.99371E-05
0.842425 9.9955E-05 9.9955E-05 9.9955E-05 9.9955E-05 0.0503696 9.9955E-05 0.0610143 0.0456916
9.99371E-05 9.99371E-05 9.99371E-05 0.00585658 9.99371E-05 9.99371E-05 9.99371E-05 9.99371E-05 0.993444
0.779085 9.99462E-05 0.0221087 9.99462E-05 9.99462E-05 9.99462E-05 0.198206 9.99462E-05 9.99462E-05
0.780902 9.9946E-05 9.9946E-05 0.208203 0.0102957 9.9946E-05 9.9946E-05 9.9946E-05 9.9946E-05
0.206331 9.99371E-05 9.99371E-05 0.79297 9.99371E-05 9.99371E-05 9.99371E-05 9.99371E-05 9.99371E-05
9.99373E-05 9.99373E-05 0.133939 9.99373E-05 9.99373E-05 0.865362 9.99373E-05 9.99373E-05 9.99373E-05
9.99371E-05 9.99371E-05 9.99371E-05 9.99371E-05 0.991846 9.99371E-05 9.99371E-05 9.99371E-05 0.00745427
9.99461E-05 0.372427 0.517429 9.99461E-05 9.99461E-05 0.109545 9.99461E-05 9.99461E-05 9.99461E-05
9.99461E-05 9.99461E-05 9.99461E-05 0.85876 9.99461E-05 0.0244408 0.1162 9.99461E-05 9.99461E-05
0.152312 9.9946E-05 9.9946E-05 9.9946E-05 9.9946E-05 0.804551 9.9946E-05 9.9946E-05 0.042538
0.801661 9.99373E-05 9.99373E-05 9.99373E-05 9.99373E-05 0.197639 9.99373E-05 9.99373E-05 9.99373E-05
9.993E-05 0.999201 9.993E-05 9.993E-05 9.993E-05 9.993E-05 9.993E-05 9.993E-05 9.993E-05
0.291375 0.035331 9.99552E-05 9.99552E-05 9.99552E-05 0.655499 9.99552E-05 0.0172955 9.99552E-05
