9.99461E-05 9.99461E-05 9.99461E-05 0.0844438 9.99461E-05 0.263341 0.651616 9.99461E-05 9.99461E-05
9.99461E-05 0.163094 9.99461E-05 0.049019 9.99461E-05 9.99461E-05 0.787287 9.99461E-05 9.99461E-05
9.99461E-05 9.99461E-05 9.99461E-05 0.0148062 9.99461E-05 0.632571 0.352023 9.99461E-05 9.99461E-05
9.99371E-05 0.94488 9.99371E-05 9.99371E-05 9.99371E-05 9.99371E-05 9.99371E-05 0.0544207 9.99371E-05
9.9946E-05 9.9946E-05 9.9946E-05 0.0097465 0.713785 9.9946E-05 9.9946E-05 9.9946E-05 0.275869
9.99461E-05 9.99461E-05 9.99461E-05 9.99461E-05 9.99461E-05 0.105311 9.99461E-05 0.876796 0.0172938
0.0899822 0.174186 0.102089 9.9964E-05 0.509367 0.123976 9.9964E-05 9.9964E-05 9.9964E-05
0.0483181 0.0631514 0.0518542 9.99551E-05 9.99551E-05 9.99551E-05 0.836177 9.99551E-05 9.99551E-05
9.99372E-05 9.99372E-05 0.616929 9.99372E-05 9.99372E-05 9.99372E-05 9.99372E-05 0.382372 9.99372E-05
0.0695682 9.99371E-05 9.99371E-05 9.99371E-05 0.929732 9.99371E-05 9.99371E-05 9.99371E-05 9.99371E-05
0.999201 9.993E-05 9.993E-05 9.993E-05 9.993E-05 9.993E-05 9.993E-05 9.993E-05 9.993E-05
9.99371E-05 9.99371E-05 9.99371E-05 9.99371E-05 9.99371E-05 9.99371E-05 0.974074 0.0252267 9.99371E-05
9.99641E-05 9.99641E-05 0.272829 0.0123988 0.609128 0.0764679 9.99641E-05 0.0287762 9.99641E-05
9.99461E-05 0.222691 9.99461E-05 9.99461E-05 0.359418 0.417291 9.99461E-05 9.99461E-05 9.99461E-05
9.993E-05 9.993E-05 9.993E-05 9.993E-05 9.993E-05 9.993E-05 9.993E-05 9.993E-05 0.999201
9.993E-05 9.993E-05 0.999201 9.993E-05 9.993E-05 9.993E-05 9.993E-05 9.993E-05 9.993E-05
9.99461E-05 0.159711 9.99461E-05 9.99461E-05 0.025691 9.99461E-05 0.813998 9.99461E-05 9.99461E-05
0.276052 9.9955E-05 0.430704 9.9955E-05 0.149063 9.9955E-05 9.9955E-05 0.143682 9.9955E-05
9.99371E-05 0.051531 9.99371E-05 9.99371E-05 9.99371E-05 9.99371E-05 9.99371E-05 0.947769 9.99371E-05
9.993E-05 9.993E-05 9.993E-05 0.999201 9.993E-05 9.993E-05 9.993E-05 9.993E-05 9.993E-05
9.9982E-05 0.0121621 0.764749 0.086906 0.0428703 9.9982E-05 0.0239745 0.0452396 0.0238988
9.99551E-05 9.99551E-05 0.506335 9.99551E-05 0.0149912 9.99551E-05 0.217399 0.260775 9.99551E-05
0.043572 9.9964E-05 0.714566 0.0759246 0.020857 9.9964E-05 9.9964E-05 9.9964E-05 0.144681
0.0545436 0.76838 0.0423788 0.134198 9.9955E-05 9.9955E-05 9.9955E-05 9.9955E-05 9.9955E-05
9.99461E-05 9.99461E-05 9.99461E-05 9.99461E-05 9.99461E-05 0.903996 9.99461E-05 0.0727944 0.0226104
9.9964E-05 9.9964E-05 0.014166 0.156324 0.212156 0.0230287 9.9964E-05 9.9964E-05 0.593926
9.99371E-05 0.991768 9.99371E-05 9.99371E-05 9.99371E-05 0.00753231 9.99371E-05 9.99371E-05 9.99371E-05
9.99372E-05 9.99372E-05 9.99372E-05 9.99372E-05 0.389093 9.99372E-05 9.99372E-05 0.610207 9.99372E-05
9.99374E-05 9.99374E-05 9.99374E-05 9.99374E-05 9.99374E-05 9.99374E-05 0.974769 9.99374E-05 0.0245311
9.99641E-05 0.046488 9.99641E-05 0.0405737 0.0112166 9.99641E-05 0.338489 0.562832 9.99641E-05
0.147293 9.99461E-05 9.99461E-05 9.99461E-05 0.0268334 0.825274 9.99461E-05 9.99461E-05 9.99461E-05
9.993E-05 9.993E-05 9.993E-05 9.993E-05 9.993E-05 0.999201 9.993E-05 9.993E-05 9.993E-05
9.9937E-05 9.9937E-05 9.9937E-05 9.9937E-05 0.928973 0.0703271 9.9937E-05 9.9937E-05 9.9937E-05
9.99461E-05 9.99461E-05 0.1146 9.99461E-05 9.99461E-05 0.0802148 9.99461E-05 0.804585 9.99461E-05
9.99371E-05 0.707473 9.99371E-05 9.99371E-05 9.99371E-05 9.99371E-05 0.291827 9.99371E-05 9.99371E-05
9.99371E-05 9.99371E-05 0.997914 0.00138685 9.99371E-05 9.99371E-05 9.99371E-05 9.99371E-05 9.99371E-05
9.99461E-05 9.99461E-05 0.121576 0.0193479 9.99461E-05 9.99461E-05 9.99461E-05 0.858477 9.99461E-05
0.0915968 9.9955E-05 9.9955E-05 0.0306456 0.00200382 9.9955E-05 9.9955E-05 0.875254 9.9955E-05
0.8992 9.99461E-05 9.99461E-05 0.00308264 9.99461E-05 9.99461E-05 0.0971176 9.99461E-05 9.99461E-05
9.99372E-05 0.286542 9.99372E-05 9.99372E-05 9.99372E-05 9.99372E-05 9.99372E-05 0.712759 9.99372E-05
9.9937E-05 9.9937E-05 9.9937E-05 9.9937E-05 9.9937E-05 9.9937E-05 0.285565 0.713735 9.9937E-05
9.99371E-05 9.99371E-05 9.99371E-05 9.99371E-05 9.99371E-05 9.99371E-05 0.893566 0.105734 9.99371E-05
9.993E-05 9.993E-05 9.993E-05 0.999201 9.993E-05 9.993E-05 9.993E-05 9.993E-05 9.993E-05
9.993E-05 9.993E-05 9.993E-05 9.993E-05 9.993E-05 0.999201 9.993E-05 9.993E-05 9.993E-05
9.993E-05 9.993E-05 9.993E-05 0.435097 0.564203 9.993E-05 9.993E-05 9.993E-05 9.993E-05
0.0179665 0.12443 0.0714945 9.99551E-05 9.99551E-05 9.99551E-05 0.785609 9.99551E-05 9.99551E-05
9.99461E-05 9.99461E-05 0.61831 0.173038 9.99461E-05 9.99461E-05 9.99461E-05 0.208052 9.99461E-05
9.99462E-05 9.99462E-05 0.222534 9.99462E-05 9.99462E-05 9.99462E-05 9.99462E-05 0.770187 0.00667962
9.99372E-05 0.00166725 9.99372E-05 9.99372E-05 9.99372E-05 9.99372E-05 9.99372E-05 9.99372E-05 0.997633
0.0290758 9.99641E-05 0.404447 0.293376 0.0581382 9.99641E-05 9.99641E-05 0.214563 9.99641E-05
