0.362187 0.0812733 0.55624 9.99731E-05 9.99731E-05 9.99731E-05
9.9964E-05 0.0796836 0.919917 9.9964E-05 9.9964E-05 9.9964E-05
0.580962 0.0338429 0.384125 9.9982E-05 0.000869523 9.9982E-05
0.236718 9.99821E-05 0.459576 0.00630908 9.99821E-05 0.297198
0.136944 9.9973E-05 9.9973E-05 0.751129 0.111628 9.9973E-05
0.0840168 0.0980375 9.99731E-05 9.99731E-05 9.99731E-05 0.817646
0.302494 0.0661246 9.9982E-05 9.9982E-05 0.561229 0.0699525
0.00601104 9.997E-05 0.944069 9.997E-05 0.0496201 9.997E-05
9.99641E-05 0.582098 9.99641E-05 9.99641E-05 9.99641E-05 0.417502
9.9964E-05 9.9964E-05 9.9964E-05 0.143312 0.856288 9.9964E-05
9.996E-05 9.996E-05 9.996E-05 9.996E-05 0.9995 9.996E-05
9.997E-05 9.997E-05 0.917149 0.00936721 9.997E-05 0.073184
0.212148 0.080812 9.9991E-05 0.52777 0.0898329 0.0893367
0.871781 9.99821E-05 0.000431098 9.99821E-05 0.052535 0.0750527
9.99641E-05 9.99641E-05 9.99641E-05 0.878441 0.121159 9.99641E-05
0.0863006 0.9133 9.99641E-05 9.99641E-05 9.99641E-05 9.99641E-05
0.00646798 9.99731E-05 0.875161 9.99731E-05 9.99731E-05 0.118071
9.997E-05 0.521783 9.997E-05 9.997E-05 0.357169 0.120748
9.9964E-05 9.9964E-05 0.0173679 9.9964E-05 9.9964E-05 0.982232
9.99731E-05 0.804998 0.0316455 0.163056 9.99731E-05 9.99731E-05
9.99731E-05 0.745172 0.0737244 0.180803 9.99731E-05 9.99731E-05
9.9973E-05 0.553629 0.133929 9.9973E-05 9.9973E-05 0.312142
0.03347 0.742993 9.9982E-05 0.190482 0.0328558 9.9982E-05
0.276186 0.0666833 0.332599 0.0924 9.9991E-05 0.232032
0.974359 9.99641E-05 9.99641E-05 9.99641E-05 9.99641E-05 0.025241
9.9964E-05 0.163006 9.9964E-05 0.836594 9.9964E-05 9.9964E-05
0.456317 9.99731E-05 0.415491 9.99731E-05 9.99731E-05 0.127893
0.147293 9.99731E-05 9.99731E-05 0.26079 9.99731E-05 0.591617
9.99642E-05 0.078342 0.921258 9.99642E-05 9.99642E-05 9.99642E-05
9.99821E-05 0.0283054 0.354631 9.99821E-05 0.00729372 0.60957
0.563944 9.99641E-05 9.99641E-05 9.99641E-05 0.435656 9.99641E-05
0.99702 9.99641E-05 9.99641E-05 0.00257987 9.99641E-05 9.99641E-05
0.0639816 9.9973E-05 9.9973E-05 0.0929235 0.842795 9.9973E-05
0.0606464 0.0543696 9.9973E-05 9.9973E-05 9.9973E-05 0.884684
0.0735234 9.9973E-05 0.704865 9.9973E-05 9.9973E-05 0.221311
9.99641E-05 0.989588 0.0100124 9.99641E-05 9.99641E-05 9.99641E-05
9.9964E-05 0.284398 9.9964E-05 9.9964E-05 9.9964E-05 0.715202
9.9973E-05 0.0667687 9.9973E-05 9.9973E-05 0.0441671 0.888764
9.997E-05 9.997E-05 0.0930934 9.997E-05 0.834076 0.0725304
9.99731E-05 9.99731E-05 0.0412622 0.0615347 9.99731E-05 0.896903
9.9964E-05 9.9964E-05 0.16689 9.9964E-05 9.9964E-05 0.83271
9.996E-05 9.996E-05 0.840855 9.996E-05 9.996E-05 0.158745
9.99641E-05 0.556424 9.99641E-05 0.443176 9.99641E-05 9.99641E-05
0.9995 9.996E-05 9.996E-05 9.996E-05 9.996E-05 9.996E-05
9.996E-05 9.996E-05 9.996E-05 0.9995 9.996E-05 9.996E-05
9.99641E-05 0.0377854 0.961815 9.99641E-05 9.99641E-05 9.99641E-05
9.99641E-05 0.845566 9.99641E-05 9.99641E-05 9.99641E-05 0.154034
9.99731E-05 0.119993 9.99731E-05 0.029898 9.99731E-05 0.849809
9.99731E-05 0.019882 0.103922 0.875896 9.99731E-05 9.99731E-05
9.99731E-05 0.836681 9.99731E-05 9.99731E-05 0.0701357 0.0928837
