9.9973E-05 0.639583 0.12304 9.9973E-05 0.237077 9.9973E-05
9.9973E-05 0.823076 0.0722753 9.9973E-05 9.9973E-05 0.104349
9.9973E-05 0.36322 0.0246645 9.9973E-05 0.611816 9.9973E-05
9.997E-05 0.022065 9.997E-05 0.128328 9.997E-05 0.849307
0.828676 9.9973E-05 0.0647252 9.9973E-05 9.9973E-05 0.106299
9.997E-05 0.00768564 9.997E-05 0.879831 0.112183 9.997E-05
0.449978 9.997E-05 9.997E-05 9.997E-05 0.317516 0.232207
9.99731E-05 0.8803 9.99731E-05 9.99731E-05 0.0946202 0.0247799
9.99641E-05 9.99641E-05 0.352641 0.64696 9.99641E-05 9.99641E-05
0.9995 9.996E-05 9.996E-05 9.996E-05 9.996E-05 9.996E-05
0.893732 9.99641E-05 9.99641E-05 9.99641E-05 0.105868 9.99641E-05
9.9973E-05 0.78858 9.9973E-05 0.114789 9.9973E-05 0.0963311
0.542377 9.9982E-05 0.261395 0.0848418 0.111187 9.9982E-05
0.159436 9.99731E-05 9.99731E-05 9.99731E-05 0.583839 0.256425
0.775392 9.99641E-05 0.224208 9.99641E-05 9.99641E-05 9.99641E-05
9.99731E-05 9.99731E-05 0.905271 0.0114768 0.0829522 9.99731E-05
9.9973E-05 0.623846 9.9973E-05 0.0787301 9.9973E-05 0.297124
0.433003 9.9973E-05 0.256071 0.310625 9.9973E-05 9.9973E-05
9.9964E-05 0.0496695 9.9964E-05 0.949931 9.9964E-05 9.9964E-05
9.99641E-05 9.99641E-05 0.970507 9.99641E-05 9.99641E-05 0.0290931
9.99731E-05 9.99731E-05 0.815378 0.124482 9.99731E-05 0.0598406
9.99731E-05 0.103738 0.432556 0.463406 9.99731E-05 9.99731E-05
0.0477518 9.9982E-05 0.867183 0.0400079 0.0448579 9.9982E-05
9.9964E-05 9.9964E-05 0.222243 9.9964E-05 9.9964E-05 0.777357
9.998E-05 9.998E-05 0.0201727 0.0148858 0.919347 0.0453943
0.400076 9.9964E-05 0.599524 9.9964E-05 9.9964E-05 9.9964E-05
9.996E-05 9.996E-05 9.996E-05 9.996E-05 9.996E-05 0.9995
0.224665 9.9991E-05 0.0149723 0.608129 0.123873 0.0282613
9.996E-05 0.9995 9.996E-05 9.996E-05 9.996E-05 9.996E-05
0.0600066 0.235854 9.99821E-05 0.661334 9.99821E-05 0.0426052
0.0862745 9.99641E-05 9.99641E-05 9.99641E-05 0.913326 9.99641E-05
9.996E-05 9.996E-05 9.996E-05 9.996E-05 0.9995 9.996E-05
0.763568 9.9964E-05 9.9964E-05 9.9964E-05 0.236032 9.9964E-05
9.99641E-05 9.99641E-05 9.99641E-05 0.917385 0.0822156 9.99641E-05
9.996E-05 0.133937 9.996E-05 9.996E-05 9.996E-05 0.865663
9.9973E-05 9.9973E-05 0.817495 0.171397 0.0108081 9.9973E-05
9.9973E-05 0.00913565 0.158652 0.831912 9.9973E-05 9.9973E-05
0.023961 9.9973E-05 9.9973E-05 0.944246 0.0314936 9.9973E-05
0.580369 0.163009 9.99821E-05 0.0288607 0.227562 9.99821E-05
0.0119964 9.99731E-05 9.99731E-05 0.747712 9.99731E-05 0.239992
9.9964E-05 0.21901 9.9964E-05 0.780591 9.9964E-05 9.9964E-05
9.99641E-05 0.822562 9.99641E-05 0.177038 9.99641E-05 9.99641E-05
9.996E-05 9.996E-05 0.9995 9.996E-05 9.996E-05 9.996E-05
9.996E-05 9.996E-05 9.996E-05 9.996E-05 0.9995 9.996E-05
0.573741 9.99641E-05 0.425859 9.99641E-05 9.99641E-05 9.99641E-05
9.9973E-05 0.85251 0.0235481 9.9973E-05 9.9973E-05 0.123642
9.9964E-05 9.9964E-05 0.74648 0.253121 9.9964E-05 9.9964E-05
9.99641E-05 9.99641E-05 0.159173 0.840427 9.99641E-05 9.99641E-05
0.191565 9.99821E-05 0.614997 9.99821E-05 0.034315 0.158922
0.101506 9.99731E-05 0.526023 0.372171 9.99731E-05 9.99731E-05
