0.227621 9.9982E-05 0.752653 9.9982E-05 0.0195255
9.9973E-05 0.0992203 0.90048 9.9973E-05 9.9973E-05
0.464843 9.9973E-05 0.534857 9.9973E-05 9.9973E-05
9.997E-05 0.9996 9.997E-05 9.997E-05 9.997E-05
0.741379 9.99731E-05 9.99731E-05 9.99731E-05 0.258321
0.0894733 9.9982E-05 0.10609 0.804237 9.9982E-05
0.831014 0.0603536 9.9991E-05 0.076389 0.0321438
0.0420957 0.0446999 0.913004 9.99821E-05 9.99821E-05
9.99731E-05 9.99731E-05 9.99731E-05 0.64286 0.35684
0.782822 9.99731E-05 9.99731E-05 9.99731E-05 0.216878
0.9996 9.997E-05 9.997E-05 9.997E-05 9.997E-05
9.9973E-05 9.9973E-05 0.877111 0.122589 9.9973E-05
0.55581 9.9982E-05 9.9982E-05 0.0553637 0.388627
0.67651 0.32319 9.99731E-05 9.99731E-05 9.99731E-05
0.463564 9.997E-05 9.997E-05 9.997E-05 0.536137
9.99821E-05 9.99821E-05 0.0382031 0.00704622 0.954551
9.9982E-05 0.266119 0.619054 0.114626 9.9982E-05
0.28518 9.9982E-05 9.9982E-05 0.317394 0.397226
9.99731E-05 9.99731E-05 0.0102529 0.989447 9.99731E-05
9.9973E-05 0.135555 9.9973E-05 9.9973E-05 0.864145
9.99731E-05 9.99731E-05 9.99731E-05 0.224735 0.774965
9.9982E-05 0.0220257 9.9982E-05 0.60019 0.377584
0.00931431 0.0215583 9.9982E-05 9.9982E-05 0.968927
0.0352392 0.785292 9.9991E-05 0.0127405 0.166628
0.757754 0.241946 9.99731E-05 9.99731E-05 9.99731E-05
0.336126 9.9973E-05 9.9973E-05 9.9973E-05 0.663575
9.997E-05 0.9996 9.997E-05 9.997E-05 9.997E-05
0.0731472 0.209908 9.999E-05 0.509823 0.207022
9.99731E-05 9.99731E-05 0.998183 9.99731E-05 0.00151716
9.999E-05 0.252313 0.0686426 0.66183 0.0171137
0.982116 9.997E-05 0.0175837 9.997E-05 9.997E-05
0.954089 0.0456108 9.99731E-05 9.99731E-05 9.99731E-05
0.9996 9.997E-05 9.997E-05 9.997E-05 9.997E-05
0.127377 9.99731E-05 9.99731E-05 0.872323 9.99731E-05
9.9982E-05 0.801174 0.138466 0.0601603 9.9982E-05
9.9973E-05 9.9973E-05 9.9973E-05 0.161254 0.838446
9.9973E-05 9.9973E-05 9.9973E-05 0.856857 0.142843
0.089861 9.9973E-05 9.9973E-05 0.909839 9.9973E-05
0.795009 9.99821E-05 0.154549 0.0502414 9.99821E-05
9.99731E-05 0.108673 9.99731E-05 0.891027 9.99731E-05
9.9973E-05 9.9973E-05 0.268392 0.731308 9.9973E-05
9.9973E-05 9.9973E-05 0.79716 0.20254 9.9973E-05
9.99731E-05 9.99731E-05 0.0219882 9.99731E-05 0.977712
0.772051 0.227649 9.9973E-05 9.9973E-05 9.9973E-05
0.386763 9.99731E-05 9.99731E-05 9.99731E-05 0.612937
9.9991E-05 0.170475 0.756207 0.0159923 0.0572257
9.997E-05 9.997E-05 9.997E-05 0.315679 0.684021
9.99731E-05 9.99731E-05 9.99731E-05 0.861887 0.137813
0.262647 0.0481218 9.99821E-05 9.99821E-05 0.689031
9.99731E-05 9.99731E-05 9.99731E-05 0.434232 0.565468
