0.102264 9.9982E-05 9.9982E-05 0.600995 0.296541
0.0983881 9.9973E-05 9.9973E-05 0.901312 9.9973E-05
0.0249125 9.9982E-05 9.9982E-05 0.366142 0.608746
9.999E-05 0.0563339 0.202842 0.637167 0.103558
0.00223633 0.973688 0.0238758 9.9982E-05 9.9982E-05
9.99731E-05 9.99731E-05 0.902685 9.99731E-05 0.0970146
9.9982E-05 0.549889 0.0452405 9.9982E-05 0.40467
9.99731E-05 9.99731E-05 9.99731E-05 0.926984 0.072716
0.413165 9.9973E-05 0.586535 9.9973E-05 9.9973E-05
9.997E-05 0.9996 9.997E-05 9.997E-05 9.997E-05
9.99731E-05 0.89648 9.99731E-05 9.99731E-05 0.103221
9.9973E-05 9.9973E-05 0.0765063 0.923194 9.9973E-05
0.237646 0.45344 0.106881 0.0163451 0.185687
9.99821E-05 0.262195 0.0389311 9.99821E-05 0.698674
0.250422 0.749278 9.99731E-05 9.99731E-05 9.99731E-05
0.903029 9.9982E-05 0.00218398 9.9982E-05 0.094587
9.9982E-05 0.00432874 0.0842916 0.91118 9.9982E-05
0.328977 0.375332 0.295491 9.9982E-05 9.9982E-05
9.997E-05 9.997E-05 0.9996 9.997E-05 9.997E-05
0.9996 9.997E-05 9.997E-05 9.997E-05 9.997E-05
0.882131 9.99821E-05 0.0343743 0.0832949 9.99821E-05
0.296788 0.0849703 0.618042 9.99821E-05 9.99821E-05
0.862928 0.0780307 9.9991E-05 0.0262715 0.0326696
0.160621 0.0689347 0.168118 0.399389 0.202938
9.9973E-05 9.9973E-05 0.0494758 9.9973E-05 0.950224
0.471568 0.528132 9.9973E-05 9.9973E-05 9.9973E-05
9.99821E-05 9.99821E-05 0.0633225 0.533701 0.402776
0.13073 0.288163 0.505829 0.0160883 0.0591904
0.0528938 9.99732E-05 9.99732E-05 0.946806 9.99732E-05
9.99731E-05 9.99731E-05 0.66823 0.33147 9.99731E-05
9.99731E-05 0.172318 9.99731E-05 9.99731E-05 0.827382
9.997E-05 9.997E-05 9.997E-05 9.997E-05 0.9996
9.9973E-05 0.935369 9.9973E-05 9.9973E-05 0.0643308
9.9973E-05 9.9973E-05 0.881608 9.9973E-05 0.118093
9.9982E-05 9.9982E-05 0.138724 0.792873 0.0682028
0.917325 9.9973E-05 0.0823754 9.9973E-05 9.9973E-05
0.167767 9.99731E-05 0.831933 9.99731E-05 9.99731E-05
0.0191926 9.9982E-05 0.9119 9.9982E-05 0.0687077
9.9991E-05 0.564154 0.114148 0.103263 0.218335
9.99821E-05 0.0491704 0.915682 0.0349475 9.99821E-05
9.9973E-05 9.9973E-05 0.754399 0.245301 9.9973E-05
9.99731E-05 9.99731E-05 0.0854944 0.914206 9.99731E-05
0.9996 9.997E-05 9.997E-05 9.997E-05 9.997E-05
9.997E-05 9.997E-05 9.997E-05 9.997E-05 0.9996
0.371769 0.627932 9.99731E-05 9.99731E-05 9.99731E-05
0.0388753 9.99731E-05 9.99731E-05 0.960825 9.99731E-05
0.749377 9.9973E-05 0.250323 9.9973E-05 9.9973E-05
0.164078 9.99731E-05 0.835622 9.99731E-05 9.99731E-05
0.556805 0.339037 9.99821E-05 0.103958 9.99821E-05
0.490822 0.0902703 0.418708 9.9982E-05 9.9982E-05
