0.595126 0.080535 9.99561E-05 0.00844694 9.99561E-05 9.99561E-05 9.99561E-05 0.315392 9.99561E-05
0.0376619 9.99388E-05 9.99388E-05 9.99388E-05 9.99388E-05 9.99388E-05 9.99388E-05 9.99388E-05 0.961639
9.9956E-05 9.9956E-05 0.188082 0.417067 0.294237 9.9956E-05 0.100114 9.9956E-05 9.9956E-05
9.99474E-05 9.99474E-05 0.885884 9.99474E-05 0.10532 9.99474E-05 9.99474E-05 0.00819611 9.99474E-05
0.111941 0.216785 0.0567665 0.559783 9.9965E-05 9.9965E-05 9.9965E-05 9.9965E-05 0.0543252
9.99649E-05 9.99649E-05 0.0740022 0.137045 0.218783 0.223841 0.34593 9.99649E-05 9.99649E-05
9.99469E-05 0.195574 0.12017 9.99469E-05 0.683656 9.99469E-05 9.99469E-05 9.99469E-05 9.99469E-05
9.99648E-05 0.277014 0.23433 9.99648E-05 0.00299152 9.99648E-05 9.99648E-05 0.194579 0.290686
0.356919 9.99561E-05 9.99561E-05 9.99561E-05 0.0575829 9.99561E-05 0.469364 0.115634 9.99561E-05
0.45168 9.99477E-05 9.99477E-05 0.25672 9.99477E-05 9.99477E-05 9.99477E-05 0.291 9.99477E-05
9.99648E-05 0.326805 9.99648E-05 9.99648E-05 0.0848524 0.00115078 0.236562 9.99648E-05 0.35023
9.99475E-05 9.99475E-05 9.99475E-05 0.484766 9.99475E-05 9.99475E-05 0.424131 9.99475E-05 0.0905027
0.126228 9.9956E-05 9.9956E-05 0.348017 9.9956E-05 0.394843 0.130413 9.9956E-05 9.9956E-05
0.593546 9.99474E-05 9.99474E-05 9.99474E-05 0.0874088 9.99474E-05 9.99474E-05 0.318446 9.99474E-05
9.99561E-05 9.99561E-05 0.34355 9.99561E-05 0.420604 0.120574 9.99561E-05 9.99561E-05 0.114772
0.470189 9.99559E-05 9.99559E-05 9.99559E-05 9.99559E-05 0.10633 9.99559E-05 0.233324 0.189657
0.140291 0.475989 9.99476E-05 9.99476E-05 9.99476E-05 9.99476E-05 0.383121 9.99476E-05 9.99476E-05
9.9947E-05 0.47943 9.9947E-05 0.0752912 9.9947E-05 9.9947E-05 0.444679 9.9947E-05 9.9947E-05
0.727449 9.99562E-05 9.99562E-05 0.0357861 9.99562E-05 9.99562E-05 0.0370865 0.199179 9.99562E-05
9.9947E-05 9.9947E-05 0.0121933 9.9947E-05 9.9947E-05 9.9947E-05 9.9947E-05 0.192138 0.795069
0.540109 0.186716 0.136851 9.9956E-05 9.9956E-05 9.9956E-05 9.9956E-05 0.135824 9.9956E-05
9.99386E-05 0.289634 9.99386E-05 9.99386E-05 9.99386E-05 9.99386E-05 9.99386E-05 0.709667 9.99386E-05
0.131134 9.99827E-05 0.0109238 0.0152997 0.571234 0.0561122 0.0804285 9.99827E-05 0.134668
9.9956E-05 0.47854 9.9956E-05 0.343958 9.9956E-05 9.9956E-05 0.0611657 0.115837 9.9956E-05
0.0755359 0.0522468 9.99736E-05 0.199747 0.522259 9.99736E-05 0.110323 0.039589 9.99736E-05
9.99472E-05 0.169179 9.99472E-05 9.99472E-05 9.99472E-05 9.99472E-05 0.620384 9.99472E-05 0.209837
0.13078 9.99649E-05 0.0767979 0.361534 0.318735 9.99649E-05 9.99649E-05 9.99649E-05 0.111754
0.396449 9.99476E-05 9.99476E-05 9.99476E-05 9.99476E-05 9.99476E-05 0.581647 0.021305 9.99476E-05
0.26066 9.99474E-05 9.99474E-05 0.315286 9.99474E-05 9.99474E-05 9.99474E-05 0.423454 9.99474E-05
9.99473E-05 9.99473E-05 9.99473E-05 9.99473E-05 0.616454 0.0914625 9.99473E-05 0.291484 9.99473E-05
0.81314 9.99385E-05 9.99385E-05 9.99385E-05 9.99385E-05 9.99385E-05 9.99385E-05 0.18616 9.99385E-05
9.99482E-05 9.99482E-05 9.99482E-05 9.99482E-05 0.709049 9.99482E-05 0.184991 9.99482E-05 0.10536
9.9956E-05 0.15783 9.9956E-05 9.9956E-05 0.0936493 0.657958 0.0900627 9.9956E-05 9.9956E-05
9.99471E-05 0.0486081 9.99471E-05 0.274013 9.99471E-05 9.99471E-05 9.99471E-05 0.67678 9.99471E-05
9.99475E-05 9.99475E-05 9.99475E-05 9.99475E-05 0.0663908 0.14178 9.99475E-05 9.99475E-05 0.79123
0.0796095 9.99473E-05 9.99473E-05 0.595603 0.324188 9.99473E-05 9.99473E-05 9.99473E-05 9.99473E-05
0.421264 9.99472E-05 9.99472E-05 9.99472E-05 9.99472E-05 9.99472E-05 0.42358 9.99472E-05 0.154556
0.136725 0.257165 9.99647E-05 9.99647E-05 0.0444866 9.99647E-05 0.254871 9.99647E-05 0.306351
0.151872 0.129891 0.495487 9.99648E-05 9.99648E-05 9.99648E-05 0.0993225 9.99648E-05 0.123027
9.9947E-05 9.9947E-05 9.9947E-05 0.18298 0.426807 9.9947E-05 9.9947E-05 0.389613 9.9947E-05
0.824706 9.99383E-05 9.99383E-05 9.99383E-05 9.99383E-05 9.99383E-05 9.99383E-05 9.99383E-05 0.174594
0.162498 0.168852 9.99646E-05 0.546315 9.99646E-05 9.99646E-05 9.99646E-05 0.0895243 0.0324103
0.0385703 9.99475E-05 9.99475E-05 0.0193943 0.941436 9.99475E-05 9.99475E-05 9.99475E-05 9.99475E-05
9.99474E-05 9.99474E-05 9.99474E-05 9.99474E-05 9.99474E-05 0.63601 0.15916 0.20423 9.99474E-05
9.99559E-05 0.141607 9.99559E-05 0.460174 0.170921 9.99559E-05 9.99559E-05 9.99559E-05 0.226798
9.9947E-05 9.9947E-05 9.9947E-05 0.494127 0.268273 9.9947E-05 9.9947E-05 9.9947E-05 0.237001
0.315131 0.442138 9.99559E-05 9.99559E-05 0.163312 9.99559E-05 9.99559E-05 0.0789188 9.99559E-05
9.9947E-05 9.9947E-05 0.131715 9.9947E-05 0.211964 9.9947E-05 0.655722 9.9947E-05 9.9947E-05
0.291944 9.99384E-05 9.99384E-05 9.99384E-05 9.99384E-05 9.99384E-05 0.707356 9.99384E-05 9.99384E-05
9.99735E-05 0.0245224 0.277357 0.13602 0.306643 9.99735E-05 0.13719 0.117967 9.99735E-05
0.331752 9.99474E-05 9.99474E-05 0.0298257 9.99474E-05 9.99474E-05 9.99474E-05 0.637823 9.99474E-05
0.073473 9.99474E-05 0.711691 9.99474E-05 9.99474E-05 9.99474E-05 9.99474E-05 0.214236 9.99474E-05
9.99559E-05 0.474584 9.99559E-05 9.99559E-05 0.147794 9.99559E-05 0.261975 0.115148 9.99559E-05
0.310812 9.99823E-05 0.313829 0.0126363 0.128074 0.0379507 0.0738003 0.122698 9.99823E-05
9.99473E-05 9.99473E-05 9.99473E-05 0.259204 9.99473E-05 9.99473E-05 0.548463 9.99473E-05 0.191733
9.99472E-05 9.99472E-05 0.000499487 9.99472E-05 9.99472E-05 9.99472E-05 9.99472E-05 0.23958 0.759321
0.433294 9.9947E-05 9.9947E-05 9.9947E-05 9.9947E-05 9.9947E-05 0.474883 0.091223 9.9947E-05
9.99737E-05 0.0359849 0.072566 0.00519824 0.256627 0.591472 9.99737E-05 9.99737E-05 0.0378513
9.993E-05 9.993E-05 9.993E-05 9.993E-05 9.993E-05 9.993E-05 9.993E-05 9.993E-05 0.999201
0.0744252 9.99471E-05 9.99471E-05 9.99471E-05 0.448977 9.99471E-05 0.475998 9.99471E-05 9.99471E-05
0.149604 0.249678 9.995E-05 9.995E-05 0.0445993 9.995E-05 9.995E-05 9.995E-05 0.555619
0.0724518 0.147459 9.99738E-05 0.154692 0.425014 9.99738E-05 0.162797 9.99738E-05 0.0372861
9.99646E-05 9.99646E-05 9.99646E-05 9.99646E-05 0.176113 0.331312 0.157219 0.221522 0.113435
9.99649E-05 0.053725 0.536951 9.99649E-05 0.0235827 9.99649E-05 0.0148129 9.99649E-05 0.370529
0.679595 0.264645 0.0134077 9.99647E-05 0.00156776 9.99647E-05 0.0403853 9.99647E-05 9.99647E-05
9.9947E-05 9.9947E-05 9.9947E-05 0.0424209 9.9947E-05 9.9947E-05 0.209455 9.9947E-05 0.747524
0.292317 9.99476E-05 9.99476E-05 0.667435 9.99476E-05 0.0396477 9.99476E-05 9.99476E-05 9.99476E-05
0.434059 9.99649E-05 9.99649E-05 0.0144327 0.257089 0.1927 9.99649E-05 0.10132 9.99649E-05
0.360431 0.0224427 0.374404 0.242223 9.99561E-05 9.99561E-05 9.99561E-05 9.99561E-05 9.99561E-05
0.032458 9.99564E-05 9.99564E-05 0.0476277 9.99564E-05 9.99564E-05 9.99564E-05 0.090562 0.828852
9.99301E-05 9.99301E-05 0.999201 9.99301E-05 9.99301E-05 9.99301E-05 9.99301E-05 9.99301E-05 9.99301E-05
9.9965E-05 0.251929 0.228056 9.9965E-05 0.0115418 9.9965E-05 9.9965E-05 0.353646 0.154427
0.374491 0.0747657 9.99648E-05 9.99648E-05 0.49514 9.99648E-05 0.0453885 0.00981546 9.99648E-05
0.265865 0.659365 9.99473E-05 9.99473E-05 9.99473E-05 9.99473E-05 9.99473E-05 0.0741707 9.99473E-05
0.630608 0.238116 9.99474E-05 9.99474E-05 9.99474E-05 9.99474E-05 9.99474E-05 9.99474E-05 0.130677
9.99565E-05 0.263315 9.99565E-05 0.17918 0.145228 9.99565E-05 9.99565E-05 9.99565E-05 0.411777
0.284824 9.99647E-05 0.100779 9.99647E-05 9.99647E-05 0.0574239 0.0997062 0.456867 9.99647E-05
9.99385E-05 9.99385E-05 0.280239 9.99385E-05 9.99385E-05 9.99385E-05 0.719061 9.99385E-05 9.99385E-05
9.99562E-05 0.192933 0.117857 9.99562E-05 9.99562E-05 0.0533305 9.99562E-05 0.63538 9.99562E-05
0.757466 9.99388E-05 9.99388E-05 9.99388E-05 9.99388E-05 0.241834 9.99388E-05 9.99388E-05 9.99388E-05
9.99389E-05 9.99389E-05 9.99389E-05 0.723342 9.99389E-05 9.99389E-05 9.99389E-05 0.275959 9.99389E-05
9.99389E-05 9.99389E-05 9.99389E-05 9.99389E-05 0.597978 0.401322 9.99389E-05 9.99389E-05 9.99389E-05
9.99472E-05 0.504037 0.319289 0.176074 9.99472E-05 9.99472E-05 9.99472E-05 9.99472E-05 9.99472E-05
9.99562E-05 9.99562E-05 9.99562E-05 0.276826 0.10619 9.99562E-05 9.99562E-05 0.593326 0.0231584
9.99561E-05 0.0712863 9.99561E-05 9.99561E-05 9.99561E-05 0.472785 0.332695 0.122734 9.99561E-05
9.99558E-05 9.99558E-05 9.99558E-05 9.99558E-05 0.0945324 0.181285 0.501017 0.222666 9.99558E-05
0.0309845 0.121642 9.99648E-05 0.173577 0.337053 9.99648E-05 0.336344 9.99648E-05 9.99648E-05
0.404559 0.00429486 9.99647E-05 9.99647E-05 9.99647E-05 9.99647E-05 0.225311 0.0987454 0.26669
0.272201 0.0830165 9.9948E-05 9.9948E-05 9.9948E-05 9.9948E-05 9.9948E-05 0.644183 9.9948E-05
0.0936171 0.235167 0.00717295 9.99738E-05 0.369559 0.170643 0.123541 9.99738E-05 9.99738E-05
0.0875091 9.99648E-05 0.330566 0.288121 9.99648E-05 0.123757 0.169648 9.99648E-05 9.99648E-05
0.781829 9.99386E-05 0.217471 9.99386E-05 9.99386E-05 9.99386E-05 9.99386E-05 9.99386E-05 9.99386E-05
0.418326 9.99647E-05 9.99647E-05 9.99647E-05 9.99647E-05 0.0341142 0.0430274 0.234439 0.269694
9.99559E-05 0.561531 0.0486939 9.99559E-05 0.292182 9.99559E-05 0.0970928 9.99559E-05 9.99559E-05
9.99472E-05 9.99472E-05 9.99472E-05 0.0683799 0.368478 9.99472E-05 9.99472E-05 0.562542 9.99472E-05
9.99472E-05 9.99472E-05 0.888372 9.99472E-05 9.99472E-05 0.00533809 9.99472E-05 9.99472E-05 0.10569
9.99475E-05 9.99475E-05 0.860172 9.99475E-05 9.99475E-05 9.99475E-05 9.99475E-05 0.0223045 0.116924
9.99561E-05 0.211188 0.0142602 9.99561E-05 0.503496 9.99561E-05 0.270556 9.99561E-05 9.99561E-05
0.366187 9.99651E-05 0.107872 9.99651E-05 9.99651E-05 0.0756169 0.210031 0.239894 9.99651E-05
9.99563E-05 0.0945778 9.99563E-05 9.99563E-05 9.99563E-05 0.166102 0.58624 9.99563E-05 0.152581
9.99647E-05 0.00438574 9.99647E-05 0.351584 0.329462 9.99647E-05 9.99647E-05 0.290979 0.0231899
0.0102836 0.518933 9.99649E-05 9.99649E-05 0.0758114 0.384952 0.00962037 9.99649E-05 9.99649E-05
9.99304E-05 9.99304E-05 9.99304E-05 9.99304E-05 9.99304E-05 9.99304E-05 0.999201 9.99304E-05 9.99304E-05
9.99561E-05 0.101903 0.0553916 9.99561E-05 9.99561E-05 0.203811 0.638395 9.99561E-05 9.99561E-05
0.216486 0.271155 9.99474E-05 9.99474E-05 0.51176 9.99474E-05 9.99474E-05 9.99474E-05 9.99474E-05
9.99474E-05 9.99474E-05 9.99474E-05 0.265078 9.99474E-05 9.99474E-05 0.713781 0.0205413 9.99474E-05
0.134563 0.518989 0.157277 9.9965E-05 9.9965E-05 9.9965E-05 0.13419 0.054581 9.9965E-05
9.99471E-05 9.99471E-05 0.173005 0.393496 9.99471E-05 9.99471E-05 9.99471E-05 0.432899 9.99471E-05
0.353493 9.99472E-05 9.99472E-05 0.312879 9.99472E-05 9.99472E-05 9.99472E-05 0.333029 9.99472E-05
9.99386E-05 0.08993 9.99386E-05 9.99386E-05 9.99386E-05 9.99386E-05 9.99386E-05 0.90937 9.99386E-05
9.9956E-05 0.0313739 9.9956E-05 0.423606 0.177261 9.9956E-05 9.9956E-05 0.36726 9.9956E-05
9.99561E-05 9.99561E-05 9.99561E-05 9.99561E-05 9.99561E-05 0.0782805 0.397306 0.0315346 0.492379
0.534397 9.9947E-05 9.9947E-05 0.255834 0.209169 9.9947E-05 9.9947E-05 9.9947E-05 9.9947E-05
0.178403 9.9956E-05 0.243826 9.9956E-05 0.0687724 9.9956E-05 0.508498 9.9956E-05 9.9956E-05
9.993E-05 0.999201 9.993E-05 9.993E-05 9.993E-05 9.993E-05 9.993E-05 9.993E-05 9.993E-05
0.34805 0.543485 0.0744836 9.9956E-05 9.9956E-05 9.9956E-05 9.9956E-05 0.0334816 9.9956E-05
9.99562E-05 9.99562E-05 0.481967 9.99562E-05 9.99562E-05 9.99562E-05 0.0128236 0.0644225 0.440287
9.99567E-05 0.123074 0.255747 9.99567E-05 9.99567E-05 0.544636 9.99567E-05 9.99567E-05 0.0760424
0.131882 9.99478E-05 9.99478E-05 9.99478E-05 0.127903 9.99478E-05 9.99478E-05 9.99478E-05 0.739616
0.283343 9.99471E-05 9.99471E-05 9.99471E-05 9.99471E-05 0.165718 0.55034 9.99471E-05 9.99471E-05
0.167016 0.0600378 9.99736E-05 0.12753 0.497205 9.99736E-05 0.0918062 9.99736E-05 0.0561055
9.99559E-05 0.233322 9.99559E-05 0.143535 0.447054 9.99559E-05 9.99559E-05 9.99559E-05 0.17559
9.99471E-05 9.99471E-05 0.29569 9.99471E-05 9.99471E-05 9.99471E-05 9.99471E-05 0.560649 0.143062
0.410223 9.99473E-05 9.99473E-05 0.302636 0.286542 9.99473E-05 9.99473E-05 9.99473E-05 9.99473E-05
0.53578 9.99475E-05 9.99475E-05 0.0910081 0.372612 9.99475E-05 9.99475E-05 9.99475E-05 9.99475E-05
0.324842 9.99471E-05 9.99471E-05 9.99471E-05 0.36468 9.99471E-05 0.309878 9.99471E-05 9.99471E-05
9.99475E-05 9.99475E-05 0.0127567 0.249229 0.737415 9.99475E-05 9.99475E-05 9.99475E-05 9.99475E-05
9.99387E-05 9.99387E-05 9.99387E-05 9.99387E-05 0.704942 9.99387E-05 0.294358 9.99387E-05 9.99387E-05
0.0261086 9.99475E-05 9.99475E-05 9.99475E-05 0.545445 9.99475E-05 9.99475E-05 9.99475E-05 0.427847
0.33919 0.250066 0.193848 0.134139 0.00177492 9.99736E-05 9.99736E-05 0.0806822 9.99736E-05
9.99473E-05 0.346388 9.99473E-05 9.99473E-05 9.99473E-05 9.99473E-05 0.452253 0.20076 9.99473E-05
0.258016 9.99649E-05 0.181546 0.168583 9.99649E-05 0.122081 9.99649E-05 0.269374 9.99649E-05
0.27928 9.99649E-05 9.99649E-05 9.99649E-05 0.091182 0.162403 0.292111 9.99649E-05 0.174624
9.99565E-05 0.0428795 0.00718458 9.99565E-05 0.122097 9.99565E-05 9.99565E-05 0.827339 9.99565E-05
0.0210698 0.0237869 9.9956E-05 9.9956E-05 0.0130643 9.9956E-05 9.9956E-05 0.941579 9.9956E-05
9.99735E-05 9.99735E-05 0.388935 0.00575178 0.0683943 0.251338 0.1832 9.99735E-05 0.102081
9.99557E-05 0.163603 9.99557E-05 9.99557E-05 0.238385 9.99557E-05 0.0107816 9.99557E-05 0.586731
9.993E-05 0.999201 9.993E-05 9.993E-05 9.993E-05 9.993E-05 9.993E-05 9.993E-05 9.993E-05
9.99559E-05 9.99559E-05 9.99559E-05 0.0762318 9.99559E-05 0.255641 0.229114 9.99559E-05 0.438513
9.9956E-05 9.9956E-05 9.9956E-05 0.176112 9.9956E-05 0.160515 9.9956E-05 0.193998 0.468875
0.379803 0.333119 9.99473E-05 9.99473E-05 9.99473E-05 9.99473E-05 9.99473E-05 9.99473E-05 0.286478
9.99563E-05 0.111007 9.99563E-05 0.18292 0.682616 9.99563E-05 0.0229575 9.99563E-05 9.99563E-05
0.486262 0.10795 9.99648E-05 9.99648E-05 0.0988092 0.0101111 9.99648E-05 0.296468 9.99648E-05
0.00795402 9.99561E-05 0.255128 0.0102305 9.99561E-05 9.99561E-05 9.99561E-05 9.99561E-05 0.726188
9.99645E-05 9.99645E-05 0.282539 0.0573081 9.99645E-05 9.99645E-05 0.326478 0.00915472 0.32412
0.907205 9.99383E-05 9.99383E-05 9.99383E-05 9.99383E-05 0.0920952 9.99383E-05 9.99383E-05 9.99383E-05
9.99389E-05 9.99389E-05 9.99389E-05 9.99389E-05 9.99389E-05 9.99389E-05 0.854074 0.145226 9.99389E-05
9.99474E-05 9.99474E-05 0.835301 9.99474E-05 0.0293413 9.99474E-05 9.99474E-05 0.134758 9.99474E-05
9.9947E-05 9.9947E-05 9.9947E-05 9.9947E-05 9.9947E-05 0.372196 0.166265 0.460939 9.9947E-05
0.113031 9.99558E-05 0.216476 9.99558E-05 9.99558E-05 0.416442 0.253551 9.99558E-05 9.99558E-05
0.466902 9.99648E-05 9.99648E-05 0.161861 0.121786 9.99648E-05 0.191063 0.0579877 9.99648E-05
0.283706 9.99557E-05 0.501383 0.0874966 9.99557E-05 9.99557E-05 0.126915 9.99557E-05 9.99557E-05
9.99736E-05 0.16237 0.0859264 0.150426 9.99736E-05 0.0404877 9.99736E-05 0.33145 0.229041
0.29332 9.99734E-05 0.152102 0.0357681 9.99734E-05 0.110063 0.0166039 0.391843 9.99734E-05
0.231117 0.0371927 0.198964 0.28249 0.0336309 0.0469104 0.153257 0.0127594 0.00367848
9.99559E-05 9.99559E-05 9.99559E-05 9.99559E-05 0.0714899 0.666485 0.255231 9.99559E-05 0.00629514
0.511083 9.99473E-05 0.206139 0.282178 9.99473E-05 9.99473E-05 9.99473E-05 9.99473E-05 9.99473E-05
0.182211 9.99475E-05 9.99475E-05 9.99475E-05 9.99475E-05 9.99475E-05 0.805349 0.0118404 9.99475E-05
0.15278 9.99559E-05 9.99559E-05 0.269346 9.99559E-05 9.99559E-05 0.114061 0.463313 9.99559E-05
0.0343867 9.99475E-05 0.130191 9.99475E-05 9.99475E-05 9.99475E-05 9.99475E-05 0.834823 9.99475E-05
9.99385E-05 9.99385E-05 9.99385E-05 9.99385E-05 0.280602 9.99385E-05 0.718699 9.99385E-05 9.99385E-05
0.116667 0.199804 9.99645E-05 0.195331 9.99645E-05 9.99645E-05 0.0724519 9.99645E-05 0.415347
0.3848 9.99471E-05 9.99471E-05 0.342189 9.99471E-05 9.99471E-05 9.99471E-05 9.99471E-05 0.272411
9.9947E-05 9.9947E-05 0.0924022 9.9947E-05 9.9947E-05 9.9947E-05 0.366106 0.540892 9.9947E-05
0.979718 9.99386E-05 9.99386E-05 9.99386E-05 9.99386E-05 9.99386E-05 9.99386E-05 9.99386E-05 0.0195823
0.192368 9.99736E-05 0.0835853 0.0505061 0.0375324 9.99736E-05 0.0362219 0.599487 9.99736E-05
0.377225 9.99561E-05 0.309009 0.246797 0.0664691 9.99561E-05 9.99561E-05 9.99561E-05 9.99561E-05
0.0467367 0.275863 0.549668 9.99561E-05 0.127233 9.99561E-05 9.99561E-05 9.99561E-05 9.99561E-05
0.15076 0.0900384 9.9965E-05 9.9965E-05 0.506596 0.0963378 0.155868 9.9965E-05 9.9965E-05
9.99471E-05 9.99471E-05 9.99471E-05 0.132147 0.782268 9.99471E-05 9.99471E-05 9.99471E-05 0.0849849
0.551737 9.99385E-05 9.99385E-05 9.99385E-05 0.447563 9.99385E-05 9.99385E-05 9.99385E-05 9.99385E-05
9.9947E-05 9.9947E-05 9.9947E-05 0.185413 9.9947E-05 9.9947E-05 9.9947E-05 0.7859 0.0280875
0.332625 9.99647E-05 9.99647E-05 0.409784 9.99647E-05 0.0636436 9.99647E-05 0.185386 0.0081612
9.99562E-05 9.99562E-05 9.99562E-05 0.0170973 0.219812 9.99562E-05 0.550035 0.212556 9.99562E-05
0.649253 0.169448 0.0689637 0.111835 9.9956E-05 9.9956E-05 9.9956E-05 9.9956E-05 9.9956E-05
9.9956E-05 0.64379 9.9956E-05 0.119207 0.081768 9.9956E-05 0.154735 9.9956E-05 9.9956E-05
0.641379 0.0516222 0.0113503 9.99561E-05 9.99561E-05 9.99561E-05 9.99561E-05 0.295149 9.99561E-05
0.23034 9.99648E-05 9.99648E-05 9.99648E-05 0.282822 0.263923 9.99648E-05 0.0191622 0.203353
0.110868 9.99388E-05 9.99388E-05 9.99388E-05 9.99388E-05 9.99388E-05 0.888433 9.99388E-05 9.99388E-05
0.403624 9.99647E-05 9.99647E-05 0.192896 0.0389309 9.99647E-05 0.153372 9.99647E-05 0.210778
9.99476E-05 9.99476E-05 0.120535 9.99476E-05 9.99476E-05 0.294569 0.584296 9.99476E-05 9.99476E-05
9.99472E-05 0.019395 9.99472E-05 0.662941 9.99472E-05 0.317064 9.99472E-05 9.99472E-05 9.99472E-05
9.9965E-05 0.421616 9.9965E-05 9.9965E-05 0.0406249 0.0935229 0.312486 0.131351 9.9965E-05
0.500289 9.99471E-05 0.436942 0.062169 9.99471E-05 9.99471E-05 9.99471E-05 9.99471E-05 9.99471E-05
9.9947E-05 9.9947E-05 9.9947E-05 0.0807708 0.121396 9.9947E-05 0.797234 9.9947E-05 9.9947E-05
0.393136 0.32349 9.99557E-05 0.129452 0.153422 9.99557E-05 9.99557E-05 9.99557E-05 9.99557E-05
9.99558E-05 9.99558E-05 9.99558E-05 9.99558E-05 0.493531 0.216442 0.196607 0.0929209 9.99558E-05
0.200773 9.995E-05 9.995E-05 9.995E-05 0.245431 9.995E-05 9.995E-05 0.121222 0.432074
0.534265 0.123154 9.99647E-05 9.99647E-05 9.99647E-05 0.00358302 0.222618 0.11598 9.99647E-05
9.99385E-05 0.0833039 9.99385E-05 9.99385E-05 9.99385E-05 0.915997 9.99385E-05 9.99385E-05 9.99385E-05
0.0608845 0.618743 9.99559E-05 9.99559E-05 9.99559E-05 9.99559E-05 9.99559E-05 0.280858 0.0390142
0.274548 9.99469E-05 9.99469E-05 0.143421 0.581431 9.99469E-05 9.99469E-05 9.99469E-05 9.99469E-05
9.99386E-05 0.319916 9.99386E-05 9.99386E-05 9.99386E-05 9.99386E-05 9.99386E-05 9.99386E-05 0.679385
0.434565 0.217479 9.99557E-05 9.99557E-05 0.0836779 9.99557E-05 9.99557E-05 0.263778 9.99557E-05
9.99564E-05 0.489262 9.99564E-05 9.99564E-05 0.157928 0.138723 0.213587 9.99564E-05 9.99564E-05
0.519662 9.99473E-05 9.99473E-05 9.99473E-05 9.99473E-05 0.15336 0.326378 9.99473E-05 9.99473E-05
0.0879619 9.99561E-05 9.99561E-05 0.160104 9.99561E-05 9.99561E-05 0.227826 0.523609 9.99561E-05
9.9947E-05 9.9947E-05 9.9947E-05 9.9947E-05 0.653669 9.9947E-05 0.235588 0.110143 9.9947E-05
0.0308612 9.9965E-05 9.9965E-05 0.218218 9.9965E-05 0.0611853 9.9965E-05 0.336325 0.353011
9.9947E-05 0.172177 9.9947E-05 9.9947E-05 9.9947E-05 9.9947E-05 0.814756 0.0124679 9.9947E-05
0.195095 9.99559E-05 9.99559E-05 9.99559E-05 9.99559E-05 0.454116 9.99559E-05 0.0256518 0.324637
9.99473E-05 0.183444 0.233676 9.99473E-05 0.58228 9.99473E-05 9.99473E-05 9.99473E-05 9.99473E-05
0.53743 0.0509402 0.259639 0.0898883 0.0617026 9.99648E-05 9.99648E-05 9.99648E-05 9.99648E-05
0.129369 0.0450554 9.99648E-05 9.99648E-05 9.99648E-05 0.10747 0.621221 0.0964842 9.99648E-05
9.99561E-05 0.0465304 0.247878 9.99561E-05 9.99561E-05 9.99561E-05 0.370231 9.99561E-05 0.334861
0.302824 0.0899471 9.99647E-05 9.99647E-05 0.0885438 9.99647E-05 0.377074 9.99647E-05 0.141211
9.99386E-05 9.99386E-05 9.99386E-05 9.99386E-05 9.99386E-05 9.99386E-05 9.99386E-05 0.466085 0.533215
9.99559E-05 9.99559E-05 9.99559E-05 0.211347 0.284729 0.484222 9.99559E-05 0.0192021 9.99559E-05
9.99648E-05 0.420233 0.0185706 9.99648E-05 9.99648E-05 0.382615 9.99648E-05 0.114866 0.0633158
0.353638 9.99559E-05 9.99559E-05 0.0961956 9.99559E-05 9.99559E-05 0.489603 9.99559E-05 0.0600635
9.9947E-05 9.9947E-05 9.9947E-05 0.334604 0.0344029 9.9947E-05 0.630393 9.9947E-05 9.9947E-05
9.9947E-05 9.9947E-05 9.9947E-05 0.71575 9.9947E-05 0.0640151 9.9947E-05 0.219635 9.9947E-05
0.521516 9.99561E-05 0.117984 0.0280679 9.99561E-05 9.99561E-05 9.99561E-05 9.99561E-05 0.331933
9.99645E-05 0.142919 9.99645E-05 9.99645E-05 0.146932 9.99645E-05 0.298689 0.190058 0.221001
0.385002 9.99475E-05 0.609836 9.99475E-05 9.99475E-05 9.99475E-05 0.00456281 9.99475E-05 9.99475E-05
0.407911 9.99564E-05 0.13074 9.99564E-05 9.99564E-05 0.0161833 9.99564E-05 0.444665 9.99564E-05
9.99472E-05 0.142389 0.0789559 9.99472E-05 0.778056 9.99472E-05 9.99472E-05 9.99472E-05 9.99472E-05
0.193064 9.99385E-05 9.99385E-05 9.99385E-05 9.99385E-05 9.99385E-05 0.806237 9.99385E-05 9.99385E-05
9.9947E-05 0.064062 9.9947E-05 0.222006 9.9947E-05 9.9947E-05 9.9947E-05 9.9947E-05 0.713332
9.99471E-05 9.99471E-05 9.99471E-05 0.179567 9.99471E-05 9.99471E-05 0.113901 9.99471E-05 0.705932
0.78055 0.0413786 9.99559E-05 0.0351433 0.142428 9.99559E-05 9.99559E-05 9.99559E-05 9.99559E-05
9.99735E-05 9.99735E-05 9.99735E-05 0.00117204 0.433955 0.0653219 0.205651 0.253924 0.0396762
0.397941 0.034829 9.9956E-05 9.9956E-05 9.9956E-05 9.9956E-05 0.23571 0.33102 9.9956E-05
9.99559E-05 9.99559E-05 0.113972 0.169708 0.573335 0.142485 9.99559E-05 9.99559E-05 9.99559E-05
0.0922427 9.9956E-05 9.9956E-05 9.9956E-05 0.248619 9.9956E-05 0.389192 0.269446 9.9956E-05
9.99736E-05 0.0260444 0.0749986 9.99736E-05 0.0322781 9.99736E-05 0.100666 0.174249 0.591465
9.99471E-05 0.247492 0.207224 9.99471E-05 9.99471E-05 9.99471E-05 9.99471E-05 9.99471E-05 0.544684
9.99651E-05 9.99651E-05 0.413075 0.25624 0.120471 0.0810604 9.99651E-05 0.128753 9.99651E-05
0.653209 9.9947E-05 9.9947E-05 9.9947E-05 0.269021 9.9947E-05 9.9947E-05 9.9947E-05 0.0771705
9.99645E-05 0.253394 9.99645E-05 9.99645E-05 0.438225 0.182094 9.99645E-05 0.0443461 0.0815413
9.99472E-05 9.99472E-05 9.99472E-05 0.019643 0.684158 9.99472E-05 0.295599 9.99472E-05 9.99472E-05
0.186771 0.643581 0.169048 9.99477E-05 9.99477E-05 9.99477E-05 9.99477E-05 9.99477E-05 9.99477E-05
9.9956E-05 9.9956E-05 0.291265 9.9956E-05 0.19363 9.9956E-05 0.255103 9.9956E-05 0.259503
0.78033 9.99386E-05 9.99386E-05 9.99386E-05 9.99386E-05 9.99386E-05 9.99386E-05 9.99386E-05 0.21897
0.165929 9.9947E-05 9.9947E-05 9.9947E-05 9.9947E-05 9.9947E-05 0.254225 0.579246 9.9947E-05
9.99558E-05 9.99558E-05 0.198556 0.130662 0.505212 9.99558E-05 9.99558E-05 9.99558E-05 0.165071
0.0548616 0.116734 0.269294 9.99735E-05 0.0631333 9.99735E-05 0.419907 9.99735E-05 0.07577
9.99386E-05 0.980656 0.0186448 9.99386E-05 9.99386E-05 9.99386E-05 9.99386E-05 9.99386E-05 9.99386E-05
9.99472E-05 9.99472E-05 0.227506 0.573901 9.99472E-05 9.99472E-05 0.197994 9.99472E-05 9.99472E-05
9.99561E-05 9.99561E-05 0.431544 9.99561E-05 0.0400345 0.450201 9.99561E-05 9.99561E-05 0.0777207
0.457142 9.99559E-05 0.174552 0.111368 9.99559E-05 9.99559E-05 0.256438 9.99559E-05 9.99559E-05
0.103089 0.0124377 9.99737E-05 0.0975407 9.99737E-05 9.99737E-05 0.343197 0.00839692 0.435039
9.99471E-05 9.99471E-05 0.45783 9.99471E-05 9.99471E-05 9.99471E-05 9.99471E-05 0.109961 0.43161
9.99471E-05 0.725486 9.99471E-05 9.99471E-05 0.129192 9.99471E-05 0.144722 9.99471E-05 9.99471E-05
9.99383E-05 9.99383E-05 9.99383E-05 9.99383E-05 0.0549499 9.99383E-05 0.944351 9.99383E-05 9.99383E-05
0.999201 9.99301E-05 9.99301E-05 9.99301E-05 9.99301E-05 9.99301E-05 9.99301E-05 9.99301E-05 9.99301E-05
0.017799 9.99825E-05 0.280142 0.224429 0.003399 9.99825E-05 0.00946509 0.10133 0.363236
0.101278 0.0711614 9.9956E-05 9.9956E-05 0.304609 9.9956E-05 9.9956E-05 0.522452 9.9956E-05
9.99382E-05 9.99382E-05 0.5238 9.99382E-05 9.99382E-05 9.99382E-05 0.475501 9.99382E-05 9.99382E-05
9.99561E-05 9.99561E-05 9.99561E-05 0.48523 9.99561E-05 0.290438 0.100623 9.99561E-05 0.12321
0.828351 9.99388E-05 9.99388E-05 9.99388E-05 0.17095 9.99388E-05 9.99388E-05 9.99388E-05 9.99388E-05
9.99472E-05 0.12896 9.99472E-05 9.99472E-05 9.99472E-05 9.99472E-05 0.0850948 0.785345 9.99472E-05
9.99391E-05 9.99391E-05 9.99391E-05 0.595371 9.99391E-05 0.40393 9.99391E-05 9.99391E-05 9.99391E-05
0.0181821 9.99647E-05 0.0312067 9.99647E-05 9.99647E-05 0.00669071 0.768217 0.175303 9.99647E-05
0.078279 0.0819301 0.294714 9.99734E-05 0.159595 9.99734E-05 0.0796806 9.99734E-05 0.305501
9.99387E-05 9.99387E-05 9.99387E-05 9.99387E-05 9.99387E-05 0.996846 9.99387E-05 0.00245458 9.99387E-05
9.9947E-05 9.9947E-05 9.9947E-05 0.0487529 0.162813 9.9947E-05 9.9947E-05 0.787834 9.9947E-05
9.99383E-05 9.99383E-05 9.99383E-05 0.660678 9.99383E-05 9.99383E-05 0.338623 9.99383E-05 9.99383E-05
0.146889 0.0384665 9.99559E-05 9.99559E-05 0.755931 9.99559E-05 9.99559E-05 0.0582131 9.99559E-05
0.000637555 9.99647E-05 0.198679 9.99647E-05 9.99647E-05 0.176048 9.99647E-05 0.349633 0.274602
0.106749 9.99647E-05 9.99647E-05 9.99647E-05 9.99647E-05 0.144681 0.10575 0.243769 0.398651
