9.99472E-05 9.99472E-05 0.861582 9.99472E-05 9.99472E-05 0.110234 9.99472E-05 9.99472E-05 0.0275844
0.0759916 9.99735E-05 9.99735E-05 0.225237 0.0479739 0.209906 0.290591 0.15 9.99735E-05
9.9965E-05 9.9965E-05 0.086354 0.130462 9.9965E-05 0.596918 0.16879 9.9965E-05 0.0170764
9.99563E-05 9.99563E-05 9.99563E-05 0.0146643 0.0887343 0.0864933 9.99563E-05 0.809608 9.99563E-05
9.99563E-05 0.37698 0.200343 9.99563E-05 0.381218 9.99563E-05 0.0409589 9.99563E-05 9.99563E-05
0.0977594 0.449911 0.0412682 0.284092 9.99739E-05 0.00123722 9.99739E-05 0.125432 9.99739E-05
9.99647E-05 9.99647E-05 0.168933 0.253119 0.155526 0.179483 9.99647E-05 9.99647E-05 0.242539
9.99473E-05 9.99473E-05 0.0280566 9.99473E-05 9.99473E-05 9.99473E-05 0.444115 0.527228 9.99473E-05
9.99563E-05 0.353226 9.99563E-05 9.99563E-05 9.99563E-05 0.593059 0.0479772 9.99563E-05 0.00523829
0.33823 9.99559E-05 0.524144 9.99559E-05 9.99559E-05 0.0453494 0.091777 9.99559E-05 9.99559E-05
0.188365 9.99647E-05 0.483589 0.0709294 9.99647E-05 0.0404574 9.99647E-05 0.21626 9.99647E-05
9.99647E-05 9.99647E-05 0.199421 9.99647E-05 0.110801 0.121589 9.99647E-05 0.382696 0.185093
9.9956E-05 9.9956E-05 0.409898 0.330818 9.9956E-05 9.9956E-05 9.9956E-05 0.238663 0.0201215
0.180233 0.60174 0.0389408 9.99648E-05 9.99648E-05 9.99648E-05 0.0732308 0.105456 9.99648E-05
0.149188 9.99648E-05 0.0124548 9.99648E-05 9.99648E-05 0.141534 0.626972 0.0694518 9.99648E-05
9.99559E-05 9.99559E-05 9.99559E-05 0.405803 0.0487658 9.99559E-05 0.439901 9.99559E-05 0.10503
9.99561E-05 0.367438 0.243142 9.99561E-05 9.99561E-05 0.3702 0.0187203 9.99561E-05 9.99561E-05
9.99561E-05 9.99561E-05 9.99561E-05 0.34954 9.99561E-05 9.99561E-05 0.119446 0.265404 0.26511
0.0466699 9.9956E-05 9.9956E-05 9.9956E-05 0.0675149 9.9956E-05 0.250548 9.9956E-05 0.634768
0.00919515 9.99648E-05 9.99648E-05 0.0457644 9.99648E-05 0.0461373 9.99648E-05 0.812337 0.086166
9.99564E-05 9.99564E-05 9.99564E-05 0.340846 9.99564E-05 0.622544 9.99564E-05 0.0198212 0.016289
9.99648E-05 0.253496 0.0120853 0.164474 9.99648E-05 9.99648E-05 9.99648E-05 0.372249 0.197295
9.9965E-05 0.276089 0.00865342 0.107705 9.9965E-05 9.9965E-05 9.9965E-05 0.367898 0.239254
0.0125326 9.99737E-05 0.0547445 0.381352 0.176586 0.0353217 9.99737E-05 9.99737E-05 0.339163
0.212666 9.99648E-05 0.562506 9.99648E-05 0.0472747 0.143064 9.99648E-05 0.0340897 9.99648E-05
9.9965E-05 0.0461758 9.9965E-05 0.0550755 9.9965E-05 0.374517 9.9965E-05 0.0209389 0.502893
9.99474E-05 9.99474E-05 0.553 9.99474E-05 9.99474E-05 9.99474E-05 9.99474E-05 0.00361189 0.442788
9.99478E-05 9.99478E-05 9.99478E-05 0.229422 0.392694 9.99478E-05 9.99478E-05 9.99478E-05 0.377284
0.142487 0.191576 9.99647E-05 0.114921 0.383907 9.99647E-05 9.99647E-05 9.99647E-05 0.166709
9.99557E-05 0.0696145 9.99557E-05 0.409432 0.0856968 9.99557E-05 0.434757 9.99557E-05 9.99557E-05
0.0101711 0.0588422 9.99648E-05 0.217169 0.237812 9.99648E-05 9.99648E-05 9.99648E-05 0.475606
9.99384E-05 9.99384E-05 9.99384E-05 0.736641 9.99384E-05 9.99384E-05 0.262659 9.99384E-05 9.99384E-05
9.9947E-05 9.9947E-05 0.447327 9.9947E-05 0.536855 9.9947E-05 9.9947E-05 9.9947E-05 0.0152178
9.99562E-05 0.00730117 9.99562E-05 9.99562E-05 9.99562E-05 0.146576 0.315557 9.99562E-05 0.530066
0.0632977 0.0285265 0.250621 9.9956E-05 9.9956E-05 9.9956E-05 9.9956E-05 0.657055 9.9956E-05
9.99735E-05 9.99735E-05 9.99735E-05 0.0150727 0.0474643 0.107225 0.268878 0.175652 0.385408
9.99383E-05 9.99383E-05 9.99383E-05 9.99383E-05 9.99383E-05 9.99383E-05 9.99383E-05 0.195767 0.803533
0.717632 0.0231283 9.9956E-05 0.0690568 9.9956E-05 9.9956E-05 9.9956E-05 9.9956E-05 0.189684
0.149632 0.162332 0.352666 9.99648E-05 9.99648E-05 0.167564 9.99648E-05 0.167406 9.99648E-05
9.99648E-05 9.99648E-05 0.0613491 9.99648E-05 9.99648E-05 0.465343 0.125612 0.0773632 0.269934
9.99564E-05 0.0104614 9.99564E-05 9.99564E-05 9.99564E-05 0.191134 0.126977 9.99564E-05 0.670928
9.99474E-05 9.99474E-05 9.99474E-05 0.464999 9.99474E-05 0.198686 9.99474E-05 0.335715 9.99474E-05
0.242944 0.0222007 9.99735E-05 0.42998 0.123668 0.0262529 0.154654 9.99735E-05 9.99735E-05
9.99472E-05 0.274442 9.99472E-05 0.336764 9.99472E-05 0.388195 9.99472E-05 9.99472E-05 9.99472E-05
0.0240922 0.306774 0.117199 9.99648E-05 9.99648E-05 0.182267 0.369268 9.99648E-05 9.99648E-05
0.152768 9.99648E-05 0.21201 0.177689 9.99648E-05 0.362774 0.0943592 9.99648E-05 9.99648E-05
9.99651E-05 0.17664 0.152815 9.99651E-05 0.132398 9.99651E-05 0.356545 0.181203 9.99651E-05
0.0940192 9.99565E-05 9.99565E-05 0.509716 9.99565E-05 9.99565E-05 0.295706 0.10006 9.99565E-05
9.99647E-05 9.99647E-05 0.197198 0.165147 0.381449 0.134984 9.99647E-05 9.99647E-05 0.120823
0.0758379 9.99649E-05 9.99649E-05 0.235067 0.234714 9.99649E-05 0.339852 0.114129 9.99649E-05
9.99646E-05 0.00403727 0.0803547 0.0362594 9.99646E-05 9.99646E-05 0.56195 0.316999 9.99646E-05
9.9956E-05 9.9956E-05 0.274752 9.9956E-05 9.9956E-05 0.261429 0.273687 9.9956E-05 0.189632
9.99473E-05 9.99473E-05 9.99473E-05 9.99473E-05 0.153801 9.99473E-05 0.777107 0.0684916 9.99473E-05
9.99645E-05 9.99645E-05 0.195831 0.355756 0.07259 0.268176 9.99645E-05 9.99645E-05 0.107247
0.000786549 9.99471E-05 9.99471E-05 0.246662 9.99471E-05 9.99471E-05 0.751951 9.99471E-05 9.99471E-05
0.329669 9.99647E-05 0.414357 0.0260059 0.113197 9.99647E-05 9.99647E-05 9.99647E-05 0.116372
9.99382E-05 9.99382E-05 0.735673 9.99382E-05 9.99382E-05 9.99382E-05 0.263628 9.99382E-05 9.99382E-05
0.531098 9.99472E-05 0.00950194 0.458801 9.99472E-05 9.99472E-05 9.99472E-05 9.99472E-05 9.99472E-05
9.99562E-05 9.99562E-05 0.245701 9.99562E-05 0.00326163 0.365396 9.99562E-05 9.99562E-05 0.385141
9.9947E-05 9.9947E-05 0.73967 9.9947E-05 9.9947E-05 9.9947E-05 0.167428 0.0923029 9.9947E-05
9.99558E-05 0.228383 0.244375 9.99558E-05 9.99558E-05 9.99558E-05 0.434957 0.0917852 9.99558E-05
9.99382E-05 9.99382E-05 9.99382E-05 0.293388 9.99382E-05 0.705913 9.99382E-05 9.99382E-05 9.99382E-05
0.48767 9.99648E-05 9.99648E-05 0.128903 9.99648E-05 0.00652594 0.280342 0.0961592 9.99648E-05
9.9947E-05 0.383274 0.337119 9.9947E-05 0.279008 9.9947E-05 9.9947E-05 9.9947E-05 9.9947E-05
9.99475E-05 9.99475E-05 0.252143 9.99475E-05 9.99475E-05 0.376378 0.370879 9.99475E-05 9.99475E-05
9.9947E-05 9.9947E-05 9.9947E-05 0.0559979 9.9947E-05 9.9947E-05 0.195243 0.74816 9.9947E-05
9.99561E-05 9.99561E-05 9.99561E-05 9.99561E-05 0.0132684 9.99561E-05 0.426889 0.335463 0.22388
9.9965E-05 9.9965E-05 9.9965E-05 0.14331 0.0685525 0.057352 0.222856 9.9965E-05 0.50753
9.99472E-05 9.99472E-05 0.28822 9.99472E-05 9.99472E-05 9.99472E-05 0.313248 0.397931 9.99472E-05
9.9956E-05 0.420838 0.129044 0.10245 9.9956E-05 9.9956E-05 9.9956E-05 0.347167 9.9956E-05
0.0174617 0.282605 0.309572 9.99649E-05 9.99649E-05 0.214909 0.175053 9.99649E-05 9.99649E-05
9.9956E-05 9.9956E-05 9.9956E-05 0.303365 0.374819 9.9956E-05 0.215639 0.105677 9.9956E-05
9.99607E-05 0.0811673 0.183625 9.99607E-05 9.99607E-05 9.99607E-05 0.43943 9.99607E-05 0.295278
0.940393 0.0589078 9.99385E-05 9.99385E-05 9.99385E-05 9.99385E-05 9.99385E-05 9.99385E-05 9.99385E-05
9.99647E-05 9.99647E-05 0.464943 9.99647E-05 0.30938 0.138852 9.99647E-05 0.0275325 0.0588926
0.194371 0.221058 9.99649E-05 9.99649E-05 9.99649E-05 9.99649E-05 0.120011 0.427963 0.0361979
0.272442 0.159111 9.99563E-05 9.99563E-05 9.99563E-05 9.99563E-05 0.0446177 0.523329 9.99563E-05
9.99476E-05 9.99476E-05 9.99476E-05 9.99476E-05 9.99476E-05 0.181608 0.795711 9.99476E-05 0.0220808
9.99649E-05 9.99649E-05 0.0912748 0.00381792 9.99649E-05 0.0877725 0.386985 9.99649E-05 0.42975
9.99472E-05 9.99472E-05 9.99472E-05 9.99472E-05 9.99472E-05 0.0238404 0.841444 0.134116 9.99472E-05
0.0239262 9.99737E-05 0.14659 9.99737E-05 9.99737E-05 0.527951 0.134157 0.0135838 0.153492
0.308578 0.211063 0.323818 9.99563E-05 0.156042 9.99563E-05 9.99563E-05 9.99563E-05 9.99563E-05
9.99475E-05 0.150811 9.99475E-05 0.00250533 9.99475E-05 9.99475E-05 0.846084 9.99475E-05 9.99475E-05
9.99473E-05 0.293218 9.99473E-05 0.705651 9.99473E-05 9.99473E-05 9.99473E-05 9.99473E-05 0.000532143
9.99473E-05 9.99473E-05 9.99473E-05 9.99473E-05 9.99473E-05 0.000550335 9.99473E-05 0.580563 0.418287
0.36379 9.99471E-05 9.99471E-05 9.99471E-05 0.14241 9.99471E-05 9.99471E-05 0.4932 9.99471E-05
9.9956E-05 0.152842 0.2427 9.9956E-05 9.9956E-05 9.9956E-05 0.271166 9.9956E-05 0.332793
9.99472E-05 9.99472E-05 9.99472E-05 0.227951 9.99472E-05 9.99472E-05 9.99472E-05 0.258119 0.513329
9.99391E-05 9.99391E-05 9.99391E-05 9.99391E-05 9.99391E-05 0.47072 9.99391E-05 0.52858 9.99391E-05
9.99735E-05 0.0773382 9.99735E-05 0.0868391 0.270173 0.0354232 9.99735E-05 0.368914 0.161012
0.179476 9.99648E-05 9.99648E-05 9.99648E-05 0.019723 0.245344 0.188028 9.99648E-05 0.367029
0.0942544 9.99648E-05 9.99648E-05 0.25154 9.99648E-05 9.99648E-05 0.287467 0.206497 0.159843
9.9956E-05 9.9956E-05 9.9956E-05 9.9956E-05 9.9956E-05 0.116864 0.590324 0.1243 0.168012
9.99647E-05 9.99647E-05 0.00908834 9.99647E-05 0.0912509 0.294335 0.18697 0.417956 9.99647E-05
0.0788692 0.0389171 9.99736E-05 0.147181 0.132098 9.99736E-05 0.0677574 9.99736E-05 0.534878
9.99473E-05 9.99473E-05 9.99473E-05 9.99473E-05 9.99473E-05 0.0674245 0.337903 9.99473E-05 0.594073
9.993E-05 9.993E-05 0.999201 9.993E-05 9.993E-05 9.993E-05 9.993E-05 9.993E-05 9.993E-05
9.99471E-05 9.99471E-05 0.635756 0.135969 9.99471E-05 9.99471E-05 9.99471E-05 0.227674 9.99471E-05
9.9947E-05 9.9947E-05 9.9947E-05 0.621957 9.9947E-05 9.9947E-05 0.119199 0.258244 9.9947E-05
0.272695 9.995E-05 9.995E-05 9.995E-05 0.268152 9.995E-05 0.447316 0.0113366 9.995E-05
0.0518353 9.99567E-05 0.662801 9.99567E-05 9.99567E-05 0.20578 9.99567E-05 9.99567E-05 0.0790845
9.99561E-05 9.99561E-05 0.102857 0.142182 9.99561E-05 0.505051 0.249409 9.99561E-05 9.99561E-05
9.99385E-05 9.99385E-05 0.76959 9.99385E-05 9.99385E-05 9.99385E-05 9.99385E-05 0.22971 9.99385E-05
9.99383E-05 9.99383E-05 9.99383E-05 9.99383E-05 9.99383E-05 0.361455 9.99383E-05 0.637846 9.99383E-05
9.99476E-05 9.99476E-05 9.99476E-05 9.99476E-05 0.022251 0.0971965 0.879953 9.99476E-05 9.99476E-05
9.99472E-05 0.250774 9.99472E-05 9.99472E-05 9.99472E-05 0.20151 9.99472E-05 9.99472E-05 0.547117
0.041239 0.134252 0.711515 9.9956E-05 9.9956E-05 9.9956E-05 0.112494 9.9956E-05 9.9956E-05
9.99646E-05 9.99646E-05 9.99646E-05 0.085948 0.132992 0.120865 0.122925 9.99646E-05 0.53687
0.107225 0.609517 0.0102357 0.0267458 9.99735E-05 0.0992486 0.146728 9.99735E-05 9.99735E-05
0.676481 0.0346064 9.99562E-05 0.138589 9.99562E-05 9.99562E-05 9.99562E-05 0.149825 9.99562E-05
0.320022 9.99648E-05 9.99648E-05 9.99648E-05 0.154118 9.99648E-05 0.13956 0.13493 0.25097
0.157626 0.227286 0.269329 9.99737E-05 9.99737E-05 0.120059 0.135499 9.99737E-05 0.0899005
0.0410247 9.9956E-05 0.129308 0.0836586 9.9956E-05 9.9956E-05 9.9956E-05 9.9956E-05 0.745509
9.99469E-05 0.212029 9.99469E-05 9.99469E-05 9.99469E-05 0.379746 9.99469E-05 9.99469E-05 0.407625
0.19419 9.9965E-05 0.20394 0.207276 0.249813 9.9965E-05 0.144381 9.9965E-05 9.9965E-05
0.562806 9.99471E-05 0.114894 0.3217 9.99471E-05 9.99471E-05 9.99471E-05 9.99471E-05 9.99471E-05
0.0948218 9.99561E-05 0.804451 0.0678404 0.0323873 9.99561E-05 9.99561E-05 9.99561E-05 9.99561E-05
0.0616775 0.209386 0.0678058 0.0120745 9.99738E-05 9.99738E-05 0.271873 0.376883 9.99738E-05
9.99473E-05 0.265376 9.99473E-05 9.99473E-05 0.213275 9.99473E-05 9.99473E-05 9.99473E-05 0.520749
0.335025 9.99471E-05 0.0460323 0.618343 9.99471E-05 9.99471E-05 9.99471E-05 9.99471E-05 9.99471E-05
0.299289 9.9956E-05 0.266946 9.9956E-05 9.9956E-05 9.9956E-05 0.169963 9.9956E-05 0.263302
9.99475E-05 9.99475E-05 0.114373 9.99475E-05 0.335989 9.99475E-05 0.549038 9.99475E-05 9.99475E-05
0.609385 9.99474E-05 9.99474E-05 9.99474E-05 0.308165 9.99474E-05 9.99474E-05 0.0818504 9.99474E-05
9.99567E-05 9.99567E-05 0.090135 0.214186 9.99567E-05 9.99567E-05 0.562414 9.99567E-05 0.132765
9.99481E-05 9.99481E-05 9.99481E-05 9.99481E-05 0.0614487 9.99481E-05 9.99481E-05 0.674111 0.263841
9.99472E-05 9.99472E-05 9.99472E-05 0.496599 0.174422 9.99472E-05 0.328379 9.99472E-05 9.99472E-05
9.99474E-05 0.348265 0.271184 9.99474E-05 9.99474E-05 0.379951 9.99474E-05 9.99474E-05 9.99474E-05
9.99473E-05 9.99473E-05 0.495052 9.99473E-05 0.154144 9.99473E-05 9.99473E-05 0.350205 9.99473E-05
0.0138069 0.241207 0.509655 9.9965E-05 0.00983474 9.9965E-05 0.225096 9.9965E-05 9.9965E-05
0.0592077 9.99558E-05 0.593828 0.210883 9.99558E-05 9.99558E-05 0.135581 9.99558E-05 9.99558E-05
0.0794692 9.99561E-05 0.138739 0.129502 9.99561E-05 0.651789 9.99561E-05 9.99561E-05 9.99561E-05
9.99648E-05 9.99648E-05 0.182071 0.288756 9.99648E-05 0.120594 0.0224158 9.99648E-05 0.385764
9.99386E-05 9.99386E-05 0.748066 9.99386E-05 9.99386E-05 9.99386E-05 0.251235 9.99386E-05 9.99386E-05
9.9956E-05 9.9956E-05 0.356027 9.9956E-05 0.0353572 9.9956E-05 0.407467 0.200649 9.9956E-05
9.99561E-05 9.99561E-05 0.628797 0.0994286 0.270125 0.0011493 9.99561E-05 9.99561E-05 9.99561E-05
0.26036 9.99649E-05 9.99649E-05 0.131375 0.339697 9.99649E-05 0.207883 0.060286 9.99649E-05
0.101074 0.82834 9.99475E-05 9.99475E-05 9.99475E-05 9.99475E-05 0.0699865 9.99475E-05 9.99475E-05
0.351204 9.99559E-05 0.58741 9.99559E-05 9.99559E-05 9.99559E-05 0.0431364 9.99559E-05 0.017749
9.99646E-05 0.273428 9.99646E-05 0.0133934 9.99646E-05 9.99646E-05 0.28739 0.148368 0.27702
9.9956E-05 9.9956E-05 9.9956E-05 9.9956E-05 9.9956E-05 0.548781 0.395044 0.0282371 0.0274385
9.9965E-05 9.9965E-05 0.050018 0.166734 9.9965E-05 0.255669 0.306998 0.220181 9.9965E-05
0.0656928 0.463276 9.99561E-05 9.99561E-05 9.99561E-05 9.99561E-05 0.202288 0.268244 9.99561E-05
0.238776 9.99558E-05 0.201787 0.387671 9.99558E-05 9.99558E-05 9.99558E-05 0.171267 9.99558E-05
0.189248 0.233515 9.99561E-05 9.99561E-05 9.99561E-05 9.99561E-05 0.445557 0.131181 9.99561E-05
9.99824E-05 0.232319 0.1693 0.19095 0.0433277 0.0670635 0.194989 9.99824E-05 0.101851
0.846822 9.99387E-05 9.99387E-05 9.99387E-05 9.99387E-05 9.99387E-05 9.99387E-05 0.152479 9.99387E-05
0.89181 9.99476E-05 0.105765 9.99476E-05 9.99476E-05 9.99476E-05 9.99476E-05 9.99476E-05 0.00182499
9.99475E-05 0.176576 9.99475E-05 9.99475E-05 9.99475E-05 9.99475E-05 0.534509 0.288315 9.99475E-05
9.99472E-05 0.186962 9.99472E-05 9.99472E-05 9.99472E-05 9.99472E-05 0.301235 0.511203 9.99472E-05
9.99563E-05 0.219777 0.116056 9.99563E-05 0.103119 9.99563E-05 9.99563E-05 9.99563E-05 0.560548
9.99384E-05 9.99384E-05 0.812109 0.187192 9.99384E-05 9.99384E-05 9.99384E-05 9.99384E-05 9.99384E-05
9.99651E-05 0.0237568 0.19958 0.140879 9.99651E-05 0.607988 9.99651E-05 0.0273969 9.99651E-05
9.99389E-05 9.99389E-05 0.90276 9.99389E-05 9.99389E-05 9.99389E-05 9.99389E-05 0.0965407 9.99389E-05
9.99559E-05 0.19627 0.22258 0.497631 9.99559E-05 9.99559E-05 9.99559E-05 0.0830182 9.99559E-05
9.99472E-05 9.99472E-05 9.99472E-05 9.99472E-05 0.410507 9.99472E-05 0.542731 9.99472E-05 0.0461625
9.99387E-05 9.99387E-05 0.485337 9.99387E-05 0.513964 9.99387E-05 9.99387E-05 9.99387E-05 9.99387E-05
9.99561E-05 9.99561E-05 0.664512 0.0525128 0.0593128 0.223163 9.99561E-05 9.99561E-05 9.99561E-05
9.99647E-05 0.10424 0.238164 9.99647E-05 9.99647E-05 0.0551165 0.103537 0.498542 9.99647E-05
0.324641 9.99471E-05 9.99471E-05 9.99471E-05 9.99471E-05 9.99471E-05 0.573131 0.101629 9.99471E-05
9.99559E-05 9.99559E-05 0.414118 0.13942 9.99559E-05 9.99559E-05 9.99559E-05 0.311447 0.134515
9.99562E-05 9.99562E-05 0.0514986 9.99562E-05 9.99562E-05 0.230787 0.349252 9.99562E-05 0.367963
9.99383E-05 0.104858 9.99383E-05 9.99383E-05 9.99383E-05 9.99383E-05 0.894443 9.99383E-05 9.99383E-05
9.99559E-05 9.99559E-05 0.00555934 9.99559E-05 0.766094 9.99559E-05 0.155833 9.99559E-05 0.0720133
0.0954235 9.99563E-05 0.143802 9.99563E-05 0.0970518 0.663223 9.99563E-05 9.99563E-05 9.99563E-05
0.65127 9.99559E-05 9.99559E-05 9.99559E-05 9.99559E-05 9.99559E-05 0.0126809 0.188166 0.147383
9.99565E-05 9.99565E-05 9.99565E-05 0.215115 0.199238 0.0626562 0.522491 9.99565E-05 9.99565E-05
9.99386E-05 9.99386E-05 9.99386E-05 0.876248 9.99386E-05 9.99386E-05 9.99386E-05 0.123052 9.99386E-05
0.3367 9.99561E-05 9.99561E-05 9.99561E-05 0.303406 0.227654 9.99561E-05 0.13174 9.99561E-05
9.99557E-05 9.99557E-05 0.229054 9.99557E-05 0.373504 0.37445 9.99557E-05 9.99557E-05 0.0224922
9.99472E-05 0.0216481 0.537403 9.99472E-05 9.99472E-05 0.440349 9.99472E-05 9.99472E-05 9.99472E-05
0.110519 9.99735E-05 0.0277111 0.0674438 9.99735E-05 9.99735E-05 0.488832 0.244644 0.0605506
0.758398 0.0965811 9.99475E-05 9.99475E-05 9.99475E-05 9.99475E-05 9.99475E-05 9.99475E-05 0.144421
9.99558E-05 0.290766 9.99558E-05 0.182698 9.99558E-05 9.99558E-05 0.168327 0.35771 9.99558E-05
9.99651E-05 0.137603 0.122554 0.179273 9.99651E-05 9.99651E-05 0.230104 9.99651E-05 0.330068
9.99474E-05 9.99474E-05 9.99474E-05 9.99474E-05 9.99474E-05 0.04048 9.99474E-05 0.21303 0.74589
0.259851 9.99563E-05 0.106278 9.99563E-05 9.99563E-05 9.99563E-05 0.198298 0.435073 9.99563E-05
0.313267 9.99646E-05 0.135391 0.223184 9.99646E-05 0.284978 9.99646E-05 9.99646E-05 0.0427806
9.99473E-05 0.245231 9.99473E-05 0.160679 9.99473E-05 9.99473E-05 9.99473E-05 9.99473E-05 0.59349
9.99473E-05 0.0524416 0.456596 0.490363 9.99473E-05 9.99473E-05 9.99473E-05 9.99473E-05 9.99473E-05
9.99646E-05 0.448612 9.99646E-05 0.0761439 0.296862 9.99646E-05 0.122397 0.0555856 9.99646E-05
9.99473E-05 0.165345 0.216668 9.99473E-05 9.99473E-05 9.99473E-05 9.99473E-05 0.617387 9.99473E-05
9.99473E-05 9.99473E-05 0.491788 9.99473E-05 9.99473E-05 9.99473E-05 0.411588 9.99473E-05 0.0960243
0.386749 0.0373094 0.387417 0.0370072 9.99823E-05 9.99823E-05 0.0582965 0.00420856 0.0888124
9.99475E-05 0.519658 9.99475E-05 0.0205171 9.99475E-05 9.99475E-05 0.459225 9.99475E-05 9.99475E-05
9.99561E-05 9.99561E-05 0.420162 9.99561E-05 9.99561E-05 0.101932 9.99561E-05 0.111594 0.365812
0.182767 0.173148 0.428584 0.215001 9.99558E-05 9.99558E-05 9.99558E-05 9.99558E-05 9.99558E-05
9.99472E-05 9.99472E-05 9.99472E-05 0.651604 9.99472E-05 9.99472E-05 0.148045 0.199751 9.99472E-05
9.99474E-05 9.99474E-05 0.737498 9.99474E-05 0.233775 0.0281269 9.99474E-05 9.99474E-05 9.99474E-05
9.99388E-05 9.99388E-05 0.0777919 9.99388E-05 0.921509 9.99388E-05 9.99388E-05 9.99388E-05 9.99388E-05
9.9956E-05 9.9956E-05 9.9956E-05 0.254402 0.334805 0.264566 9.9956E-05 9.9956E-05 0.145727
0.0430297 9.99561E-05 0.515836 0.431891 9.99561E-05 0.00874365 9.99561E-05 9.99561E-05 9.99561E-05
9.99558E-05 9.99558E-05 0.0637899 0.529761 0.36194 9.99558E-05 0.0440096 9.99558E-05 9.99558E-05
9.99473E-05 0.345005 9.99473E-05 0.0369543 9.99473E-05 9.99473E-05 9.99473E-05 9.99473E-05 0.617441
0.082233 9.9956E-05 0.396192 9.9956E-05 9.9956E-05 9.9956E-05 0.181883 9.9956E-05 0.339192
9.99383E-05 9.99383E-05 9.99383E-05 9.99383E-05 9.99383E-05 9.99383E-05 0.332135 9.99383E-05 0.667165
9.99649E-05 0.456642 9.99649E-05 9.99649E-05 9.99649E-05 0.155112 0.085586 0.0185071 0.283752
9.99559E-05 9.99559E-05 0.166414 9.99559E-05 9.99559E-05 0.282959 0.102467 0.44766 9.99559E-05
9.9956E-05 9.9956E-05 0.308229 9.9956E-05 9.9956E-05 9.9956E-05 0.234507 0.231404 0.225361
9.99646E-05 0.129693 9.99646E-05 0.368583 0.239629 9.99646E-05 9.99646E-05 0.0280762 0.233619
0.14155 0.018097 9.99647E-05 9.99647E-05 0.202553 0.129994 0.507407 9.99647E-05 9.99647E-05
9.99651E-05 0.164012 0.318675 0.114667 0.143185 9.99651E-05 9.99651E-05 0.25906 9.99651E-05
9.99474E-05 9.99474E-05 9.99474E-05 0.038114 0.458163 0.503123 9.99474E-05 9.99474E-05 9.99474E-05
9.99472E-05 9.99472E-05 0.807517 9.99472E-05 9.99472E-05 9.99472E-05 0.0652671 9.99472E-05 0.126616
9.99474E-05 0.150727 9.99474E-05 9.99474E-05 9.99474E-05 9.99474E-05 9.99474E-05 0.247171 0.601502
9.99389E-05 9.99389E-05 0.594105 9.99389E-05 9.99389E-05 9.99389E-05 0.405195 9.99389E-05 9.99389E-05
9.99735E-05 0.0994142 0.15548 0.0912966 9.99735E-05 0.218526 9.99735E-05 0.223925 0.211058
9.99646E-05 9.99646E-05 0.376657 0.136224 9.99646E-05 0.00431649 0.324293 9.99646E-05 0.15811
9.9965E-05 9.9965E-05 0.178008 0.268269 0.0124477 9.9965E-05 9.9965E-05 0.198571 0.342304
9.99563E-05 9.99563E-05 0.545913 0.287024 0.0348607 0.131702 9.99563E-05 9.99563E-05 9.99563E-05
0.0378175 0.403851 9.99649E-05 0.105313 9.99649E-05 0.037083 9.99649E-05 0.415536 9.99649E-05
9.99561E-05 9.99561E-05 0.457142 0.155447 9.99561E-05 9.99561E-05 0.309463 9.99561E-05 0.0774487
0.370928 9.99564E-05 0.123728 9.99564E-05 0.246773 0.258072 9.99564E-05 9.99564E-05 9.99564E-05
9.99645E-05 0.34337 9.99645E-05 9.99645E-05 0.0527986 9.99645E-05 0.163711 0.246339 0.193382
0.116614 0.108605 0.233248 9.99736E-05 0.0327775 9.99736E-05 0.466317 9.99736E-05 0.0421382
9.99385E-05 9.99385E-05 0.392787 9.99385E-05 9.99385E-05 9.99385E-05 9.99385E-05 9.99385E-05 0.606514
0.212218 9.99562E-05 9.99562E-05 0.327619 0.0646332 9.99562E-05 9.99562E-05 9.99562E-05 0.39503
0.156634 9.99649E-05 0.246255 9.99649E-05 9.99649E-05 0.422106 0.0448544 9.99649E-05 0.129751
9.9956E-05 9.9956E-05 9.9956E-05 0.0500606 9.9956E-05 0.217181 0.689483 0.0427758 9.9956E-05
9.99383E-05 9.99383E-05 9.99383E-05 0.0998415 9.99383E-05 9.99383E-05 9.99383E-05 0.899459 9.99383E-05
9.99557E-05 9.99557E-05 0.114876 0.0665656 9.99557E-05 9.99557E-05 0.141117 0.676942 9.99557E-05
0.347601 9.99558E-05 9.99558E-05 9.99558E-05 0.134122 9.99558E-05 0.391141 0.126636 9.99558E-05
9.99649E-05 0.141379 0.61008 9.99649E-05 9.99649E-05 0.143079 0.0674748 0.0375871 9.99649E-05
0.407966 9.99648E-05 0.520425 9.99648E-05 0.0214417 9.99648E-05 9.99648E-05 0.0216988 0.0280679
9.9947E-05 0.456456 0.168748 9.9947E-05 9.9947E-05 9.9947E-05 9.9947E-05 9.9947E-05 0.374196
9.99387E-05 9.99387E-05 0.255645 9.99387E-05 9.99387E-05 9.99387E-05 0.743655 9.99387E-05 9.99387E-05
0.252819 0.0286088 0.57029 9.99647E-05 9.99647E-05 9.99647E-05 0.00771858 0.140164 9.99647E-05
9.99647E-05 9.99647E-05 0.0442558 0.244133 0.220457 0.118377 9.99647E-05 9.99647E-05 0.372377
9.99559E-05 9.99559E-05 0.240664 9.99559E-05 9.99559E-05 0.30762 9.99559E-05 0.202612 0.248604
9.99561E-05 9.99561E-05 0.246712 0.400177 9.99561E-05 0.312829 0.0397826 9.99561E-05 9.99561E-05
9.993E-05 9.993E-05 9.993E-05 0.999201 9.993E-05 9.993E-05 9.993E-05 9.993E-05 9.993E-05
9.99472E-05 0.353195 9.99472E-05 9.99472E-05 0.185579 9.99472E-05 9.99472E-05 9.99472E-05 0.460626
9.99473E-05 9.99473E-05 9.99473E-05 9.99473E-05 0.0251181 0.0683452 9.99473E-05 9.99473E-05 0.905937
0.581942 9.99561E-05 9.99561E-05 9.99561E-05 9.99561E-05 0.148163 9.99561E-05 0.0646154 0.20478
9.99471E-05 0.491904 9.99471E-05 9.99471E-05 9.99471E-05 0.246399 9.99471E-05 0.261098 9.99471E-05
9.99561E-05 9.99561E-05 0.175971 0.203765 0.578734 9.99561E-05 0.0410305 9.99561E-05 9.99561E-05
9.99647E-05 0.0438855 0.315882 0.122407 0.0331407 0.484285 9.99647E-05 9.99647E-05 9.99647E-05
9.99473E-05 9.99473E-05 0.0293675 9.99473E-05 9.99473E-05 9.99473E-05 0.393755 9.99473E-05 0.576278
0.111313 0.188843 0.396595 0.108679 9.99646E-05 9.99646E-05 0.19417 9.99646E-05 9.99646E-05
9.99648E-05 9.99648E-05 0.15597 0.143457 9.99648E-05 9.99648E-05 0.333132 0.0581108 0.308931
9.99561E-05 0.153685 0.534626 0.146259 0.16493 9.99561E-05 9.99561E-05 9.99561E-05 9.99561E-05
9.99737E-05 9.99737E-05 0.242081 0.235865 9.99737E-05 0.197105 0.08193 0.222272 0.020447
9.99469E-05 9.99469E-05 9.99469E-05 9.99469E-05 0.653423 0.213288 9.99469E-05 0.13269 9.99469E-05
9.9956E-05 0.118609 0.747503 0.120134 9.9956E-05 9.9956E-05 9.9956E-05 9.9956E-05 0.0132543
9.99474E-05 9.99474E-05 9.99474E-05 9.99474E-05 9.99474E-05 0.169538 0.628584 9.99474E-05 0.201279
9.99471E-05 9.99471E-05 9.99471E-05 0.0827119 9.99471E-05 9.99471E-05 0.848817 0.0678717 9.99471E-05
9.99558E-05 9.99558E-05 0.0776269 0.35249 9.99558E-05 0.221887 0.347496 9.99558E-05 9.99558E-05
9.99562E-05 9.99562E-05 0.0653689 9.99562E-05 9.99562E-05 9.99562E-05 0.143867 0.482001 0.308263
9.99562E-05 9.99562E-05 0.237649 0.131192 9.99562E-05 9.99562E-05 9.99562E-05 0.407275 0.223384
0.0913547 0.0002844 9.99649E-05 9.99649E-05 0.0995915 9.99649E-05 0.328595 0.479774 9.99649E-05
0.321916 9.99562E-05 0.142952 0.481613 9.99562E-05 9.99562E-05 9.99562E-05 0.0530202 9.99562E-05
0.417643 9.99472E-05 0.514501 9.99472E-05 9.99472E-05 9.99472E-05 9.99472E-05 0.0672567 9.99472E-05
9.99469E-05 9.99469E-05 9.99469E-05 0.0797116 9.99469E-05 9.99469E-05 0.804299 0.11539 9.99469E-05
9.99471E-05 9.99471E-05 9.99471E-05 9.99471E-05 0.0519824 9.99471E-05 9.99471E-05 0.579721 0.367697
0.054966 9.99647E-05 0.439623 9.99647E-05 9.99647E-05 9.99647E-05 0.242449 0.0795731 0.182989
0.154814 0.172039 9.99737E-05 0.107783 0.328212 9.99737E-05 0.138072 9.99737E-05 0.0987799
9.99474E-05 0.20537 9.99474E-05 0.330615 9.99474E-05 9.99474E-05 9.99474E-05 9.99474E-05 0.463415
9.99474E-05 9.99474E-05 9.99474E-05 9.99474E-05 0.840259 9.99474E-05 9.99474E-05 0.11613 0.0430119
9.99559E-05 9.99559E-05 0.0655749 0.449591 0.098731 9.99559E-05 0.385603 9.99559E-05 9.99559E-05
0.245402 9.99476E-05 9.99476E-05 0.106401 9.99476E-05 9.99476E-05 9.99476E-05 0.647597 9.99476E-05
9.99385E-05 0.0917171 9.99385E-05 0.907583 9.99385E-05 9.99385E-05 9.99385E-05 9.99385E-05 9.99385E-05
9.99647E-05 9.99647E-05 0.645733 9.99647E-05 9.99647E-05 0.0651035 0.0123066 0.221503 0.0549533
