0.646122 0.0373146 0.238415 0.078148
0.241112 0.55013 0.208658 9.99912E-05
0.817202 9.99824E-05 0.182598 9.99824E-05
9.99825E-05 0.553527 0.446273 9.99825E-05
0.983117 9.99825E-05 0.0166829 9.99825E-05
0.0344779 0.60941 0.356012 9.99913E-05
0.130198 9.99824E-05 0.869602 9.99824E-05
9.999E-05 0.453285 0.250877 0.295738
0.0410662 0.958734 9.99825E-05 9.99825E-05
9.99824E-05 9.99824E-05 0.568557 0.431243
0.510563 0.29207 0.197267 9.99912E-05
0.14711 9.99823E-05 0.85269 9.99823E-05
0.252235 0.63934 9.99913E-05 0.108325
9.999E-05 0.597547 0.305547 0.0968052
0.56075 0.130175 0.251025 0.05805
0.422405 0.12944 9.99912E-05 0.448056
9.99828E-05 0.145324 9.99828E-05 0.854476
0.295849 0.205777 0.241274 0.257101
0.248454 9.99824E-05 0.751346 9.99824E-05
9.99829E-05 9.99829E-05 0.926897 0.0729026
9.99824E-05 0.467043 0.532757 9.99824E-05
9.998E-05 9.998E-05 0.9997 9.998E-05
9.99913E-05 0.612527 0.37645 0.0109233
0.849158 0.132837 0.0179051 9.99912E-05
9.99913E-05 0.308962 0.535812 0.155126
0.752829 0.246971 9.99827E-05 9.99827E-05
0.487227 9.99824E-05 0.512573 9.99824E-05
9.99912E-05 0.4084 0.411094 0.180406
9.99825E-05 0.103969 0.895831 9.99825E-05
9.99912E-05 0.0173555 0.664812 0.317733
0.129578 9.99825E-05 0.870222 9.99825E-05
0.703204 9.99913E-05 0.216488 0.0802076
0.0592371 9.99913E-05 0.904746 0.0359173
9.99824E-05 0.160016 0.839784 9.99824E-05
9.99913E-05 0.863682 0.0652959 0.0709221
9.99912E-05 0.25279 0.615636 0.131474
9.99824E-05 9.99824E-05 0.442261 0.557539
0.158811 0.832688 9.99912E-05 0.00840089
0.27378 9.99913E-05 0.688608 0.0375124
0.769152 0.230648 9.99825E-05 9.99825E-05
9.99825E-05 0.35906 0.64074 9.99825E-05
9.99824E-05 0.9539 0.0459 9.99824E-05
0.132469 9.99912E-05 0.778188 0.0892426
9.99824E-05 9.99824E-05 0.238092 0.761708
9.99825E-05 0.545109 0.454691 9.99825E-05
0.230139 0.584395 0.185366 9.99913E-05
0.0248189 0.550564 0.205479 0.219139
0.379798 9.99911E-05 0.147032 0.47307
9.99912E-05 0.0356384 0.806449 0.157813
0.368726 9.99826E-05 0.631074 9.99826E-05
9.99825E-05 0.633058 0.366742 9.99825E-05
0.393658 0.606142 9.99825E-05 9.99825E-05
0.9997 9.998E-05 9.998E-05 9.998E-05
0.268628 9.99825E-05 0.731172 9.99825E-05
9.99825E-05 0.419523 9.99825E-05 0.580277
0.657139 0.00760906 0.200952 0.1343
0.10156 9.99824E-05 0.89824 9.99824E-05
0.263217 9.99824E-05 0.736583 9.99824E-05
0.260793 0.136239 9.99912E-05 0.602868
9.998E-05 0.9997 9.998E-05 9.998E-05
9.99823E-05 0.21597 0.78383 9.99823E-05
9.998E-05 9.998E-05 0.9997 9.998E-05
0.494357 9.99911E-05 0.150972 0.354571
9.99912E-05 0.656136 0.137006 0.206758
0.344777 9.99825E-05 0.655023 9.99825E-05
9.998E-05 0.9997 9.998E-05 9.998E-05
0.204924 0.794876 9.99825E-05 9.99825E-05
0.9997 9.998E-05 9.998E-05 9.998E-05
0.217147 0.782653 9.99825E-05 9.99825E-05
9.99825E-05 9.99825E-05 0.588124 0.411676
0.649621 9.99824E-05 0.350179 9.99824E-05
0.0662928 0.395943 9.99912E-05 0.537664
0.129787 0.130112 0.516184 0.223917
0.538144 9.99825E-05 9.99825E-05 0.461656
0.211352 0.386407 0.402141 9.99912E-05
0.190853 0.264028 0.279897 0.265222
9.99823E-05 0.14752 0.85228 9.99823E-05
0.361995 0.287608 0.0210431 0.329354
0.70815 9.99825E-05 0.29165 9.99825E-05
9.99912E-05 0.262647 0.622979 0.114274
0.817721 0.0143425 9.99913E-05 0.167836
0.58695 9.99824E-05 9.99824E-05 0.41285
0.358301 0.332398 9.99912E-05 0.3092
0.068774 0.279014 0.652112 9.99912E-05
0.9997 9.998E-05 9.998E-05 9.998E-05
0.13881 9.99824E-05 0.86099 9.99824E-05
9.99826E-05 9.99826E-05 0.423885 0.575915
0.0827094 0.888817 0.028374 9.99913E-05
9.99825E-05 0.900318 9.99825E-05 0.0994823
0.531372 0.359999 0.108529 9.99912E-05
9.99912E-05 0.679445 0.182271 0.138184
9.99826E-05 0.243234 0.756566 9.99826E-05
0.503362 9.99913E-05 0.00265436 0.493884
0.84184 0.0126076 0.145453 9.99912E-05
0.0513602 0.567923 0.0891568 0.29156
9.99826E-05 0.999295 9.99826E-05 0.000504602
0.47079 0.0388456 0.490264 9.99912E-05
9.99825E-05 0.32874 0.67106 9.99825E-05
0.487559 0.425165 9.99912E-05 0.0871767
0.163915 0.217279 0.419473 0.199333
9.99912E-05 0.209183 0.722326 0.0683904
0.222854 0.776946 9.99824E-05 9.99824E-05
0.293768 0.276158 0.127203 0.30287
0.915752 9.99824E-05 0.0840484 9.99824E-05
0.393838 0.605962 9.99827E-05 9.99827E-05
0.533393 0.466407 9.99824E-05 9.99824E-05
9.99823E-05 0.363102 0.636699 9.99823E-05
9.99913E-05 0.417173 0.0672797 0.515447
0.199701 9.99912E-05 0.14808 0.652119
9.99827E-05 9.99827E-05 0.514577 0.485223
0.245995 0.753805 9.99823E-05 9.99823E-05
9.99824E-05 0.618884 0.380916 9.99824E-05
0.717936 0.109438 0.172526 9.99912E-05
0.1193 0.0378899 0.625275 0.217535
0.120228 0.186343 0.693329 9.99913E-05
0.496819 9.99824E-05 9.99824E-05 0.502981
9.99826E-05 0.2174 0.7824 9.99826E-05
0.454813 0.0362328 0.508854 9.99914E-05
0.815312 9.99825E-05 0.184488 9.99825E-05
9.99825E-05 0.320577 0.679223 9.99825E-05
0.256823 0.350064 0.393013 9.99912E-05
9.998E-05 0.9997 9.998E-05 9.998E-05
0.772164 0.227636 9.99825E-05 9.99825E-05
0.526222 0.473578 9.99825E-05 9.99825E-05
0.172762 9.99824E-05 0.827038 9.99824E-05
0.719453 9.99824E-05 9.99824E-05 0.280347
0.989938 0.00986205 9.99825E-05 9.99825E-05
9.99826E-05 0.825043 0.174757 9.99826E-05
0.191686 9.99824E-05 0.808114 9.99824E-05
0.844873 9.99823E-05 0.154927 9.99823E-05
0.71322 0.28658 9.99826E-05 9.99826E-05
9.99824E-05 0.493404 0.506396 9.99824E-05
9.99825E-05 0.916319 0.0834812 9.99825E-05
0.828929 9.99826E-05 9.99826E-05 0.170871
0.416955 0.582845 9.99824E-05 9.99824E-05
0.207127 0.660279 0.132494 9.99913E-05
9.99913E-05 0.113671 0.657073 0.229156
0.143487 0.257886 0.598527 9.99912E-05
9.99824E-05 0.520886 9.99824E-05 0.478914
9.99826E-05 9.99826E-05 0.898773 0.101027
0.152106 0.15282 0.444372 0.250703
0.126351 0.0535417 9.99912E-05 0.820008
0.720458 9.99823E-05 0.279342 9.99823E-05
0.273469 0.485087 0.241344 9.99912E-05
0.216904 9.99824E-05 9.99824E-05 0.782896
0.711245 9.99912E-05 0.257372 0.0312834
0.372243 0.627557 9.99824E-05 9.99824E-05
0.323804 0.486621 0.189475 9.99913E-05
0.277496 0.588649 0.0287687 0.105086
0.9997 9.998E-05 9.998E-05 9.998E-05
9.99912E-05 0.441511 0.201191 0.357198
0.408915 9.99825E-05 9.99825E-05 0.590885
9.998E-05 0.9997 9.998E-05 9.998E-05
0.182516 9.99824E-05 0.817284 9.99824E-05
0.268829 0.096977 0.421239 0.212954
0.322802 0.126374 9.99913E-05 0.550723
0.438077 0.25343 0.244366 0.0641266
9.998E-05 9.998E-05 0.9997 9.998E-05
9.99824E-05 9.99824E-05 0.234126 0.765674
0.142489 0.645166 0.0793502 0.132995
0.0840267 0.660579 0.248414 0.00697974
0.21011 0.0971029 0.125977 0.56681
0.47433 0.352526 0.0615828 0.111561
0.503054 9.99824E-05 0.496746 9.99824E-05
9.99825E-05 9.99825E-05 0.556243 0.443557
0.321503 0.414771 0.0985214 0.165204
0.9997 9.998E-05 9.998E-05 9.998E-05
9.99824E-05 0.860574 0.139226 9.99824E-05
0.273878 9.99825E-05 0.725922 9.99825E-05
9.998E-05 0.9997 9.998E-05 9.998E-05
0.771647 0.228153 9.99824E-05 9.99824E-05
0.441975 0.190161 0.293492 0.0743713
9.998E-05 9.998E-05 0.9997 9.998E-05
0.25323 9.99913E-05 0.672636 0.0740341
9.9984E-05 0.46053 0.53927 9.9984E-05
0.295145 0.329072 0.375682 9.99912E-05
0.516816 0.307854 9.99913E-05 0.17523
0.221774 0.361491 9.99913E-05 0.416635
0.618981 0.0432517 0.337667 9.99913E-05
0.435597 0.111223 0.45308 9.99913E-05
0.262568 0.737232 9.99825E-05 9.99825E-05
0.214657 0.785143 9.99825E-05 9.99825E-05
0.448116 0.134703 0.417081 9.99912E-05
9.998E-05 9.998E-05 0.9997 9.998E-05
9.99825E-05 0.700193 9.99825E-05 0.299607
0.382687 9.99824E-05 0.617113 9.99824E-05
0.160862 0.36109 0.477948 9.99912E-05
0.355547 0.232654 0.363725 0.0480751
0.933068 9.99824E-05 9.99824E-05 0.0667321
0.182712 0.433202 0.383986 9.99912E-05
9.99824E-05 0.799332 9.99824E-05 0.200468
9.99825E-05 0.765547 9.99825E-05 0.234253
0.568059 9.99826E-05 0.431741 9.99826E-05
0.445365 9.99912E-05 0.499615 0.0549202
9.99825E-05 9.99825E-05 0.980948 0.0188521
9.99825E-05 0.0301571 0.969643 9.99825E-05
9.99825E-05 0.492052 0.507748 9.99825E-05
0.741568 9.99913E-05 0.158765 0.0995673
9.99824E-05 9.99824E-05 0.873832 0.125968
0.812346 9.99912E-05 0.0541335 0.133421
9.99823E-05 0.268128 0.731672 9.99823E-05
9.99825E-05 0.257169 0.742631 9.99825E-05
0.699488 0.213469 0.0869429 9.99912E-05
0.410316 0.589484 9.99825E-05 9.99825E-05
0.00723956 0.146917 0.828605 0.0172379
9.998E-05 9.998E-05 0.9997 9.998E-05
0.397349 0.0218865 0.0905853 0.490179
9.99825E-05 0.654357 0.345443 9.99825E-05
0.33158 0.466704 0.201616 9.99912E-05
0.755894 0.156631 9.99912E-05 0.0873745
9.99825E-05 0.203922 0.795878 9.99825E-05
0.913269 9.99826E-05 0.0865309 9.99826E-05
9.99825E-05 0.604766 9.99825E-05 0.395034
0.444836 0.494118 0.0609462 9.99912E-05
0.262671 0.13205 0.361615 0.243664
0.286327 9.99913E-05 0.475778 0.237794
0.708738 9.99827E-05 0.291062 9.99827E-05
0.649037 0.332312 0.0185509 9.99912E-05
9.99877E-05 0.612277 9.99877E-05 0.387523
9.99823E-05 0.8957 0.1041 9.99823E-05
0.353858 9.99912E-05 0.580672 0.0653704
0.340839 9.99912E-05 0.642754 0.0163072
0.146673 0.442906 0.410321 9.99913E-05
0.354988 9.99824E-05 0.644812 9.99824E-05
9.99825E-05 0.921499 0.0783007 9.99825E-05
0.603197 9.99824E-05 0.396603 9.99824E-05
0.751937 0.09368 9.99912E-05 0.154283
0.19758 9.99912E-05 0.562198 0.240122
0.217507 0.782293 9.99823E-05 9.99823E-05
0.528718 0.0281457 0.182082 0.261054
9.99912E-05 0.122298 0.85626 0.0213411
0.262319 0.412369 9.99913E-05 0.325211
0.167469 0.219386 0.322235 0.290909
9.99826E-05 0.105804 0.893996 9.99826E-05
0.428335 0.124849 0.345827 0.100989
0.664355 0.0338982 0.301647 9.99912E-05
9.99825E-05 9.99825E-05 0.614292 0.385508
0.893891 9.99825E-05 9.99825E-05 0.105909
9.998E-05 9.998E-05 9.998E-05 0.9997
0.349959 0.396835 0.142908 0.110297
0.147756 9.99911E-05 0.640551 0.211593
0.157843 0.71586 0.126197 9.99912E-05
0.200223 9.99912E-05 0.694443 0.105234
0.268362 9.99825E-05 0.731438 9.99825E-05
0.608504 0.360771 0.0306252 9.99913E-05
9.998E-05 9.998E-05 0.9997 9.998E-05
0.0314761 9.99825E-05 0.968324 9.99825E-05
9.99826E-05 0.474687 0.525113 9.99826E-05
0.0491794 0.141536 0.507634 0.30165
0.505253 9.99825E-05 0.494547 9.99825E-05
9.99825E-05 9.99825E-05 0.813981 0.185819
9.99825E-05 0.620036 9.99825E-05 0.379764
0.0733101 0.438927 0.0639568 0.423806
9.99825E-05 0.0949901 0.90481 9.99825E-05
0.203193 0.226729 0.494909 0.0751693
0.0552864 9.99825E-05 0.944514 9.99825E-05
9.99912E-05 0.0747681 0.882444 0.0426876
0.517658 9.99912E-05 0.144201 0.338041
9.99825E-05 9.99825E-05 0.943983 0.0558173
0.844146 9.99826E-05 0.155654 9.99826E-05
0.648977 9.99823E-05 0.350823 9.99823E-05
