0.450596 0.415174 0.13413 9.99913E-05
0.997621 0.00217883 9.99824E-05 9.99824E-05
9.99825E-05 9.99825E-05 0.776452 0.223348
0.457875 0.046053 0.495972 9.99912E-05
0.595633 0.169716 0.23455 9.99912E-05
0.100142 9.99913E-05 0.538112 0.361645
9.999E-05 0.184675 0.0165371 0.798688
0.127284 0.747164 0.125452 9.99912E-05
0.636898 9.99825E-05 0.362902 9.99825E-05
0.266033 0.168476 9.99913E-05 0.56539
9.99826E-05 0.650459 9.99826E-05 0.349341
0.291506 9.99824E-05 0.708294 9.99824E-05
0.0171302 0.87803 9.99914E-05 0.10474
0.520155 0.208698 9.99913E-05 0.271047
0.66489 9.99823E-05 9.99823E-05 0.334911
0.301407 0.488037 9.99913E-05 0.210456
9.99827E-05 0.3452 0.6546 9.99827E-05
0.532372 9.99824E-05 9.99824E-05 0.467428
0.183201 0.216128 0.589686 0.0109844
0.146758 0.646427 0.0450223 0.161792
0.332341 0.667459 9.99824E-05 9.99824E-05
0.28127 0.288975 9.99912E-05 0.429654
0.974074 9.99825E-05 0.0257263 9.99825E-05
0.490573 9.99914E-05 0.358412 0.150915
9.99824E-05 9.99824E-05 0.465723 0.534077
0.224714 0.29901 9.99911E-05 0.476176
0.334024 0.665776 9.99824E-05 9.99824E-05
0.0533461 0.26978 0.676774 9.99913E-05
9.99825E-05 0.674012 0.325788 9.99825E-05
0.191979 0.289844 0.518077 9.99912E-05
9.99824E-05 0.358512 0.641288 9.99824E-05
0.0553048 0.362762 9.99912E-05 0.581833
0.192153 0.282023 0.525725 9.99912E-05
0.79332 0.0223951 0.184185 9.99913E-05
0.995436 9.99824E-05 9.99824E-05 0.00436401
9.99823E-05 0.33478 9.99823E-05 0.66502
9.998E-05 0.9997 9.998E-05 9.998E-05
9.99824E-05 0.468589 0.531211 9.99824E-05
9.99913E-05 0.2563 0.712741 0.0308593
9.99912E-05 0.0717812 0.28572 0.642399
0.320318 0.399447 0.280135 9.99912E-05
9.99823E-05 0.291358 9.99823E-05 0.708442
9.99912E-05 0.219467 0.244171 0.536262
0.693136 9.99826E-05 9.99826E-05 0.306664
9.998E-05 9.998E-05 0.9997 9.998E-05
0.500819 0.218214 0.280867 9.99913E-05
9.99912E-05 0.0450268 0.0405018 0.914371
0.642962 0.28293 0.0740079 9.99912E-05
0.784194 9.99824E-05 9.99824E-05 0.215606
0.395643 0.604157 9.99825E-05 9.99825E-05
0.184161 9.99912E-05 0.429092 0.386646
9.99912E-05 0.26036 0.410055 0.329485
0.9997 9.998E-05 9.998E-05 9.998E-05
9.99824E-05 0.748444 0.251356 9.99824E-05
0.0760433 0.741473 9.99913E-05 0.182384
0.62607 0.372051 0.00177975 9.99913E-05
9.99825E-05 9.99825E-05 0.501258 0.498542
9.99912E-05 0.640713 0.294095 0.0650918
9.99912E-05 0.678171 0.285483 0.0362457
0.147318 9.99823E-05 9.99823E-05 0.852483
9.998E-05 9.998E-05 9.998E-05 0.9997
9.99824E-05 0.772418 9.99824E-05 0.227382
9.99913E-05 0.104359 0.224554 0.670987
0.046665 9.99913E-05 0.0550968 0.898138
9.99823E-05 0.484094 9.99823E-05 0.515706
0.656722 9.99823E-05 9.99823E-05 0.343078
0.0808875 0.517177 9.99912E-05 0.401836
0.206663 9.99912E-05 0.0418134 0.751424
9.99823E-05 0.564623 0.435177 9.99823E-05
9.99826E-05 0.0997264 9.99826E-05 0.900074
0.0916059 0.649756 0.258538 9.99912E-05
9.998E-05 0.9997 9.998E-05 9.998E-05
0.508056 0.491744 9.99824E-05 9.99824E-05
9.99826E-05 0.979399 0.0204011 9.99826E-05
9.99912E-05 0.349492 0.459676 0.190732
9.99912E-05 0.328095 0.383099 0.288706
0.200708 0.799092 9.99824E-05 9.99824E-05
0.496953 9.99824E-05 0.502847 9.99824E-05
0.373341 0.626459 9.99823E-05 9.99823E-05
9.99912E-05 0.187389 0.169393 0.643119
0.557535 0.24316 0.199205 9.99913E-05
9.99913E-05 0.618361 0.0578378 0.323701
0.572902 0.144471 0.282527 9.99912E-05
0.200263 0.170221 0.629417 9.99912E-05
0.0612753 0.104857 0.75763 0.076238
0.520532 0.479268 9.99825E-05 9.99825E-05
0.0733386 9.99914E-05 0.56963 0.356931
0.275704 9.99825E-05 0.724096 9.99825E-05
0.245353 0.422532 0.102972 0.229144
0.591355 9.99824E-05 9.99824E-05 0.408445
0.498811 0.500989 9.99824E-05 9.99824E-05
0.0689266 9.99912E-05 0.255182 0.675791
9.99823E-05 9.99823E-05 0.566288 0.433512
0.402081 9.99826E-05 0.597719 9.99826E-05
0.171663 0.213424 9.99912E-05 0.614813
0.0885195 0.729236 0.182144 9.99913E-05
0.826991 9.99824E-05 9.99824E-05 0.172809
0.79444 9.99912E-05 0.136639 0.0688208
0.37868 9.99824E-05 9.99824E-05 0.62112
0.00274683 9.99913E-05 0.71864 0.278513
9.99825E-05 0.669775 0.330025 9.99825E-05
9.99912E-05 0.521652 0.00965461 0.468593
9.99912E-05 0.158883 0.504439 0.336577
9.99826E-05 9.99826E-05 0.144975 0.854825
0.250084 9.99912E-05 0.515204 0.234612
0.0701536 9.99825E-05 9.99825E-05 0.929646
9.998E-05 9.998E-05 0.9997 9.998E-05
9.99825E-05 0.162513 9.99825E-05 0.837287
0.353723 0.0750907 0.571087 9.99913E-05
9.99824E-05 0.37424 9.99824E-05 0.62556
0.106928 0.461556 9.99913E-05 0.431416
9.99826E-05 0.609453 0.390347 9.99826E-05
0.428633 0.247935 0.150902 0.17253
0.0574562 9.99912E-05 0.918196 0.0242479
9.99826E-05 9.99826E-05 0.867606 0.132194
9.99825E-05 0.803292 0.196508 9.99825E-05
0.639728 0.360072 9.99826E-05 9.99826E-05
9.99826E-05 0.475381 9.99826E-05 0.524419
0.310665 0.380083 0.309151 9.99912E-05
0.968387 0.0314134 9.99826E-05 9.99826E-05
9.99912E-05 0.784884 0.113643 0.101373
0.470595 0.529205 9.99824E-05 9.99824E-05
9.99824E-05 0.924391 9.99824E-05 0.075409
9.99825E-05 0.672063 9.99825E-05 0.327737
9.99824E-05 9.99824E-05 0.671092 0.328708
0.737489 0.262311 9.99825E-05 9.99825E-05
0.908873 0.0909267 9.99825E-05 9.99825E-05
0.448907 9.99825E-05 9.99825E-05 0.550893
0.278348 0.436087 9.99912E-05 0.285464
0.0839477 0.352388 9.99912E-05 0.563564
0.112097 0.302611 9.99912E-05 0.585192
0.566801 0.432999 9.99825E-05 9.99825E-05
0.120716 9.99824E-05 9.99824E-05 0.879084
9.99824E-05 0.215902 9.99824E-05 0.783898
0.182753 0.156602 0.484461 0.176184
0.839269 0.0573316 0.1033 9.99912E-05
0.151535 0.782093 9.99912E-05 0.0662725
0.0316403 0.196298 0.322854 0.449208
0.578033 9.99824E-05 9.99824E-05 0.421767
9.99825E-05 0.786915 0.212885 9.99825E-05
0.881728 9.99826E-05 0.118072 9.99826E-05
0.413065 0.0889938 9.99913E-05 0.497842
0.481915 9.99912E-05 0.267255 0.250729
0.333166 0.17792 9.99912E-05 0.488814
9.99912E-05 0.105303 0.809168 0.0854293
9.99912E-05 0.946105 0.0101376 0.0436572
0.119293 0.115853 0.499463 0.265391
9.99826E-05 0.553721 0.44608 9.99826E-05
0.513774 0.316781 0.14067 0.0287757
0.0799021 9.99912E-05 0.21598 0.704018
9.99823E-05 0.191263 0.808537 9.99823E-05
0.402426 0.180527 0.416947 9.99912E-05
0.112768 0.887032 9.99823E-05 9.99823E-05
9.99823E-05 0.622544 0.377256 9.99823E-05
0.349948 0.295922 0.35403 9.99912E-05
0.521975 0.180973 9.99912E-05 0.296952
9.998E-05 9.998E-05 9.998E-05 0.9997
0.421128 0.578672 9.99825E-05 9.99825E-05
0.171386 9.99824E-05 0.828414 9.99824E-05
0.114713 0.0229162 0.132236 0.730135
9.99824E-05 0.96695 9.99824E-05 0.0328502
0.39578 0.144466 0.115652 0.344102
0.855774 9.99912E-05 0.0634773 0.0806491
0.9997 9.998E-05 9.998E-05 9.998E-05
0.691556 0.308244 9.99825E-05 9.99825E-05
0.0357946 0.0571572 0.509131 0.397917
0.32427 0.0764884 0.599142 9.99913E-05
0.67028 0.109149 9.99912E-05 0.220471
0.0862784 0.0923699 0.418098 0.403253
0.0128459 0.557959 0.161294 0.267901
9.99824E-05 9.99824E-05 0.194631 0.80517
0.403513 0.238255 0.0473204 0.310911
0.269479 0.730321 9.99824E-05 9.99824E-05
9.99827E-05 0.586109 9.99827E-05 0.413692
9.99824E-05 9.99824E-05 0.579264 0.420536
0.573403 0.288932 9.99912E-05 0.137564
9.99825E-05 0.699563 0.300237 9.99825E-05
0.127217 9.99912E-05 0.209699 0.662983
0.316314 9.99825E-05 0.683486 9.99825E-05
9.998E-05 9.998E-05 9.998E-05 0.9997
0.293926 0.309269 0.396705 9.99912E-05
9.99913E-05 0.824466 0.00972066 0.165714
0.844099 0.0056154 0.150186 9.99912E-05
9.99824E-05 0.0229214 0.976879 9.99824E-05
0.226273 0.393836 0.370126 0.00976469
0.0642467 0.0800532 0.568122 0.287578
0.0310427 0.9229 9.99912E-05 0.0459572
0.349167 0.650633 9.99825E-05 9.99825E-05
0.0902217 0.706777 0.202901 9.99913E-05
0.638188 0.0519725 9.99912E-05 0.30974
0.274776 0.485543 0.239582 9.99913E-05
0.844474 0.155326 9.99825E-05 9.99825E-05
0.806414 0.193386 9.99826E-05 9.99826E-05
9.99824E-05 0.841023 9.99824E-05 0.158777
0.905941 9.99827E-05 9.99827E-05 0.0938588
0.586992 9.99824E-05 9.99824E-05 0.412808
0.414806 0.429813 0.155281 9.99912E-05
9.99825E-05 9.99825E-05 0.48634 0.51346
0.217852 9.99825E-05 9.99825E-05 0.781948
0.0428621 0.380033 0.577005 9.99912E-05
0.221334 0.449611 9.99912E-05 0.328956
0.645525 9.99824E-05 9.99824E-05 0.354275
0.586484 0.34211 9.99913E-05 0.0713066
0.367139 0.292192 0.259917 0.0807521
9.99825E-05 9.99825E-05 0.382845 0.616955
9.99827E-05 0.680625 0.319175 9.99827E-05
9.99912E-05 0.257141 0.41032 0.33244
0.332417 0.140425 0.527058 9.99912E-05
0.052237 9.99912E-05 0.10264 0.845023
0.11184 9.99912E-05 0.400089 0.487971
0.0280223 0.588093 9.99912E-05 0.383785
0.120278 0.498817 0.178377 0.202528
0.600737 9.99825E-05 0.399063 9.99825E-05
0.345753 0.654047 9.99826E-05 9.99826E-05
0.0687695 0.46804 0.375081 0.0881103
9.998E-05 9.998E-05 0.9997 9.998E-05
9.99912E-05 0.385045 0.444767 0.170088
9.99912E-05 0.130888 0.401805 0.467207
0.755419 0.244381 9.99824E-05 9.99824E-05
0.591875 0.140086 9.99912E-05 0.26794
9.99825E-05 0.840904 9.99825E-05 0.158896
0.421473 9.99913E-05 0.0965676 0.481859
9.99912E-05 0.345281 0.212328 0.442291
0.371316 9.99912E-05 0.581834 0.0467493
9.998E-05 9.998E-05 9.998E-05 0.9997
0.890133 9.99824E-05 9.99824E-05 0.109667
0.9346 9.99825E-05 9.99825E-05 0.0651997
9.998E-05 0.9997 9.998E-05 9.998E-05
9.99825E-05 0.116928 9.99825E-05 0.882872
9.99912E-05 0.390696 0.367942 0.241262
0.393663 9.99912E-05 0.335102 0.271135
0.427292 9.99826E-05 9.99826E-05 0.572508
0.522075 0.379995 0.0978298 9.99912E-05
0.332471 9.99824E-05 0.667329 9.99824E-05
0.574206 0.29634 9.99912E-05 0.129354
0.132909 9.99912E-05 0.0914741 0.775517
0.136544 0.863256 9.99824E-05 9.99824E-05
9.99826E-05 0.221215 0.778585 9.99826E-05
9.99912E-05 0.445289 0.222162 0.332449
0.230555 9.99913E-05 0.128908 0.640437
0.594541 0.256611 0.0795395 0.0693084
0.821293 0.0144495 0.164158 9.99911E-05
0.0458125 0.350003 0.211392 0.392793
0.0248133 0.816691 0.158396 9.99912E-05
0.140099 0.859701 9.99824E-05 9.99824E-05
0.134167 9.99912E-05 0.273073 0.59266
9.99827E-05 9.99827E-05 0.0892296 0.91057
9.99913E-05 0.0385003 0.259889 0.701511
0.0812297 0.577769 0.340901 9.99912E-05
0.695895 0.09474 0.151303 0.0580626
0.644826 0.296984 9.99912E-05 0.0580902
0.18344 0.14003 0.292071 0.384459
0.153485 0.308241 0.166267 0.372007
0.890474 9.99825E-05 9.99825E-05 0.109326
0.322095 9.99824E-05 0.677705 9.99824E-05
0.76268 9.99825E-05 0.23712 9.99825E-05
9.99912E-05 0.602649 0.230808 0.166443
0.591852 9.99825E-05 9.99825E-05 0.407948
9.99826E-05 0.9982 0.00159978 9.99826E-05
9.99825E-05 0.123967 9.99825E-05 0.875833
0.225883 9.99912E-05 0.199814 0.574203
