0.0977565 0.167818 0.734325 9.9991E-05
0.054945 9.9982E-05 0.944855 9.9982E-05
9.9982E-05 0.489607 0.510193 9.9982E-05
9.999E-05 0.153012 0.544088 0.3028
0.303484 0.696316 9.9982E-05 9.9982E-05
9.9982E-05 0.0696921 9.9982E-05 0.930108
9.9982E-05 0.89142 9.9982E-05 0.10838
9.9982E-05 0.104067 0.895733 9.9982E-05
0.270949 9.9982E-05 9.9982E-05 0.728851
0.16043 0.83937 9.9982E-05 9.9982E-05
0.0933881 0.906412 9.99821E-05 9.99821E-05
9.9982E-05 9.9982E-05 0.887509 0.112291
0.36986 0.527798 9.9991E-05 0.102242
9.999E-05 0.834373 0.0963655 0.0691616
0.489689 0.510111 9.9982E-05 9.9982E-05
0.805304 0.0469801 9.9991E-05 0.147616
9.9991E-05 0.035358 0.827432 0.13711
0.438318 0.290497 9.9991E-05 0.271085
9.9982E-05 9.9982E-05 0.0138704 0.98593
0.958948 9.99821E-05 9.99821E-05 0.0408521
0.78795 9.9991E-05 0.0935999 0.118351
0.345605 9.9991E-05 0.0169574 0.637337
0.8332 0.119331 9.9991E-05 0.0473686
0.159548 0.212801 0.486578 0.141073
9.9991E-05 0.807724 0.0466464 0.14553
0.669343 0.330457 9.9982E-05 9.9982E-05
9.9991E-05 0.336132 0.639441 0.0243274
0.109747 0.284571 9.9991E-05 0.605582
0.0603134 9.99821E-05 0.939487 9.99821E-05
9.99821E-05 9.99821E-05 0.315607 0.684193
9.998E-05 0.9997 9.998E-05 9.998E-05
9.998E-05 0.9997 9.998E-05 9.998E-05
0.0781199 0.92168 9.9982E-05 9.9982E-05
9.9982E-05 0.0741733 9.9982E-05 0.925627
9.9991E-05 0.0511223 0.808314 0.140463
0.789418 9.9982E-05 9.9982E-05 0.210382
0.07326 9.9982E-05 9.9982E-05 0.92654
0.0903908 0.0379809 0.0241086 0.84752
0.0505392 0.778653 9.9991E-05 0.170708
9.9991E-05 0.0166563 0.0767249 0.906519
9.9982E-05 9.9982E-05 0.24354 0.75626
9.9982E-05 9.9982E-05 0.917015 0.0827852
0.9997 9.998E-05 9.998E-05 9.998E-05
9.9982E-05 0.879888 0.119912 9.9982E-05
0.668364 0.331436 9.9982E-05 9.9982E-05
0.00258249 9.99821E-05 0.997218 9.99821E-05
0.657571 9.9982E-05 9.9982E-05 0.342229
0.144171 9.99821E-05 9.99821E-05 0.855629
0.734763 0.158967 0.10617 9.9991E-05
0.637057 9.9982E-05 9.9982E-05 0.362743
