9.9991E-05 0.0613059 0.751458 0.187136
9.9982E-05 0.0270799 0.97272 9.9982E-05
9.999E-05 0.00784479 0.564426 0.427629
0.305088 9.9991E-05 0.528638 0.166175
9.9982E-05 0.363987 9.9982E-05 0.635813
0.869476 9.9991E-05 0.0788141 0.0516098
0.0635848 0.0705917 9.9991E-05 0.865724
9.998E-05 9.998E-05 0.9997 9.998E-05
0.658504 0.341296 9.9982E-05 9.9982E-05
9.9982E-05 0.28223 9.9982E-05 0.71757
9.99821E-05 0.0440386 9.99821E-05 0.955761
0.119027 9.9982E-05 0.880773 9.9982E-05
0.0277055 0.402788 9.9991E-05 0.569407
0.0525986 9.9991E-05 0.072391 0.87491
9.9982E-05 0.589759 9.9982E-05 0.410042
0.103461 0.896339 9.99821E-05 9.99821E-05
0.107363 9.9982E-05 0.892437 9.9982E-05
0.292142 0.441701 9.9991E-05 0.266057
0.9997 9.998E-05 9.998E-05 9.998E-05
0.0528588 0.861932 0.0851094 9.9991E-05
0.196087 0.803713 9.9982E-05 9.9982E-05
0.609658 0.370507 0.0197353 9.9991E-05
0.0469055 0.90501 9.9991E-05 0.0479848
0.21365 0.0735424 0.458671 0.254137
0.012426 9.9991E-05 0.213039 0.774435
9.9982E-05 0.774836 9.9982E-05 0.224964
0.0865605 9.9991E-05 0.640995 0.272345
0.662205 0.152683 9.9991E-05 0.185012
9.99821E-05 0.0723329 0.927467 9.99821E-05
0.735227 9.99821E-05 0.264573 9.99821E-05
9.998E-05 9.998E-05 9.998E-05 0.9997
9.998E-05 9.998E-05 9.998E-05 0.9997
9.9982E-05 0.0076603 9.9982E-05 0.99214
0.96505 9.9982E-05 9.9982E-05 0.0347495
0.207856 9.9991E-05 0.765273 0.0267708
0.222629 0.777171 9.9982E-05 9.9982E-05
0.851135 0.148665 9.9982E-05 9.9982E-05
0.939755 9.9982E-05 9.9982E-05 0.060045
9.9991E-05 0.104073 0.163832 0.731995
0.917797 9.9991E-05 0.0701178 0.011985
0.766832 9.9982E-05 0.232968 9.9982E-05
0.183865 9.9982E-05 0.815935 9.9982E-05
9.9982E-05 0.99189 0.00791046 9.9982E-05
9.9982E-05 9.9982E-05 0.10802 0.89178
9.9982E-05 0.705216 9.9982E-05 0.294584
9.9982E-05 0.0815232 0.918277 9.9982E-05
0.297694 0.702106 9.9982E-05 9.9982E-05
0.800748 0.199052 9.99821E-05 9.99821E-05
9.9991E-05 0.749095 0.106775 0.14403
0.406395 0.593405 9.99821E-05 9.99821E-05
