9.9991E-05 0.336092 0.663808
9.999E-05 0.0558435 0.944057
9.999E-05 0.52731 0.47259
9.999E-05 0.18249 0.81741
0.194407 0.805493 9.9991E-05
0.449273 9.9991E-05 0.550627
0.0495226 0.880335 0.0701421
9.999E-05 0.0944377 0.905462
0.908255 9.9991E-05 0.0916448
0.102517 0.897383 9.9991E-05
9.999E-05 0.9998 9.999E-05
9.9991E-05 0.0336005 0.9663
0.379986 0.619914 9.9991E-05
9.9991E-05 0.867009 0.132891
0.429222 0.570678 9.9991E-05
0.842584 0.157316 9.9991E-05
9.9991E-05 0.0772037 0.922696
0.608459 0.368204 0.0233377
0.341465 9.9991E-05 0.658435
0.997095 0.00280458 9.9991E-05
0.891442 0.0925411 0.016017
0.703559 9.9991E-05 0.296341
0.786502 0.213398 9.9991E-05
0.122037 0.284394 0.593569
9.9991E-05 0.835114 0.164786
0.549768 0.450132 9.9991E-05
9.9991E-05 0.31819 0.68171
0.441915 0.236212 0.321873
9.99911E-05 0.0335321 0.966368
0.280649 9.9991E-05 0.719251
9.9991E-05 0.964824 0.0350756
9.999E-05 0.9998 9.999E-05
9.999E-05 0.9998 9.999E-05
0.479557 9.9991E-05 0.520343
9.9991E-05 0.0776386 0.922261
0.99764 0.00226043 9.9991E-05
0.552635 9.9991E-05 0.447265
0.475564 9.9991E-05 0.524336
0.0768339 0.750212 0.172954
0.461983 9.9991E-05 0.537917
0.188946 9.9991E-05 0.810954
9.999E-05 9.999E-05 0.9998
0.9998 9.999E-05 9.999E-05
9.9991E-05 0.878455 0.121445
0.49317 0.50673 9.9991E-05
9.9991E-05 0.0320385 0.967861
0.9998 9.999E-05 9.999E-05
0.761297 9.9991E-05 0.238603
0.58258 0.41732 9.9991E-05
0.896156 0.0649923 0.0388518
