0.74853 0.25137 9.9991E-05
0.9998 9.999E-05 9.999E-05
0.485254 0.514646 9.9991E-05
0.837296 0.105522 0.0571819
9.9991E-05 0.849854 0.150046
0.477229 9.9991E-05 0.522671
0.0268719 0.899361 0.0737672
0.955451 0.0444492 9.9991E-05
9.999E-05 9.999E-05 0.9998
9.999E-05 0.9998 9.999E-05
9.999E-05 0.9998 9.999E-05
0.9998 9.999E-05 9.999E-05
9.9991E-05 0.671502 0.328398
0.211782 0.788118 9.9991E-05
9.9991E-05 0.70165 0.29825
9.9991E-05 0.212985 0.786915
0.94491 0.0549903 9.9991E-05
9.9991E-05 0.474867 0.525033
0.525521 9.9991E-05 0.474379
9.9991E-05 0.208136 0.791764
9.9991E-05 0.166282 0.833618
0.209619 9.9991E-05 0.790281
9.9991E-05 0.311095 0.688805
0.550934 0.27444 0.174626
0.219063 0.780837 9.9991E-05
9.9991E-05 0.602742 0.397158
0.780411 0.219489 9.9991E-05
0.233354 0.204725 0.56192
0.9998 9.999E-05 9.999E-05
0.665541 9.9991E-05 0.334359
0.0192077 0.980692 9.9991E-05
9.999E-05 0.9998 9.999E-05
9.999E-05 0.9998 9.999E-05
0.351302 9.9991E-05 0.648598
0.914616 0.0852845 9.9991E-05
9.9991E-05 0.100982 0.898918
0.249605 9.9991E-05 0.750295
0.397043 9.9991E-05 0.602857
0.233457 0.685297 0.0812466
0.508143 9.9991E-05 0.491757
0.677448 9.9991E-05 0.322452
0.9998 9.999E-05 9.999E-05
9.9991E-05 0.180622 0.819278
0.185051 0.814849 9.9991E-05
9.9991E-05 0.662428 0.337472
0.910622 0.0892783 9.9991E-05
9.999E-05 9.999E-05 0.9998
0.116219 9.9991E-05 0.883681
9.9991E-05 0.535473 0.464427
9.9991E-05 0.184789 0.815111
