0.322955 9.994E-05 0.0101723 0.546887 0.119386 9.994E-05 9.994E-05 9.994E-05 9.994E-05 9.994E-05
9.9946E-05 9.9946E-05 0.0391843 0.809538 0.0502867 9.9946E-05 9.9946E-05 9.9946E-05 9.9946E-05 0.100392
0.551595 9.9946E-05 0.00935911 0.371008 9.9946E-05 0.0674379 9.9946E-05 9.9946E-05 9.9946E-05 9.9946E-05
9.99282E-05 0.0156914 9.99282E-05 9.99282E-05 9.99282E-05 9.99282E-05 9.99282E-05 9.99282E-05 9.99282E-05 0.983509
0.024715 9.9937E-05 9.9937E-05 9.9937E-05 9.9937E-05 9.9937E-05 9.9937E-05 0.947766 9.9937E-05 0.0268192
0.0622708 0.748853 9.99371E-05 9.99371E-05 0.188177 9.99371E-05 9.99371E-05 9.99371E-05 9.99371E-05 9.99371E-05
0.184173 9.9955E-05 9.9955E-05 9.9955E-05 0.00218014 9.9955E-05 0.188227 9.9955E-05 0.583736 0.0411844
0.0378178 9.99462E-05 9.99462E-05 0.899355 9.99462E-05 0.0224921 9.99462E-05 9.99462E-05 0.0397351 9.99462E-05
9.99201E-05 9.99201E-05 9.99201E-05 9.99201E-05 0.999101 9.99201E-05 9.99201E-05 9.99201E-05 9.99201E-05 9.99201E-05
9.9928E-05 9.9928E-05 9.9928E-05 9.9928E-05 9.9928E-05 9.9928E-05 9.9928E-05 0.702165 0.297036 9.9928E-05
9.99201E-05 9.99201E-05 9.99201E-05 9.99201E-05 9.99201E-05 9.99201E-05 9.99201E-05 9.99201E-05 0.999101 9.99201E-05
9.9937E-05 0.138666 9.9937E-05 0.812681 9.9937E-05 0.0479537 9.9937E-05 9.9937E-05 9.9937E-05 9.9937E-05
0.257077 9.9955E-05 9.9955E-05 9.9955E-05 0.185249 0.122448 0.029716 0.40501 9.9955E-05 9.9955E-05
0.638008 9.99461E-05 9.99461E-05 9.99461E-05 9.99461E-05 9.99461E-05 9.99461E-05 0.201956 0.0161468 0.14329
9.99282E-05 0.00814036 9.99282E-05 9.99282E-05 9.99282E-05 9.99282E-05 9.99282E-05 0.99106 9.99282E-05 9.99282E-05
9.99201E-05 9.99201E-05 9.99201E-05 9.99201E-05 9.99201E-05 9.99201E-05 0.999101 9.99201E-05 9.99201E-05 9.99201E-05
9.99371E-05 0.116719 9.99371E-05 0.594001 9.99371E-05 9.99371E-05 9.99371E-05 9.99371E-05 9.99371E-05 0.288581
9.9937E-05 0.140453 9.9937E-05 9.9937E-05 9.9937E-05 9.9937E-05 0.675977 9.9937E-05 0.18287 9.9937E-05
9.99201E-05 0.999101 9.99201E-05 9.99201E-05 9.99201E-05 9.99201E-05 9.99201E-05 9.99201E-05 9.99201E-05 9.99201E-05
9.99201E-05 9.99201E-05 0.999101 9.99201E-05 9.99201E-05 9.99201E-05 9.99201E-05 9.99201E-05 9.99201E-05 9.99201E-05
9.99371E-05 9.99371E-05 9.99371E-05 9.99371E-05 0.147091 0.831511 0.0206991 9.99371E-05 9.99371E-05 9.99371E-05
9.99461E-05 9.99461E-05 9.99461E-05 0.0936656 0.864808 9.99461E-05 9.99461E-05 0.00578485 0.0351419 9.99461E-05
9.99371E-05 9.99371E-05 0.0313502 9.99371E-05 9.99371E-05 9.99371E-05 0.919585 0.0483656 9.99371E-05 9.99371E-05
9.9955E-05 9.9955E-05 0.0962123 9.9955E-05 0.0588821 0.124955 9.9955E-05 9.9955E-05 0.108728 0.610724
0.85229 0.0182743 9.99461E-05 9.99461E-05 9.99461E-05 0.121838 9.99461E-05 9.99461E-05 9.99461E-05 0.00699813
9.99371E-05 9.99371E-05 0.267888 9.99371E-05 9.99371E-05 9.99371E-05 0.0264887 0.704923 9.99371E-05 9.99371E-05
0.0189966 9.99281E-05 9.99281E-05 9.99281E-05 9.99281E-05 9.99281E-05 9.99281E-05 9.99281E-05 9.99281E-05 0.980204
0.0513722 0.614355 9.99372E-05 9.99372E-05 9.99372E-05 9.99372E-05 9.99372E-05 0.333574 9.99372E-05 9.99372E-05
9.99284E-05 9.99284E-05 9.99284E-05 0.959624 9.99284E-05 9.99284E-05 0.0395767 9.99284E-05 9.99284E-05 9.99284E-05
9.99462E-05 0.77745 9.99462E-05 0.110026 9.99462E-05 9.99462E-05 0.00557418 9.99462E-05 9.99462E-05 0.10635
0.648733 9.99371E-05 9.99371E-05 0.0194653 9.99371E-05 9.99371E-05 9.99371E-05 9.99371E-05 0.331102 9.99371E-05
0.999101 9.99201E-05 9.99201E-05 9.99201E-05 9.99201E-05 9.99201E-05 9.99201E-05 9.99201E-05 9.99201E-05 9.99201E-05
0.185803 9.9937E-05 9.9937E-05 9.9937E-05 9.9937E-05 9.9937E-05 9.9937E-05 0.421052 0.392446 9.9937E-05
0.0586613 0.550154 9.9946E-05 9.9946E-05 0.346213 9.9946E-05 9.9946E-05 9.9946E-05 9.9946E-05 0.0443721
9.99371E-05 0.0636525 9.99371E-05 0.0852498 9.99371E-05 9.99371E-05 9.99371E-05 9.99371E-05 9.99371E-05 0.850398
9.9946E-05 0.0491475 0.239197 9.9946E-05 0.136221 9.9946E-05 0.574835 9.9946E-05 9.9946E-05 9.9946E-05
9.99371E-05 0.483688 9.99371E-05 9.99371E-05 0.514487 9.99371E-05 9.99371E-05 9.99371E-05 9.99371E-05 0.00112543
9.9955E-05 0.838659 0.0446044 9.9955E-05 0.069986 9.9955E-05 0.0318227 9.9955E-05 0.0144281 9.9955E-05
9.99371E-05 0.0933689 9.99371E-05 0.0402063 9.99371E-05 9.99371E-05 9.99371E-05 9.99371E-05 0.865725 9.99371E-05
9.99462E-05 0.877284 9.99462E-05 9.99462E-05 9.99462E-05 0.0740835 9.99462E-05 0.0208725 9.99462E-05 0.0271605
9.99281E-05 0.804814 9.99281E-05 0.194387 9.99281E-05 9.99281E-05 9.99281E-05 9.99281E-05 9.99281E-05 9.99281E-05
9.99281E-05 0.173437 9.99281E-05 0.825764 9.99281E-05 9.99281E-05 9.99281E-05 9.99281E-05 9.99281E-05 9.99281E-05
9.99282E-05 9.99282E-05 0.980629 9.99282E-05 9.99282E-05 9.99282E-05 9.99282E-05 0.0185715 9.99282E-05 9.99282E-05
0.967245 0.0256337 9.99371E-05 9.99371E-05 9.99371E-05 9.99371E-05 9.99371E-05 9.99371E-05 9.99371E-05 0.00642152
9.99372E-05 9.99372E-05 0.112961 9.99372E-05 9.99372E-05 0.111547 9.99372E-05 0.774792 9.99372E-05 9.99372E-05
9.99461E-05 9.99461E-05 0.0551612 0.746346 9.99461E-05 9.99461E-05 0.00108185 9.99461E-05 9.99461E-05 0.196811
9.9946E-05 9.9946E-05 0.15397 9.9946E-05 0.773507 0.0396658 0.0322571 9.9946E-05 9.9946E-05 9.9946E-05
9.99372E-05 0.77589 9.99372E-05 9.99372E-05 0.0039487 9.99372E-05 0.219462 9.99372E-05 9.99372E-05 9.99372E-05
0.00413276 9.99281E-05 9.99281E-05 9.99281E-05 9.99281E-05 0.995068 9.99281E-05 9.99281E-05 9.99281E-05 9.99281E-05
9.9946E-05 0.203201 0.0155011 9.9946E-05 9.9946E-05 0.744616 0.0360817 9.9946E-05 9.9946E-05 9.9946E-05
