0.0138242 0.263545 9.99461E-05 9.99461E-05 0.65361 9.99461E-05 9.99461E-05 9.99461E-05 0.0684212 9.99461E-05
9.99371E-05 9.99371E-05 9.99371E-05 9.99371E-05 0.912804 0.0560239 9.99371E-05 9.99371E-05 9.99371E-05 0.0304726
9.99371E-05 0.575843 9.99371E-05 0.00939353 0.414064 9.99371E-05 9.99371E-05 9.99371E-05 9.99371E-05 9.99371E-05
0.0190271 9.99372E-05 9.99372E-05 9.99372E-05 9.99372E-05 0.963042 9.99372E-05 9.99372E-05 9.99372E-05 0.0172312
9.9946E-05 0.159246 9.9946E-05 9.9946E-05 9.9946E-05 0.00691299 9.9946E-05 0.0061471 0.827094 9.9946E-05
9.99461E-05 0.0381883 9.99461E-05 9.99461E-05 0.0361723 9.99461E-05 9.99461E-05 9.99461E-05 0.0047399 0.9203
9.99371E-05 9.99371E-05 9.99371E-05 9.99371E-05 9.99371E-05 0.0146965 9.99371E-05 0.954612 9.99371E-05 0.0299923
9.99371E-05 9.99371E-05 0.080973 9.99371E-05 0.894407 9.99371E-05 0.0239208 9.99371E-05 9.99371E-05 9.99371E-05
0.445159 9.99372E-05 9.99372E-05 0.0147461 9.99372E-05 9.99372E-05 9.99372E-05 9.99372E-05 9.99372E-05 0.539396
9.9937E-05 9.9937E-05 0.205743 9.9937E-05 9.9937E-05 9.9937E-05 9.9937E-05 0.49675 0.296808 9.9937E-05
9.99201E-05 9.99201E-05 0.999101 9.99201E-05 9.99201E-05 9.99201E-05 9.99201E-05 9.99201E-05 9.99201E-05 9.99201E-05
9.99461E-05 9.99461E-05 0.0101141 9.99461E-05 0.842688 9.99461E-05 0.0787156 9.99461E-05 9.99461E-05 0.0678827
0.260409 0.0253606 0.0474571 9.99731E-05 0.0569313 9.99731E-05 0.0102086 0.304681 0.294653 9.99731E-05
9.99462E-05 0.572301 9.99462E-05 9.99462E-05 9.99462E-05 0.218164 9.99462E-05 0.12928 0.0796553 9.99462E-05
9.99201E-05 9.99201E-05 9.99201E-05 9.99201E-05 9.99201E-05 9.99201E-05 9.99201E-05 9.99201E-05 0.999101 9.99201E-05
0.999101 9.99201E-05 9.99201E-05 9.99201E-05 9.99201E-05 9.99201E-05 9.99201E-05 9.99201E-05 9.99201E-05 9.99201E-05
9.9937E-05 9.9937E-05 9.9937E-05 9.9937E-05 0.487891 0.24616 0.26525 9.9937E-05 9.9937E-05 9.9937E-05
0.523952 9.9964E-05 0.280656 9.9964E-05 0.00807782 9.9964E-05 9.9964E-05 0.0395156 0.00644482 0.140953
9.99281E-05 9.99281E-05 9.99281E-05 9.99281E-05 0.0320206 9.99281E-05 9.99281E-05 9.99281E-05 9.99281E-05 0.96718
9.99201E-05 9.99201E-05 9.99201E-05 0.999101 9.99201E-05 9.99201E-05 9.99201E-05 9.99201E-05 9.99201E-05 9.99201E-05
9.993E-05 9.993E-05 9.993E-05 0.908552 0.0308672 9.993E-05 9.993E-05 0.0598811 9.993E-05 9.993E-05
0.463456 9.99281E-05 9.99281E-05 9.99281E-05 9.99281E-05 9.99281E-05 0.535744 9.99281E-05 9.99281E-05 9.99281E-05
0.791406 9.99371E-05 9.99371E-05 9.99371E-05 9.99371E-05 0.00493711 9.99371E-05 9.99371E-05 0.202957 9.99371E-05
9.9937E-05 9.9937E-05 0.111021 0.145964 9.9937E-05 0.742316 9.9937E-05 9.9937E-05 9.9937E-05 9.9937E-05
9.99281E-05 0.896527 9.99281E-05 9.99281E-05 9.99281E-05 9.99281E-05 0.102674 9.99281E-05 9.99281E-05 9.99281E-05
0.14815 9.99281E-05 9.99281E-05 9.99281E-05 9.99281E-05 9.99281E-05 9.99281E-05 9.99281E-05 0.85105 9.99281E-05
9.99201E-05 9.99201E-05 9.99201E-05 9.99201E-05 9.99201E-05 0.999101 9.99201E-05 9.99201E-05 9.99201E-05 9.99201E-05
9.99371E-05 9.99371E-05 9.99371E-05 9.99371E-05 9.99371E-05 9.99371E-05 0.897226 0.0888599 0.0132148 9.99371E-05
9.99201E-05 9.99201E-05 9.99201E-05 9.99201E-05 0.999101 9.99201E-05 9.99201E-05 9.99201E-05 9.99201E-05 9.99201E-05
9.99201E-05 9.99201E-05 9.99201E-05 9.99201E-05 9.99201E-05 9.99201E-05 0.999101 9.99201E-05 9.99201E-05 9.99201E-05
0.00799982 0.790566 0.0394564 9.99461E-05 9.99461E-05 9.99461E-05 9.99461E-05 0.161378 9.99461E-05 9.99461E-05
9.99281E-05 0.926568 9.99281E-05 9.99281E-05 9.99281E-05 9.99281E-05 9.99281E-05 0.0726324 9.99281E-05 9.99281E-05
9.99281E-05 9.99281E-05 9.99281E-05 9.99281E-05 9.99281E-05 9.99281E-05 9.99281E-05 0.998775 0.000425137 9.99281E-05
9.99371E-05 0.0726283 9.99371E-05 9.99371E-05 9.99371E-05 9.99371E-05 9.99371E-05 0.0330937 9.99371E-05 0.893578
9.9937E-05 9.9937E-05 9.9937E-05 9.9937E-05 0.075153 0.68444 0.239708 9.9937E-05 9.9937E-05 9.9937E-05
0.999101 9.99201E-05 9.99201E-05 9.99201E-05 9.99201E-05 9.99201E-05 9.99201E-05 9.99201E-05 9.99201E-05 9.99201E-05
0.0342534 9.9946E-05 9.9946E-05 0.138639 9.9946E-05 9.9946E-05 0.238594 9.9946E-05 9.9946E-05 0.587914
0.00979977 9.99461E-05 0.0450807 9.99461E-05 9.99461E-05 9.99461E-05 0.211108 9.99461E-05 9.99461E-05 0.733412
9.99371E-05 9.99371E-05 0.912721 9.99371E-05 0.0203017 9.99371E-05 9.99371E-05 9.99371E-05 9.99371E-05 0.0662777
9.99462E-05 9.99462E-05 9.99462E-05 0.0136338 9.99462E-05 0.190841 0.00755071 9.99462E-05 9.99462E-05 0.787374
9.99369E-05 9.99369E-05 9.99369E-05 9.99369E-05 0.149992 9.99369E-05 0.396461 9.99369E-05 9.99369E-05 0.452847
9.99281E-05 9.99281E-05 9.99281E-05 9.99281E-05 0.620106 9.99281E-05 0.379095 9.99281E-05 9.99281E-05 9.99281E-05
9.99282E-05 9.99282E-05 9.99282E-05 0.885055 9.99282E-05 9.99282E-05 9.99282E-05 9.99282E-05 0.114146 9.99282E-05
9.99201E-05 0.999101 9.99201E-05 9.99201E-05 9.99201E-05 9.99201E-05 9.99201E-05 9.99201E-05 9.99201E-05 9.99201E-05
9.99282E-05 9.99282E-05 9.99282E-05 0.0495695 9.99282E-05 9.99282E-05 9.99282E-05 9.99282E-05 0.949631 9.99282E-05
0.00308321 9.99551E-05 9.99551E-05 9.99551E-05 0.857699 0.0962482 0.020687 0.0217832 9.99551E-05 9.99551E-05
0.513829 9.99371E-05 9.99371E-05 0.307929 9.99371E-05 9.99371E-05 9.99371E-05 9.99371E-05 9.99371E-05 0.177542
0.164472 9.99283E-05 9.99283E-05 9.99283E-05 9.99283E-05 9.99283E-05 9.99283E-05 9.99283E-05 9.99283E-05 0.834729
9.99641E-05 9.99641E-05 0.0910689 0.419384 0.0250136 0.0302573 9.99641E-05 0.0133573 0.420519 9.99641E-05
9.99371E-05 9.99371E-05 9.99371E-05 0.748198 9.99371E-05 9.99371E-05 9.99371E-05 0.0875673 9.99371E-05 0.163535
