9.99731E-05 0.728788 9.99731E-05 9.99731E-05 0.213021 0.0578913
9.9964E-05 0.857853 9.9964E-05 0.141747 9.9964E-05 9.9964E-05
9.9973E-05 0.342062 9.9973E-05 9.9973E-05 0.6321 0.0255373
9.996E-05 9.996E-05 0.0959264 0.903674 9.996E-05 9.996E-05
0.948812 9.9964E-05 9.9964E-05 0.0507883 9.9964E-05 9.9964E-05
9.99641E-05 9.99641E-05 0.900941 9.99641E-05 0.0986596 9.99641E-05
0.305778 9.999E-05 0.0154409 0.119305 0.470618 0.0887586
9.9982E-05 0.721322 9.9982E-05 0.111671 0.140343 0.0264641
9.996E-05 9.996E-05 0.461742 9.996E-05 9.996E-05 0.537858
0.9995 9.996E-05 9.996E-05 9.996E-05 9.996E-05 9.996E-05
0.595341 9.99641E-05 9.99641E-05 9.99641E-05 0.404259 9.99641E-05
9.997E-05 0.888825 0.0530502 0.0578251 9.997E-05 9.997E-05
0.645598 0.0173076 0.0200934 0.0523131 0.0648372 0.199851
0.199824 9.99731E-05 9.99731E-05 0.266561 0.533316 9.99731E-05
0.886635 9.99731E-05 0.0704755 9.99731E-05 9.99731E-05 0.0425892
9.996E-05 9.996E-05 9.996E-05 9.996E-05 0.0788438 0.920756
9.997E-05 0.730095 0.0189433 0.250662 9.997E-05 9.997E-05
0.365999 9.9982E-05 0.220092 9.9982E-05 0.125641 0.288068
9.996E-05 9.996E-05 0.9995 9.996E-05 9.996E-05 9.996E-05
9.99641E-05 9.99641E-05 9.99641E-05 0.0601104 9.99641E-05 0.93949
0.115699 9.9982E-05 0.123579 0.0362989 9.9982E-05 0.724223
0.0156461 0.108959 0.495189 9.99821E-05 9.99821E-05 0.380005
0.216599 9.9964E-05 9.9964E-05 9.9964E-05 9.9964E-05 0.783001
9.998E-05 0.0142062 9.998E-05 0.68654 0.0506769 0.248377
9.99641E-05 9.99641E-05 0.0643571 9.99641E-05 0.935243 9.99641E-05
0.757786 9.9964E-05 9.9964E-05 9.9964E-05 9.9964E-05 0.241814
9.996E-05 9.996E-05 9.996E-05 0.9995 9.996E-05 9.996E-05
0.33302 9.99821E-05 0.595271 0.0137079 9.99821E-05 0.0578013
9.996E-05 0.9995 9.996E-05 9.996E-05 9.996E-05 9.996E-05
9.99821E-05 0.167708 0.474177 0.290399 9.99821E-05 0.0675166
9.996E-05 9.996E-05 9.996E-05 9.996E-05 0.9995 9.996E-05
9.996E-05 9.996E-05 9.996E-05 9.996E-05 0.9995 9.996E-05
0.679268 9.9964E-05 9.9964E-05 9.9964E-05 0.320332 9.9964E-05
9.9973E-05 9.9973E-05 0.837807 9.9973E-05 0.104992 0.0569011
9.9964E-05 0.118876 9.9964E-05 0.880724 9.9964E-05 9.9964E-05
9.9964E-05 0.0191765 9.9964E-05 9.9964E-05 9.9964E-05 0.980424
9.996E-05 9.996E-05 0.865739 9.996E-05 9.996E-05 0.133861
0.0574796 0.00282325 0.937985 9.9982E-05 9.9982E-05 0.00151172
0.352044 0.177712 0.0976093 9.999E-05 0.366331 0.00620439
9.99641E-05 9.99641E-05 0.739262 0.260338 9.99641E-05 9.99641E-05
9.996E-05 0.251352 0.748248 9.996E-05 9.996E-05 9.996E-05
9.99641E-05 0.888452 0.111148 9.99641E-05 9.99641E-05 9.99641E-05
0.183433 9.99731E-05 9.99731E-05 0.0350249 9.99731E-05 0.781243
9.996E-05 9.996E-05 9.996E-05 9.996E-05 0.9995 9.996E-05
0.815031 9.99641E-05 9.99641E-05 9.99641E-05 9.99641E-05 0.184569
9.998E-05 0.863553 9.998E-05 0.0806941 0.0326697 0.0228834
9.9964E-05 9.9964E-05 0.223899 9.9964E-05 9.9964E-05 0.775701
9.99641E-05 9.99641E-05 0.784662 9.99641E-05 9.99641E-05 0.214938
0.444073 9.99731E-05 9.99731E-05 0.153492 9.99731E-05 0.402135
0.0736562 0.00280169 0.214298 0.00718369 0.0434414 0.658619
