9.99731E-05 0.20771 9.99731E-05 0.671129 9.99731E-05 0.120861
9.99641E-05 9.99641E-05 9.99641E-05 0.912177 9.99641E-05 0.0874231
9.997E-05 0.588652 9.997E-05 0.373295 9.997E-05 0.037753
0.0100386 0.197264 0.399305 0.393192 9.99821E-05 9.99821E-05
0.774963 0.224638 9.9964E-05 9.9964E-05 9.9964E-05 9.9964E-05
9.9982E-05 0.0787625 0.904382 9.9982E-05 0.0154277 0.00122739
9.9973E-05 0.366182 9.9973E-05 9.9973E-05 0.589765 0.0437531
9.99641E-05 9.99641E-05 9.99641E-05 0.915637 0.083963 9.99641E-05
9.99641E-05 9.99641E-05 0.578947 9.99641E-05 9.99641E-05 0.420653
0.569358 9.9964E-05 9.9964E-05 9.9964E-05 0.430243 9.9964E-05
9.996E-05 9.996E-05 9.996E-05 9.996E-05 0.9995 9.996E-05
9.9964E-05 9.9964E-05 0.1556 0.844 9.9964E-05 9.9964E-05
0.547111 0.219986 0.00678296 0.0192461 9.9991E-05 0.206774
0.00505868 0.932114 0.0620902 9.99821E-05 9.99821E-05 0.000536726
0.9995 9.996E-05 9.996E-05 9.996E-05 9.996E-05 9.996E-05
9.99641E-05 0.0815544 9.99641E-05 9.99641E-05 9.99641E-05 0.918046
0.0330742 9.9973E-05 0.104333 0.862293 9.9973E-05 9.9973E-05
0.116506 9.9982E-05 0.182466 9.9982E-05 0.321238 0.379589
9.9964E-05 9.9964E-05 0.98812 0.0114797 9.9964E-05 9.9964E-05
0.041052 9.99641E-05 9.99641E-05 9.99641E-05 9.99641E-05 0.958548
0.137138 9.9982E-05 0.0265317 0.0911401 9.9982E-05 0.74499
9.99731E-05 9.99731E-05 0.320448 0.195458 9.99731E-05 0.483794
0.292358 9.99641E-05 9.99641E-05 9.99641E-05 9.99641E-05 0.707242
9.999E-05 0.109475 0.153592 0.3888 0.239201 0.108832
9.9973E-05 0.925679 0.0477315 9.9973E-05 9.9973E-05 0.0262899
0.710368 9.9964E-05 9.9964E-05 9.9964E-05 9.9964E-05 0.289232
9.99731E-05 0.387471 0.142505 0.469724 9.99731E-05 9.99731E-05
0.259707 0.158393 0.551064 9.99821E-05 9.99821E-05 0.0306358
9.99642E-05 9.99642E-05 9.99642E-05 0.936575 9.99642E-05 0.0630253
9.99641E-05 9.99641E-05 0.7171 0.2825 9.99641E-05 9.99641E-05
9.99641E-05 0.93303 9.99641E-05 9.99641E-05 0.0665699 9.99641E-05
9.996E-05 0.9995 9.996E-05 9.996E-05 9.996E-05 9.996E-05
0.315691 0.290795 9.9973E-05 9.9973E-05 0.393214 9.9973E-05
0.0542133 0.0821624 0.855468 9.9982E-05 0.0079562 9.9982E-05
9.9973E-05 0.101149 0.209022 0.689529 9.9973E-05 9.9973E-05
9.9964E-05 0.00335555 9.9964E-05 9.9964E-05 9.9964E-05 0.996245
9.99641E-05 9.99641E-05 0.821032 9.99641E-05 9.99641E-05 0.178568
9.9982E-05 0.0759238 0.880507 9.9982E-05 0.0163227 0.0270461
9.9964E-05 9.9964E-05 0.0423063 9.9964E-05 0.957294 9.9964E-05
0.0361225 9.99821E-05 0.872573 0.0854834 0.00562135 9.99821E-05
9.9964E-05 9.9964E-05 0.830476 0.169124 9.9964E-05 9.9964E-05
9.99641E-05 9.99641E-05 0.259543 0.740057 9.99641E-05 9.99641E-05
0.224845 9.99641E-05 9.99641E-05 9.99641E-05 9.99641E-05 0.774756
9.9964E-05 0.997433 0.00216728 9.9964E-05 9.9964E-05 9.9964E-05
0.977946 9.99641E-05 9.99641E-05 9.99641E-05 9.99641E-05 0.0216545
9.99731E-05 9.99731E-05 9.99731E-05 0.952962 0.01035 0.0363881
9.99641E-05 9.99641E-05 0.134307 9.99641E-05 9.99641E-05 0.865294
9.99641E-05 9.99641E-05 0.716855 9.99641E-05 9.99641E-05 0.282745
0.696557 9.99731E-05 9.99731E-05 0.136415 9.99731E-05 0.166728
9.99731E-05 9.99731E-05 0.253376 9.99731E-05 0.0541161 0.692208
