0.505123 9.99294E-05 0.494078 9.99294E-05 9.99294E-05 9.99294E-05 9.99294E-05 9.99294E-05 9.99294E-05 9.99294E-05
9.99561E-05 0.182027 0.507606 9.99561E-05 9.99561E-05 0.0995642 9.99561E-05 9.99561E-05 0.188435 0.0218674
9.99471E-05 9.99471E-05 0.0691707 9.99471E-05 9.99471E-05 9.99471E-05 0.714447 0.0262395 0.189543 9.99471E-05
0.809337 0.11627 0.0204055 9.99473E-05 9.99473E-05 9.99473E-05 9.99473E-05 0.0533882 9.99473E-05 9.99473E-05
0.962672 9.99298E-05 9.99298E-05 9.99298E-05 9.99298E-05 9.99298E-05 0.0365285 9.99298E-05 9.99298E-05 9.99298E-05
0.357806 9.9956E-05 0.133575 0.211326 9.9956E-05 9.9956E-05 9.9956E-05 0.040841 9.9956E-05 0.255952
0.0184544 0.0179712 0.146869 9.99649E-05 0.753649 9.99649E-05 0.0318563 9.99649E-05 0.0308 9.99649E-05
9.99475E-05 9.99475E-05 0.230144 9.99475E-05 9.99475E-05 0.225222 9.99475E-05 0.162375 0.381659 9.99475E-05
9.99293E-05 9.99293E-05 9.99293E-05 9.99293E-05 9.99293E-05 9.99293E-05 0.540813 0.458387 9.99293E-05 9.99293E-05
0.273956 9.99472E-05 9.99472E-05 9.99472E-05 9.99472E-05 9.99472E-05 0.251287 9.99472E-05 0.186987 0.28717
0.0680739 9.99558E-05 9.99558E-05 9.99558E-05 0.111053 0.210627 9.99558E-05 0.222147 0.387599 9.99558E-05
0.0710483 9.99559E-05 9.99559E-05 0.287769 0.336196 0.269956 9.99559E-05 9.99559E-05 0.0345311 9.99559E-05
9.99473E-05 9.99473E-05 0.361067 9.99473E-05 0.00206231 9.99473E-05 0.463979 0.172291 9.99473E-05 9.99473E-05
0.318239 9.99294E-05 9.99294E-05 9.99294E-05 0.680962 9.99294E-05 9.99294E-05 9.99294E-05 9.99294E-05 9.99294E-05
0.106033 9.99647E-05 0.0894986 0.145889 9.99647E-05 0.186049 0.426604 9.99647E-05 0.0455266 9.99647E-05
0.0188993 0.0355175 9.99558E-05 9.99558E-05 9.99558E-05 9.99558E-05 0.704035 0.237779 0.00326914 9.99558E-05
9.99647E-05 0.462961 0.113359 9.99647E-05 0.0276206 9.99647E-05 0.161774 0.175569 0.0583163 9.99647E-05
0.00653227 9.99563E-05 0.501268 9.99563E-05 0.144738 9.99563E-05 0.152688 0.194273 9.99563E-05 9.99563E-05
0.204856 9.99648E-05 0.107841 9.99648E-05 9.99648E-05 0.0257219 0.0508778 0.329067 0.281237 9.99648E-05
9.99384E-05 0.715716 0.00159092 9.99384E-05 9.99384E-05 9.99384E-05 0.281993 9.99384E-05 9.99384E-05 9.99384E-05
0.142587 0.171959 9.99475E-05 9.99475E-05 9.99475E-05 9.99475E-05 9.99475E-05 0.663962 9.99475E-05 0.0208919
9.99563E-05 0.0076301 0.160319 9.99563E-05 9.99563E-05 9.99563E-05 0.52456 0.276254 9.99563E-05 0.0307375
0.163856 0.0611623 0.515406 9.99563E-05 9.99563E-05 0.223653 9.99563E-05 9.99563E-05 0.0354234 9.99563E-05
9.99387E-05 9.99387E-05 0.0181573 9.99387E-05 0.236673 9.99387E-05 9.99387E-05 9.99387E-05 0.744471 9.99387E-05
9.99387E-05 0.142771 0.213394 9.99387E-05 9.99387E-05 9.99387E-05 0.643136 9.99387E-05 9.99387E-05 9.99387E-05
9.99561E-05 0.424886 0.0148425 0.0660203 9.99561E-05 0.471094 9.99561E-05 0.0226567 9.99561E-05 9.99561E-05
9.99392E-05 9.99392E-05 0.55985 0.394322 0.0451281 9.99392E-05 9.99392E-05 9.99392E-05 9.99392E-05 9.99392E-05
0.0946809 9.99561E-05 9.99561E-05 0.0304703 9.99561E-05 9.99561E-05 0.480902 0.0310342 0.362413 9.99561E-05
9.99387E-05 9.99387E-05 9.99387E-05 0.0678049 0.208756 9.99387E-05 0.72274 9.99387E-05 9.99387E-05 9.99387E-05
0.022715 9.99471E-05 9.99471E-05 9.99471E-05 0.337967 0.0591348 0.579584 9.99471E-05 9.99471E-05 9.99471E-05
9.99384E-05 9.99384E-05 9.99384E-05 9.99384E-05 0.304061 0.105278 0.589962 9.99384E-05 9.99384E-05 9.99384E-05
9.9947E-05 9.9947E-05 9.9947E-05 0.165219 9.9947E-05 0.0605548 0.602896 9.9947E-05 0.170731 9.9947E-05
9.99477E-05 9.99477E-05 0.0923363 9.99477E-05 9.99477E-05 9.99477E-05 0.678693 0.145084 0.0832865 9.99477E-05
9.99297E-05 9.99297E-05 9.99297E-05 9.99297E-05 0.356824 9.99297E-05 0.642376 9.99297E-05 9.99297E-05 9.99297E-05
0.297762 9.9947E-05 9.9947E-05 9.9947E-05 0.224048 9.9947E-05 9.9947E-05 0.00796924 0.469621 9.9947E-05
9.99296E-05 9.99296E-05 9.99296E-05 0.731563 9.99296E-05 9.99296E-05 9.99296E-05 9.99296E-05 9.99296E-05 0.267637
9.99294E-05 9.99294E-05 9.99294E-05 9.99294E-05 9.99294E-05 9.99294E-05 9.99294E-05 0.239208 0.759993 9.99294E-05
0.321624 0.0294123 0.31261 9.99647E-05 9.99647E-05 0.0537574 0.0670406 9.99647E-05 0.215156 9.99647E-05
9.99473E-05 0.131693 0.227364 9.99473E-05 9.99473E-05 0.0638085 9.99473E-05 9.99473E-05 0.576535 9.99473E-05
9.99389E-05 9.99389E-05 9.99389E-05 9.99389E-05 9.99389E-05 9.99389E-05 0.0895704 0.498834 0.410896 9.99389E-05
9.99383E-05 9.99383E-05 9.99383E-05 9.99383E-05 0.116976 9.99383E-05 0.328074 0.55425 9.99383E-05 9.99383E-05
9.99391E-05 0.392831 9.99391E-05 9.99391E-05 0.286078 9.99391E-05 0.320392 9.99391E-05 9.99391E-05 9.99391E-05
9.99294E-05 9.99294E-05 9.99294E-05 9.99294E-05 0.11962 9.99294E-05 9.99294E-05 9.99294E-05 0.87958 9.99294E-05
9.9956E-05 9.9956E-05 9.9956E-05 0.244534 0.108592 0.0754478 0.169813 9.9956E-05 0.401114 9.9956E-05
0.214875 9.99474E-05 0.437098 9.99474E-05 9.99474E-05 9.99474E-05 9.99474E-05 0.0328071 9.99474E-05 0.31462
0.15943 0.278855 9.99476E-05 0.51738 9.99476E-05 0.0437345 9.99476E-05 9.99476E-05 9.99476E-05 9.99476E-05
9.99473E-05 0.848067 9.99473E-05 9.99473E-05 0.0180988 0.0853939 9.99473E-05 0.0478405 9.99473E-05 9.99473E-05
9.99735E-05 0.0162861 0.241568 9.99735E-05 9.99735E-05 0.33873 0.0741559 0.123905 0.16183 0.0432253
9.99383E-05 9.99383E-05 9.99383E-05 0.0262274 9.99383E-05 9.99383E-05 0.588095 9.99383E-05 0.384978 9.99383E-05
0.584974 9.99294E-05 9.99294E-05 9.99294E-05 9.99294E-05 0.414227 9.99294E-05 9.99294E-05 9.99294E-05 9.99294E-05
0.560661 9.9947E-05 0.153883 0.0798177 9.9947E-05 9.9947E-05 9.9947E-05 9.9947E-05 9.9947E-05 0.205038
9.99472E-05 0.79698 9.99472E-05 9.99472E-05 9.99472E-05 9.99472E-05 9.99472E-05 0.0372524 0.0112363 0.153931
0.00979463 9.99649E-05 9.99649E-05 0.114376 9.99649E-05 9.99649E-05 0.228331 0.33284 0.254704 0.0595534
9.99472E-05 9.99472E-05 9.99472E-05 0.0159187 0.171851 9.99472E-05 0.764137 9.99472E-05 9.99472E-05 0.047494
9.99387E-05 9.99387E-05 9.99387E-05 9.99387E-05 0.00510612 9.99387E-05 0.928934 0.0652605 9.99387E-05 9.99387E-05
9.99384E-05 9.99384E-05 9.99384E-05 9.99384E-05 9.99384E-05 0.521652 9.99384E-05 9.99384E-05 0.41774 0.0599086
9.99302E-05 0.576567 9.99302E-05 9.99302E-05 9.99302E-05 0.422633 9.99302E-05 9.99302E-05 9.99302E-05 9.99302E-05
0.189686 9.99383E-05 9.99383E-05 9.99383E-05 9.99383E-05 9.99383E-05 0.655776 0.153839 9.99383E-05 9.99383E-05
9.99472E-05 0.578144 9.99472E-05 9.99472E-05 0.0185593 9.99472E-05 9.99472E-05 9.99472E-05 0.115156 0.287541
0.397414 0.242422 9.9947E-05 9.9947E-05 9.9947E-05 9.9947E-05 0.0650215 9.9947E-05 0.294542 9.9947E-05
0.241554 9.99473E-05 9.99473E-05 9.99473E-05 9.99473E-05 9.99473E-05 9.99473E-05 0.0964504 0.124286 0.53711
0.1432 0.337291 9.99476E-05 9.99476E-05 9.99476E-05 0.257289 9.99476E-05 9.99476E-05 0.26162 9.99476E-05
0.0126357 9.99559E-05 9.99559E-05 9.99559E-05 0.247274 0.0653765 0.409158 0.265057 9.99559E-05 9.99559E-05
9.994E-05 0.398621 9.994E-05 9.994E-05 9.994E-05 0.0641603 0.293333 9.994E-05 0.243287 9.994E-05
9.99471E-05 9.99471E-05 9.99471E-05 9.99471E-05 9.99471E-05 0.15178 0.534033 0.0731592 0.240428 9.99471E-05
0.363937 9.99295E-05 9.99295E-05 9.99295E-05 9.99295E-05 9.99295E-05 9.99295E-05 9.99295E-05 0.635264 9.99295E-05
9.99473E-05 0.313028 9.99473E-05 0.00185033 9.99473E-05 9.99473E-05 9.99473E-05 0.0421178 0.642405 9.99473E-05
0.314873 9.99387E-05 0.421004 9.99387E-05 9.99387E-05 0.263424 9.99387E-05 9.99387E-05 9.99387E-05 9.99387E-05
9.99382E-05 0.458637 9.99382E-05 9.99382E-05 9.99382E-05 9.99382E-05 0.385458 0.155206 9.99382E-05 9.99382E-05
9.99561E-05 0.113026 9.99561E-05 9.99561E-05 0.0546083 0.469871 9.99561E-05 0.337285 0.02471 9.99561E-05
9.9938E-05 0.214492 9.9938E-05 9.9938E-05 9.9938E-05 0.35885 9.9938E-05 0.425959 9.9938E-05 9.9938E-05
9.99473E-05 9.99473E-05 0.0851636 9.99473E-05 0.00402644 0.0191145 9.99473E-05 9.99473E-05 9.99473E-05 0.891096
9.9947E-05 0.405343 0.0470362 9.9947E-05 0.0471283 9.9947E-05 0.499893 9.9947E-05 9.9947E-05 9.9947E-05
9.99383E-05 9.99383E-05 0.143015 9.99383E-05 9.99383E-05 0.247216 9.99383E-05 9.99383E-05 9.99383E-05 0.609069
0.245699 9.99386E-05 0.286356 9.99386E-05 9.99386E-05 9.99386E-05 0.467245 9.99386E-05 9.99386E-05 9.99386E-05
0.58086 9.99475E-05 0.194257 9.99475E-05 0.123026 9.99475E-05 9.99475E-05 9.99475E-05 0.101257 9.99475E-05
0.269718 9.99648E-05 9.99648E-05 0.0629743 0.109509 0.021537 9.99648E-05 0.0265458 9.99648E-05 0.509317
9.99559E-05 9.99559E-05 9.99559E-05 9.99559E-05 0.299445 0.0121988 0.0353926 0.229808 0.422656 9.99559E-05
9.99388E-05 9.99388E-05 9.99388E-05 9.99388E-05 9.99388E-05 0.0122159 0.425273 9.99388E-05 0.561812 9.99388E-05
0.201548 9.99475E-05 9.99475E-05 9.99475E-05 0.0594718 9.99475E-05 0.61007 9.99475E-05 0.12831 9.99475E-05
9.99385E-05 9.99385E-05 9.99385E-05 9.99385E-05 0.792117 9.99385E-05 9.99385E-05 0.00889347 0.19829 9.99385E-05
9.99297E-05 9.99297E-05 0.259673 9.99297E-05 9.99297E-05 9.99297E-05 9.99297E-05 9.99297E-05 9.99297E-05 0.739527
0.135916 9.99735E-05 9.99735E-05 9.99735E-05 0.0926117 0.0453915 0.243462 0.124956 0.235371 0.121992
9.9939E-05 0.0430517 9.9939E-05 9.9939E-05 9.9939E-05 9.9939E-05 0.635751 9.9939E-05 0.320498 9.9939E-05
9.99563E-05 0.0664602 9.99563E-05 0.200813 9.99563E-05 9.99563E-05 0.241902 0.320669 9.99563E-05 0.169656
0.127345 9.9956E-05 9.9956E-05 0.531604 9.9956E-05 0.136286 0.0886996 0.115566 9.9956E-05 9.9956E-05
0.00941159 9.99472E-05 9.99472E-05 9.99472E-05 9.99472E-05 9.99472E-05 9.99472E-05 0.409824 0.2415 0.338665
0.447185 9.99381E-05 9.99381E-05 9.99381E-05 9.99381E-05 9.99381E-05 0.354339 9.99381E-05 9.99381E-05 0.197777
9.99388E-05 0.26238 9.99388E-05 0.38641 9.99388E-05 9.99388E-05 9.99388E-05 9.99388E-05 9.99388E-05 0.350511
0.0869631 9.99649E-05 0.0813723 0.419356 0.0585601 9.99649E-05 9.99649E-05 0.347275 0.006073 9.99649E-05
0.735539 9.99387E-05 9.99387E-05 0.19232 9.99387E-05 9.99387E-05 0.071441 9.99387E-05 9.99387E-05 9.99387E-05
9.99469E-05 0.316516 9.99469E-05 0.0890695 9.99469E-05 9.99469E-05 0.209302 9.99469E-05 9.99469E-05 0.384513
9.99385E-05 0.265334 9.99385E-05 9.99385E-05 0.42884 9.99385E-05 9.99385E-05 9.99385E-05 9.99385E-05 0.305127
9.99387E-05 0.642678 9.99387E-05 0.203345 9.99387E-05 9.99387E-05 0.153278 9.99387E-05 9.99387E-05 9.99387E-05
9.99383E-05 9.99383E-05 9.99383E-05 9.99383E-05 9.99383E-05 9.99383E-05 0.480084 0.462601 0.0566164 9.99383E-05
9.99215E-05 9.99215E-05 9.99215E-05 9.99215E-05 9.99215E-05 9.99215E-05 9.99215E-05 9.99215E-05 0.999101 9.99215E-05
9.9921E-05 9.9921E-05 9.9921E-05 9.9921E-05 9.9921E-05 9.9921E-05 9.9921E-05 9.9921E-05 0.999101 9.9921E-05
9.99296E-05 9.99296E-05 9.99296E-05 0.722426 9.99296E-05 9.99296E-05 9.99296E-05 9.99296E-05 0.276775 9.99296E-05
9.99474E-05 9.99474E-05 9.99474E-05 9.99474E-05 0.380989 9.99474E-05 9.99474E-05 0.038687 0.570086 0.00963865
9.99389E-05 0.0153344 9.99389E-05 9.99389E-05 9.99389E-05 0.383756 9.99389E-05 9.99389E-05 9.99389E-05 0.60021
9.99383E-05 0.325845 0.103577 9.99383E-05 9.99383E-05 9.99383E-05 9.99383E-05 0.569879 9.99383E-05 9.99383E-05
9.99383E-05 9.99383E-05 9.99383E-05 0.308856 9.99383E-05 9.99383E-05 9.99383E-05 0.476805 0.21364 9.99383E-05
0.00471204 9.99383E-05 9.99383E-05 9.99383E-05 9.99383E-05 9.99383E-05 0.884623 9.99383E-05 0.109966 9.99383E-05
0.0549187 0.0398554 9.99471E-05 9.99471E-05 9.99471E-05 9.99471E-05 0.878605 9.99471E-05 0.0260216 9.99471E-05
9.9947E-05 0.160702 9.9947E-05 9.9947E-05 9.9947E-05 9.9947E-05 0.380867 9.9947E-05 0.285548 0.172283
0.19417 9.99647E-05 9.99647E-05 9.99647E-05 0.385201 0.0708673 9.99647E-05 0.11197 0.0326944 0.204697
0.144171 0.0438932 0.345368 0.151309 9.99647E-05 9.99647E-05 0.285661 9.99647E-05 9.99647E-05 0.0291979
9.99469E-05 9.99469E-05 9.99469E-05 9.99469E-05 9.99469E-05 0.0394824 0.0256322 0.101699 0.832586 9.99469E-05
9.99293E-05 9.99293E-05 9.99293E-05 9.99293E-05 9.99293E-05 9.99293E-05 0.152327 9.99293E-05 0.846873 9.99293E-05
0.432424 9.99385E-05 0.0914174 9.99385E-05 9.99385E-05 9.99385E-05 9.99385E-05 9.99385E-05 0.475459 9.99385E-05
9.99469E-05 9.99469E-05 9.99469E-05 0.0795763 9.99469E-05 9.99469E-05 0.321801 9.99469E-05 0.135186 0.462836
0.260536 9.99648E-05 9.99648E-05 0.100484 0.132577 0.0825784 9.99648E-05 9.99648E-05 0.00441009 0.419014
9.99648E-05 9.99648E-05 0.0733366 9.99648E-05 9.99648E-05 0.210728 0.0285704 0.339966 0.255987 0.0910123
9.99647E-05 0.0756168 9.99647E-05 0.130264 9.99647E-05 9.99647E-05 0.225733 0.398379 0.0987974 0.0708104
9.99476E-05 9.99476E-05 0.0747417 0.649302 0.0994158 9.99476E-05 9.99476E-05 9.99476E-05 0.175941 9.99476E-05
9.99386E-05 9.99386E-05 9.99386E-05 9.99386E-05 9.99386E-05 0.304514 0.0498888 9.99386E-05 9.99386E-05 0.644898
9.99383E-05 9.99383E-05 9.99383E-05 9.99383E-05 9.99383E-05 9.99383E-05 0.578985 9.99383E-05 0.0254882 0.394827
9.99565E-05 9.99565E-05 9.99565E-05 0.0974584 0.10812 9.99565E-05 0.361167 9.99565E-05 0.38937 0.0433842
0.13157 9.99559E-05 9.99559E-05 9.99559E-05 0.584508 9.99559E-05 9.99559E-05 0.015506 0.0966206 0.171296
9.99298E-05 9.99298E-05 9.99298E-05 9.99298E-05 9.99298E-05 9.99298E-05 0.469455 9.99298E-05 0.529745 9.99298E-05
9.99388E-05 9.99388E-05 9.99388E-05 9.99388E-05 9.99388E-05 0.151271 0.333089 9.99388E-05 0.51494 9.99388E-05
0.0477684 9.99561E-05 9.99561E-05 0.137766 9.99561E-05 9.99561E-05 9.99561E-05 0.630477 0.109883 0.073606
9.99385E-05 9.99385E-05 0.217994 9.99385E-05 0.278713 9.99385E-05 9.99385E-05 9.99385E-05 0.502594 9.99385E-05
9.99557E-05 0.390624 0.081604 9.99557E-05 9.99557E-05 9.99557E-05 0.102559 9.99557E-05 0.189236 0.235477
9.99296E-05 0.365175 9.99296E-05 9.99296E-05 9.99296E-05 9.99296E-05 0.634025 9.99296E-05 9.99296E-05 9.99296E-05
9.99473E-05 9.99473E-05 0.216176 9.99473E-05 9.99473E-05 9.99473E-05 9.99473E-05 0.171109 0.563127 0.0489877
9.99299E-05 9.99299E-05 9.99299E-05 9.99299E-05 9.99299E-05 9.99299E-05 0.994817 9.99299E-05 9.99299E-05 0.00438324
9.99471E-05 9.99471E-05 9.99471E-05 0.629777 0.203849 0.0311307 0.134643 9.99471E-05 9.99471E-05 9.99471E-05
0.0351058 9.99649E-05 0.0270234 9.99649E-05 9.99649E-05 9.99649E-05 0.411785 0.365596 0.122506 0.0375841
9.99473E-05 9.99473E-05 9.99473E-05 0.00711889 0.470259 9.99473E-05 9.99473E-05 9.99473E-05 0.220079 0.301944
0.14991 9.99473E-05 9.99473E-05 9.99473E-05 0.657451 9.99473E-05 0.132113 0.0599266 9.99473E-05 9.99473E-05
9.99564E-05 0.0857882 0.116651 9.99564E-05 9.99564E-05 0.147034 0.59961 0.0504164 9.99564E-05 9.99564E-05
0.601699 0.0196887 9.99472E-05 9.99472E-05 9.99472E-05 9.99472E-05 0.0318108 0.346201 9.99472E-05 9.99472E-05
9.99471E-05 9.99471E-05 9.99471E-05 9.99471E-05 0.0735452 0.0281448 0.719096 0.178614 9.99471E-05 9.99471E-05
0.282763 9.99387E-05 0.00681322 9.99387E-05 9.99387E-05 9.99387E-05 0.709724 9.99387E-05 9.99387E-05 9.99387E-05
9.99205E-05 9.99205E-05 9.99205E-05 9.99205E-05 9.99205E-05 9.99205E-05 9.99205E-05 0.999101 9.99205E-05 9.99205E-05
9.99559E-05 9.99559E-05 0.126134 9.99559E-05 9.99559E-05 0.29218 9.99559E-05 0.342571 0.122239 0.116376
0.909712 9.99299E-05 9.99299E-05 9.99299E-05 9.99299E-05 9.99299E-05 9.99299E-05 0.0894886 9.99299E-05 9.99299E-05
0.0563852 9.99568E-05 9.99568E-05 9.99568E-05 9.99568E-05 0.336935 9.99568E-05 0.0855793 0.135296 0.385304
9.99385E-05 0.176419 9.99385E-05 0.298569 9.99385E-05 9.99385E-05 0.524312 9.99385E-05 9.99385E-05 9.99385E-05
9.99471E-05 9.99471E-05 9.99471E-05 9.99471E-05 9.99471E-05 0.0512991 0.313239 9.99471E-05 0.325401 0.309461
9.99305E-05 9.99305E-05 9.99305E-05 9.99305E-05 0.316965 9.99305E-05 9.99305E-05 0.682236 9.99305E-05 9.99305E-05
0.774651 9.99387E-05 9.99387E-05 9.99387E-05 9.99387E-05 0.0594736 0.165176 9.99387E-05 9.99387E-05 9.99387E-05
0.354377 0.16573 9.99561E-05 9.99561E-05 9.99561E-05 0.255196 9.99561E-05 0.0529314 9.99561E-05 0.171266
0.133939 9.99557E-05 9.99557E-05 0.10559 9.99557E-05 9.99557E-05 0.466143 0.191766 9.99557E-05 0.102062
9.99382E-05 0.00569756 9.99382E-05 0.24088 9.99382E-05 9.99382E-05 9.99382E-05 9.99382E-05 9.99382E-05 0.752723
9.9956E-05 9.9956E-05 9.9956E-05 9.9956E-05 0.0150299 0.520126 0.282512 0.0175916 0.164241 9.9956E-05
0.621619 0.155047 9.99475E-05 9.99475E-05 9.99475E-05 9.99475E-05 9.99475E-05 0.0189227 0.203812 9.99475E-05
0.192536 9.99477E-05 0.149739 9.99477E-05 9.99477E-05 9.99477E-05 0.640571 9.99477E-05 9.99477E-05 0.0165555
0.31814 0.428712 9.99559E-05 9.99559E-05 0.134628 9.99559E-05 9.99559E-05 0.0778095 0.0402105 9.99559E-05
9.99559E-05 0.174093 0.398508 9.99559E-05 9.99559E-05 9.99559E-05 9.99559E-05 0.102181 0.0823197 0.242399
9.99561E-05 9.99561E-05 0.103721 9.99561E-05 9.99561E-05 0.10277 0.273188 9.99561E-05 0.410555 0.109266
0.834772 9.99476E-05 0.0614456 9.99476E-05 9.99476E-05 0.0880997 9.99476E-05 0.0150827 9.99476E-05 9.99476E-05
0.0840741 9.99475E-05 9.99475E-05 0.302686 9.99475E-05 9.99475E-05 9.99475E-05 0.164231 0.44841 9.99475E-05
9.99562E-05 9.99562E-05 9.99562E-05 0.101948 0.0636561 9.99562E-05 0.0173295 0.0990262 9.99562E-05 0.71754
9.99562E-05 0.162434 9.99562E-05 9.99562E-05 0.184878 0.0149313 0.598872 0.0383846 9.99562E-05 9.99562E-05
9.9947E-05 0.158778 0.486919 9.9947E-05 9.9947E-05 9.9947E-05 0.351757 9.9947E-05 0.00194593 9.9947E-05
0.0787668 0.00966623 9.99734E-05 9.99734E-05 9.99734E-05 0.0071059 0.0430436 0.407944 0.250885 0.202289
9.99736E-05 0.120707 0.0234095 9.99736E-05 0.130455 0.0476605 0.297478 0.263981 9.99736E-05 0.116009
9.99475E-05 9.99475E-05 9.99475E-05 0.136912 0.112513 0.353422 0.396553 9.99475E-05 9.99475E-05 9.99475E-05
0.387731 9.99559E-05 9.99559E-05 0.0642962 0.0150012 9.99559E-05 0.36367 9.99559E-05 9.99559E-05 0.168802
0.149914 0.190557 9.99561E-05 9.99561E-05 0.273326 9.99561E-05 0.0323137 9.99561E-05 9.99561E-05 0.353389
9.9956E-05 9.9956E-05 0.100539 0.15887 0.0226038 9.9956E-05 0.664481 9.9956E-05 0.0530064 9.9956E-05
9.99475E-05 9.99475E-05 0.051185 0.160322 0.563958 9.99475E-05 9.99475E-05 9.99475E-05 0.223935 9.99475E-05
9.99472E-05 0.0118988 9.99472E-05 9.99472E-05 0.447018 9.99472E-05 9.99472E-05 9.99472E-05 0.140303 0.400181
9.99381E-05 9.99381E-05 9.99381E-05 0.15338 0.0643272 9.99381E-05 0.781594 9.99381E-05 9.99381E-05 9.99381E-05
9.99299E-05 9.99299E-05 9.99299E-05 9.99299E-05 9.99299E-05 0.72955 9.99299E-05 9.99299E-05 9.99299E-05 0.269651
0.0190554 9.99296E-05 9.99296E-05 9.99296E-05 9.99296E-05 9.99296E-05 0.980145 9.99296E-05 9.99296E-05 9.99296E-05
0.0390575 0.0634129 0.0264223 9.99648E-05 9.99648E-05 9.99648E-05 0.237116 9.99648E-05 0.420222 0.21337
0.313194 9.9956E-05 0.112999 9.9956E-05 0.0484529 0.403137 9.9956E-05 0.121718 9.9956E-05 9.9956E-05
9.99385E-05 0.331362 9.99385E-05 9.99385E-05 0.0522303 9.99385E-05 0.615708 9.99385E-05 9.99385E-05 9.99385E-05
0.00917376 0.142318 0.171298 0.195807 9.99649E-05 9.99649E-05 9.99649E-05 0.360299 0.120705 9.99649E-05
9.9947E-05 0.0401646 0.434018 0.000384116 9.9947E-05 9.9947E-05 9.9947E-05 9.9947E-05 0.524833 9.9947E-05
9.9939E-05 9.9939E-05 9.9939E-05 0.0763055 9.9939E-05 9.9939E-05 9.9939E-05 0.0827323 9.9939E-05 0.840263
9.99472E-05 9.99472E-05 9.99472E-05 9.99472E-05 9.99472E-05 0.18066 0.428872 9.99472E-05 0.271154 0.118713
9.99474E-05 9.99474E-05 9.99474E-05 0.212452 9.99474E-05 0.22928 9.99474E-05 9.99474E-05 0.526 0.0316682
0.510453 9.99471E-05 0.197102 0.179034 9.99471E-05 9.99471E-05 9.99471E-05 9.99471E-05 9.99471E-05 0.11281
9.99299E-05 9.99299E-05 9.99299E-05 9.99299E-05 0.327997 9.99299E-05 0.671204 9.99299E-05 9.99299E-05 9.99299E-05
9.99471E-05 9.99471E-05 9.99471E-05 9.99471E-05 0.0450192 9.99471E-05 9.99471E-05 0.314607 0.385167 0.254608
9.9956E-05 9.9956E-05 9.9956E-05 9.9956E-05 0.157435 0.0390628 0.328102 0.432747 0.0421535 9.9956E-05
9.99382E-05 9.99382E-05 9.99382E-05 9.99382E-05 9.99382E-05 0.882272 0.100113 9.99382E-05 0.0169153 9.99382E-05
9.99561E-05 0.373166 0.106399 9.99561E-05 0.291674 9.99561E-05 0.139779 0.0884814 9.99561E-05 9.99561E-05
9.99471E-05 0.280679 9.99471E-05 9.99471E-05 0.288485 9.99471E-05 0.306755 9.99471E-05 0.123482 9.99471E-05
0.031092 9.99292E-05 9.99292E-05 9.99292E-05 9.99292E-05 9.99292E-05 0.968109 9.99292E-05 9.99292E-05 9.99292E-05
9.99474E-05 0.307191 9.99474E-05 9.99474E-05 0.18928 0.142232 0.360698 9.99474E-05 9.99474E-05 9.99474E-05
9.99383E-05 9.99383E-05 0.162855 9.99383E-05 9.99383E-05 9.99383E-05 9.99383E-05 9.99383E-05 0.429874 0.406572
9.99297E-05 9.99297E-05 9.99297E-05 9.99297E-05 9.99297E-05 9.99297E-05 0.275611 0.723589 9.99297E-05 9.99297E-05
0.231952 9.99561E-05 9.99561E-05 9.99561E-05 0.0593285 0.128476 0.066527 9.99561E-05 9.99561E-05 0.513217
9.99472E-05 9.99472E-05 0.0517453 0.0464869 9.99472E-05 0.557544 0.343625 9.99472E-05 9.99472E-05 9.99472E-05
0.329302 9.99561E-05 9.99561E-05 9.99561E-05 0.0289305 0.0824957 9.99561E-05 9.99561E-05 0.490909 0.0678632
9.99648E-05 0.443946 9.99648E-05 9.99648E-05 0.0915138 0.0938515 0.283718 0.0372311 0.0493393 9.99648E-05
9.99385E-05 0.316456 0.324279 9.99385E-05 0.358565 9.99385E-05 9.99385E-05 9.99385E-05 9.99385E-05 9.99385E-05
0.160018 9.9956E-05 9.9956E-05 9.9956E-05 9.9956E-05 9.9956E-05 0.0940369 0.00286186 0.128646 0.613938
0.226062 9.99471E-05 9.99471E-05 9.99471E-05 0.510423 9.99471E-05 0.113898 0.149017 9.99471E-05 9.99471E-05
9.99477E-05 9.99477E-05 9.99477E-05 0.04436 0.478822 0.0925262 9.99477E-05 9.99477E-05 0.383692 9.99477E-05
0.338553 0.17658 9.99559E-05 9.99559E-05 0.186754 0.0160905 0.281523 9.99559E-05 9.99559E-05 9.99559E-05
0.121708 9.99476E-05 9.99476E-05 0.0238009 9.99476E-05 9.99476E-05 9.99476E-05 0.368423 0.485468 9.99476E-05
0.0120026 9.99564E-05 0.190183 0.0177967 9.99564E-05 9.99564E-05 0.513602 0.265916 9.99564E-05 9.99564E-05
9.99647E-05 9.99647E-05 0.0342659 0.265277 9.99647E-05 9.99647E-05 0.58797 0.00311512 0.0926476 0.0163245
9.99382E-05 0.000750084 9.99382E-05 9.99382E-05 9.99382E-05 0.307206 9.99382E-05 0.691345 9.99382E-05 9.99382E-05
9.99473E-05 9.99473E-05 0.183313 9.99473E-05 9.99473E-05 0.330491 0.321694 9.99473E-05 9.99473E-05 0.163902
9.99296E-05 9.99296E-05 0.0832733 9.99296E-05 9.99296E-05 9.99296E-05 9.99296E-05 9.99296E-05 9.99296E-05 0.915927
0.361104 9.99475E-05 9.99475E-05 9.99475E-05 9.99475E-05 0.197789 0.0615287 0.378978 9.99475E-05 9.99475E-05
0.0855864 9.99472E-05 0.0435358 9.99472E-05 9.99472E-05 9.99472E-05 0.606312 9.99472E-05 0.263966 9.99472E-05
9.99388E-05 9.99388E-05 0.555818 9.99388E-05 0.388581 0.0549016 9.99388E-05 9.99388E-05 9.99388E-05 9.99388E-05
9.99472E-05 9.99472E-05 9.99472E-05 9.99472E-05 9.99472E-05 0.161249 0.155453 9.99472E-05 0.663838 0.0188608
0.0152299 9.9956E-05 9.9956E-05 9.9956E-05 0.444247 9.9956E-05 0.274436 0.252015 9.9956E-05 0.0135727
9.99385E-05 9.99385E-05 0.637865 9.99385E-05 0.0628969 9.99385E-05 9.99385E-05 9.99385E-05 9.99385E-05 0.298538
9.99558E-05 9.99558E-05 0.438435 9.99558E-05 0.0630168 0.16607 9.99558E-05 0.179664 0.152314 9.99558E-05
0.469561 0.324088 9.99561E-05 9.99561E-05 9.99561E-05 9.99561E-05 0.162398 0.00736172 9.99561E-05 0.0360904
0.370494 9.99647E-05 0.250829 0.102294 0.10334 0.0415737 0.13107 9.99647E-05 9.99647E-05 9.99647E-05
9.99388E-05 9.99388E-05 9.99388E-05 9.99388E-05 0.162508 9.99388E-05 0.806542 9.99388E-05 0.0302509 9.99388E-05
9.99295E-05 9.99295E-05 0.527011 9.99295E-05 9.99295E-05 9.99295E-05 9.99295E-05 0.47219 9.99295E-05 9.99295E-05
9.99562E-05 9.99562E-05 9.99562E-05 0.17261 9.99562E-05 0.316709 0.0582014 0.221883 9.99562E-05 0.230097
9.99471E-05 0.329735 0.162806 9.99471E-05 9.99471E-05 9.99471E-05 0.192915 0.313944 9.99471E-05 9.99471E-05
9.99474E-05 0.301245 9.99474E-05 0.0840786 9.99474E-05 0.444041 0.170036 9.99474E-05 9.99474E-05 9.99474E-05
9.99561E-05 0.054086 9.99561E-05 0.113803 9.99561E-05 9.99561E-05 9.99561E-05 0.222279 0.222162 0.38717
0.212263 9.99558E-05 0.167771 9.99558E-05 0.394345 9.99558E-05 9.99558E-05 0.151662 0.0734591 9.99558E-05
0.139572 9.99471E-05 0.0584965 9.99471E-05 9.99471E-05 9.99471E-05 0.218119 9.99471E-05 0.583213 9.99471E-05
0.083255 9.99471E-05 9.99471E-05 9.99471E-05 0.17103 9.99471E-05 0.0658406 9.99471E-05 0.679275 9.99471E-05
9.99474E-05 0.221333 9.99474E-05 9.99474E-05 9.99474E-05 0.173759 9.99474E-05 9.99474E-05 0.388224 0.216084
9.9938E-05 9.9938E-05 9.9938E-05 0.0194337 9.9938E-05 9.9938E-05 0.710969 9.9938E-05 0.268897 9.9938E-05
0.170096 9.99473E-05 0.546416 0.00612262 9.99473E-05 9.99473E-05 9.99473E-05 0.276766 9.99473E-05 9.99473E-05
0.342521 9.99471E-05 9.99471E-05 9.99471E-05 0.189769 9.99471E-05 0.133219 9.99471E-05 0.333892 9.99471E-05
9.99299E-05 9.99299E-05 0.110964 9.99299E-05 9.99299E-05 9.99299E-05 0.888237 9.99299E-05 9.99299E-05 9.99299E-05
9.99473E-05 9.99473E-05 0.173339 9.99473E-05 9.99473E-05 0.216813 9.99473E-05 0.235529 0.37372 9.99473E-05
0.144708 0.333068 9.99471E-05 9.99471E-05 9.99471E-05 9.99471E-05 0.508028 9.99471E-05 0.013596 9.99471E-05
0.0201424 9.99561E-05 9.99561E-05 0.016037 9.99561E-05 9.99561E-05 0.655237 0.0388232 0.269261 9.99561E-05
9.99388E-05 9.99388E-05 9.99388E-05 9.99388E-05 0.142247 9.99388E-05 0.312059 9.99388E-05 9.99388E-05 0.544994
9.99297E-05 9.99297E-05 9.99297E-05 9.99297E-05 9.99297E-05 9.99297E-05 9.99297E-05 0.848509 0.150691 9.99297E-05
9.99387E-05 9.99387E-05 0.0835835 0.60501 9.99387E-05 9.99387E-05 0.310707 9.99387E-05 9.99387E-05 9.99387E-05
9.99475E-05 0.253171 0.345313 0.0143373 9.99475E-05 9.99475E-05 0.386579 9.99475E-05 9.99475E-05 9.99475E-05
0.112747 9.99559E-05 0.0506117 9.99559E-05 9.99559E-05 9.99559E-05 0.346236 9.99559E-05 0.467423 0.022482
9.99385E-05 9.99385E-05 9.99385E-05 9.99385E-05 0.0289488 9.99385E-05 9.99385E-05 9.99385E-05 0.474136 0.496216
9.99562E-05 0.31066 9.99562E-05 9.99562E-05 0.305455 0.231487 9.99562E-05 0.0194392 9.99562E-05 0.132458
9.99473E-05 0.0628862 0.0221634 0.233549 9.99473E-05 9.99473E-05 9.99473E-05 9.99473E-05 0.680801 9.99473E-05
0.204319 9.99566E-05 0.210834 9.99566E-05 9.99566E-05 0.164769 9.99566E-05 0.254242 0.165336 9.99566E-05
9.99558E-05 9.99558E-05 9.99558E-05 0.300788 0.192873 0.251597 0.178307 9.99558E-05 0.0759349 9.99558E-05
0.187165 9.99383E-05 9.99383E-05 9.99383E-05 9.99383E-05 9.99383E-05 9.99383E-05 0.169879 9.99383E-05 0.642256
0.0401047 9.99472E-05 9.99472E-05 0.595726 9.99472E-05 9.99472E-05 9.99472E-05 0.307311 0.0562592 9.99472E-05
9.99386E-05 9.99386E-05 9.99386E-05 9.99386E-05 0.193605 9.99386E-05 0.742922 9.99386E-05 9.99386E-05 0.0627736
9.99384E-05 9.99384E-05 9.99384E-05 0.0308213 0.863026 9.99384E-05 9.99384E-05 9.99384E-05 0.105453 9.99384E-05
9.99471E-05 9.99471E-05 0.409096 9.99471E-05 9.99471E-05 0.0746096 0.210998 0.304697 9.99471E-05 9.99471E-05
0.384563 9.99384E-05 9.99384E-05 9.99384E-05 9.99384E-05 0.394911 0.219826 9.99384E-05 9.99384E-05 9.99384E-05
9.99386E-05 9.99386E-05 0.305718 9.99386E-05 9.99386E-05 0.495352 0.19823 9.99386E-05 9.99386E-05 9.99386E-05
0.403648 0.210485 9.99387E-05 9.99387E-05 9.99387E-05 0.385168 9.99387E-05 9.99387E-05 9.99387E-05 9.99387E-05
0.4102 9.99561E-05 0.4048 9.99561E-05 0.034569 9.99561E-05 0.0821369 0.0677944 9.99561E-05 9.99561E-05
9.99386E-05 9.99386E-05 9.99386E-05 0.0321156 9.99386E-05 9.99386E-05 0.670434 9.99386E-05 0.296751 9.99386E-05
9.99383E-05 9.99383E-05 9.99383E-05 9.99383E-05 9.99383E-05 9.99383E-05 0.493646 0.368566 9.99383E-05 0.137088
9.9939E-05 9.9939E-05 9.9939E-05 0.21234 9.9939E-05 9.9939E-05 0.362019 9.9939E-05 0.424941 9.9939E-05
9.99472E-05 9.99472E-05 9.99472E-05 0.0785247 0.14959 9.99472E-05 0.25708 9.99472E-05 0.514206 9.99472E-05
9.99475E-05 9.99475E-05 0.292978 9.99475E-05 0.0938704 9.99475E-05 0.262958 0.349594 9.99475E-05 9.99475E-05
9.99391E-05 9.99391E-05 0.213838 9.99391E-05 9.99391E-05 0.00323715 0.782225 9.99391E-05 9.99391E-05 9.99391E-05
9.99299E-05 9.99299E-05 9.99299E-05 9.99299E-05 9.99299E-05 0.250666 9.99299E-05 9.99299E-05 9.99299E-05 0.748535
9.99386E-05 0.0423958 9.99386E-05 9.99386E-05 0.220017 9.99386E-05 9.99386E-05 9.99386E-05 0.736888 9.99386E-05
0.0374336 9.9947E-05 0.144635 9.9947E-05 9.9947E-05 0.45798 9.9947E-05 9.9947E-05 0.359351 9.9947E-05
0.0515524 9.99473E-05 9.99473E-05 9.99473E-05 0.243447 9.99473E-05 0.520012 0.184389 9.99473E-05 9.99473E-05
0.0286354 9.99471E-05 0.471174 9.99471E-05 9.99471E-05 9.99471E-05 0.349335 9.99471E-05 0.150255 9.99471E-05
0.275105 0.724096 9.99298E-05 9.99298E-05 9.99298E-05 9.99298E-05 9.99298E-05 9.99298E-05 9.99298E-05 9.99298E-05
9.99299E-05 9.99299E-05 0.215752 9.99299E-05 0.783449 9.99299E-05 9.99299E-05 9.99299E-05 9.99299E-05 9.99299E-05
9.99557E-05 0.370731 0.0138049 9.99557E-05 0.133738 9.99557E-05 0.117252 9.99557E-05 0.363974 9.99557E-05
