0.0196064 0.730981 0.249413
9.999E-05 0.98255 0.0173497
9.999E-05 0.440196 0.559704
0.00203293 0.841805 0.156162
0.153233 9.9991E-05 0.846667
0.5034 0.4965 9.9991E-05
0.106809 0.0439075 0.849283
9.999E-05 0.945234 0.0546658
0.945535 0.0543645 9.9991E-05
9.999E-05 9.999E-05 0.9998
9.999E-05 9.999E-05 0.9998
9.999E-05 0.9998 9.999E-05
0.387883 9.9991E-05 0.612017
9.9991E-05 0.213532 0.786368
0.335777 9.9991E-05 0.664123
0.857847 9.9991E-05 0.142053
9.999E-05 0.9998 9.999E-05
0.614224 0.00998031 0.375795
0.448117 0.551783 9.9991E-05
0.95281 9.9991E-05 0.0470898
0.896495 9.9991E-05 0.103405
0.793753 0.206147 9.9991E-05
0.75415 9.9991E-05 0.24575
0.119253 0.594965 0.285781
9.9991E-05 0.18054 0.81936
0.455658 9.9991E-05 0.544242
9.9991E-05 0.716429 0.283471
0.440607 0.322049 0.237344
9.999E-05 0.9998 9.999E-05
0.250704 0.749196 9.9991E-05
9.9991E-05 0.025402 0.974498
9.999E-05 9.999E-05 0.9998
9.999E-05 9.999E-05 0.9998
0.576682 0.423218 9.9991E-05
9.9991E-05 0.919687 0.0802129
0.94921 9.9991E-05 0.0506896
0.680417 0.319483 9.9991E-05
0.58323 0.41667 9.9991E-05
0.10748 0.218462 0.674058
0.441445 0.558455 9.9991E-05
0.195996 0.803904 9.9991E-05
9.999E-05 0.9998 9.999E-05
0.922436 9.9991E-05 0.0774637
9.9991E-05 0.145381 0.854519
0.397992 9.9991E-05 0.601908
9.999E-05 0.9998 9.999E-05
0.9998 9.999E-05 9.999E-05
0.7476 0.2523 9.9991E-05
0.526612 9.9991E-05 0.473288
0.905884 0.0117909 0.0823255
