9.9991E-05 0.658196 0.341704
9.999E-05 0.962457 0.0374433
9.999E-05 0.482202 0.517698
9.999E-05 0.897116 0.102784
0.171284 9.9991E-05 0.828616
0.438028 0.561872 9.9991E-05
0.18539 0.00104432 0.813565
9.999E-05 0.889369 0.110531
0.958444 0.0414558 9.9991E-05
0.0568947 9.9991E-05 0.943005
9.999E-05 9.999E-05 0.9998
0.00956367 0.982995 0.00744093
0.372119 9.9991E-05 0.627781
9.9991E-05 0.14851 0.85139
0.358478 9.9991E-05 0.641422
0.867302 9.9991E-05 0.132598
9.9991E-05 0.962892 0.0370078
0.643339 0.0334346 0.323226
0.392566 0.607334 9.9991E-05
0.942479 9.9991E-05 0.0574211
0.8954 9.9991E-05 0.1045
0.760276 0.239624 9.9991E-05
0.787707 9.9991E-05 0.212193
0.208267 0.545133 0.2466
9.9991E-05 0.243869 0.756031
0.490476 9.9991E-05 0.509424
9.9991E-05 0.723411 0.276489
0.455167 0.311734 0.233099
9.99911E-05 0.953154 0.0467459
0.253325 0.746575 9.9991E-05
9.9991E-05 0.0475704 0.95233
9.999E-05 9.999E-05 0.9998
9.999E-05 9.999E-05 0.9998
0.492688 0.507212 9.9991E-05
9.9991E-05 0.959181 0.0407194
0.966441 9.9991E-05 0.0334586
0.669597 0.330303 9.9991E-05
0.544503 0.455397 9.9991E-05
0.15618 0.152524 0.691296
0.474735 0.525165 9.9991E-05
0.169975 0.829925 9.9991E-05
9.999E-05 0.9998 9.999E-05
0.894058 9.9991E-05 0.105842
9.9991E-05 0.177782 0.822118
0.445283 9.9991E-05 0.554617
9.999E-05 0.9998 9.999E-05
0.9998 9.999E-05 9.999E-05
0.742637 0.257263 9.9991E-05
0.502263 9.9991E-05 0.497637
0.912185 0.0149284 0.072887
