9.99201E-05 9.99201E-05 9.99201E-05 9.99201E-05 9.99201E-05 0.999101 9.99201E-05 9.99201E-05 9.99201E-05 9.99201E-05
9.9946E-05 0.0574303 0.0207789 9.9946E-05 9.9946E-05 0.0915775 9.9946E-05 0.829614 9.9946E-05 9.9946E-05
0.0198836 9.99371E-05 9.99371E-05 9.99371E-05 9.99371E-05 0.933397 0.0460197 9.99371E-05 9.99371E-05 9.99371E-05
9.99281E-05 0.945445 0.0537553 9.99281E-05 9.99281E-05 9.99281E-05 9.99281E-05 9.99281E-05 9.99281E-05 9.99281E-05
0.0254846 0.0406839 9.9955E-05 0.190337 9.9955E-05 0.0145058 9.9955E-05 9.9955E-05 0.728489 9.9955E-05
0.147417 9.9937E-05 0.750991 9.9937E-05 9.9937E-05 9.9937E-05 9.9937E-05 0.100893 9.9937E-05 9.9937E-05
9.9937E-05 0.0148953 9.9937E-05 9.9937E-05 0.151949 9.9937E-05 0.832456 9.9937E-05 9.9937E-05 9.9937E-05
0.0706174 9.99371E-05 9.99371E-05 9.99371E-05 9.99371E-05 9.99371E-05 9.99371E-05 0.786573 9.99371E-05 0.14211
9.993E-05 9.993E-05 0.516946 9.993E-05 0.411874 0.0704813 9.993E-05 9.993E-05 9.993E-05 9.993E-05
9.9928E-05 9.9928E-05 9.9928E-05 9.9928E-05 9.9928E-05 9.9928E-05 0.0137182 9.9928E-05 0.985482 9.9928E-05
0.000562799 9.99372E-05 9.99372E-05 9.99372E-05 9.99372E-05 0.0862613 9.99372E-05 9.99372E-05 0.912476 9.99372E-05
9.99371E-05 9.99371E-05 9.99371E-05 9.99371E-05 9.99371E-05 0.0614769 9.99371E-05 0.0459222 9.99371E-05 0.891901
0.255351 9.99461E-05 9.99461E-05 0.0820044 0.247281 9.99461E-05 9.99461E-05 9.99461E-05 0.414763 9.99461E-05
9.99281E-05 0.0894649 9.99281E-05 9.99281E-05 9.99281E-05 9.99281E-05 0.909736 9.99281E-05 9.99281E-05 9.99281E-05
9.99281E-05 9.99281E-05 9.99281E-05 0.211301 9.99281E-05 9.99281E-05 9.99281E-05 9.99281E-05 0.7879 9.99281E-05
0.0291131 9.99282E-05 9.99282E-05 9.99282E-05 0.970087 9.99282E-05 9.99282E-05 9.99282E-05 9.99282E-05 9.99282E-05
9.99371E-05 0.0928071 9.99371E-05 9.99371E-05 9.99371E-05 9.99371E-05 9.99371E-05 9.99371E-05 0.0113556 0.895138
0.0607064 9.9955E-05 0.0893699 9.9955E-05 0.541492 9.9955E-05 9.9955E-05 0.00311517 0.304816 9.9955E-05
9.99281E-05 9.99281E-05 0.921612 9.99281E-05 9.99281E-05 9.99281E-05 9.99281E-05 0.0775884 9.99281E-05 9.99281E-05
9.99371E-05 9.99371E-05 0.0394911 0.791295 0.168515 9.99371E-05 9.99371E-05 9.99371E-05 9.99371E-05 9.99371E-05
9.9946E-05 9.9946E-05 0.0715004 0.473447 0.416641 9.9946E-05 9.9946E-05 0.0378125 9.9946E-05 9.9946E-05
9.99371E-05 9.99371E-05 0.0879864 9.99371E-05 0.603382 9.99371E-05 9.99371E-05 9.99371E-05 9.99371E-05 0.307932
0.0194783 9.99461E-05 9.99461E-05 0.0921177 0.784038 9.99461E-05 9.99461E-05 9.99461E-05 0.103766 9.99461E-05
9.9964E-05 0.718834 9.9964E-05 0.112958 0.0746263 0.0556491 9.9964E-05 0.0199031 0.0176289 9.9964E-05
0.999101 9.99201E-05 9.99201E-05 9.99201E-05 9.99201E-05 9.99201E-05 9.99201E-05 9.99201E-05 9.99201E-05 9.99201E-05
0.01323 9.9946E-05 9.9946E-05 0.473604 0.0865503 9.9946E-05 9.9946E-05 9.9946E-05 0.426017 9.9946E-05
9.99201E-05 0.999101 9.99201E-05 9.99201E-05 9.99201E-05 9.99201E-05 9.99201E-05 9.99201E-05 9.99201E-05 9.99201E-05
9.99371E-05 9.99371E-05 0.504901 0.19166 9.99371E-05 9.99371E-05 0.302739 9.99371E-05 9.99371E-05 9.99371E-05
9.99201E-05 9.99201E-05 9.99201E-05 9.99201E-05 9.99201E-05 9.99201E-05 9.99201E-05 0.999101 9.99201E-05 9.99201E-05
9.99462E-05 0.0624564 0.577488 9.99462E-05 9.99462E-05 0.0564105 9.99462E-05 9.99462E-05 9.99462E-05 0.303046
0.184675 9.99371E-05 9.99371E-05 9.99371E-05 9.99371E-05 9.99371E-05 0.803409 9.99371E-05 9.99371E-05 0.0112171
0.377748 9.99281E-05 9.99281E-05 9.99281E-05 9.99281E-05 9.99281E-05 0.621453 9.99281E-05 9.99281E-05 9.99281E-05
9.99281E-05 9.99281E-05 9.99281E-05 9.99281E-05 9.99281E-05 9.99281E-05 0.673377 9.99281E-05 0.325824 9.99281E-05
9.99371E-05 9.99371E-05 0.770537 9.99371E-05 0.0635805 0.165183 9.99371E-05 9.99371E-05 9.99371E-05 9.99371E-05
9.99281E-05 0.412044 9.99281E-05 9.99281E-05 9.99281E-05 9.99281E-05 9.99281E-05 9.99281E-05 9.99281E-05 0.587157
9.99371E-05 9.99371E-05 0.01153 9.99371E-05 0.973123 9.99371E-05 9.99371E-05 0.0146473 9.99371E-05 9.99371E-05
9.99461E-05 9.99461E-05 0.800666 0.0850482 0.063578 9.99461E-05 9.99461E-05 0.0501079 9.99461E-05 9.99461E-05
9.9955E-05 9.9955E-05 0.857317 0.0216058 9.9955E-05 0.0911977 0.0236867 9.9955E-05 9.9955E-05 0.00569321
0.279694 9.99461E-05 0.00791912 9.99461E-05 9.99461E-05 9.99461E-05 9.99461E-05 0.290616 0.421171 9.99461E-05
9.99461E-05 0.114846 0.801189 0.0387297 9.99461E-05 9.99461E-05 9.99461E-05 9.99461E-05 9.99461E-05 0.0446359
9.9928E-05 9.9928E-05 0.717873 9.9928E-05 9.9928E-05 9.9928E-05 9.9928E-05 9.9928E-05 9.9928E-05 0.281327
9.99201E-05 9.99201E-05 9.99201E-05 9.99201E-05 9.99201E-05 9.99201E-05 9.99201E-05 9.99201E-05 9.99201E-05 0.999101
9.99282E-05 9.99282E-05 0.024059 0.975142 9.99282E-05 9.99282E-05 9.99282E-05 9.99282E-05 9.99282E-05 9.99282E-05
0.999101 9.99201E-05 9.99201E-05 9.99201E-05 9.99201E-05 9.99201E-05 9.99201E-05 9.99201E-05 9.99201E-05 9.99201E-05
9.99371E-05 9.99371E-05 9.99371E-05 0.723374 9.99371E-05 9.99371E-05 0.174796 9.99371E-05 0.10113 9.99371E-05
9.99372E-05 9.99372E-05 9.99372E-05 9.99372E-05 9.99372E-05 9.99372E-05 0.00795551 0.131865 9.99372E-05 0.85948
9.9946E-05 9.9946E-05 0.169693 0.19499 0.562072 0.0726442 9.9946E-05 9.9946E-05 9.9946E-05 9.9946E-05
9.99282E-05 9.99282E-05 0.73397 9.99282E-05 0.265231 9.99282E-05 9.99282E-05 9.99282E-05 9.99282E-05 9.99282E-05
0.0882254 0.010821 9.99461E-05 0.891688 9.99461E-05 9.99461E-05 9.99461E-05 9.99461E-05 9.99461E-05 0.0086664
9.99371E-05 9.99371E-05 0.294959 0.380963 0.323378 9.99371E-05 9.99371E-05 9.99371E-05 9.99371E-05 9.99371E-05
