9.99461E-05 9.99461E-05 9.99461E-05 9.99461E-05 9.99461E-05 0.76168 0.203405 0.0244263 0.00988957 9.99461E-05
9.9937E-05 0.146401 9.9937E-05 9.9937E-05 0.0152666 0.837633 9.9937E-05 9.9937E-05 9.9937E-05 9.9937E-05
9.9928E-05 9.9928E-05 0.878729 9.9928E-05 9.9928E-05 0.120472 9.9928E-05 9.9928E-05 9.9928E-05 9.9928E-05
9.99372E-05 0.956643 9.99372E-05 0.00603184 0.0366257 9.99372E-05 9.99372E-05 9.99372E-05 9.99372E-05 9.99372E-05
9.9946E-05 9.9946E-05 0.0660605 9.9946E-05 9.9946E-05 9.9946E-05 0.00784409 0.0243697 0.901126 9.9946E-05
9.9946E-05 9.9946E-05 0.0707278 9.9946E-05 0.770599 0.140696 0.0173782 9.9946E-05 9.9946E-05 9.9946E-05
0.480019 0.0481178 0.250607 0.0144791 9.9955E-05 9.9955E-05 9.9955E-05 0.206277 9.9955E-05 9.9955E-05
9.99371E-05 9.99371E-05 0.121544 9.99371E-05 9.99371E-05 0.179598 9.99371E-05 9.99371E-05 9.99371E-05 0.698158
9.99281E-05 9.99281E-05 9.99281E-05 0.531982 0.467218 9.99281E-05 9.99281E-05 9.99281E-05 9.99281E-05 9.99281E-05
0.795062 9.9928E-05 9.9928E-05 9.9928E-05 9.9928E-05 9.9928E-05 9.9928E-05 9.9928E-05 0.204139 9.9928E-05
0.999101 9.99201E-05 9.99201E-05 9.99201E-05 9.99201E-05 9.99201E-05 9.99201E-05 9.99201E-05 9.99201E-05 9.99201E-05
9.9937E-05 9.9937E-05 9.9937E-05 0.0205895 9.9937E-05 0.238668 9.9937E-05 9.9937E-05 9.9937E-05 0.740043
0.00850502 9.9973E-05 9.9973E-05 0.120885 0.0974252 0.00946821 0.122662 0.160414 0.480339 9.9973E-05
9.99201E-05 9.99201E-05 9.99201E-05 9.99201E-05 9.99201E-05 9.99201E-05 9.99201E-05 0.999101 9.99201E-05 9.99201E-05
0.0246629 9.99372E-05 9.99372E-05 9.99372E-05 9.99372E-05 9.99372E-05 9.99372E-05 0.0275545 0.947083 9.99372E-05
9.99282E-05 9.99282E-05 0.0779832 0.921217 9.99282E-05 9.99282E-05 9.99282E-05 9.99282E-05 9.99282E-05 9.99282E-05
9.99461E-05 0.0626279 0.020209 9.99461E-05 9.99461E-05 9.99461E-05 9.99461E-05 0.035026 9.99461E-05 0.881537
0.370807 9.99459E-05 0.0593068 0.42638 0.142907 9.99459E-05 9.99459E-05 9.99459E-05 9.99459E-05 9.99459E-05
9.99281E-05 9.99281E-05 9.99281E-05 9.99281E-05 0.971866 0.0273349 9.99281E-05 9.99281E-05 9.99281E-05 9.99281E-05
9.99372E-05 0.0254114 9.99372E-05 0.919241 9.99372E-05 9.99372E-05 9.99372E-05 9.99372E-05 0.0546477 9.99372E-05
9.99641E-05 0.0256133 0.0639779 0.686999 0.0562861 0.00855578 9.99641E-05 9.99641E-05 0.158168 9.99641E-05
9.99371E-05 9.99371E-05 9.99371E-05 0.519475 0.177711 9.99371E-05 9.99371E-05 9.99371E-05 9.99371E-05 0.302115
9.99461E-05 9.99461E-05 9.99461E-05 0.765031 9.99461E-05 9.99461E-05 0.0630618 0.00715801 0.16415 9.99461E-05
0.0885069 0.841517 9.99371E-05 0.0692769 9.99371E-05 9.99371E-05 9.99371E-05 9.99371E-05 9.99371E-05 9.99371E-05
9.99201E-05 9.99201E-05 0.999101 9.99201E-05 9.99201E-05 9.99201E-05 9.99201E-05 9.99201E-05 9.99201E-05 9.99201E-05
9.9937E-05 9.9937E-05 9.9937E-05 0.179318 9.9937E-05 9.9937E-05 0.043094 9.9937E-05 0.776889 9.9937E-05
9.99371E-05 0.997271 9.99371E-05 9.99371E-05 9.99371E-05 9.99371E-05 0.00100986 0.00101969 9.99371E-05 9.99371E-05
9.99462E-05 9.99462E-05 9.99462E-05 9.99462E-05 0.528515 9.99462E-05 9.99462E-05 0.203676 0.245221 0.0219887
9.99201E-05 9.99201E-05 9.99201E-05 9.99201E-05 9.99201E-05 0.999101 9.99201E-05 9.99201E-05 9.99201E-05 9.99201E-05
9.99462E-05 9.99462E-05 9.99462E-05 0.0176762 0.478485 9.99462E-05 9.99462E-05 9.99462E-05 0.00350717 0.499732
0.0891326 9.99371E-05 9.99371E-05 9.99371E-05 9.99371E-05 9.99371E-05 0.858663 0.0515045 9.99371E-05 9.99371E-05
9.99201E-05 9.99201E-05 9.99201E-05 9.99201E-05 9.99201E-05 9.99201E-05 0.999101 9.99201E-05 9.99201E-05 9.99201E-05
0.453735 9.9946E-05 9.9946E-05 9.9946E-05 9.9946E-05 9.9946E-05 0.302963 0.0319111 0.210791 9.9946E-05
9.99371E-05 9.99371E-05 0.129708 0.00693186 0.862661 9.99371E-05 9.99371E-05 9.99371E-05 9.99371E-05 9.99371E-05
9.9928E-05 0.470218 9.9928E-05 9.9928E-05 9.9928E-05 9.9928E-05 9.9928E-05 9.9928E-05 9.9928E-05 0.528983
9.99281E-05 9.99281E-05 9.99281E-05 0.979526 9.99281E-05 9.99281E-05 0.0196751 9.99281E-05 9.99281E-05 9.99281E-05
9.99371E-05 9.99371E-05 9.99371E-05 0.215333 0.772003 0.011964 9.99371E-05 9.99371E-05 9.99371E-05 9.99371E-05
0.0273925 9.994E-05 0.0314982 9.994E-05 0.903457 0.0370529 9.994E-05 9.994E-05 9.994E-05 9.994E-05
0.877034 9.99372E-05 9.99372E-05 9.99372E-05 0.0237741 9.99372E-05 9.99372E-05 9.99372E-05 9.99372E-05 0.0984923
9.99462E-05 0.113588 9.99462E-05 9.99462E-05 0.706778 9.99462E-05 9.99462E-05 9.99462E-05 0.0255522 0.153482
9.9928E-05 9.9928E-05 9.9928E-05 9.9928E-05 0.597944 9.9928E-05 9.9928E-05 9.9928E-05 9.9928E-05 0.401257
9.99201E-05 9.99201E-05 9.99201E-05 9.99201E-05 9.99201E-05 9.99201E-05 9.99201E-05 9.99201E-05 9.99201E-05 0.999101
9.99373E-05 9.99373E-05 9.99373E-05 0.563803 9.99373E-05 0.0064093 9.99373E-05 9.99373E-05 0.429088 9.99373E-05
9.99281E-05 9.99281E-05 9.99281E-05 9.99281E-05 0.0399968 9.99281E-05 0.959204 9.99281E-05 9.99281E-05 9.99281E-05
9.99282E-05 9.99282E-05 9.99282E-05 9.99282E-05 9.99282E-05 9.99282E-05 9.99282E-05 0.0326548 0.966546 9.99282E-05
9.99461E-05 9.99461E-05 9.99461E-05 0.0703774 9.99461E-05 0.0557926 0.0059584 9.99461E-05 9.99461E-05 0.867272
9.9946E-05 9.9946E-05 0.0250122 0.715689 0.197784 0.0609149 9.9946E-05 9.9946E-05 9.9946E-05 9.9946E-05
9.99462E-05 9.99462E-05 0.00137147 0.22743 0.760915 9.99462E-05 9.99462E-05 0.00968394 9.99462E-05 9.99462E-05
9.99641E-05 0.060499 0.0983485 0.123887 9.99641E-05 0.0140749 9.99641E-05 9.99641E-05 0.694696 0.00809556
0.0820951 9.99372E-05 9.99372E-05 0.737459 0.179746 9.99372E-05 9.99372E-05 9.99372E-05 9.99372E-05 9.99372E-05
