0.314834 0.0697277 0.615438
9.999E-05 0.9998 9.999E-05
0.610166 0.16794 0.221894
9.999E-05 0.652284 0.347616
0.162302 0.487671 0.350027
9.999E-05 0.353671 0.646229
0.378463 0.621437 9.99912E-05
0.608937 9.99913E-05 0.390963
0.9998 9.999E-05 9.999E-05
9.99912E-05 0.371594 0.628306
0.0654906 9.99912E-05 0.934409
9.999E-05 0.9998 9.999E-05
0.115289 9.99913E-05 0.884611
0.214125 0.785775 9.99913E-05
0.420259 0.121001 0.458741
9.999E-05 0.9998 9.999E-05
0.490066 9.99912E-05 0.509834
0.940894 0.0590063 9.99913E-05
9.99913E-05 0.306783 0.693117
0.208944 0.790956 9.99913E-05
9.99912E-05 0.229284 0.770616
9.99912E-05 0.395848 0.604052
9.99913E-05 0.869685 0.130215
0.519386 9.99912E-05 0.480514
9.99911E-05 0.411615 0.588285
0.272538 0.676866 0.050596
9.99912E-05 0.29025 0.70965
0.0304064 0.0340612 0.935532
9.999E-05 0.9998 9.999E-05
0.0141645 0.76034 0.225496
9.999E-05 0.9998 9.999E-05
0.139641 0.465286 0.395073
0.446795 0.553105 9.99912E-05
9.99913E-05 0.816905 0.182995
9.999E-05 9.999E-05 0.9998
0.100262 0.475769 0.423968
0.114593 0.501662 0.383745
0.478026 0.457192 0.0647822
9.999E-05 9.999E-05 0.9998
0.364904 0.321514 0.313582
9.99912E-05 0.698951 0.300949
9.999E-05 0.9998 9.999E-05
9.999E-05 9.999E-05 0.9998
0.108963 0.401644 0.489393
0.321974 0.292476 0.38555
9.99912E-05 0.586098 0.413803
0.344573 9.99912E-05 0.655327
0.9998 9.999E-05 9.999E-05
0.355257 0.644643 9.99913E-05
9.999E-05 0.9998 9.999E-05
0.531757 0.370141 0.098102
9.999E-05 0.9998 9.999E-05
0.499984 0.160182 0.339834
9.999E-05 0.9998 9.999E-05
0.0873639 0.912536 9.99913E-05
9.99913E-05 0.358436 0.641464
0.163789 9.99912E-05 0.836111
0.605745 0.107237 0.287018
0.354161 0.400899 0.24494
0.223031 9.99912E-05 0.776869
9.99912E-05 0.829333 0.170567
0.158487 0.629944 0.211569
9.99912E-05 0.318179 0.681721
0.415321 9.99912E-05 0.584579
9.99912E-05 0.748433 0.251467
9.999E-05 9.999E-05 0.9998
0.796123 0.203777 9.99912E-05
0.546386 0.291434 0.16218
9.999E-05 0.9998 9.999E-05
0.195255 9.99912E-05 0.804645
0.0572247 9.99912E-05 0.942675
9.999E-05 9.999E-05 0.9998
0.275002 9.99914E-05 0.724898
0.911553 0.088347 9.99912E-05
9.99912E-05 0.00885481 0.991045
9.99912E-05 0.206009 0.793891
0.045146 0.187206 0.767648
0.179915 9.99912E-05 0.819985
9.99913E-05 0.682858 0.317042
0.377822 0.462732 0.159446
0.567624 0.432276 9.99912E-05
0.9998 9.999E-05 9.999E-05
0.218761 0.396588 0.384651
0.00676038 0.871657 0.121583
0.161847 0.838053 9.99913E-05
0.382807 0.250551 0.366642
0.341959 0.657941 9.99913E-05
9.99914E-05 0.143202 0.856698
0.394134 0.261188 0.344678
9.99912E-05 0.708774 0.291126
0.0178865 0.667053 0.31506
0.0173953 0.204876 0.777728
9.99912E-05 0.431038 0.568862
0.344256 0.655644 9.99912E-05
9.99912E-05 0.706748 0.293152
9.99913E-05 0.951396 0.0485043
0.378371 0.158116 0.463513
9.99912E-05 0.695211 0.304689
0.682362 0.247098 0.0705402
0.969684 0.030216 9.99913E-05
9.99912E-05 0.266762 0.733139
0.314656 0.214855 0.470489
0.0957477 0.904152 9.99912E-05
9.999E-05 9.999E-05 0.9998
0.299549 9.99912E-05 0.700351
0.19069 0.809211 9.99912E-05
9.99912E-05 0.97413 0.0257702
0.919074 9.99912E-05 0.0808263
0.676352 0.323548 9.99913E-05
9.99913E-05 0.503131 0.496769
9.99913E-05 0.699 0.3009
0.580021 0.419879 9.99913E-05
0.215241 0.784659 9.99912E-05
9.999E-05 0.9998 9.999E-05
0.141442 0.858458 9.99915E-05
0.573119 0.426781 9.99912E-05
0.46258 0.282641 0.254779
9.99913E-05 0.0539505 0.94595
0.0586618 0.640865 0.300473
0.134193 0.693069 0.172738
0.163703 0.804476 0.0318206
0.696792 9.99913E-05 0.303108
0.0701237 0.666981 0.262896
9.999E-05 0.9998 9.999E-05
9.999E-05 9.999E-05 0.9998
0.234146 0.213907 0.551946
9.99912E-05 0.117161 0.882739
0.621311 9.99912E-05 0.378589
9.999E-05 0.9998 9.999E-05
0.272372 0.727528 9.99912E-05
0.644108 9.99913E-05 0.355792
0.320274 0.566783 0.112943
0.281654 9.99913E-05 0.718246
0.295674 0.284089 0.420237
9.99912E-05 0.739026 0.260874
0.6163 9.99912E-05 0.3836
0.756983 0.242917 9.99913E-05
0.0425172 9.99913E-05 0.957383
0.482783 0.401627 0.115591
0.316004 0.362288 0.321708
0.656321 0.0279667 0.315712
0.100603 0.041188 0.858209
0.427652 9.99912E-05 0.572248
9.99912E-05 0.0414288 0.958471
9.999E-05 9.999E-05 0.9998
9.99912E-05 0.442911 0.556989
9.99913E-05 0.961134 0.0387664
9.99912E-05 0.3703 0.6296
0.123301 0.876599 9.99912E-05
0.0313783 0.318732 0.64989
0.159381 0.124674 0.715945
9.999E-05 9.999E-05 0.9998
9.99912E-05 0.729665 0.270235
0.164028 9.99913E-05 0.835872
0.542377 0.297785 0.159837
0.00639252 9.99913E-05 0.993507
0.179552 9.99912E-05 0.820348
9.99912E-05 0.647958 0.351942
0.452675 0.224593 0.322732
0.242582 0.757318 9.99913E-05
0.0904729 0.00615247 0.903375
0.0246628 0.0939814 0.881356
0.0457223 0.954178 9.99913E-05
9.99912E-05 0.274634 0.725266
0.24324 0.686591 0.0701699
0.208871 0.791029 9.99912E-05
9.99912E-05 0.859031 0.140869
9.999E-05 0.9998 9.999E-05
9.999E-05 0.9998 9.999E-05
9.999E-05 0.9998 9.999E-05
9.999E-05 0.9998 9.999E-05
0.257396 0.613758 0.128846
0.0356987 0.964201 9.99912E-05
0.152131 0.847769 9.99912E-05
0.326776 0.673124 9.99912E-05
0.609152 0.129879 0.260969
0.473436 0.526464 9.99912E-05
9.99912E-05 0.707784 0.292116
0.176768 0.358378 0.464855
0.00546399 0.874467 0.120069
0.512245 0.487655 9.99912E-05
0.60607 0.0213811 0.372549
9.999E-05 0.9998 9.999E-05
9.99912E-05 0.765904 0.233996
9.99912E-05 0.627938 0.371962
9.99911E-05 0.534549 0.465351
9.999E-05 9.999E-05 0.9998
0.819898 0.0555096 0.124593
0.348175 9.99912E-05 0.651725
0.628388 0.239857 0.131755
0.19751 0.80239 9.99912E-05
0.417965 0.00986859 0.572166
0.52175 0.289772 0.188478
9.99912E-05 0.452843 0.547057
0.14523 0.274586 0.580184
0.367618 0.524238 0.108145
0.162645 0.230901 0.606453
0.00143596 0.998464 9.99912E-05
9.99913E-05 0.207344 0.792556
0.44507 0.0374601 0.517469
0.0590612 0.940839 9.99912E-05
0.523177 0.476723 9.99912E-05
0.206694 0.74296 0.0503455
0.112026 0.698783 0.189192
0.703132 0.2298 0.0670688
0.775138 0.18908 0.0357819
0.923679 0.0762208 9.99913E-05
9.999E-05 9.999E-05 0.9998
0.393859 0.116841 0.489301
0.0713948 0.13708 0.791525
0.221634 9.99912E-05 0.778266
9.99912E-05 0.251186 0.748714
0.0387523 0.371137 0.590111
0.532654 9.99912E-05 0.467246
9.99911E-05 0.972538 0.0273622
9.999E-05 0.9998 9.999E-05
0.250754 0.494042 0.255204
0.515463 0.336833 0.147704
9.999E-05 9.999E-05 0.9998
9.999E-05 9.999E-05 0.9998
9.99912E-05 0.673814 0.326086
0.629522 9.99913E-05 0.370378
0.522155 9.99913E-05 0.477745
0.095621 0.582149 0.32223
9.99912E-05 0.435495 0.564405
9.99912E-05 0.699963 0.299937
0.145703 0.604875 0.249421
0.0681694 0.334464 0.597366
9.999E-05 9.999E-05 0.9998
0.336376 0.589268 0.074356
0.445561 0.554339 9.99913E-05
0.486149 0.246282 0.267569
0.30246 0.593975 0.103565
0.129671 0.178683 0.691647
9.999E-05 9.999E-05 0.9998
9.99912E-05 0.280539 0.719361
0.455587 0.544313 9.99913E-05
0.9998 9.999E-05 9.999E-05
9.999E-05 9.999E-05 0.9998
9.999E-05 0.9998 9.999E-05
9.99913E-05 0.735764 0.264136
9.99912E-05 0.220861 0.779039
0.31351 9.99912E-05 0.68639
9.99912E-05 0.419182 0.580718
0.0465776 0.0587834 0.894639
0.317126 9.99912E-05 0.682774
9.99912E-05 0.456878 0.543022
0.00276037 0.0675886 0.929651
0.704544 9.99912E-05 0.295356
0.691212 9.99912E-05 0.308688
9.99913E-05 0.563149 0.436751
0.043675 0.036104 0.920221
9.99912E-05 0.137219 0.862681
0.795343 0.156086 0.0485707
0.408159 0.511637 0.0802044
0.375521 0.264677 0.359802
9.999E-05 9.999E-05 0.9998
9.999E-05 9.999E-05 0.9998
9.99913E-05 0.529389 0.470511
0.29408 0.70582 9.99912E-05
0.200471 9.99912E-05 0.799429
