9.99912E-05 0.195881 0.804019
0.457167 0.542733 9.99913E-05
9.999E-05 0.457372 0.542528
9.999E-05 0.33737 0.66253
0.877719 0.122181 9.99913E-05
0.527494 0.231743 0.240763
0.363244 0.0425576 0.594199
0.61 9.99913E-05 0.3899
0.304428 0.487122 0.20845
0.489693 9.99912E-05 0.510207
0.434017 0.565883 9.99912E-05
9.999E-05 0.9998 9.999E-05
0.687151 9.99913E-05 0.312749
9.99912E-05 0.246094 0.753806
9.99912E-05 0.996421 0.00347911
0.132239 0.666575 0.201186
9.99913E-05 0.279553 0.720347
0.305437 0.415933 0.27863
0.102155 0.635263 0.262582
0.40398 0.498016 0.0980042
0.380989 0.618911 9.99912E-05
9.99912E-05 0.130932 0.868968
0.707861 9.99913E-05 0.292039
0.656562 0.343338 9.99912E-05
0.0584761 0.283166 0.658357
0.106423 0.641694 0.251883
0.0940032 0.429348 0.476649
0.0787142 0.263519 0.657767
0.16825 0.83165 9.99913E-05
9.999E-05 9.999E-05 0.9998
0.310419 0.689481 9.99912E-05
9.999E-05 9.999E-05 0.9998
0.427794 0.236613 0.335593
0.585958 0.413942 9.99912E-05
9.999E-05 9.999E-05 0.9998
0.92936 9.99912E-05 0.0705405
9.99912E-05 0.595739 0.404161
9.99914E-05 0.21172 0.78818
0.827898 0.172002 9.99913E-05
0.300768 9.99913E-05 0.699132
9.99912E-05 0.374337 0.625563
9.99912E-05 0.341576 0.658324
0.702379 0.297521 9.99912E-05
9.99913E-05 0.134737 0.865163
0.057031 9.99913E-05 0.942869
0.00329878 0.154743 0.841958
0.564048 9.99912E-05 0.435852
0.345229 0.214486 0.440285
9.99912E-05 0.341128 0.658772
0.474533 9.99912E-05 0.525367
0.223377 0.776523 9.99912E-05
0.0695021 0.122853 0.807645
0.945115 0.0218598 0.0330252
0.690734 0.309166 9.99911E-05
0.364823 0.275614 0.359563
0.172894 0.0104483 0.816658
0.627545 9.99912E-05 0.372355
0.475214 0.0489218 0.475864
9.999E-05 9.999E-05 0.9998
0.0153621 9.99912E-05 0.984538
9.999E-05 0.9998 9.999E-05
0.0639145 9.99912E-05 0.935986
0.97481 0.0250901 9.99913E-05
9.99913E-05 0.359169 0.640731
0.27951 9.99912E-05 0.72039
9.999E-05 9.999E-05 0.9998
0.723011 0.240151 0.0368376
9.99912E-05 0.130738 0.869162
0.00261101 0.997289 9.99912E-05
0.194802 0.473919 0.331279
0.657023 0.342877 9.99913E-05
0.649426 0.104029 0.246545
0.753329 9.99912E-05 0.246571
0.244032 0.755868 9.99913E-05
9.99912E-05 0.498812 0.501088
9.99912E-05 0.941184 0.0587164
0.286592 0.491654 0.221754
0.819801 9.99912E-05 0.180099
0.129469 0.716588 0.153943
0.113172 9.99912E-05 0.886728
0.450721 0.549179 9.99913E-05
0.195188 0.0520433 0.752768
0.657263 9.99912E-05 0.342637
0.180605 9.99912E-05 0.819295
0.47542 9.99913E-05 0.52448
9.99912E-05 0.683476 0.316424
9.999E-05 0.9998 9.999E-05
0.530267 9.99913E-05 0.469633
9.999E-05 9.999E-05 0.9998
0.509429 0.243021 0.24755
0.570144 0.348233 0.0816231
0.9998 9.999E-05 9.999E-05
0.761854 0.238046 9.99912E-05
0.214446 0.768009 0.0175446
0.36677 0.63313 9.99912E-05
9.99912E-05 0.751189 0.248711
0.656828 9.99912E-05 0.343072
0.156462 9.99912E-05 0.843438
0.811347 9.99912E-05 0.188553
0.136697 0.686522 0.176782
0.28018 0.290788 0.429033
0.20283 0.195831 0.601339
9.99912E-05 0.0414378 0.958462
9.99912E-05 0.495255 0.504645
0.0383576 0.53353 0.428113
0.255829 0.368614 0.375557
0.0511486 0.86563 0.0832211
0.226866 0.129947 0.643187
9.99912E-05 0.552118 0.447782
0.578458 9.99912E-05 0.421442
0.9998 9.999E-05 9.999E-05
0.29658 0.157475 0.545945
0.777621 0.222279 9.99913E-05
0.614517 0.385383 9.99912E-05
0.384577 0.595603 0.0198196
0.164433 0.835467 9.99912E-05
0.493091 0.506809 9.99913E-05
0.105348 0.244887 0.649765
0.50064 0.302403 0.196957
0.411401 0.588499 9.99912E-05
0.575069 9.99912E-05 0.424831
0.619571 0.380329 9.99912E-05
0.364823 0.243209 0.391968
0.420221 0.403223 0.176556
0.0364308 0.963469 9.99912E-05
0.642259 0.357641 9.99912E-05
9.999E-05 9.999E-05 0.9998
9.99913E-05 0.170993 0.828907
9.99913E-05 0.56482 0.43508
0.410358 0.435247 0.154395
0.861715 9.99912E-05 0.138185
0.474681 9.99913E-05 0.525219
0.0254855 0.0119124 0.962602
9.999E-05 9.999E-05 0.9998
0.0784808 0.190628 0.730892
0.333106 0.0552012 0.611693
9.99913E-05 0.0454521 0.954448
0.920385 0.0795149 9.99913E-05
0.9998 9.999E-05 9.999E-05
9.999E-05 0.9998 9.999E-05
9.99913E-05 0.218294 0.781606
0.816137 0.092866 0.0909967
0.472853 9.99912E-05 0.527047
9.999E-05 0.9998 9.999E-05
0.118098 0.359644 0.522258
0.726446 9.99912E-05 0.273454
0.572209 9.99912E-05 0.427691
0.0877831 0.102138 0.810079
0.265548 0.425214 0.309239
0.900404 0.0994962 9.99912E-05
0.254245 0.745655 9.99913E-05
0.253416 9.99913E-05 0.746484
0.360707 0.269756 0.369536
0.303374 0.598621 0.0980041
0.489131 0.510769 9.99912E-05
0.533859 0.266766 0.199375
0.363561 0.487914 0.148525
0.232236 0.645612 0.122151
9.99912E-05 0.394382 0.605518
9.99912E-05 0.711726 0.288174
0.513972 9.99912E-05 0.485928
0.0778842 0.922016 9.99913E-05
0.443614 0.0622924 0.494093
0.234069 0.684792 0.0811386
0.567647 0.378999 0.0533544
0.51473 0.48517 9.99912E-05
9.999E-05 9.999E-05 0.9998
0.0207283 0.648078 0.331194
0.287917 0.663851 0.0482314
0.383981 9.99912E-05 0.615919
0.597671 0.233492 0.168838
0.271838 0.728062 9.99913E-05
0.758594 0.241306 9.99912E-05
9.99912E-05 0.856232 0.143668
0.0260762 0.544191 0.429733
0.815583 0.184317 9.99913E-05
0.743344 0.0650363 0.191619
0.234964 0.734311 0.0307254
0.326883 0.636335 0.0367827
9.99912E-05 0.881336 0.118564
0.569932 0.429968 9.99912E-05
0.15066 0.84924 9.99913E-05
0.303463 0.37017 0.326367
0.16245 0.747453 0.0900977
0.757764 0.242136 9.99913E-05
0.768209 0.231691 9.99913E-05
0.314536 0.685364 9.99912E-05
0.9998 9.999E-05 9.999E-05
0.29589 0.515884 0.188226
0.117026 0.535529 0.347445
9.99912E-05 0.379623 0.620277
9.99912E-05 0.510582 0.489318
0.198981 9.99912E-05 0.800919
0.0737576 0.334602 0.591641
0.999172 9.99913E-05 0.000727721
0.0505453 0.808432 0.141023
0.426741 9.99912E-05 0.573159
0.828111 9.99914E-05 0.171789
9.99912E-05 0.172481 0.827419
0.9998 9.999E-05 9.999E-05
0.24712 0.584594 0.168286
0.585631 0.190646 0.223723
9.99911E-05 0.684377 0.315523
9.999E-05 0.9998 9.999E-05
9.99913E-05 0.84593 0.15397
0.0877182 0.811202 0.10108
9.999E-05 0.9998 9.999E-05
0.066075 0.0883707 0.845554
0.416723 0.358019 0.225258
0.196249 0.360604 0.443147
0.114325 0.885575 9.99912E-05
0.23442 0.763827 0.00175351
9.99913E-05 0.401738 0.598162
9.99912E-05 0.289098 0.710802
0.203621 0.408567 0.387812
0.148681 0.851219 9.99913E-05
0.401549 0.598351 9.99913E-05
9.99912E-05 0.924833 0.0750667
9.999E-05 9.999E-05 0.9998
9.99912E-05 0.124824 0.875076
9.99912E-05 0.863474 0.136426
9.999E-05 0.9998 9.999E-05
0.422199 0.577701 9.99912E-05
9.999E-05 0.9998 9.999E-05
9.99912E-05 0.317419 0.682481
0.0141026 0.937207 0.0486905
9.99913E-05 0.532377 0.467523
0.650034 9.99913E-05 0.349866
9.99912E-05 0.549423 0.450477
0.408028 9.99912E-05 0.591872
0.165518 0.511468 0.323015
9.999E-05 9.999E-05 0.9998
0.0129806 0.773165 0.213855
0.276123 0.723777 9.99913E-05
0.730001 0.00947333 0.260526
0.595747 0.306152 0.0981015
9.999E-05 9.999E-05 0.9998
9.99913E-05 0.416637 0.583263
0.172826 0.236921 0.590253
9.99913E-05 0.596328 0.403572
0.00503661 0.734897 0.260066
0.535376 0.464524 9.99912E-05
9.99913E-05 0.484879 0.515021
0.157392 0.431912 0.410696
9.99912E-05 0.495978 0.503922
0.0542478 0.527256 0.418497
9.99912E-05 0.637236 0.362664
9.999E-05 0.9998 9.999E-05
9.99912E-05 0.445545 0.554355
0.51475 0.48515 9.99913E-05
0.907278 9.99912E-05 0.0926218
0.527883 0.472017 9.99912E-05
0.0842399 0.169545 0.746215
0.595524 9.99912E-05 0.404376
0.265493 0.734407 9.99912E-05
9.99912E-05 0.365 0.6349
9.999E-05 0.9998 9.999E-05
0.551621 9.99913E-05 0.448279
0.371929 0.236272 0.391799
0.704779 0.264902 0.0303191
0.595225 0.404675 9.99912E-05
