0.118606 0.125092 9.9991E-05 0.756203
0.0361106 9.9982E-05 9.9982E-05 0.963689
0.0289506 0.535766 9.9991E-05 0.435184
9.999E-05 0.116467 0.300237 0.583196
0.410755 0.589045 9.9982E-05 9.9982E-05
9.9991E-05 0.0621548 0.897852 0.0398931
0.0370606 0.874054 0.0887854 9.9991E-05
9.9982E-05 0.0220011 9.9982E-05 0.977799
0.321333 9.9982E-05 0.678468 9.9982E-05
0.239746 0.760054 9.9982E-05 9.9982E-05
0.00934608 0.990454 9.99821E-05 9.99821E-05
9.9982E-05 9.9982E-05 0.135999 0.863801
0.478675 0.472389 0.048836 9.9991E-05
9.999E-05 0.894963 0.00705167 0.0978857
0.678137 0.321663 9.9982E-05 9.9982E-05
0.862624 9.99821E-05 0.137176 9.99821E-05
9.9991E-05 0.0266522 0.101986 0.871262
0.414457 0.331094 0.25435 9.9991E-05
9.9982E-05 9.9982E-05 0.994731 0.00506862
0.899545 9.9991E-05 0.0662778 0.0340768
0.767014 9.9982E-05 0.232786 9.9982E-05
0.337256 9.9991E-05 0.554492 0.108153
0.911961 9.9982E-05 0.0878391 9.9982E-05
0.167362 0.212217 0.114405 0.506016
9.9991E-05 0.83159 0.0564165 0.111893
0.782718 0.217082 9.9982E-05 9.9982E-05
9.9991E-05 0.254213 0.0651477 0.68054
0.149808 0.245003 0.605089 9.9991E-05
0.092979 9.99821E-05 9.99821E-05 0.906821
9.99821E-05 9.99821E-05 0.591803 0.407997
9.998E-05 0.9997 9.998E-05 9.998E-05
9.998E-05 0.9997 9.998E-05 9.998E-05
0.0467137 0.953086 9.9982E-05 9.9982E-05
9.9982E-05 0.118942 0.880858 9.9982E-05
9.9991E-05 0.0380007 0.0748569 0.887042
0.755934 9.9982E-05 0.243866 9.9982E-05
0.0673406 9.9982E-05 0.932459 9.9982E-05
9.9982E-05 0.0523005 0.9475 9.9982E-05
0.0693159 0.67267 0.101146 0.156868
9.99821E-05 9.99821E-05 0.922569 0.0772311
9.9982E-05 9.9982E-05 0.800559 0.199241
9.9982E-05 9.9982E-05 0.224405 0.775395
0.968014 9.9982E-05 9.9982E-05 0.0317863
9.9982E-05 0.855523 9.9982E-05 0.144277
0.70332 0.29648 9.9982E-05 9.9982E-05
9.998E-05 9.998E-05 9.998E-05 0.9997
0.635182 9.9982E-05 0.364618 9.9982E-05
0.0974666 9.99821E-05 0.902333 9.99821E-05
0.816438 0.123736 9.9991E-05 0.0597257
0.597267 9.9982E-05 0.402533 9.9982E-05
