0.162491 0.0722583 0.765151 9.9991E-05
9.999E-05 0.0286405 0.918455 0.0528041
0.459265 0.0208027 0.519832 9.9991E-05
0.210273 9.9991E-05 0.615941 0.173686
0.565716 0.434084 9.9982E-05 9.9982E-05
0.0371397 9.9991E-05 0.0952176 0.867543
0.846391 0.0653988 9.9991E-05 0.0881101
0.000788582 9.99821E-05 0.999011 9.99821E-05
9.9982E-05 0.243879 9.9982E-05 0.755921
0.680495 0.319305 9.99821E-05 9.99821E-05
0.963855 0.0359454 9.99821E-05 9.99821E-05
9.9982E-05 9.9982E-05 0.962915 0.0368853
0.442221 0.477317 0.00547981 0.0749824
0.896946 9.9991E-05 0.00108408 0.10187
0.33419 0.66561 9.9982E-05 9.9982E-05
0.0538698 0.734747 9.9991E-05 0.211283
0.0326419 9.9991E-05 0.925342 0.0419163
0.261353 0.464999 9.9991E-05 0.273548
9.9982E-05 9.9982E-05 0.058086 0.941714
9.9991E-05 0.921392 0.0168111 0.0616972
9.9991E-05 0.771019 0.0693242 0.159557
9.9991E-05 0.361446 0.0117878 0.626666
9.998E-05 0.9997 9.998E-05 9.998E-05
0.202636 0.137049 0.542248 0.118067
0.768583 9.9991E-05 0.156223 0.0750939
0.228349 0.771451 9.9982E-05 9.9982E-05
0.304956 9.9991E-05 0.68671 0.00823449
0.228954 0.119465 0.00625349 0.645327
9.998E-05 9.998E-05 0.9997 9.998E-05
9.99821E-05 9.99821E-05 0.419912 0.579888
0.968826 9.99821E-05 0.0309739 9.99821E-05
0.9997 9.998E-05 9.998E-05 9.998E-05
0.962089 0.0377115 9.9982E-05 9.9982E-05
0.0741662 9.9982E-05 9.9982E-05 0.925634
0.0211381 9.9982E-05 0.978662 9.9982E-05
9.9982E-05 0.707621 9.9982E-05 0.292179
9.998E-05 9.998E-05 9.998E-05 0.9997
0.0152259 9.9991E-05 0.0334914 0.951183
0.696184 0.104062 0.0784047 0.121349
0.0443484 9.9991E-05 0.0172304 0.938321
9.9982E-05 9.9982E-05 0.285498 0.714302
9.9982E-05 9.9982E-05 0.878919 0.120881
9.99821E-05 0.996696 0.00310416 9.99821E-05
0.91803 9.9982E-05 0.08177 9.9982E-05
0.197598 0.802202 9.9982E-05 9.9982E-05
9.998E-05 9.998E-05 0.9997 9.998E-05
9.9982E-05 0.508232 9.9982E-05 0.491568
9.99821E-05 0.136784 9.99821E-05 0.863016
0.109184 0.80569 0.0850268 9.9991E-05
9.99821E-05 0.612076 9.99821E-05 0.387724
