0.12683 9.99824E-05 9.99824E-05 0.314006 0.558964
0.156279 0.801834 9.99824E-05 0.0416876 9.99824E-05
9.99824E-05 0.380363 0.00922321 0.610214 9.99824E-05
0.433864 0.565837 9.99738E-05 9.99738E-05 9.99738E-05
0.518849 9.99823E-05 9.99823E-05 0.325803 0.155149
9.99824E-05 0.0370755 0.179437 9.99824E-05 0.783287
0.31458 0.131778 0.257415 9.99912E-05 0.296127
0.395695 0.382567 9.99826E-05 0.221538 9.99826E-05
9.99823E-05 0.567967 0.424335 0.00749796 9.99823E-05
9.99738E-05 0.357133 9.99738E-05 0.642567 9.99738E-05
0.463691 0.152634 0.201037 9.99912E-05 0.182539
9.99825E-05 0.287532 9.99825E-05 0.490084 0.222183
0.00987359 0.0561897 9.99912E-05 0.106377 0.82746
0.263711 9.99824E-05 0.233808 9.99824E-05 0.502281
0.0959772 0.206214 9.99912E-05 0.0118326 0.685876
9.99824E-05 0.198712 0.586032 9.99824E-05 0.215056
9.99826E-05 9.99826E-05 0.173382 0.0501412 0.776277
9.99824E-05 0.0196124 0.191878 0.788309 9.99824E-05
0.26459 9.99826E-05 0.240911 9.99826E-05 0.494299
0.633936 9.99824E-05 9.99824E-05 0.25321 0.112654
0.0392675 0.687567 9.99824E-05 9.99824E-05 0.272965
9.999E-05 0.0605166 0.15021 0.314681 0.474492
0.381598 9.99824E-05 0.351959 9.99824E-05 0.266243
9.999E-05 0.424567 0.16665 0.312188 0.0964948
0.663497 0.336203 9.99735E-05 9.99735E-05 9.99735E-05
9.99739E-05 9.99739E-05 9.99739E-05 0.768421 0.231279
9.99912E-05 0.24747 0.056996 0.384457 0.310977
0.247051 0.338365 0.176068 0.0913779 0.147138
9.99824E-05 0.417843 0.0202661 9.99824E-05 0.561691
0.175374 0.184549 0.587852 0.0521256 9.99912E-05
9.99736E-05 0.402044 9.99736E-05 9.99736E-05 0.597656
9.99825E-05 9.99825E-05 0.393282 0.163156 0.443362
9.99825E-05 9.99825E-05 0.437134 0.0696173 0.493049
0.0177367 0.0276028 0.412267 0.0681543 0.474239
9.99736E-05 9.99736E-05 0.937503 0.062197 9.99736E-05
0.284727 0.170946 9.99912E-05 0.331741 0.212487
9.99824E-05 0.564522 0.168028 0.26725 9.99824E-05
0.248979 9.99824E-05 0.26333 9.99824E-05 0.487491
9.99824E-05 9.99824E-05 0.781216 0.178359 0.0402249
9.99825E-05 0.284489 0.277809 9.99825E-05 0.437502
0.0123992 9.99736E-05 0.987301 9.99736E-05 9.99736E-05
9.99736E-05 0.346175 9.99736E-05 0.653525 9.99736E-05
0.0837138 0.158615 0.000633217 0.219278 0.53776
0.426567 9.99912E-05 0.230785 0.0283493 0.314199
9.99737E-05 9.99737E-05 9.99737E-05 0.0917271 0.907973
0.0164405 0.00777561 0.0895599 0.886124 9.99912E-05
0.0201457 0.345402 9.99829E-05 9.99829E-05 0.634252
0.528115 0.399066 9.99825E-05 9.99825E-05 0.0726194
9.99824E-05 0.147492 0.346717 9.99824E-05 0.50559
9.99735E-05 9.99735E-05 0.391072 9.99735E-05 0.608628
9.99735E-05 0.657118 9.99735E-05 0.342582 9.99735E-05
9.99736E-05 9.99736E-05 0.401044 9.99736E-05 0.598656
0.682947 0.158184 0.158669 9.99824E-05 9.99824E-05
0.0703923 0.224421 9.99912E-05 0.0148445 0.690242
0.295815 9.99825E-05 9.99825E-05 0.249339 0.454646
0.189169 9.99825E-05 0.241061 0.56957 9.99825E-05
9.997E-05 9.997E-05 0.9996 9.997E-05 9.997E-05
9.99824E-05 0.0515514 0.474539 0.473709 9.99824E-05
0.1788 9.99912E-05 0.347291 0.28598 0.187828
0.288991 9.99823E-05 0.307106 0.403703 9.99823E-05
0.397275 0.0457046 0.436301 9.99913E-05 0.120619
0.394099 9.99824E-05 0.285132 9.99824E-05 0.320569
0.490197 0.081913 9.99824E-05 0.42769 9.99824E-05
9.99735E-05 9.99735E-05 0.355551 0.644149 9.99735E-05
9.99825E-05 9.99825E-05 0.130003 0.770063 0.0997337
0.295204 0.0896816 0.614914 9.99823E-05 9.99823E-05
0.359455 0.133789 0.235751 0.270906 9.99912E-05
0.280243 9.99824E-05 9.99824E-05 0.37149 0.348066
9.997E-05 9.997E-05 9.997E-05 0.9996 9.997E-05
0.190299 9.99825E-05 0.0167499 9.99825E-05 0.792751
0.30741 0.191941 9.99913E-05 0.301609 0.198939
9.99823E-05 9.99823E-05 0.0639202 0.168181 0.767699
9.99912E-05 0.1239 0.0259728 0.121464 0.728563
9.99738E-05 9.99738E-05 9.99738E-05 0.743951 0.255749
0.337261 9.99824E-05 0.546317 0.116222 9.99824E-05
9.99737E-05 9.99737E-05 0.873829 0.125871 9.99737E-05
0.0884728 0.626641 0.284687 9.99824E-05 9.99824E-05
9.99824E-05 9.99824E-05 0.467041 0.420916 0.111843
9.99825E-05 0.11672 0.0580223 0.825058 9.99825E-05
9.99912E-05 0.0550072 0.424874 0.0994823 0.420536
9.997E-05 9.997E-05 9.997E-05 9.997E-05 0.9996
0.341195 0.262862 0.103864 0.291979 9.99913E-05
9.99825E-05 0.278805 0.0579487 9.99825E-05 0.663046
9.99912E-05 0.192037 0.0136151 0.395558 0.39869
0.618338 0.230692 9.99824E-05 0.15077 9.99824E-05
0.050863 0.150286 0.749689 9.99912E-05 0.0490625
9.99824E-05 9.99824E-05 0.237872 0.576043 0.185885
9.997E-05 9.997E-05 9.997E-05 0.9996 9.997E-05
9.99826E-05 0.227893 0.452256 9.99826E-05 0.31965
0.122751 0.16624 0.687215 0.0236946 9.99912E-05
9.99823E-05 0.122601 0.120255 0.756943 9.99823E-05
0.474834 9.99737E-05 0.524866 9.99737E-05 9.99737E-05
0.353378 9.99912E-05 0.404269 0.198938 0.0433143
0.642965 9.99824E-05 9.99824E-05 0.0861316 0.270704
9.99912E-05 0.268563 0.0717257 0.220196 0.439415
9.99824E-05 0.273089 0.0369724 0.689738 9.99824E-05
9.99739E-05 9.99739E-05 9.99739E-05 0.531114 0.468586
0.121066 0.09757 0.573937 9.99912E-05 0.207327
0.188259 0.126335 0.400046 0.285261 9.99912E-05
0.662882 0.0993815 0.0347136 0.157002 0.0460213
0.814536 9.99825E-05 0.179664 9.99825E-05 0.00560046
9.99824E-05 9.99824E-05 0.394169 0.410943 0.194688
9.99739E-05 9.99739E-05 0.585369 9.99739E-05 0.414331
0.510885 9.99824E-05 9.99824E-05 0.32479 0.164125
0.205724 0.169606 0.380293 0.244277 9.99912E-05
9.99824E-05 9.99824E-05 0.24491 0.281283 0.473608
9.99825E-05 9.99825E-05 0.34814 0.544359 0.107302
0.429751 9.99823E-05 0.185391 9.99823E-05 0.384658
0.125541 9.99824E-05 9.99824E-05 0.362608 0.511651
0.344399 9.9974E-05 9.9974E-05 0.655301 9.9974E-05
0.401788 9.99824E-05 0.248176 9.99824E-05 0.349836
0.32281 0.67689 9.99737E-05 9.99737E-05 9.99737E-05
0.807187 9.99739E-05 9.99739E-05 0.192513 9.99739E-05
0.156552 0.10655 9.99912E-05 0.0267302 0.710068
9.99741E-05 0.886925 0.112775 9.99741E-05 9.99741E-05
0.111603 0.148304 9.99913E-05 0.335314 0.404679
0.650098 9.99739E-05 0.349602 9.99739E-05 9.99739E-05
9.99826E-05 0.325268 0.0194203 9.99826E-05 0.655112
9.99735E-05 9.99735E-05 9.99735E-05 0.702208 0.297492
9.99825E-05 0.38188 9.99825E-05 0.42782 0.1901
0.177658 0.671867 0.150275 9.99825E-05 9.99825E-05
0.900718 9.99824E-05 9.99824E-05 0.0106547 0.0884274
9.99912E-05 0.590013 0.168603 0.182373 0.0589122
9.99824E-05 9.99824E-05 0.0471705 0.855662 0.0969676
9.99825E-05 0.148412 0.790036 9.99825E-05 0.0613518
0.242038 0.0823567 0.503687 9.99912E-05 0.171818
9.99823E-05 9.99823E-05 0.0176949 0.749393 0.232712
0.498545 0.385829 9.99825E-05 0.115426 9.99825E-05
9.99738E-05 0.905222 9.99738E-05 0.0944779 9.99738E-05
0.295019 9.99912E-05 0.477392 0.154893 0.0725958
9.99734E-05 0.48746 9.99734E-05 9.99734E-05 0.51224
0.9996 9.997E-05 9.997E-05 9.997E-05 9.997E-05
9.99824E-05 0.0907221 0.508454 0.400624 9.99824E-05
0.0205326 0.275293 0.33754 9.99912E-05 0.366534
9.99738E-05 9.99738E-05 0.936946 0.062754 9.99738E-05
9.997E-05 0.9996 9.997E-05 9.997E-05 9.997E-05
0.278109 0.0325556 0.189422 9.99912E-05 0.499813
0.07259 9.99825E-05 0.569743 0.357467 9.99825E-05
9.99912E-05 0.162602 0.303878 0.186156 0.347264
9.99824E-05 0.0642504 0.552104 0.383445 9.99824E-05
9.99738E-05 9.99738E-05 0.243383 9.99738E-05 0.756317
0.114846 0.113918 0.162167 0.297992 0.311077
0.629007 0.0977181 9.99826E-05 9.99826E-05 0.273075
0.448193 0.503831 9.99824E-05 0.047776 9.99824E-05
9.99912E-05 0.163174 0.158171 0.378741 0.299814
0.584778 0.294507 0.120515 9.99824E-05 9.99824E-05
9.99912E-05 0.165541 0.458714 0.271843 0.103802
0.287139 9.99824E-05 0.434303 0.278358 9.99824E-05
9.99737E-05 0.461383 9.99737E-05 0.538317 9.99737E-05
9.99826E-05 0.585567 9.99826E-05 0.28553 0.128703
0.440178 9.99825E-05 0.284434 0.275188 9.99825E-05
9.99824E-05 0.521947 0.279802 9.99824E-05 0.198051
0.341669 9.99912E-05 0.0788999 0.52281 0.0565207
0.349678 0.139572 9.99825E-05 0.51055 9.99825E-05
0.0462001 9.99824E-05 0.135597 9.99824E-05 0.818002
0.437012 9.99913E-05 0.0336611 0.41256 0.116667
9.99737E-05 9.99737E-05 0.410065 0.589635 9.99737E-05
0.51599 9.99824E-05 9.99824E-05 0.304008 0.179802
0.0692987 0.526426 9.99824E-05 0.404075 9.99824E-05
0.249013 9.99823E-05 0.295318 0.455469 9.99823E-05
9.99824E-05 0.168425 9.99824E-05 0.341122 0.490253
9.99739E-05 0.395381 9.99739E-05 9.99739E-05 0.604319
0.186749 0.438821 0.37423 9.99824E-05 9.99824E-05
9.99912E-05 0.530059 0.0183701 0.387123 0.0643483
9.99912E-05 0.115247 0.0596496 0.783043 0.04196
0.496296 0.123974 0.199414 0.0688791 0.111437
9.997E-05 9.997E-05 9.997E-05 0.9996 9.997E-05
9.99829E-05 9.99829E-05 0.217279 0.121222 0.661298
9.997E-05 9.997E-05 9.997E-05 0.9996 9.997E-05
0.0658496 0.407468 0.433355 0.0932278 9.99913E-05
9.99825E-05 0.682684 0.069027 9.99825E-05 0.248089
0.334645 0.355784 9.99825E-05 0.30937 9.99825E-05
9.997E-05 9.997E-05 9.997E-05 0.9996 9.997E-05
0.37265 0.0237427 0.440647 9.99913E-05 0.16286
0.148164 9.99825E-05 0.56663 9.99825E-05 0.285006
9.99825E-05 9.99825E-05 0.554086 0.122872 0.322842
0.150852 0.0889679 9.99825E-05 0.759981 9.99825E-05
0.361565 9.99738E-05 9.99738E-05 9.99738E-05 0.638135
0.289488 9.99735E-05 0.710213 9.99735E-05 9.99735E-05
0.417913 9.99825E-05 0.536876 9.99825E-05 0.0450107
0.206643 0.395418 9.99912E-05 0.171533 0.226306
9.99738E-05 9.99738E-05 0.30114 9.99738E-05 0.69856
9.9974E-05 9.9974E-05 9.9974E-05 0.386365 0.613335
0.0602628 9.99826E-05 9.99826E-05 0.17943 0.760107
0.636256 0.0397728 0.153766 9.99912E-05 0.170105
9.99739E-05 9.99739E-05 0.9945 0.00520046 9.99739E-05
9.99823E-05 0.62691 0.215997 9.99823E-05 0.156893
9.99737E-05 9.99737E-05 0.179443 9.99737E-05 0.820257
0.326689 9.99823E-05 0.0896757 9.99823E-05 0.583435
9.99739E-05 9.99739E-05 0.553064 9.99739E-05 0.446636
0.417662 0.0916317 0.44878 9.99912E-05 0.0418265
0.281942 9.99824E-05 0.34205 0.375808 9.99824E-05
9.997E-05 9.997E-05 9.997E-05 0.9996 9.997E-05
0.290636 9.99824E-05 9.99824E-05 0.198646 0.510518
9.99739E-05 0.711679 9.99739E-05 0.288021 9.99739E-05
0.032743 9.99824E-05 0.686135 9.99824E-05 0.280922
9.99825E-05 0.00758272 0.809396 0.182821 9.99825E-05
0.455627 0.000532842 0.355331 0.188409 9.99912E-05
9.99738E-05 0.787375 0.212325 9.99738E-05 9.99738E-05
9.99824E-05 9.99824E-05 0.129816 0.113041 0.756942
0.139394 0.17472 9.99912E-05 0.132423 0.553364
9.99826E-05 0.235989 9.99826E-05 0.0553718 0.708439
0.331733 0.158733 9.99824E-05 0.509334 9.99824E-05
9.99737E-05 0.69305 9.99737E-05 0.30665 9.99737E-05
9.99824E-05 0.238801 0.335493 0.425506 9.99824E-05
9.997E-05 9.997E-05 0.9996 9.997E-05 9.997E-05
9.99824E-05 0.461762 0.00833411 0.529704 9.99824E-05
0.0217856 0.163353 0.186151 0.539919 0.0887911
9.99825E-05 9.99825E-05 0.0356506 0.235697 0.728452
9.99912E-05 0.540804 0.0137913 0.381325 0.0639802
0.269535 9.99912E-05 0.22991 0.311711 0.188743
0.0595307 9.99912E-05 0.0547248 0.865778 0.019867
9.99734E-05 0.792475 9.99734E-05 0.207225 9.99734E-05
9.99736E-05 0.282851 9.99736E-05 0.716849 9.99736E-05
9.99738E-05 9.99738E-05 0.367446 0.632254 9.99738E-05
9.99738E-05 9.99738E-05 9.99738E-05 0.104838 0.894863
0.485174 0.458336 9.99825E-05 9.99825E-05 0.0562908
0.483365 0.128979 9.99824E-05 0.387456 9.99824E-05
9.99824E-05 0.199453 0.72377 0.076577 9.99824E-05
0.0901756 9.99823E-05 0.806246 0.103378 9.99823E-05
9.99738E-05 9.99738E-05 0.517415 0.482285 9.99738E-05
0.152651 0.204779 9.99826E-05 0.64237 9.99826E-05
0.0645071 0.496045 0.439248 9.99824E-05 9.99824E-05
0.0453037 0.468162 0.486334 9.99824E-05 9.99824E-05
0.115188 0.235401 0.0143958 0.19133 0.443686
0.9996 9.997E-05 9.997E-05 9.997E-05 9.997E-05
9.99824E-05 0.383164 9.99824E-05 0.590905 0.0257319
0.301572 9.99735E-05 9.99735E-05 0.698128 9.99735E-05
9.99911E-05 0.0765966 0.181101 0.345811 0.396392
0.707071 9.99738E-05 9.99738E-05 9.99738E-05 0.292629
0.0703382 0.169583 9.99912E-05 0.431021 0.328958
0.132813 0.866887 9.99738E-05 9.99738E-05 9.99738E-05
9.99824E-05 0.230453 0.433737 9.99824E-05 0.33561
9.99735E-05 0.594581 0.405119 9.99735E-05 9.99735E-05
9.99738E-05 0.854186 9.99738E-05 9.99738E-05 0.145514
9.99824E-05 0.554621 9.99824E-05 0.31873 0.126449
9.99738E-05 9.99738E-05 0.399398 0.600302 9.99738E-05
9.99738E-05 9.99738E-05 9.99738E-05 0.186564 0.813136
9.99736E-05 0.124282 9.99736E-05 0.875418 9.99736E-05
0.467608 0.189079 0.222192 0.121021 9.99912E-05
0.108203 0.640593 0.009711 0.241393 9.99913E-05
0.184401 9.99825E-05 9.99825E-05 0.0345718 0.780827
9.99826E-05 9.99826E-05 0.292884 0.403025 0.303891
0.523944 9.99737E-05 9.99737E-05 0.475756 9.99737E-05
9.99824E-05 0.537481 9.99824E-05 0.285502 0.176817
9.99736E-05 9.99736E-05 0.810505 9.99736E-05 0.189195
9.99737E-05 9.99737E-05 0.13351 0.86619 9.99737E-05
9.99824E-05 0.020935 9.99824E-05 0.697367 0.281498
0.593855 0.405845 9.99738E-05 9.99738E-05 9.99738E-05
0.378189 0.621511 9.99735E-05 9.99735E-05 9.99735E-05
9.99824E-05 0.158551 0.508594 9.99824E-05 0.332655
0.1913 0.0511745 0.367076 0.390349 9.99912E-05
9.99825E-05 9.99825E-05 0.440224 0.113527 0.446049
0.522743 9.99825E-05 0.206777 0.270279 9.99825E-05
0.371262 0.278056 9.99824E-05 0.350482 9.99824E-05
0.478149 0.521551 9.99738E-05 9.99738E-05 9.99738E-05
0.243495 9.99824E-05 9.99824E-05 0.59442 0.161886
9.99736E-05 9.99736E-05 0.745887 9.99736E-05 0.253813
0.122826 9.99824E-05 0.32382 0.553154 9.99824E-05
0.0772304 0.301786 9.99824E-05 9.99824E-05 0.620783
0.208832 0.431574 0.342768 9.99913E-05 0.0167256
