0.146195 0.44094 0.161116 0.181745 0.0700044
0.147921 0.385008 9.99824E-05 0.466871 9.99824E-05
0.747864 9.99738E-05 0.251836 9.99738E-05 9.99738E-05
9.997E-05 0.9996 9.997E-05 9.997E-05 9.997E-05
0.0549275 0.438931 0.505942 9.99824E-05 9.99824E-05
0.61599 9.99739E-05 9.99739E-05 0.38371 9.99739E-05
0.121919 0.456954 9.99824E-05 0.420927 9.99824E-05
0.672732 9.99825E-05 9.99825E-05 0.288307 0.0387613
9.999E-05 0.117214 0.377773 0.0465479 0.458366
0.47784 0.120792 0.187861 9.99912E-05 0.213406
0.596612 0.03379 9.99824E-05 0.369398 9.99824E-05
0.206382 0.406924 0.218833 0.167762 9.99912E-05
0.0357055 0.472325 9.99912E-05 0.22884 0.26303
9.99824E-05 9.99824E-05 0.604978 0.292462 0.102359
0.0505553 0.296002 9.99913E-05 0.553828 0.0995146
0.323409 0.174912 0.50148 9.99824E-05 9.99824E-05
9.99824E-05 0.313856 0.436316 0.249628 9.99824E-05
9.99737E-05 0.976346 0.0233538 9.99737E-05 9.99737E-05
0.677884 0.236562 9.99827E-05 9.99827E-05 0.085354
9.99825E-05 0.124503 0.404858 0.470439 9.99825E-05
0.491419 0.190961 9.99824E-05 9.99824E-05 0.31742
9.99825E-05 0.403118 9.99825E-05 0.317638 0.279044
0.502137 9.99738E-05 9.99738E-05 0.497563 9.99738E-05
0.685704 0.0936552 9.99826E-05 9.99826E-05 0.22044
0.195192 0.513994 0.0274486 9.99913E-05 0.263265
9.99738E-05 9.99738E-05 0.273488 0.726212 9.99738E-05
0.0755719 0.466579 9.99824E-05 0.457649 9.99824E-05
0.31499 0.577536 9.99826E-05 0.107274 9.99826E-05
0.0727986 0.600389 0.254323 9.99913E-05 0.0723899
0.481146 0.270475 0.226983 0.0133997 0.00799543
9.99912E-05 0.683848 0.174974 0.071882 0.0691958
9.99824E-05 0.446981 0.232646 0.320173 9.99824E-05
0.423965 9.99738E-05 9.99738E-05 0.575735 9.99738E-05
9.99912E-05 0.330663 0.0780706 0.249426 0.34174
0.824471 9.99736E-05 9.99736E-05 0.175229 9.99736E-05
9.99824E-05 0.027979 0.605036 0.366785 9.99824E-05
0.664586 0.2239 9.99823E-05 0.111314 9.99823E-05
0.498396 0.0936036 9.99824E-05 0.4078 9.99824E-05
9.99824E-05 0.299425 0.336671 9.99824E-05 0.363704
9.99738E-05 0.561213 9.99738E-05 0.438487 9.99738E-05
9.99739E-05 0.623579 9.99739E-05 0.376121 9.99739E-05
0.134032 9.99824E-05 0.692212 0.173556 9.99824E-05
0.960256 9.99737E-05 9.99737E-05 0.0394436 9.99737E-05
0.375745 0.225787 9.99824E-05 9.99824E-05 0.398268
9.99824E-05 0.113943 0.800255 9.99824E-05 0.0856027
9.99823E-05 0.270271 0.301595 0.427934 9.99823E-05
0.645046 9.99823E-05 9.99823E-05 0.120571 0.234182
9.99824E-05 0.297178 9.99824E-05 0.316529 0.386093
9.99824E-05 9.99824E-05 0.153588 0.47408 0.372132
9.9974E-05 9.9974E-05 9.9974E-05 0.478538 0.521162
0.490078 9.99825E-05 9.99825E-05 0.3121 0.197622
9.99912E-05 0.187686 0.175979 0.444719 0.191516
0.458227 0.282566 9.99825E-05 0.259007 9.99825E-05
9.99738E-05 0.90357 9.99738E-05 9.99738E-05 0.0961299
0.047688 0.0936045 0.483367 0.298033 0.0773072
0.0426432 0.117186 9.99913E-05 0.334332 0.505739
0.837622 0.162078 9.99737E-05 9.99737E-05 9.99737E-05
9.99823E-05 0.633689 0.210707 0.155404 9.99823E-05
0.475197 9.99735E-05 9.99735E-05 0.524503 9.99735E-05
0.720735 0.062583 0.00990919 0.122831 0.0839419
0.0272682 9.99827E-05 9.99827E-05 0.0262414 0.94629
0.350077 0.0249416 9.99913E-05 0.451138 0.173744
0.481949 0.00770753 9.99912E-05 0.0903321 0.419912
0.404203 0.151757 0.015358 0.123315 0.305367
0.647311 9.99825E-05 0.0291406 0.323348 9.99825E-05
0.69829 9.99735E-05 9.99735E-05 0.30141 9.99735E-05
9.99825E-05 9.99825E-05 0.626557 0.310274 0.0629686
9.99824E-05 9.99824E-05 0.131561 0.306307 0.561932
0.337683 0.222014 9.99824E-05 9.99824E-05 0.440103
9.99738E-05 0.728841 9.99738E-05 9.99738E-05 0.270859
0.158475 9.99912E-05 0.69764 0.0854739 0.0583118
0.425884 0.133252 0.238969 0.201795 9.99912E-05
9.99824E-05 0.42251 9.99824E-05 0.506614 0.0706763
9.99738E-05 9.99738E-05 0.703715 9.99738E-05 0.295985
9.99824E-05 0.447313 9.99824E-05 0.512143 0.0403441
9.99825E-05 0.639289 0.0359898 0.324521 9.99825E-05
0.873741 9.99825E-05 0.113836 9.99825E-05 0.0122231
0.351327 0.648373 9.99737E-05 9.99737E-05 9.99737E-05
9.99737E-05 0.673195 0.326505 9.99737E-05 9.99737E-05
0.82358 9.99737E-05 9.99737E-05 9.99737E-05 0.17612
0.109895 9.99825E-05 0.607248 0.282657 9.99825E-05
9.997E-05 9.997E-05 9.997E-05 9.997E-05 0.9996
9.99736E-05 9.99736E-05 0.0930525 9.99736E-05 0.906648
0.0768282 9.99912E-05 0.093275 0.45969 0.370107
0.460164 9.99825E-05 0.14179 0.397845 9.99825E-05
9.99824E-05 0.376432 0.58121 9.99824E-05 0.0421584
9.99912E-05 0.141785 0.0611756 0.16366 0.633279
0.734753 9.99735E-05 9.99735E-05 0.264947 9.99735E-05
9.997E-05 9.997E-05 0.9996 9.997E-05 9.997E-05
0.181881 9.99824E-05 0.32029 9.99824E-05 0.497629
0.0408832 0.158215 0.139591 0.412918 0.248392
0.133463 9.99824E-05 0.830699 0.0356377 9.99824E-05
0.651904 9.99826E-05 9.99826E-05 0.257875 0.0900208
0.152428 0.277239 0.241995 0.328238 9.99912E-05
0.45813 0.307405 0.234265 9.99824E-05 9.99824E-05
0.0962121 9.99825E-05 9.99825E-05 0.627052 0.276536
9.99737E-05 9.99737E-05 0.00249697 9.99737E-05 0.997203
0.503239 9.99737E-05 0.496461 9.99737E-05 9.99737E-05
9.99824E-05 0.234535 9.99824E-05 0.599975 0.16529
9.99824E-05 0.00716419 9.99824E-05 0.410538 0.582098
0.349716 9.99738E-05 9.99738E-05 0.649984 9.99738E-05
0.571262 9.99738E-05 9.99738E-05 9.99738E-05 0.428438
9.997E-05 9.997E-05 9.997E-05 0.9996 9.997E-05
0.301842 0.540779 9.99824E-05 9.99824E-05 0.157179
9.99824E-05 0.223666 9.99824E-05 0.0497689 0.726366
9.99824E-05 0.633541 0.2572 0.109059 9.99824E-05
0.827158 9.99825E-05 9.99825E-05 0.156862 0.0157801
9.99735E-05 9.99735E-05 0.307907 0.691793 9.99735E-05
0.193366 0.518583 0.179102 0.108848 9.99913E-05
0.173708 0.106485 9.99913E-05 0.673492 0.0462148
9.99912E-05 0.352876 0.0196051 0.0399184 0.5875
9.99736E-05 9.99736E-05 9.99736E-05 0.0338178 0.965882
0.134772 9.99825E-05 9.99825E-05 0.800919 0.0641085
9.99736E-05 0.909856 9.99736E-05 0.0898438 9.99736E-05
9.997E-05 9.997E-05 0.9996 9.997E-05 9.997E-05
9.99736E-05 9.99736E-05 0.491126 9.99736E-05 0.508574
0.442649 9.99912E-05 0.174075 0.246321 0.136856
9.99827E-05 0.194386 0.528693 0.276722 9.99827E-05
0.372462 9.99912E-05 0.484593 0.0211291 0.121716
9.99825E-05 0.945251 0.0110405 9.99825E-05 0.0435087
0.241652 0.557619 9.99823E-05 0.200529 9.99823E-05
9.99825E-05 0.261302 9.99825E-05 0.418841 0.319657
0.102942 0.00227251 0.693476 9.99912E-05 0.201209
0.181856 9.99825E-05 0.269712 0.548232 9.99825E-05
0.313861 0.0875021 0.384269 9.99913E-05 0.214268
9.99736E-05 9.99736E-05 0.0714435 0.928257 9.99736E-05
0.0434532 9.99825E-05 0.387689 0.568658 9.99825E-05
0.302751 0.451608 0.245441 9.99824E-05 9.99824E-05
0.122175 0.322568 0.449803 0.105354 9.99912E-05
0.153654 0.267858 0.118321 0.460066 9.99912E-05
9.99735E-05 9.99735E-05 0.00825841 0.991442 9.99735E-05
0.464039 9.99824E-05 0.0534916 0.482269 9.99824E-05
0.95201 9.99737E-05 0.0476896 9.99737E-05 9.99737E-05
0.000562573 9.99824E-05 9.99824E-05 0.235881 0.763357
9.99825E-05 0.503611 0.353589 0.1426 9.99825E-05
0.23572 0.32436 9.99826E-05 9.99826E-05 0.43972
0.0971136 9.99824E-05 0.508962 0.393725 9.99824E-05
0.580938 0.418762 9.99736E-05 9.99736E-05 9.99736E-05
0.873252 9.99736E-05 9.99736E-05 9.99736E-05 0.126448
9.99824E-05 0.352172 9.99824E-05 0.586302 0.0613263
0.361511 0.370046 0.0464364 9.99912E-05 0.221906
9.99824E-05 0.717946 9.99824E-05 0.140848 0.141006
9.99737E-05 0.890606 9.99737E-05 9.99737E-05 0.109094
9.99736E-05 0.471837 9.99736E-05 0.527864 9.99736E-05
0.181044 9.99912E-05 0.656398 0.0264538 0.136004
0.300299 0.13885 0.441353 0.104057 0.015441
0.19195 0.80775 9.99736E-05 9.99736E-05 9.99736E-05
0.320072 9.99826E-05 0.465499 0.214229 9.99826E-05
0.331313 9.99824E-05 9.99824E-05 0.535516 0.132971
0.055182 9.99824E-05 0.499172 0.445447 9.99824E-05
0.72484 9.99737E-05 9.99737E-05 0.27486 9.99737E-05
9.99913E-05 0.273665 0.0993286 0.315436 0.31147
9.99736E-05 9.99736E-05 0.423821 9.99736E-05 0.575879
0.359193 0.593131 9.99824E-05 9.99824E-05 0.0474766
9.99736E-05 0.147147 9.99736E-05 9.99736E-05 0.852553
0.466668 0.230055 9.99912E-05 0.061566 0.241611
9.99824E-05 0.682698 9.99824E-05 0.00906439 0.308038
0.313788 0.227564 0.229589 9.99912E-05 0.228958
9.99913E-05 0.458892 0.0972261 0.277042 0.166739
0.109087 0.236557 0.359184 0.295073 9.99912E-05
0.122373 0.124406 0.753021 9.99825E-05 9.99825E-05
0.609431 9.99824E-05 9.99824E-05 0.186766 0.203603
0.525283 0.220083 0.254434 9.99824E-05 9.99824E-05
0.644951 0.0481877 0.306661 9.99824E-05 9.99824E-05
9.99734E-05 0.804894 9.99734E-05 0.194806 9.99734E-05
0.9996 9.997E-05 9.997E-05 9.997E-05 9.997E-05
0.55832 0.440247 9.99825E-05 9.99825E-05 0.00123338
0.0208445 0.59987 9.99825E-05 0.379085 9.99825E-05
9.997E-05 0.9996 9.997E-05 9.997E-05 9.997E-05
9.99824E-05 0.286979 0.260032 9.99824E-05 0.452789
0.289658 0.294282 0.415861 9.99824E-05 9.99824E-05
9.99913E-05 0.127689 0.773413 0.0451232 0.0536743
9.99824E-05 0.516866 9.99824E-05 0.415054 0.0678797
0.323177 0.544254 9.99825E-05 9.99825E-05 0.132369
9.99912E-05 0.241957 0.0487236 0.377431 0.331789
0.349566 0.405164 9.99824E-05 0.24507 9.99824E-05
0.165899 9.99825E-05 9.99825E-05 0.323909 0.509992
0.305849 0.0157579 0.304141 0.143444 0.230808
0.811103 9.99737E-05 0.188598 9.99737E-05 9.99737E-05
0.418158 0.581542 9.99738E-05 9.99738E-05 9.99738E-05
0.145835 0.423758 9.99913E-05 0.282695 0.147611
0.9996 9.997E-05 9.997E-05 9.997E-05 9.997E-05
0.711345 9.99736E-05 9.99736E-05 0.288355 9.99736E-05
9.99824E-05 0.372521 0.387178 0.240101 9.99824E-05
9.997E-05 9.997E-05 9.997E-05 0.9996 9.997E-05
0.792913 9.99823E-05 9.99823E-05 0.195156 0.0117306
9.99735E-05 0.435364 9.99735E-05 0.564336 9.99735E-05
0.146423 9.99912E-05 0.680861 0.1242 0.0484154
0.569525 0.17862 9.99826E-05 0.251656 9.99826E-05
9.99738E-05 0.92288 9.99738E-05 9.99738E-05 0.0768197
0.274199 0.132477 9.99824E-05 0.593124 9.99824E-05
0.264006 0.123007 0.612787 9.99825E-05 9.99825E-05
0.0141027 0.375492 0.610205 9.99824E-05 9.99824E-05
9.99737E-05 0.903012 0.0966878 9.99737E-05 9.99737E-05
0.618862 9.99912E-05 0.355333 0.00672835 0.0189773
0.152747 0.172593 0.493854 0.180706 9.99912E-05
0.57015 0.42955 9.99736E-05 9.99736E-05 9.99736E-05
9.99738E-05 9.99738E-05 9.99738E-05 0.582557 0.417143
0.157544 0.800637 0.0416184 9.99824E-05 9.99824E-05
0.0598134 9.99912E-05 0.0392254 0.643961 0.2569
0.758961 9.99737E-05 9.99737E-05 0.240739 9.99737E-05
9.99735E-05 0.611363 9.99735E-05 0.388337 9.99735E-05
9.99912E-05 0.747828 0.117648 0.0952686 0.0391561
0.647586 0.123403 9.99912E-05 0.000370552 0.22854
9.99826E-05 0.210612 0.338443 0.450745 9.99826E-05
0.303298 9.99824E-05 0.258928 0.437574 9.99824E-05
9.9974E-05 0.639856 9.9974E-05 0.359844 9.9974E-05
9.99737E-05 0.39656 9.99737E-05 9.99737E-05 0.60314
0.58672 0.41298 9.99738E-05 9.99738E-05 9.99738E-05
0.224526 0.0650881 0.170435 0.209672 0.330279
0.0403408 0.425639 9.99913E-05 0.248749 0.28517
0.390754 9.99826E-05 0.116455 0.492592 9.99826E-05
0.337887 9.99912E-05 0.0192418 0.453147 0.189624
0.718517 9.99827E-05 0.0895959 0.191687 9.99827E-05
9.99739E-05 0.362074 9.99739E-05 0.637626 9.99739E-05
0.146162 0.454749 0.176234 0.222755 9.99913E-05
9.99825E-05 0.496746 9.99825E-05 0.122724 0.38033
9.99823E-05 9.99823E-05 0.13774 0.706029 0.156031
0.508926 0.157553 0.123961 0.209459 9.99912E-05
0.709036 9.99735E-05 9.99735E-05 0.290664 9.99735E-05
0.476716 0.0266277 0.0574693 0.439087 9.99912E-05
0.482844 9.99825E-05 0.27284 0.244116 9.99825E-05
0.0168631 9.99911E-05 0.403549 0.269099 0.310388
9.99825E-05 0.107492 0.668603 0.223704 9.99825E-05
0.0168772 9.99824E-05 9.99824E-05 0.273992 0.708931
0.2794 0.720301 9.99737E-05 9.99737E-05 9.99737E-05
0.407673 0.0321909 9.99825E-05 0.559937 9.99825E-05
9.99824E-05 0.3942 0.241547 0.364053 9.99824E-05
0.653453 0.145902 9.99823E-05 0.200445 9.99823E-05
0.280738 0.237463 9.99912E-05 0.0289505 0.452748
0.275307 9.99825E-05 0.261978 0.462515 9.99825E-05
0.561064 0.329902 9.99824E-05 9.99824E-05 0.108834
0.539541 0.436706 0.00449654 9.99912E-05 0.0191567
9.99734E-05 0.583154 9.99734E-05 0.416546 9.99734E-05
0.237317 9.99913E-05 0.170788 0.302769 0.289026
0.202598 0.176381 0.0271264 0.464383 0.129511
0.277279 0.394144 0.328376 9.99824E-05 9.99824E-05
0.606765 9.99912E-05 0.228626 0.00983908 0.15467
0.598461 9.99824E-05 0.258276 9.99824E-05 0.143063
0.049057 0.652432 9.99825E-05 0.298311 9.99825E-05
0.3468 0.2232 9.99825E-05 0.429801 9.99825E-05
0.242877 9.99913E-05 0.327885 0.36804 0.0610976
0.0784712 0.532688 9.99912E-05 0.384663 0.00407743
9.99738E-05 9.99738E-05 9.99738E-05 0.397195 0.602505
0.0164906 0.0536165 9.99912E-05 0.0374799 0.892313
0.200639 0.405716 9.99826E-05 0.393445 9.99826E-05
0.183478 9.99824E-05 9.99824E-05 0.415564 0.400758
0.248917 0.746077 9.99827E-05 0.00480599 9.99827E-05
0.414765 0.29685 9.99823E-05 0.288185 9.99823E-05
9.99736E-05 0.536504 9.99736E-05 0.463197 9.99736E-05
0.142942 0.0600021 0.62663 0.170326 9.99913E-05
9.99738E-05 0.878582 0.121118 9.99738E-05 9.99738E-05
0.11382 9.99913E-05 0.0505444 0.643499 0.192037
0.291125 0.0385853 9.99825E-05 9.99825E-05 0.67009
9.99824E-05 0.296372 9.99824E-05 0.522864 0.180564
9.99912E-05 0.439133 0.00806534 0.313679 0.239023
9.99825E-05 0.0674801 0.25732 0.675 9.99825E-05
0.474313 9.99736E-05 9.99736E-05 0.525387 9.99736E-05
9.997E-05 0.9996 9.997E-05 9.997E-05 9.997E-05
0.800241 0.0473794 0.152179 9.99825E-05 9.99825E-05
0.166598 0.545414 0.0314779 9.99913E-05 0.256411
