9.99826E-05 9.99826E-05 0.680653 0.149524 0.1531 0.016523
0.373018 9.99736E-05 9.99736E-05 0.44399 0.182691 9.99736E-05
0.248296 9.99736E-05 0.701712 9.99736E-05 0.0496921 9.99736E-05
9.99737E-05 0.108011 9.99737E-05 9.99737E-05 0.552621 0.339068
9.99736E-05 0.149701 0.473464 9.99736E-05 0.376535 9.99736E-05
0.741673 9.99738E-05 9.99738E-05 0.0250887 9.99738E-05 0.232939
0.485745 0.191904 9.99825E-05 9.99825E-05 0.284483 0.0376683
0.250647 9.99825E-05 0.300545 0.0966827 0.351926 9.99825E-05
0.0625429 0.339399 0.273036 0.324822 9.99824E-05 9.99824E-05
9.99648E-05 0.3306 9.99648E-05 0.669 9.99648E-05 9.99648E-05
0.140603 0.602303 9.99826E-05 0.0849005 0.171994 9.99826E-05
9.9965E-05 0.247605 9.9965E-05 9.9965E-05 9.9965E-05 0.751995
0.532904 0.423006 9.99735E-05 0.0437896 9.99735E-05 9.99735E-05
0.764766 0.234834 9.99648E-05 9.99648E-05 9.99648E-05 9.99648E-05
9.99653E-05 9.99653E-05 0.890769 9.99653E-05 9.99653E-05 0.108831
9.9965E-05 0.752976 9.9965E-05 0.246624 9.9965E-05 9.9965E-05
9.99739E-05 0.0211373 0.975032 9.99739E-05 9.99739E-05 0.00353097
0.26438 9.99737E-05 0.359009 9.99737E-05 0.376311 9.99737E-05
0.283081 0.334259 0.0294267 9.99824E-05 9.99824E-05 0.353033
0.492859 0.308444 0.198396 9.99737E-05 9.99737E-05 9.99737E-05
0.0130725 9.99735E-05 0.678094 0.308534 9.99735E-05 9.99735E-05
0.406918 9.99736E-05 0.234993 9.99736E-05 9.99736E-05 0.35779
9.99649E-05 9.99649E-05 0.0210408 0.978559 9.99649E-05 9.99649E-05
9.996E-05 0.9995 9.996E-05 9.996E-05 9.996E-05 9.996E-05
9.9965E-05 0.0511118 9.9965E-05 9.9965E-05 0.948488 9.9965E-05
9.99734E-05 0.438575 0.439674 9.99734E-05 0.121451 9.99734E-05
0.107177 0.323088 0.179509 0.390026 9.99824E-05 9.99824E-05
9.99737E-05 0.276736 9.99737E-05 0.0918907 0.631074 9.99737E-05
9.996E-05 0.9995 9.996E-05 9.996E-05 9.996E-05 9.996E-05
9.99654E-05 0.343578 9.99654E-05 9.99654E-05 0.656022 9.99654E-05
9.996E-05 0.9995 9.996E-05 9.996E-05 9.996E-05 9.996E-05
0.216198 0.598605 0.117034 0.0234005 9.99912E-05 0.0446628
9.996E-05 9.996E-05 0.9995 9.996E-05 9.996E-05 9.996E-05
0.0666133 0.115051 0.0400902 0.524695 0.25345 9.99912E-05
0.465075 9.99738E-05 0.131273 0.403352 9.99738E-05 9.99738E-05
9.99735E-05 0.376312 0.276802 9.99735E-05 9.99735E-05 0.346586
0.905952 9.99737E-05 0.0608423 0.032906 9.99737E-05 9.99737E-05
9.99737E-05 0.256427 9.99737E-05 0.313016 9.99737E-05 0.430257
0.298041 0.465124 9.99737E-05 0.236535 9.99737E-05 9.99737E-05
0.0946362 9.99738E-05 9.99738E-05 9.99738E-05 0.379915 0.525149
9.99736E-05 0.768432 9.99736E-05 0.0138979 0.21737 9.99736E-05
9.996E-05 0.9995 9.996E-05 9.996E-05 9.996E-05 9.996E-05
9.99823E-05 0.440655 0.118214 0.0143804 0.426551 9.99823E-05
9.99913E-05 0.310255 0.268122 0.191199 0.0338398 0.196484
0.150079 0.797304 0.0523168 9.99736E-05 9.99736E-05 9.99736E-05
9.99736E-05 0.545167 0.139825 9.99736E-05 9.99736E-05 0.314709
9.99912E-05 0.0566094 0.252137 0.0621604 0.448071 0.180923
0.0167856 0.138631 9.99912E-05 0.750342 0.0432405 0.0509006
0.633726 9.99738E-05 9.99738E-05 0.054594 9.99738E-05 0.31138
0.382254 0.0310385 0.107775 9.99824E-05 0.478733 9.99824E-05
0.568848 0.219414 9.99737E-05 9.99737E-05 0.211438 9.99737E-05
0.513127 0.253526 0.233047 9.99735E-05 9.99735E-05 9.99735E-05
0.378676 0.176786 0.318472 9.99825E-05 9.99825E-05 0.125866
9.99735E-05 0.851219 0.0804446 9.99735E-05 0.0680365 9.99735E-05
9.99738E-05 0.275138 0.421466 9.99738E-05 9.99738E-05 0.303096
9.99647E-05 0.899815 9.99647E-05 9.99647E-05 0.0997852 9.99647E-05
9.9965E-05 9.9965E-05 9.9965E-05 0.427036 0.572564 9.9965E-05
0.612854 0.131575 0.255272 9.99738E-05 9.99738E-05 9.99738E-05
0.348841 0.575506 9.99736E-05 0.0753531 9.99736E-05 9.99736E-05
0.242781 9.99824E-05 0.313368 9.99824E-05 0.380451 0.0632004
9.99738E-05 0.553506 9.99738E-05 0.176372 9.99738E-05 0.269822
0.63504 0.162057 9.99737E-05 0.202604 9.99737E-05 9.99737E-05
0.491114 0.508487 9.9965E-05 9.9965E-05 9.9965E-05 9.9965E-05
0.49671 0.13015 9.99824E-05 0.307849 9.99824E-05 0.0650919
0.236889 0.694951 9.99738E-05 9.99738E-05 9.99738E-05 0.06786
0.998965 9.99648E-05 9.99648E-05 9.99648E-05 9.99648E-05 0.000635069
9.99647E-05 9.99647E-05 0.517038 0.482562 9.99647E-05 9.99647E-05
0.207411 0.0168444 9.99736E-05 9.99736E-05 9.99736E-05 0.775445
9.99736E-05 0.273945 9.99736E-05 9.99736E-05 0.428663 0.297092
0.580437 0.117894 0.0763836 0.00526886 0.219916 9.99912E-05
9.99737E-05 0.151749 0.185547 9.99737E-05 0.662404 9.99737E-05
9.99735E-05 9.99735E-05 0.327076 9.99735E-05 0.0553708 0.617253
9.99737E-05 0.0608857 9.99737E-05 0.790517 0.148298 9.99737E-05
9.9965E-05 0.376858 9.9965E-05 9.9965E-05 9.9965E-05 0.622742
9.99737E-05 0.427814 9.99737E-05 9.99737E-05 0.312991 0.258895
9.99655E-05 0.552292 0.447308 9.99655E-05 9.99655E-05 9.99655E-05
0.706713 9.99653E-05 9.99653E-05 9.99653E-05 0.292887 9.99653E-05
9.99649E-05 0.282425 9.99649E-05 0.717175 9.99649E-05 9.99649E-05
0.0957793 9.99651E-05 9.99651E-05 9.99651E-05 0.903821 9.99651E-05
0.327005 0.292816 0.156753 9.99825E-05 9.99825E-05 0.223226
0.46504 0.0285956 0.35318 0.152984 9.99824E-05 9.99824E-05
9.99825E-05 9.99825E-05 0.0575974 0.453286 0.335444 0.153473
0.112398 0.589311 0.293097 9.99824E-05 9.99824E-05 0.00499415
0.263615 9.99736E-05 0.463853 9.99736E-05 0.272231 9.99736E-05
9.99736E-05 0.238031 0.219328 9.99736E-05 0.542341 9.99736E-05
9.99737E-05 0.292379 0.393512 0.313809 9.99737E-05 9.99737E-05
0.642992 0.142347 0.02937 9.99826E-05 9.99826E-05 0.185091
9.99736E-05 9.99736E-05 0.34112 0.0703711 9.99736E-05 0.588209
0.02862 0.224139 0.376187 0.370854 9.99825E-05 9.99825E-05
0.144888 0.301521 9.99824E-05 0.0890582 0.464333 9.99824E-05
0.230839 9.99824E-05 0.0823353 0.36577 0.320856 9.99824E-05
9.99737E-05 0.507016 9.99737E-05 0.169984 9.99737E-05 0.3227
0.330909 9.99824E-05 0.0457363 0.412564 0.210591 9.99824E-05
9.99738E-05 0.628301 0.11925 9.99738E-05 9.99738E-05 0.252149
0.126718 0.316238 0.514744 0.0421003 9.99824E-05 9.99824E-05
9.99646E-05 0.890736 9.99646E-05 9.99646E-05 9.99646E-05 0.108864
0.652157 9.99738E-05 0.326479 9.99738E-05 0.0210646 9.99738E-05
0.32241 0.425454 0.16959 0.0461224 0.0363227 9.99912E-05
9.99737E-05 0.19094 0.128074 9.99737E-05 0.680686 9.99737E-05
0.218728 0.45696 0.258441 0.0656713 9.99823E-05 9.99823E-05
0.20733 0.316954 9.99825E-05 9.99825E-05 0.228437 0.247079
9.99737E-05 0.310873 9.99737E-05 0.135592 0.553235 9.99737E-05
9.99735E-05 0.228126 9.99735E-05 0.35606 9.99735E-05 0.415515
0.159804 0.32032 0.0643183 0.117411 0.127702 0.210445
9.99824E-05 0.0558461 9.99824E-05 0.262141 0.598374 0.0834387
0.443413 0.0256889 9.99737E-05 9.99737E-05 9.99737E-05 0.530598
0.044322 0.0643111 0.792646 9.99823E-05 0.0985211 9.99823E-05
0.773322 0.223934 9.99735E-05 9.99735E-05 9.99735E-05 0.00244379
0.486078 0.513522 9.99648E-05 9.99648E-05 9.99648E-05 9.99648E-05
0.0129734 0.908842 9.99739E-05 9.99739E-05 9.99739E-05 0.0778843
0.105018 9.99735E-05 0.171733 9.99735E-05 9.99735E-05 0.722949
0.152643 0.683177 9.99737E-05 9.99737E-05 0.163881 9.99737E-05
0.22823 0.149387 9.99736E-05 9.99736E-05 9.99736E-05 0.622084
9.99824E-05 0.645335 9.99824E-05 0.315161 0.0215845 0.0177201
0.0953003 0.9043 9.99651E-05 9.99651E-05 9.99651E-05 9.99651E-05
9.99649E-05 0.514526 9.99649E-05 9.99649E-05 9.99649E-05 0.485074
0.489716 9.99651E-05 9.99651E-05 9.99651E-05 0.509885 9.99651E-05
9.99654E-05 0.625392 9.99654E-05 9.99654E-05 0.374208 9.99654E-05
0.659184 9.99736E-05 0.170453 9.99736E-05 0.170064 9.99736E-05
0.0606318 0.648617 9.99824E-05 9.99824E-05 0.280147 0.0104042
0.590125 9.99737E-05 9.99737E-05 0.318374 9.99737E-05 0.0912011
0.413738 0.433959 9.99738E-05 0.152003 9.99738E-05 9.99738E-05
0.0448637 9.99825E-05 0.248018 0.464939 0.241979 9.99825E-05
9.99736E-05 9.99736E-05 0.371421 0.103294 9.99736E-05 0.524985
9.99824E-05 0.548505 0.081854 0.0978732 0.271568 9.99824E-05
0.0932908 9.99739E-05 0.465672 9.99739E-05 0.440737 9.99739E-05
0.493653 0.505947 9.99649E-05 9.99649E-05 9.99649E-05 9.99649E-05
0.268367 9.99737E-05 0.277549 0.453784 9.99737E-05 9.99737E-05
9.99912E-05 0.216155 0.251401 0.329647 0.16468 0.0380178
0.402551 0.0868658 0.279523 0.230861 9.99823E-05 9.99823E-05
9.99824E-05 0.119404 0.624231 0.195688 9.99824E-05 0.0604772
0.185047 0.0295517 9.99912E-05 0.0522879 0.19081 0.542204
0.41098 9.99912E-05 0.13386 0.22284 0.0717626 0.160458
0.0517629 0.474889 9.99913E-05 0.0987966 0.329016 0.0454362
9.99649E-05 9.99649E-05 0.517338 9.99649E-05 9.99649E-05 0.482262
9.99824E-05 0.24577 9.99824E-05 0.224705 0.355772 0.173553
0.0801848 0.142579 9.99824E-05 9.99824E-05 0.236903 0.540133
9.99735E-05 0.644758 0.0531474 9.99735E-05 0.301795 9.99735E-05
0.295607 9.99735E-05 0.276084 9.99735E-05 9.99735E-05 0.428009
0.808333 9.99649E-05 9.99649E-05 0.191267 9.99649E-05 9.99649E-05
0.476434 9.99648E-05 9.99648E-05 9.99648E-05 0.523166 9.99648E-05
0.0337513 0.153629 0.0818438 9.99912E-05 0.55867 0.172006
0.898701 9.99649E-05 9.99649E-05 9.99649E-05 9.99649E-05 0.100899
9.99825E-05 0.144188 9.99825E-05 0.222074 0.592238 0.0413
9.99824E-05 0.520045 9.99824E-05 0.170324 0.282317 0.0271143
9.99736E-05 0.22982 9.99736E-05 9.99736E-05 0.449399 0.320481
9.99737E-05 9.99737E-05 0.196963 9.99737E-05 0.567141 0.235596
0.164008 0.616861 0.218831 9.99737E-05 9.99737E-05 9.99737E-05
9.99737E-05 0.0278483 0.588066 9.99737E-05 0.383786 9.99737E-05
9.99912E-05 0.372005 0.00820787 0.109978 0.361071 0.148639
0.173467 0.316862 0.462042 9.99824E-05 0.0474297 9.99824E-05
9.99825E-05 0.348354 0.138432 0.235341 0.277673 9.99825E-05
0.370666 0.444405 0.106515 0.0151564 0.0631574 9.99912E-05
9.99736E-05 9.99736E-05 0.164711 0.570003 0.264986 9.99736E-05
9.99735E-05 0.634266 9.99735E-05 9.99735E-05 0.0139703 0.351463
0.962018 9.99647E-05 9.99647E-05 9.99647E-05 9.99647E-05 0.0375819
9.99737E-05 0.743863 0.0880032 9.99737E-05 0.167833 9.99737E-05
0.425566 0.535252 0.0388822 9.99735E-05 9.99735E-05 9.99735E-05
0.11141 0.0626154 0.535746 0.290028 9.99824E-05 9.99824E-05
0.269663 0.115883 0.521609 9.99825E-05 9.99825E-05 0.0926458
9.99736E-05 0.395543 0.25418 0.349977 9.99736E-05 9.99736E-05
9.99651E-05 0.315774 9.99651E-05 0.683826 9.99651E-05 9.99651E-05
9.99912E-05 0.515704 0.158819 0.0411154 0.00921121 0.27505
0.387319 9.99738E-05 9.99738E-05 0.340955 9.99738E-05 0.271426
9.996E-05 0.9995 9.996E-05 9.996E-05 9.996E-05 9.996E-05
0.315802 0.213918 9.99736E-05 0.469979 9.99736E-05 9.99736E-05
0.140912 9.99736E-05 9.99736E-05 9.99736E-05 0.587491 0.271297
9.99824E-05 0.189493 0.02854 0.113744 0.668023 9.99824E-05
9.99649E-05 9.99649E-05 9.99649E-05 0.0286557 0.970944 9.99649E-05
0.137211 0.341801 9.99825E-05 0.440982 0.0798054 9.99825E-05
0.741092 0.0356088 9.99826E-05 9.99826E-05 0.165451 0.0576477
9.99736E-05 0.61289 9.99736E-05 0.362643 0.0241669 9.99736E-05
0.287449 9.99912E-05 0.1605 0.338114 0.210202 0.00363422
9.99648E-05 0.605653 9.99648E-05 0.393947 9.99648E-05 9.99648E-05
0.0530821 9.99824E-05 0.324633 0.0959284 0.526156 9.99824E-05
0.158361 0.290053 0.21869 9.99824E-05 9.99824E-05 0.332695
0.127618 0.0530162 0.36549 0.142764 0.311011 9.99912E-05
0.256837 9.99823E-05 0.00998592 9.99823E-05 0.286629 0.446348
9.99646E-05 0.814978 9.99646E-05 9.99646E-05 0.184622 9.99646E-05
0.9995 9.996E-05 9.996E-05 9.996E-05 9.996E-05 9.996E-05
0.301079 0.0433975 9.99912E-05 0.0931087 0.149614 0.412701
9.99651E-05 9.99651E-05 9.99651E-05 0.73755 9.99651E-05 0.26205
0.00520625 0.414003 9.99912E-05 0.0213638 0.443196 0.116131
9.996E-05 0.9995 9.996E-05 9.996E-05 9.996E-05 9.996E-05
0.440196 0.0261533 9.99912E-05 0.00489409 0.412486 0.116171
0.202971 0.3738 0.160903 0.20135 0.0473538 0.0136218
0.0855533 0.358045 9.99823E-05 9.99823E-05 0.153953 0.402248
0.300245 9.99824E-05 0.187601 0.316012 9.99824E-05 0.195942
0.1097 0.3614 0.0853236 0.443377 9.99823E-05 9.99823E-05
0.566294 0.201235 9.99735E-05 9.99735E-05 0.232171 9.99735E-05
0.0652507 0.0736363 0.00136068 0.382165 0.477487 9.99912E-05
0.440068 0.559532 9.99649E-05 9.99649E-05 9.99649E-05 9.99649E-05
0.178423 9.99738E-05 9.99738E-05 0.758849 0.0624279 9.99738E-05
0.322928 0.460105 0.216668 9.99735E-05 9.99735E-05 9.99735E-05
9.99648E-05 9.99648E-05 9.99648E-05 9.99648E-05 0.393562 0.606038
0.320119 0.0439887 9.99824E-05 0.517914 9.99824E-05 0.117779
9.99646E-05 0.957704 9.99646E-05 0.0418964 9.99646E-05 9.99646E-05
0.657858 0.330299 0.0115428 9.99737E-05 9.99737E-05 9.99737E-05
9.99737E-05 0.181095 9.99737E-05 9.99737E-05 0.649287 0.169318
0.9995 9.996E-05 9.996E-05 9.996E-05 9.996E-05 9.996E-05
0.214961 0.556796 9.99736E-05 9.99736E-05 0.227943 9.99736E-05
0.0641962 0.482811 0.0989312 0.164425 0.189537 9.99912E-05
9.99736E-05 0.369128 0.298791 9.99736E-05 0.331781 9.99736E-05
0.168669 0.462749 9.99737E-05 0.368283 9.99737E-05 9.99737E-05
0.0769106 0.38183 9.99737E-05 0.54096 9.99737E-05 9.99737E-05
9.99741E-05 0.452769 9.99741E-05 0.36163 9.99741E-05 0.185302
9.99738E-05 9.99738E-05 0.42098 9.99738E-05 0.162933 0.415787
0.204658 0.374461 9.99735E-05 0.420581 9.99735E-05 9.99735E-05
9.99737E-05 9.99737E-05 0.37471 0.534117 9.99737E-05 0.0908727
0.0742066 0.868212 0.0572814 9.99735E-05 9.99735E-05 9.99735E-05
0.222034 0.137449 0.127909 0.0964767 9.99912E-05 0.416031
9.99911E-05 0.361129 0.33507 0.021752 0.0917342 0.190215
9.99737E-05 0.377035 0.0265205 0.596144 9.99737E-05 9.99737E-05
0.109361 0.573724 9.99736E-05 0.316615 9.99736E-05 9.99736E-05
9.99826E-05 0.139021 0.118027 9.99826E-05 0.0185916 0.724161
9.99651E-05 0.930857 9.99651E-05 9.99651E-05 9.99651E-05 0.0687429
9.99825E-05 0.719131 0.00584204 0.0508587 9.99825E-05 0.223968
0.211002 0.317213 0.200955 9.99912E-05 0.229341 0.0413887
0.782225 9.99736E-05 9.99736E-05 0.00893538 9.99736E-05 0.20854
0.979825 9.99647E-05 9.99647E-05 9.99647E-05 0.0197748 9.99647E-05
0.116021 9.99737E-05 0.356388 0.527292 9.99737E-05 9.99737E-05
0.00920441 0.60365 0.128556 9.99912E-05 0.121533 0.136956
0.401037 0.52992 0.0687424 9.99737E-05 9.99737E-05 9.99737E-05
9.99825E-05 0.51538 9.99825E-05 0.00395764 0.302452 0.178011
0.539869 0.0490072 9.99825E-05 9.99825E-05 0.118767 0.292157
0.436798 9.99737E-05 9.99737E-05 9.99737E-05 0.0443016 0.518601
9.99736E-05 9.99736E-05 9.99736E-05 0.224553 0.325709 0.449438
0.203138 0.529662 9.99736E-05 9.99736E-05 0.2669 9.99736E-05
0.128402 9.99912E-05 0.0447892 0.100372 0.640097 0.0862399
0.770606 0.139735 9.99738E-05 9.99738E-05 9.99738E-05 0.089359
0.230272 0.448986 0.232378 9.99824E-05 0.0881636 9.99824E-05
9.99738E-05 0.100233 9.99738E-05 0.208418 0.691049 9.99738E-05
0.175133 0.824467 9.99648E-05 9.99648E-05 9.99648E-05 9.99648E-05
0.119977 9.99825E-05 0.0450213 9.99825E-05 0.478469 0.356333
9.99736E-05 9.99736E-05 0.654221 9.99736E-05 0.297043 0.0484361
0.253788 9.99647E-05 9.99647E-05 9.99647E-05 0.745812 9.99647E-05
0.28823 9.99737E-05 0.525834 0.185636 9.99737E-05 9.99737E-05
0.128054 0.471278 0.392225 0.00824264 9.99825E-05 9.99825E-05
9.99652E-05 0.61184 9.99652E-05 0.38776 9.99652E-05 9.99652E-05
0.656059 0.271896 9.99738E-05 0.0717451 9.99738E-05 9.99738E-05
0.232206 0.719768 0.027462 9.99825E-05 9.99825E-05 0.020364
9.99824E-05 0.54128 0.220167 9.99824E-05 0.117329 0.121024
9.99649E-05 0.53625 0.46335 9.99649E-05 9.99649E-05 9.99649E-05
9.99652E-05 9.99652E-05 9.99652E-05 0.144804 9.99652E-05 0.854796
0.264862 0.734738 9.99649E-05 9.99649E-05 9.99649E-05 9.99649E-05
9.99824E-05 0.0543871 0.656127 0.226059 0.0632277 9.99824E-05
0.902886 9.99647E-05 9.99647E-05 9.99647E-05 0.0967138 9.99647E-05
0.265528 0.130009 0.118862 0.271827 9.99912E-05 0.213675
0.843955 9.99647E-05 9.99647E-05 9.99647E-05 9.99647E-05 0.155645
9.99648E-05 0.862936 9.99648E-05 9.99648E-05 0.136664 9.99648E-05
0.0779524 0.921648 9.99647E-05 9.99647E-05 9.99647E-05 9.99647E-05
9.99737E-05 0.752827 0.109756 0.137117 9.99737E-05 9.99737E-05
0.73356 9.99649E-05 9.99649E-05 0.26604 9.99649E-05 9.99649E-05
9.99649E-05 9.99649E-05 9.99649E-05 0.256444 0.743156 9.99649E-05
9.99649E-05 0.680803 9.99649E-05 9.99649E-05 9.99649E-05 0.318797
9.99737E-05 0.585623 9.99737E-05 0.2111 9.99737E-05 0.202976
0.0842186 9.99737E-05 0.418967 9.99737E-05 9.99737E-05 0.496514
9.99649E-05 0.976834 9.99649E-05 9.99649E-05 0.0227664 9.99649E-05
9.99651E-05 9.99651E-05 0.634951 9.99651E-05 0.364649 9.99651E-05
9.99824E-05 0.42168 0.26193 0.254361 0.0618297 9.99824E-05
0.169677 9.99738E-05 9.99738E-05 9.99738E-05 0.687492 0.142531
