0.137671 9.99737E-05 9.99737E-05 0.293892 0.568137 9.99737E-05
0.664075 9.99826E-05 0.19554 0.0707542 9.99826E-05 0.0694313
9.999E-05 0.321852 0.217725 0.0951304 0.167072 0.19812
9.9965E-05 9.9965E-05 0.921645 9.9965E-05 0.0779547 9.9965E-05
9.99648E-05 9.99648E-05 9.99648E-05 0.536864 9.99648E-05 0.462736
9.99824E-05 0.126233 0.101536 9.99824E-05 0.637913 0.134117
9.9965E-05 9.9965E-05 9.9965E-05 0.678765 0.320835 9.9965E-05
0.303598 9.99649E-05 9.99649E-05 0.696002 9.99649E-05 9.99649E-05
9.99735E-05 0.295915 0.375107 9.99735E-05 0.328678 9.99735E-05
0.0391148 9.99741E-05 0.633964 9.99741E-05 9.99741E-05 0.326621
9.99736E-05 0.153322 0.0113776 9.99736E-05 0.835 9.99736E-05
9.99824E-05 9.99824E-05 0.350902 0.125534 0.0109004 0.512464
0.346896 9.99825E-05 9.99825E-05 0.0252183 0.568413 0.059273
0.478998 9.99823E-05 9.99823E-05 0.0605175 0.347886 0.112398
9.99737E-05 0.000388579 0.165868 0.833443 9.99737E-05 9.99737E-05
0.0770836 9.99825E-05 0.384137 0.239533 9.99825E-05 0.299046
0.0316233 9.99824E-05 0.479077 0.242921 9.99824E-05 0.246178
0.0123412 9.99736E-05 0.598068 9.99736E-05 0.389291 9.99736E-05
9.99648E-05 9.99648E-05 0.636789 9.99648E-05 0.362811 9.99648E-05
9.99647E-05 9.99647E-05 0.442316 9.99647E-05 0.557284 9.99647E-05
0.651933 9.99649E-05 0.347667 9.99649E-05 9.99649E-05 9.99649E-05
0.521007 9.99735E-05 9.99735E-05 9.99735E-05 0.27864 0.200053
9.99654E-05 9.99654E-05 9.99654E-05 0.747454 0.252146 9.99654E-05
9.99651E-05 9.99651E-05 0.658067 9.99651E-05 0.341533 9.99651E-05
9.9965E-05 9.9965E-05 9.9965E-05 0.9423 9.9965E-05 0.0573005
0.324546 0.435667 9.99739E-05 9.99739E-05 0.239487 9.99739E-05
9.99736E-05 0.287471 9.99736E-05 0.0826418 0.629588 9.99736E-05
0.182841 9.99912E-05 0.0733954 0.0990076 0.0409933 0.603663
9.9965E-05 9.9965E-05 0.534552 9.9965E-05 9.9965E-05 0.465048
0.560911 9.99647E-05 0.438689 9.99647E-05 9.99647E-05 9.99647E-05
9.99736E-05 9.99736E-05 0.554783 9.99736E-05 0.00307507 0.441842
0.150523 9.9974E-05 9.9974E-05 0.664506 0.184671 9.9974E-05
9.99651E-05 9.99651E-05 9.99651E-05 9.99651E-05 0.53999 0.45961
9.99648E-05 0.310209 9.99648E-05 0.689391 9.99648E-05 9.99648E-05
0.125411 9.99735E-05 9.99735E-05 0.397422 0.476867 9.99735E-05
0.00241781 9.99824E-05 0.4142 0.0355958 0.547586 9.99824E-05
0.429172 9.99736E-05 0.0853026 9.99736E-05 0.485226 9.99736E-05
0.86181 0.13779 9.99651E-05 9.99651E-05 9.99651E-05 9.99651E-05
9.99736E-05 9.99736E-05 0.0228431 0.823949 0.152908 9.99736E-05
9.996E-05 9.996E-05 9.996E-05 0.9995 9.996E-05 9.996E-05
0.338768 0.660832 9.99649E-05 9.99649E-05 9.99649E-05 9.99649E-05
0.3521 9.99737E-05 0.454722 0.192878 9.99737E-05 9.99737E-05
0.479342 0.280531 9.99825E-05 9.99825E-05 0.110089 0.129838
0.542806 9.99736E-05 9.99736E-05 0.198836 9.99736E-05 0.258058
0.0133955 9.99739E-05 9.99739E-05 0.167988 0.818317 9.99739E-05
9.99649E-05 9.99649E-05 0.683275 9.99649E-05 9.99649E-05 0.316325
9.996E-05 0.9995 9.996E-05 9.996E-05 9.996E-05 9.996E-05
9.99652E-05 0.904256 9.99652E-05 9.99652E-05 0.0953443 9.99652E-05
0.181216 9.99735E-05 0.371198 0.447286 9.99735E-05 9.99735E-05
0.359346 0.196948 0.262534 0.153238 9.99912E-05 0.0278346
9.99649E-05 0.256 0.7436 9.99649E-05 9.99649E-05 9.99649E-05
9.99912E-05 0.0505692 0.475922 0.10942 0.337178 0.0268107
9.99737E-05 0.0980553 9.99737E-05 9.99737E-05 0.507194 0.394451
9.99647E-05 9.99647E-05 0.136246 0.863354 9.99647E-05 9.99647E-05
9.99736E-05 9.99736E-05 0.0221007 0.0464727 0.931127 9.99736E-05
9.99653E-05 9.99653E-05 9.99653E-05 9.99653E-05 0.36172 0.63788
9.99737E-05 0.231864 9.99737E-05 9.99737E-05 0.336405 0.431431
9.99734E-05 9.99734E-05 9.99734E-05 0.557725 0.374516 0.0674588
0.0400028 9.99651E-05 9.99651E-05 9.99651E-05 0.959597 9.99651E-05
0.758081 9.99735E-05 0.0255515 9.99735E-05 0.216067 9.99735E-05
9.99913E-05 0.13603 0.495166 0.178601 0.158115 0.031989
0.329143 9.99737E-05 9.99737E-05 0.574845 9.99737E-05 0.0957119
9.99651E-05 9.99651E-05 0.20045 9.99651E-05 0.79915 9.99651E-05
0.55353 9.99646E-05 9.99646E-05 9.99646E-05 9.99646E-05 0.44607
9.99735E-05 0.236076 0.728725 9.99735E-05 0.0348998 9.99735E-05
9.99734E-05 9.99734E-05 0.210235 0.185209 0.604256 9.99734E-05
0.369887 9.99648E-05 0.629713 9.99648E-05 9.99648E-05 9.99648E-05
0.148802 9.99738E-05 9.99738E-05 9.99738E-05 0.633517 0.217381
9.99649E-05 0.0819063 0.917694 9.99649E-05 9.99649E-05 9.99649E-05
9.99737E-05 0.116584 9.99737E-05 0.333629 9.99737E-05 0.549488
0.0816919 9.99824E-05 0.201174 0.694043 0.0228916 9.99824E-05
9.99647E-05 9.99647E-05 0.862943 0.136657 9.99647E-05 9.99647E-05
0.334145 9.99648E-05 9.99648E-05 0.665456 9.99648E-05 9.99648E-05
9.99737E-05 0.617091 0.338388 0.0442217 9.99737E-05 9.99737E-05
0.368999 0.211952 0.194618 0.224231 9.99824E-05 9.99824E-05
9.99734E-05 9.99734E-05 0.158054 0.660993 9.99734E-05 0.180654
0.417292 9.99824E-05 0.0853833 0.38872 0.108405 9.99824E-05
0.029571 0.0395595 0.0627349 9.99824E-05 0.867935 9.99824E-05
9.99651E-05 0.0844132 0.915187 9.99651E-05 9.99651E-05 9.99651E-05
9.99736E-05 0.463545 0.237634 9.99736E-05 0.298521 9.99736E-05
9.99736E-05 0.0664339 9.99736E-05 0.617715 9.99736E-05 0.315551
9.99649E-05 0.918556 0.0810442 9.99649E-05 9.99649E-05 9.99649E-05
0.477626 9.99823E-05 0.329683 0.051336 0.141154 9.99823E-05
0.165652 9.99824E-05 0.410274 0.346907 0.076968 9.99824E-05
0.45446 0.00792482 0.537316 9.99736E-05 9.99736E-05 9.99736E-05
9.99823E-05 0.459368 0.0212417 0.325851 0.193339 9.99823E-05
9.9965E-05 9.9965E-05 0.913439 9.9965E-05 0.0861614 9.9965E-05
0.137087 0.49832 0.346796 9.99824E-05 0.0175977 9.99824E-05
0.437725 0.467285 0.0946897 9.99738E-05 9.99738E-05 9.99738E-05
9.99649E-05 9.99649E-05 9.99649E-05 0.740651 0.258949 9.99649E-05
0.090292 9.99737E-05 0.20141 9.99737E-05 9.99737E-05 0.707998
0.19193 0.189569 9.99825E-05 0.299015 9.99825E-05 0.319285
0.74402 9.99646E-05 9.99646E-05 9.99646E-05 0.25558 9.99646E-05
0.681643 9.99739E-05 0.152833 0.165223 9.99739E-05 9.99739E-05
9.99649E-05 9.99649E-05 0.725659 9.99649E-05 0.273941 9.99649E-05
9.99826E-05 9.99826E-05 0.591284 0.0733787 0.318459 0.0166784
9.99735E-05 0.319725 0.480504 0.199471 9.99735E-05 9.99735E-05
0.413818 9.99736E-05 9.99736E-05 0.266101 0.319781 9.99736E-05
9.99648E-05 9.99648E-05 0.663789 9.99648E-05 0.335811 9.99648E-05
0.520169 9.99736E-05 0.356324 0.123207 9.99736E-05 9.99736E-05
9.99736E-05 0.0226168 0.394466 0.582617 9.99736E-05 9.99736E-05
9.99735E-05 0.190098 0.35441 9.99735E-05 0.455193 9.99735E-05
9.99738E-05 9.99738E-05 0.235461 9.99738E-05 0.391304 0.372935
0.361224 9.99826E-05 0.2094 0.38276 0.0464153 9.99826E-05
0.477902 9.99825E-05 0.179004 0.186744 0.15615 9.99825E-05
0.404426 9.99735E-05 0.235002 9.99735E-05 0.360272 9.99735E-05
0.0308899 0.0133435 0.149925 0.231502 9.99912E-05 0.57424
0.65309 9.99737E-05 0.0516936 9.99737E-05 0.294916 9.99737E-05
9.99737E-05 0.361377 9.99737E-05 0.119747 0.518575 9.99737E-05
9.99651E-05 9.99651E-05 0.692692 9.99651E-05 0.306908 9.99651E-05
0.109638 9.99738E-05 9.99738E-05 0.759967 0.130095 9.99738E-05
9.99824E-05 9.99824E-05 0.80658 0.0682554 0.0754139 0.0495511
0.154636 9.99735E-05 0.423075 0.421989 9.99735E-05 9.99735E-05
9.99736E-05 9.99736E-05 0.18226 0.80848 9.99736E-05 0.00896011
0.230567 9.9974E-05 0.718658 0.0504748 9.9974E-05 9.9974E-05
9.99649E-05 0.451889 0.547711 9.99649E-05 9.99649E-05 9.99649E-05
9.99736E-05 9.99736E-05 0.2143 9.99736E-05 0.386731 0.398669
9.99739E-05 0.0171657 0.853205 9.99739E-05 9.99739E-05 0.12933
9.99825E-05 0.422914 9.99825E-05 0.0455992 0.404846 0.126441
0.0881276 0.0962451 0.366585 9.99824E-05 0.448842 9.99824E-05
0.440865 9.99649E-05 9.99649E-05 0.558736 9.99649E-05 9.99649E-05
0.323494 0.0630212 9.99737E-05 0.613185 9.99737E-05 9.99737E-05
0.147632 9.99824E-05 9.99824E-05 0.446617 0.166302 0.239248
0.601805 0.0356122 9.99823E-05 0.301704 0.0606789 9.99823E-05
9.99912E-05 0.213464 0.0318177 0.0351852 0.223582 0.495851
0.0369088 9.99735E-05 0.460226 9.99735E-05 0.502566 9.99735E-05
9.99737E-05 9.99737E-05 0.17818 9.99737E-05 0.395528 0.425991
0.251183 0.177496 0.0216572 0.549464 9.99824E-05 9.99824E-05
9.99824E-05 0.346227 0.134967 0.470443 9.99824E-05 0.0481627
9.99824E-05 0.0525304 9.99824E-05 0.759425 0.0161379 0.171706
0.664266 9.99824E-05 0.139706 0.0668709 0.128957 9.99824E-05
0.336774 9.99735E-05 9.99735E-05 0.515694 0.147231 9.99735E-05
0.790156 0.207721 9.99736E-05 9.99736E-05 0.00182319 9.99736E-05
0.592132 9.99647E-05 0.407468 9.99647E-05 9.99647E-05 9.99647E-05
9.99824E-05 0.420637 0.0188561 0.0465593 0.513748 9.99824E-05
0.416922 9.99738E-05 9.99738E-05 0.579489 9.99738E-05 0.00328835
0.107436 0.0188942 0.490893 0.382577 9.99825E-05 9.99825E-05
0.29564 9.99823E-05 0.480263 0.130091 0.0938063 9.99823E-05
9.99648E-05 9.99648E-05 9.99648E-05 0.538988 0.460612 9.99648E-05
0.0678691 0.18441 0.532709 0.0874737 9.99912E-05 0.127438
0.0753096 0.123988 9.99825E-05 0.752158 0.0483442 9.99825E-05
0.0129014 9.99912E-05 0.264074 0.0459568 0.108075 0.568893
9.99649E-05 9.99649E-05 9.99649E-05 0.995027 0.00457355 9.99649E-05
0.172636 9.99651E-05 9.99651E-05 0.826964 9.99651E-05 9.99651E-05
9.99738E-05 0.293673 0.0494706 0.656557 9.99738E-05 9.99738E-05
0.0996162 9.99738E-05 0.502717 9.99738E-05 0.397366 9.99738E-05
9.99824E-05 9.99824E-05 0.333604 0.0255278 0.420742 0.219927
9.99738E-05 9.99738E-05 9.99738E-05 0.248582 0.425431 0.325687
0.634036 0.365564 9.99647E-05 9.99647E-05 9.99647E-05 9.99647E-05
9.99824E-05 0.31185 0.327443 9.99824E-05 0.15977 0.200738
9.99736E-05 9.99736E-05 0.0868269 9.99736E-05 0.415786 0.497087
0.625419 0.00972366 0.289233 9.99825E-05 9.99825E-05 0.0754237
9.99739E-05 9.99739E-05 0.222488 0.553618 0.223595 9.99739E-05
9.99737E-05 9.99737E-05 0.0776263 0.512343 0.409731 9.99737E-05
0.954886 9.99653E-05 9.99653E-05 9.99653E-05 9.99653E-05 0.0447143
9.99736E-05 0.0349293 9.99736E-05 9.99736E-05 0.326734 0.638037
0.32494 9.99737E-05 0.582797 9.99737E-05 9.99737E-05 0.0919633
0.087886 0.114897 0.247823 0.24174 9.99912E-05 0.307554
0.00100278 9.99649E-05 9.99649E-05 9.99649E-05 0.998597 9.99649E-05
0.279467 0.303226 9.99823E-05 0.372134 0.0449734 9.99823E-05
9.996E-05 9.996E-05 9.996E-05 9.996E-05 0.9995 9.996E-05
0.058382 0.63276 9.99736E-05 0.308558 9.99736E-05 9.99736E-05
0.619419 9.99648E-05 9.99648E-05 0.380181 9.99648E-05 9.99648E-05
0.182751 9.99826E-05 0.153562 9.99826E-05 0.114605 0.548882
0.854555 0.145045 9.99648E-05 9.99648E-05 9.99648E-05 9.99648E-05
0.0223799 9.99736E-05 9.99736E-05 0.507301 0.470019 9.99736E-05
0.0788949 9.99737E-05 0.342424 0.578381 9.99737E-05 9.99737E-05
9.99648E-05 9.99648E-05 0.0226445 0.976956 9.99648E-05 9.99648E-05
9.99648E-05 9.99648E-05 0.887005 9.99648E-05 0.112596 9.99648E-05
0.431203 9.99738E-05 0.501215 9.99738E-05 9.99738E-05 0.067282
9.99647E-05 0.676942 9.99647E-05 0.322658 9.99647E-05 9.99647E-05
0.112003 9.99825E-05 9.99825E-05 0.118208 0.631571 0.138018
9.99648E-05 9.99648E-05 9.99648E-05 0.435574 9.99648E-05 0.564026
0.258526 9.99736E-05 9.99736E-05 0.432079 0.309095 9.99736E-05
9.996E-05 9.996E-05 9.996E-05 9.996E-05 9.996E-05 0.9995
9.99736E-05 0.245264 0.287351 0.467085 9.99736E-05 9.99736E-05
0.290444 9.99737E-05 9.99737E-05 9.99737E-05 0.544763 0.164494
0.0655985 9.99735E-05 0.314378 0.619723 9.99735E-05 9.99735E-05
9.99823E-05 0.253486 0.122799 0.457013 9.99823E-05 0.166501
9.99736E-05 0.00834751 0.16191 0.829443 9.99736E-05 9.99736E-05
9.99735E-05 0.249065 9.99735E-05 0.43101 9.99735E-05 0.319625
0.124137 0.43376 0.268216 9.99825E-05 9.99825E-05 0.173687
0.136738 9.99737E-05 0.561095 9.99737E-05 0.301867 9.99737E-05
9.99825E-05 0.0178301 0.293472 0.666102 0.0223957 9.99825E-05
0.532494 9.99736E-05 0.389572 9.99736E-05 9.99736E-05 0.0776341
9.99735E-05 0.00223452 9.99735E-05 0.788202 9.99735E-05 0.209264
9.99823E-05 0.247141 0.0479967 0.612333 9.99823E-05 0.0923287
0.152115 9.99736E-05 0.562948 9.99736E-05 0.284638 9.99736E-05
9.99736E-05 0.275464 0.558148 9.99736E-05 0.166088 9.99736E-05
9.99736E-05 0.0904186 0.0946395 0.814642 9.99736E-05 9.99736E-05
9.99825E-05 9.99825E-05 0.20854 0.511304 0.125918 0.154038
0.463658 9.99737E-05 9.99737E-05 9.99737E-05 0.405551 0.130491
9.99737E-05 0.0714585 9.99737E-05 0.641321 0.28692 9.99737E-05
0.327243 0.0198398 0.25338 9.99823E-05 0.399337 9.99823E-05
9.99646E-05 9.99646E-05 9.99646E-05 0.587851 0.411749 9.99646E-05
9.99742E-05 0.132904 0.272426 0.59437 9.99742E-05 9.99742E-05
9.99737E-05 9.99737E-05 9.99737E-05 0.621908 0.185706 0.192086
9.99739E-05 0.493013 0.142802 9.99739E-05 0.363885 9.99739E-05
9.996E-05 9.996E-05 0.9995 9.996E-05 9.996E-05 9.996E-05
0.156167 0.166478 0.374657 0.247495 0.0551038 9.99912E-05
0.323253 9.99823E-05 0.242444 0.43169 0.00241336 9.99823E-05
9.99736E-05 9.99736E-05 0.408485 0.379325 0.21189 9.99736E-05
9.99736E-05 0.0249005 9.99736E-05 0.830734 9.99736E-05 0.144066
0.084498 9.99736E-05 0.635104 9.99736E-05 0.280098 9.99736E-05
9.996E-05 9.996E-05 0.9995 9.996E-05 9.996E-05 9.996E-05
9.99737E-05 0.322075 9.99737E-05 0.462602 0.215023 9.99737E-05
0.106815 9.99738E-05 0.819454 0.0734314 9.99738E-05 9.99738E-05
0.651827 9.99825E-05 9.99825E-05 0.291179 0.0549632 0.00183024
9.9965E-05 0.235949 9.9965E-05 9.9965E-05 0.763651 9.9965E-05
0.133308 9.99735E-05 0.821435 0.0449575 9.99735E-05 9.99735E-05
0.408854 0.0896663 9.99737E-05 9.99737E-05 0.50118 9.99737E-05
0.326031 0.103056 0.380903 0.18981 9.99825E-05 9.99825E-05
9.99735E-05 0.320128 9.99735E-05 0.473274 0.206297 9.99735E-05
0.397384 0.121669 9.99825E-05 0.253484 0.227263 9.99825E-05
9.99825E-05 9.99825E-05 0.0855507 0.668372 0.0200383 0.225839
0.0408786 0.167955 0.336368 0.186411 9.99912E-05 0.268287
9.99738E-05 0.434476 0.440639 0.124585 9.99738E-05 9.99738E-05
0.571167 9.99736E-05 0.417445 0.0110878 9.99736E-05 9.99736E-05
0.0596438 0.075274 0.0341284 0.12316 0.707694 9.99912E-05
9.99648E-05 9.99648E-05 9.99648E-05 0.74205 0.25755 9.99648E-05
9.99823E-05 0.0300279 0.473439 0.278473 9.99823E-05 0.21786
9.99737E-05 0.001934 0.473747 9.99737E-05 9.99737E-05 0.524019
0.898977 0.0269793 9.99741E-05 9.99741E-05 9.99741E-05 0.0737437
9.99737E-05 0.258773 0.210158 0.530768 9.99737E-05 9.99737E-05
0.0785232 0.921077 9.99649E-05 9.99649E-05 9.99649E-05 9.99649E-05
0.742452 9.9965E-05 9.9965E-05 9.9965E-05 0.257148 9.9965E-05
9.99824E-05 0.0669149 0.501699 0.314652 0.116534 9.99824E-05
9.99737E-05 9.99737E-05 0.416053 0.202208 0.381439 9.99737E-05
0.437934 9.99824E-05 0.0691419 0.0914458 9.99824E-05 0.401278
9.99825E-05 0.00645833 0.190241 0.583982 9.99825E-05 0.219119
0.357395 9.99736E-05 0.0333539 0.608951 9.99736E-05 9.99736E-05
0.18467 9.99824E-05 0.328991 0.350442 0.135697 9.99824E-05
9.99824E-05 0.14838 0.464487 0.0496686 9.99824E-05 0.337265
9.99737E-05 9.99737E-05 0.562553 0.089772 0.347375 9.99737E-05
0.064744 9.9965E-05 9.9965E-05 0.934856 9.9965E-05 9.9965E-05
0.381241 9.99823E-05 9.99823E-05 0.429956 0.166864 0.0217397
9.99824E-05 0.155401 0.567948 9.99824E-05 0.229007 0.0474442
9.99825E-05 9.99825E-05 0.0686323 0.448332 0.0159575 0.466878
0.0354881 9.99825E-05 9.99825E-05 0.626325 0.169264 0.168722
0.350071 0.0957336 0.404142 9.99823E-05 9.99823E-05 0.149854
0.267837 9.99825E-05 0.144173 0.462411 0.125379 9.99825E-05
9.99649E-05 9.99649E-05 0.18738 9.99649E-05 9.99649E-05 0.81222
9.99645E-05 9.99645E-05 0.752043 9.99645E-05 0.247557 9.99645E-05
0.0748139 9.99736E-05 9.99736E-05 0.225825 9.99736E-05 0.699061
9.99738E-05 9.99738E-05 0.104202 0.640035 9.99738E-05 0.255463
0.260679 9.99824E-05 0.347353 9.99824E-05 0.376262 0.0155067
0.375005 0.366594 9.99737E-05 0.258101 9.99737E-05 9.99737E-05
0.636319 9.99737E-05 0.0569658 9.99737E-05 9.99737E-05 0.306415
9.99737E-05 9.99737E-05 0.469192 0.515591 9.99737E-05 0.0149171
9.99648E-05 9.99648E-05 0.298318 0.701282 9.99648E-05 9.99648E-05
9.99826E-05 0.817575 0.0116661 9.99826E-05 0.156588 0.0139708
0.639132 0.268683 9.99736E-05 0.0918857 9.99736E-05 9.99736E-05
9.99825E-05 0.250905 0.090531 0.545894 9.99825E-05 0.11247
0.438949 0.0596965 0.501055 9.99735E-05 9.99735E-05 9.99735E-05
9.99739E-05 9.99739E-05 0.657236 0.301611 9.99739E-05 0.040853
0.426039 9.99824E-05 9.99824E-05 0.169376 0.347011 0.0573733
9.99737E-05 0.259128 0.044432 0.69614 9.99737E-05 9.99737E-05
9.99736E-05 0.622226 9.99736E-05 0.346231 9.99736E-05 0.0312429
0.124967 9.99736E-05 0.595213 0.27952 9.99736E-05 9.99736E-05
0.0562874 0.202716 0.0364716 9.99912E-05 0.571941 0.132484
9.99735E-05 0.245078 0.254381 0.500241 9.99735E-05 9.99735E-05
