9.99561E-05 9.99561E-05 9.99561E-05 0.249481 9.99561E-05 9.99561E-05 0.0469355 0.703083
9.9956E-05 0.0864034 9.9956E-05 9.9956E-05 9.9956E-05 0.0714997 9.9956E-05 0.841597
9.99735E-05 0.0167616 0.378673 0.174407 9.99735E-05 0.157276 0.272582 9.99735E-05
9.99472E-05 9.99472E-05 0.889064 9.99472E-05 0.110336 9.99472E-05 9.99472E-05 9.99472E-05
9.997E-05 0.162351 0.0909393 0.13834 0.277252 0.330818 9.997E-05 9.997E-05
0.316794 0.0362136 0.0233781 9.99651E-05 9.99651E-05 0.623215 9.99651E-05 9.99651E-05
0.158154 9.9965E-05 9.9965E-05 9.9965E-05 0.306496 0.137439 9.9965E-05 0.397511
9.99648E-05 0.162677 9.99648E-05 0.629791 9.99648E-05 9.99648E-05 0.0745124 0.13262
0.112853 0.590084 0.0157891 0.243381 9.99737E-05 0.0375926 9.99737E-05 9.99737E-05
9.99476E-05 0.519197 9.99476E-05 9.99476E-05 9.99476E-05 0.480203 9.99476E-05 9.99476E-05
0.00913803 9.99565E-05 9.99565E-05 9.99565E-05 9.99565E-05 0.730265 0.260097 9.99565E-05
9.99647E-05 0.28684 9.99647E-05 9.99647E-05 0.346106 0.130457 9.99647E-05 0.236198
9.997E-05 0.213991 0.537448 0.014244 9.997E-05 0.195594 9.997E-05 0.0384227
0.194628 0.522181 9.99559E-05 9.99559E-05 9.99559E-05 9.99559E-05 9.99559E-05 0.282691
9.99647E-05 0.333333 9.99647E-05 9.99647E-05 0.0559285 0.131845 9.99647E-05 0.478494
9.99648E-05 9.99648E-05 0.26106 0.340725 0.186042 9.99648E-05 9.99648E-05 0.211773
0.11849 9.99735E-05 0.025066 0.484528 0.115745 0.255871 9.99735E-05 9.99735E-05
9.99558E-05 9.99558E-05 0.283089 0.401949 9.99558E-05 9.99558E-05 0.314463 9.99558E-05
9.99649E-05 0.0161911 0.427304 0.29028 0.265826 9.99649E-05 9.99649E-05 9.99649E-05
9.99648E-05 9.99648E-05 9.99648E-05 0.584247 0.000977573 0.367415 9.99648E-05 0.0469607
0.15331 9.99825E-05 0.396958 9.99825E-05 0.0631195 0.174096 0.165049 0.0472675
9.99475E-05 0.0125182 9.99475E-05 9.99475E-05 9.99475E-05 9.99475E-05 9.99475E-05 0.986882
9.99738E-05 0.0740457 0.290884 0.110027 9.99738E-05 0.0028963 0.521847 9.99738E-05
9.99474E-05 9.99474E-05 0.629202 9.99474E-05 9.99474E-05 9.99474E-05 9.99474E-05 0.370198
0.0919856 9.99651E-05 9.99651E-05 0.0615067 0.695538 9.99651E-05 9.99651E-05 0.150569
9.99563E-05 9.99563E-05 0.387198 9.99563E-05 9.99563E-05 9.99563E-05 0.586385 0.0259167
9.996E-05 9.996E-05 9.996E-05 9.996E-05 0.206953 0.400874 0.10971 0.282064
0.0436293 9.997E-05 9.997E-05 9.997E-05 0.215477 0.189291 0.440221 0.111082
9.99561E-05 9.99561E-05 9.99561E-05 9.99561E-05 0.270846 0.482445 0.246209 9.99561E-05
9.99559E-05 9.99559E-05 9.99559E-05 0.328441 9.99559E-05 0.641018 9.99559E-05 0.0300407
9.99648E-05 9.99648E-05 0.0712101 0.191953 0.14673 0.589707 9.99648E-05 9.99648E-05
0.399907 9.9965E-05 9.9965E-05 9.9965E-05 0.0428371 0.349784 0.207072 9.9965E-05
9.99651E-05 0.0553262 9.99651E-05 9.99651E-05 0.0508204 0.112072 0.781382 9.99651E-05
0.300106 9.99824E-05 9.99824E-05 0.363883 0.140248 0.120645 0.0223458 0.0525713
0.826573 9.99474E-05 9.99474E-05 9.99474E-05 9.99474E-05 9.99474E-05 0.172827 9.99474E-05
0.0509191 9.99824E-05 0.0246533 0.139789 0.0669232 0.188057 0.529458 9.99824E-05
9.99562E-05 9.99562E-05 9.99562E-05 0.442303 0.14951 9.99562E-05 0.407687 9.99562E-05
0.0615307 9.99647E-05 0.0331659 9.99647E-05 9.99647E-05 9.99647E-05 0.150973 0.75393
9.99559E-05 0.59924 9.99559E-05 9.99559E-05 9.99559E-05 9.99559E-05 0.0688711 0.331389
0.141977 0.0483326 9.99739E-05 9.99739E-05 9.99739E-05 0.0662408 0.255243 0.487907
0.329942 9.99564E-05 9.99564E-05 9.99564E-05 9.99564E-05 0.491228 9.99564E-05 0.17833
0.493017 9.99736E-05 0.100829 9.99736E-05 0.103283 0.234134 9.99736E-05 0.0684369
0.419476 9.99651E-05 9.99651E-05 9.99651E-05 0.200388 0.336445 0.043291 9.99651E-05
0.16624 0.152394 9.99649E-05 9.99649E-05 9.99649E-05 0.417858 9.99649E-05 0.263109
0.0425762 9.99735E-05 9.99735E-05 0.612945 0.110315 0.166486 9.99735E-05 0.067377
0.572247 9.99563E-05 0.043349 9.99563E-05 9.99563E-05 9.99563E-05 9.99563E-05 0.383905
0.837869 0.0225688 9.99649E-05 0.0698641 9.99649E-05 9.99649E-05 0.0692984 9.99649E-05
0.0900086 9.99736E-05 0.225358 9.99736E-05 9.99736E-05 0.0020954 0.517181 0.165057
0.32515 9.99646E-05 0.525481 0.0116333 9.99646E-05 9.99646E-05 0.137336 9.99646E-05
9.99736E-05 9.99736E-05 9.99736E-05 0.0133324 0.599932 0.270231 0.00331523 0.112889
9.99559E-05 0.167096 9.99559E-05 9.99559E-05 9.99559E-05 9.99559E-05 0.490603 0.341801
9.99646E-05 0.43426 0.0118912 0.303854 9.99646E-05 9.99646E-05 0.249594 9.99646E-05
0.278165 0.394212 9.99646E-05 0.144749 9.99646E-05 9.99646E-05 0.182474 9.99646E-05
9.99558E-05 9.99558E-05 9.99558E-05 9.99558E-05 0.172203 0.614298 9.99558E-05 0.213
0.0861457 0.11398 9.998E-05 9.998E-05 0.172082 0.417696 0.0898404 0.120056
0.297735 0.196572 9.99736E-05 9.99736E-05 9.99736E-05 0.371151 0.0381822 0.096061
9.99567E-05 0.0305509 0.161596 0.807353 9.99567E-05 9.99567E-05 9.99567E-05 9.99567E-05
9.9948E-05 9.9948E-05 9.9948E-05 9.9948E-05 9.9948E-05 0.721749 9.9948E-05 0.277652
0.484499 0.0527672 9.99561E-05 0.462234 9.99561E-05 9.99561E-05 9.99561E-05 9.99561E-05
0.101336 9.99735E-05 9.99735E-05 0.423927 9.99735E-05 0.0370665 0.10005 0.33732
9.99559E-05 9.99559E-05 9.99559E-05 9.99559E-05 0.00387732 9.99559E-05 0.663391 0.332232
0.0683563 9.99563E-05 9.99563E-05 9.99563E-05 9.99563E-05 0.237237 0.693907 9.99563E-05
9.99735E-05 9.99735E-05 0.140856 0.113383 9.99735E-05 0.33758 0.0631167 0.344764
0.0744958 9.99562E-05 9.99562E-05 9.99562E-05 0.213947 9.99562E-05 0.711058 9.99562E-05
0.0608767 9.99561E-05 9.99561E-05 9.99561E-05 9.99561E-05 9.99561E-05 0.822225 0.116399
0.902546 9.99472E-05 9.99472E-05 0.0968543 9.99472E-05 9.99472E-05 9.99472E-05 9.99472E-05
9.996E-05 9.996E-05 0.09007 0.0369534 0.0981032 9.996E-05 9.996E-05 0.774473
0.320846 9.99475E-05 0.678555 9.99475E-05 9.99475E-05 9.99475E-05 9.99475E-05 9.99475E-05
0.199203 9.99649E-05 0.230103 0.325686 9.99649E-05 0.244608 9.99649E-05 9.99649E-05
0.00626377 9.99649E-05 0.346467 9.99649E-05 0.22285 0.42402 9.99649E-05 9.99649E-05
9.99646E-05 9.99646E-05 0.0548726 0.226408 9.99646E-05 0.430549 0.287771 9.99646E-05
0.116415 9.996E-05 9.996E-05 0.29505 9.996E-05 9.996E-05 0.393916 0.194219
0.214337 9.99649E-05 9.99649E-05 0.176825 9.99649E-05 0.132783 0.475655 9.99649E-05
9.99476E-05 9.99476E-05 0.0162272 9.99476E-05 9.99476E-05 9.99476E-05 9.99476E-05 0.983173
0.269298 9.996E-05 9.996E-05 9.996E-05 0.0367355 0.403888 9.996E-05 0.289679
9.99562E-05 9.99562E-05 9.99562E-05 9.99562E-05 0.350839 0.487233 9.99562E-05 0.161428
9.9947E-05 9.9947E-05 9.9947E-05 9.9947E-05 0.670726 9.9947E-05 9.9947E-05 0.328674
9.9965E-05 9.9965E-05 0.0630255 9.9965E-05 9.9965E-05 0.647616 0.164372 0.124586
0.305076 9.99559E-05 0.417767 9.99559E-05 9.99559E-05 9.99559E-05 9.99559E-05 0.276656
0.327724 9.99646E-05 9.99646E-05 9.99646E-05 9.99646E-05 0.503913 0.0106385 0.157324
9.9947E-05 9.9947E-05 9.9947E-05 9.9947E-05 9.9947E-05 0.622633 9.9947E-05 0.376768
9.9965E-05 0.0314674 0.23827 9.9965E-05 9.9965E-05 9.9965E-05 0.265463 0.4644
0.186494 9.9956E-05 9.9956E-05 0.625157 9.9956E-05 9.9956E-05 0.18785 9.9956E-05
9.9965E-05 0.0192335 0.0458479 9.9965E-05 9.9965E-05 0.579103 9.9965E-05 0.355416
0.0674969 9.99564E-05 9.99564E-05 9.99564E-05 9.99564E-05 0.278928 9.99564E-05 0.653075
9.99646E-05 9.99646E-05 0.0734572 0.0402926 0.381651 0.504199 9.99646E-05 9.99646E-05
9.9956E-05 0.41483 9.9956E-05 9.9956E-05 0.552363 9.9956E-05 0.0323067 9.9956E-05
0.167989 9.996E-05 0.660199 9.996E-05 0.133934 0.0374784 9.996E-05 9.996E-05
9.994E-05 9.994E-05 9.994E-05 0.613436 9.994E-05 9.994E-05 9.994E-05 0.385964
9.9965E-05 0.0423323 0.0998846 0.524822 9.9965E-05 0.332561 9.9965E-05 9.9965E-05
9.99826E-05 0.634279 9.99826E-05 0.161936 0.00718941 0.149987 0.0191563 0.0272525
0.184869 9.99473E-05 9.99473E-05 9.99473E-05 9.99473E-05 9.99473E-05 0.814531 9.99473E-05
9.995E-05 0.00603897 9.995E-05 0.720302 0.273159 9.995E-05 9.995E-05 9.995E-05
0.224476 9.99565E-05 0.00904079 9.99565E-05 9.99565E-05 9.99565E-05 9.99565E-05 0.765984
9.996E-05 9.996E-05 9.996E-05 0.021159 9.996E-05 0.663805 0.303413 0.0112232
0.147977 9.99559E-05 9.99559E-05 0.34869 0.502834 9.99559E-05 9.99559E-05 9.99559E-05
0.540651 9.99565E-05 9.99565E-05 0.299755 9.99565E-05 9.99565E-05 9.99565E-05 0.159094
9.996E-05 9.996E-05 0.148807 9.996E-05 9.996E-05 0.292507 0.173865 0.384422
9.99559E-05 0.15596 0.612443 9.99559E-05 9.99559E-05 9.99559E-05 9.99559E-05 0.231097
0.252958 0.577304 0.0393901 9.99736E-05 9.99736E-05 0.00239986 0.127648 9.99736E-05
0.000894078 0.998506 9.99474E-05 9.99474E-05 9.99474E-05 9.99474E-05 9.99474E-05 9.99474E-05
9.99469E-05 9.99469E-05 9.99469E-05 0.914826 9.99469E-05 9.99469E-05 0.084574 9.99469E-05
0.375941 9.995E-05 9.995E-05 0.0444012 9.995E-05 0.579159 9.995E-05 9.995E-05
0.102542 9.997E-05 0.20595 0.334459 9.997E-05 0.171369 9.997E-05 0.18538
0.205888 9.9956E-05 9.9956E-05 0.765894 9.9956E-05 0.0277186 9.9956E-05 9.9956E-05
9.99649E-05 0.0236098 9.99649E-05 0.447218 0.271167 9.99649E-05 0.257605 9.99649E-05
9.99561E-05 9.99561E-05 0.343607 0.608929 0.0469639 9.99561E-05 9.99561E-05 9.99561E-05
0.0357086 9.99738E-05 0.301286 0.451102 9.99738E-05 0.0205853 0.191018 9.99738E-05
9.99473E-05 0.245867 9.99473E-05 9.99473E-05 9.99473E-05 9.99473E-05 0.753533 9.99473E-05
0.154578 9.99651E-05 9.99651E-05 9.99651E-05 9.99651E-05 0.356593 0.0881617 0.400268
9.9965E-05 0.181188 9.9965E-05 0.473001 0.198195 0.147216 9.9965E-05 9.9965E-05
9.99648E-05 9.99648E-05 9.99648E-05 9.99648E-05 0.532941 0.230378 0.0797093 0.156572
9.99561E-05 9.99561E-05 0.242143 9.99561E-05 9.99561E-05 9.99561E-05 0.700828 0.0565291
9.99647E-05 0.121952 0.150312 9.99647E-05 9.99647E-05 0.470254 0.257081 9.99647E-05
0.0235265 9.9974E-05 0.337974 0.452704 9.9974E-05 9.9974E-05 0.142171 0.0433253
9.99472E-05 0.106921 9.99472E-05 9.99472E-05 9.99472E-05 9.99472E-05 9.99472E-05 0.892479
0.473858 9.99652E-05 0.125073 0.0839628 9.99652E-05 0.316706 9.99652E-05 9.99652E-05
9.99477E-05 9.99477E-05 9.99477E-05 9.99477E-05 9.99477E-05 0.643441 9.99477E-05 0.35596
0.215258 0.613325 9.99649E-05 9.99649E-05 0.0421078 0.128909 9.99649E-05 9.99649E-05
0.45978 9.99559E-05 9.99559E-05 9.99559E-05 0.0843366 9.99559E-05 0.455384 9.99559E-05
9.9956E-05 9.9956E-05 9.9956E-05 9.9956E-05 9.9956E-05 0.315399 0.314704 0.369398
0.137507 9.99652E-05 0.0209457 9.99652E-05 0.687336 0.153811 9.99652E-05 9.99652E-05
9.99646E-05 9.99646E-05 9.99646E-05 9.99646E-05 0.0994622 0.294299 0.0889268 0.516912
9.99563E-05 9.99563E-05 9.99563E-05 0.105283 9.99563E-05 0.24473 0.649487 9.99563E-05
0.28687 9.9965E-05 0.0382456 9.9965E-05 0.111169 9.9965E-05 0.563315 9.9965E-05
0.0805343 9.995E-05 9.995E-05 9.995E-05 9.995E-05 0.288177 9.995E-05 0.630788
0.0666282 9.99652E-05 9.99652E-05 0.59128 9.99652E-05 0.302362 9.99652E-05 0.0393297
9.99736E-05 0.15508 0.358543 0.0375082 9.99736E-05 9.99736E-05 0.228548 0.22002
0.156085 9.996E-05 9.996E-05 0.250374 0.0396401 0.553501 9.996E-05 9.996E-05
9.994E-05 9.994E-05 9.994E-05 9.994E-05 9.994E-05 9.994E-05 0.9993 9.994E-05
0.103725 9.99737E-05 0.0354016 9.99737E-05 0.0167426 0.315069 9.99737E-05 0.528762
9.994E-05 9.994E-05 9.994E-05 0.9993 9.994E-05 9.994E-05 9.994E-05 9.994E-05
9.994E-05 9.994E-05 9.994E-05 0.682244 9.994E-05 9.994E-05 0.317157 9.994E-05
0.510826 9.99647E-05 9.99647E-05 9.99647E-05 9.99647E-05 0.012215 0.124696 0.351863
0.104265 9.99648E-05 9.99648E-05 0.0326643 9.99648E-05 0.826316 0.0363547 9.99648E-05
9.99475E-05 0.0446294 9.99475E-05 9.99475E-05 9.99475E-05 0.954771 9.99475E-05 9.99475E-05
9.99561E-05 9.99561E-05 0.20674 0.362052 0.430708 9.99561E-05 9.99561E-05 9.99561E-05
9.99473E-05 0.967779 9.99473E-05 9.99473E-05 9.99473E-05 0.0316215 9.99473E-05 9.99473E-05
0.454671 9.99735E-05 9.99735E-05 0.0762731 0.00982341 0.025389 0.433544 9.99735E-05
0.529185 0.158703 9.99648E-05 9.99648E-05 0.29367 0.0180424 9.99648E-05 9.99648E-05
9.99473E-05 9.99473E-05 9.99473E-05 9.99473E-05 0.534091 9.99473E-05 9.99473E-05 0.465309
9.99563E-05 0.659316 9.99563E-05 9.99563E-05 9.99563E-05 9.99563E-05 0.0803737 0.25981
0.0189494 9.99647E-05 9.99647E-05 0.533714 9.99647E-05 0.115231 9.99647E-05 0.331706
9.99563E-05 9.99563E-05 0.229608 0.282771 9.99563E-05 0.487121 9.99563E-05 9.99563E-05
0.0549357 9.99563E-05 9.99563E-05 0.772452 9.99563E-05 9.99563E-05 9.99563E-05 0.172113
9.99652E-05 0.513257 9.99652E-05 0.361672 9.99652E-05 0.0503549 0.0743154 9.99652E-05
9.9956E-05 9.9956E-05 9.9956E-05 0.397211 0.279935 0.322355 9.9956E-05 9.9956E-05
0.247527 0.498506 0.0413319 0.0433842 0.0513393 9.99825E-05 0.117712 9.99825E-05
9.99739E-05 0.140735 0.263504 0.158298 9.99739E-05 0.358458 0.0787056 9.99739E-05
9.99561E-05 9.99561E-05 9.99561E-05 9.99561E-05 0.35714 9.99561E-05 0.117486 0.524875
0.522203 9.99561E-05 9.99561E-05 9.99561E-05 9.99561E-05 9.99561E-05 0.366094 0.111204
0.0276234 9.99648E-05 9.99648E-05 9.99648E-05 0.440723 0.129756 0.401498 9.99648E-05
9.9947E-05 9.9947E-05 0.234153 9.9947E-05 9.9947E-05 0.765248 9.9947E-05 9.9947E-05
0.221047 0.283069 9.99649E-05 9.99649E-05 0.262612 9.99649E-05 9.99649E-05 0.232873
9.99651E-05 9.99651E-05 0.129953 9.99651E-05 9.99651E-05 0.0533664 0.436394 0.379887
0.173369 9.99652E-05 9.99652E-05 0.129691 9.99652E-05 9.99652E-05 0.521582 0.174957
0.159806 9.99736E-05 0.060424 0.131209 9.99736E-05 0.187971 9.99736E-05 0.460289
0.290558 9.9956E-05 0.197707 0.511235 9.9956E-05 9.9956E-05 9.9956E-05 9.9956E-05
9.996E-05 9.996E-05 0.301799 0.10179 9.996E-05 0.0905186 0.505493 9.996E-05
9.9956E-05 9.9956E-05 0.170188 0.334997 9.9956E-05 9.9956E-05 0.494316 9.9956E-05
9.995E-05 9.995E-05 9.995E-05 9.995E-05 0.173157 0.532269 9.995E-05 0.294074
0.252675 9.99564E-05 9.99564E-05 9.99564E-05 0.442254 0.304571 9.99564E-05 9.99564E-05
9.99476E-05 9.99476E-05 9.99476E-05 0.584174 9.99476E-05 0.415227 9.99476E-05 9.99476E-05
0.0241607 9.99646E-05 0.0373224 9.99646E-05 9.99646E-05 9.99646E-05 0.252231 0.685886
0.275942 9.996E-05 0.272055 0.150147 9.996E-05 9.996E-05 0.301456 9.996E-05
9.99647E-05 9.99647E-05 0.167275 0.282976 0.54353 0.00581972 9.99647E-05 9.99647E-05
0.04504 0.114112 9.99738E-05 0.553416 9.99738E-05 9.99738E-05 0.160797 0.126336
0.501104 0.094831 9.99647E-05 9.99647E-05 9.99647E-05 0.0504856 9.99647E-05 0.35318
0.291331 9.99562E-05 9.99562E-05 9.99562E-05 9.99562E-05 0.432214 9.99562E-05 0.275955
0.122046 9.99647E-05 0.288038 9.99647E-05 9.99647E-05 9.99647E-05 0.383461 0.206056
9.99472E-05 9.99472E-05 0.299037 9.99472E-05 0.700363 9.99472E-05 9.99472E-05 9.99472E-05
0.332098 9.996E-05 0.0852185 0.154588 9.996E-05 0.427696 9.996E-05 9.996E-05
0.0758969 0.204307 0.387479 9.99824E-05 9.99824E-05 0.0260456 0.210855 0.095217
0.15757 9.9956E-05 9.9956E-05 9.9956E-05 0.00862403 9.9956E-05 0.833306 9.9956E-05
9.99648E-05 0.290961 0.0611867 0.335809 9.99648E-05 9.99648E-05 9.99648E-05 0.311644
9.99561E-05 9.99561E-05 9.99561E-05 0.498021 9.99561E-05 0.261388 9.99561E-05 0.240091
0.181328 9.99737E-05 0.0386872 9.99737E-05 9.99737E-05 0.644033 0.0371343 0.098518
0.0674021 9.99825E-05 0.216889 9.99825E-05 0.0630247 0.0793897 0.430124 0.14297
0.162615 9.99559E-05 9.99559E-05 9.99559E-05 9.99559E-05 0.718102 0.118783 9.99559E-05
0.27676 9.99472E-05 9.99472E-05 0.72264 9.99472E-05 9.99472E-05 9.99472E-05 9.99472E-05
9.99652E-05 9.99652E-05 9.99652E-05 0.676315 0.0820298 0.202397 0.0388577 9.99652E-05
9.99566E-05 9.99566E-05 0.23542 9.99566E-05 9.99566E-05 0.372329 9.99566E-05 0.391751
0.128428 9.99824E-05 0.0397821 0.128985 0.323709 9.99824E-05 0.0641264 0.31477
9.99559E-05 9.99559E-05 9.99559E-05 9.99559E-05 9.99559E-05 0.164823 0.250693 0.583985
9.99558E-05 0.0213013 9.99558E-05 9.99558E-05 9.99558E-05 0.643129 9.99558E-05 0.33507
9.99559E-05 9.99559E-05 9.99559E-05 9.99559E-05 9.99559E-05 0.354014 0.0171411 0.628345
9.9947E-05 0.128393 9.9947E-05 9.9947E-05 9.9947E-05 0.871007 9.9947E-05 9.9947E-05
0.0135221 0.0030611 0.0845272 0.0938107 0.435761 9.99826E-05 0.369118 9.99826E-05
0.156396 9.99646E-05 9.99646E-05 9.99646E-05 0.184141 9.99646E-05 0.0848801 0.574182
0.226379 9.99561E-05 9.99561E-05 0.533661 9.99561E-05 9.99561E-05 9.99561E-05 0.239461
0.0388881 9.9956E-05 9.9956E-05 0.698696 9.9956E-05 0.261916 9.9956E-05 9.9956E-05
9.99558E-05 9.99558E-05 9.99558E-05 0.0360702 9.99558E-05 0.519782 0.443648 9.99558E-05
0.373783 9.9956E-05 9.9956E-05 9.9956E-05 0.415303 9.9956E-05 0.210414 9.9956E-05
0.0319836 9.99651E-05 9.99651E-05 0.241916 9.99651E-05 9.99651E-05 0.591997 0.133704
0.00725476 0.102949 9.99824E-05 0.413484 9.99824E-05 0.0277033 0.295832 0.152577
9.9965E-05 0.0327441 0.864834 9.9965E-05 9.9965E-05 0.0286942 9.9965E-05 0.0733278
0.256579 9.99646E-05 0.407347 9.99646E-05 9.99646E-05 0.163828 0.171846 9.99646E-05
9.995E-05 9.995E-05 9.995E-05 0.055744 9.995E-05 0.330449 9.995E-05 0.613308
0.142196 9.99736E-05 0.0248983 9.99736E-05 0.0586875 0.0846637 0.689254 9.99736E-05
9.99478E-05 0.273133 9.99478E-05 9.99478E-05 9.99478E-05 0.726267 9.99478E-05 9.99478E-05
0.138035 9.997E-05 0.0417809 9.997E-05 9.997E-05 0.220391 0.421013 0.178481
0.0381025 9.99736E-05 0.00652803 0.36553 9.99736E-05 9.99736E-05 0.065808 0.523732
0.654897 9.99563E-05 9.99563E-05 0.238996 9.99563E-05 9.99563E-05 0.105608 9.99563E-05
9.99563E-05 0.626658 9.99563E-05 9.99563E-05 9.99563E-05 0.144558 0.228285 9.99563E-05
0.0534698 9.99654E-05 9.99654E-05 0.143007 9.99654E-05 0.164755 9.99654E-05 0.638369
9.996E-05 9.996E-05 9.996E-05 0.122775 0.627239 0.0848425 0.164743 9.996E-05
0.00640222 9.99564E-05 9.99564E-05 9.99564E-05 9.99564E-05 0.932271 0.0608271 9.99564E-05
0.0736759 9.996E-05 9.996E-05 0.216534 9.996E-05 9.996E-05 0.412931 0.296459
9.99563E-05 9.99563E-05 0.492937 9.99563E-05 9.99563E-05 0.0822393 0.424324 9.99563E-05
0.27865 9.99559E-05 9.99559E-05 9.99559E-05 0.27677 0.444081 9.99559E-05 9.99559E-05
0.01567 9.99648E-05 9.99648E-05 9.99648E-05 0.796157 0.000355574 9.99648E-05 0.187417
9.997E-05 9.997E-05 9.997E-05 0.0717669 0.0683923 0.531877 0.253185 0.074479
0.0224275 9.996E-05 9.996E-05 0.131656 9.996E-05 0.500666 9.996E-05 0.344851
0.05679 9.99563E-05 9.99563E-05 9.99563E-05 9.99563E-05 0.166251 0.776459 9.99563E-05
0.170943 0.0535932 9.997E-05 0.0775755 9.997E-05 9.997E-05 0.0591002 0.638488
9.99652E-05 9.99652E-05 9.99652E-05 0.516373 0.0480341 0.312154 9.99652E-05 0.123039
9.997E-05 0.25702 9.997E-05 9.997E-05 0.109158 0.116038 0.159765 0.35772
0.289619 0.172539 9.99648E-05 0.419606 9.99648E-05 0.117835 9.99648E-05 9.99648E-05
0.9993 9.994E-05 9.994E-05 9.994E-05 9.994E-05 9.994E-05 9.994E-05 9.994E-05
0.9993 9.994E-05 9.994E-05 9.994E-05 9.994E-05 9.994E-05 9.994E-05 9.994E-05
9.99472E-05 0.169049 9.99472E-05 9.99472E-05 9.99472E-05 9.99472E-05 0.830351 9.99472E-05
9.99735E-05 0.370769 0.0786355 0.411891 9.99735E-05 0.0382487 0.100155 9.99735E-05
0.413091 9.996E-05 9.996E-05 9.996E-05 9.996E-05 0.114843 0.323562 0.148105
0.288401 9.99646E-05 9.99646E-05 9.99646E-05 9.99646E-05 0.332924 0.0784737 0.299802
9.99471E-05 9.99471E-05 9.99471E-05 9.99471E-05 9.99471E-05 9.99471E-05 0.96855 0.0308504
0.690929 9.99648E-05 9.99648E-05 0.0984087 9.99648E-05 0.0580874 0.152175 9.99648E-05
0.714614 9.99472E-05 9.99472E-05 9.99472E-05 0.284786 9.99472E-05 9.99472E-05 9.99472E-05
0.0510128 0.111962 0.375721 0.244524 9.99735E-05 9.99735E-05 9.99735E-05 0.21648
9.99648E-05 0.0684266 9.99648E-05 0.624898 9.99648E-05 0.15692 0.149356 9.99648E-05
9.99737E-05 9.99737E-05 0.398339 0.224115 0.00840079 9.99737E-05 0.0628376 0.306008
9.99647E-05 0.194157 9.99647E-05 0.158986 0.152744 9.99647E-05 9.99647E-05 0.493714
9.99647E-05 0.0448061 0.0804248 0.0452563 9.99647E-05 0.829113 9.99647E-05 9.99647E-05
9.995E-05 9.995E-05 9.995E-05 9.995E-05 0.24559 0.473384 0.280527 9.995E-05
9.995E-05 0.130065 0.212301 9.995E-05 9.995E-05 0.657134 9.995E-05 9.995E-05
9.99558E-05 9.99558E-05 9.99558E-05 9.99558E-05 9.99558E-05 0.146765 0.332981 0.519754
0.279818 9.9956E-05 9.9956E-05 9.9956E-05 9.9956E-05 0.487995 0.231688 9.9956E-05
9.9956E-05 9.9956E-05 0.112616 9.9956E-05 9.9956E-05 0.0696474 9.9956E-05 0.817237
0.23141 9.99824E-05 0.0165283 0.224011 0.0211939 0.444506 0.0621511 9.99824E-05
9.9956E-05 9.9956E-05 9.9956E-05 9.9956E-05 0.300693 0.52002 0.178786 9.9956E-05
9.99735E-05 9.99735E-05 0.080793 0.0464807 9.99735E-05 0.19657 0.653731 0.0221259
0.0387596 9.9965E-05 9.9965E-05 9.9965E-05 0.344458 0.60559 9.9965E-05 0.0107919
0.419962 9.99563E-05 0.0926027 9.99563E-05 9.99563E-05 0.486935 9.99563E-05 9.99563E-05
0.226325 0.265563 9.99648E-05 0.00660773 0.501105 9.99648E-05 9.99648E-05 9.99648E-05
0.140224 9.996E-05 9.996E-05 9.996E-05 9.996E-05 0.0899922 0.505728 0.263656
0.117047 0.0454747 9.997E-05 0.469296 0.169168 9.997E-05 9.997E-05 0.198713
0.204172 9.99648E-05 0.127992 9.99648E-05 9.99648E-05 0.606603 9.99648E-05 0.0608326
9.99562E-05 9.99562E-05 9.99562E-05 0.330437 0.651429 9.99562E-05 9.99562E-05 0.0176341
9.99647E-05 0.261194 9.99647E-05 0.0944146 9.99647E-05 9.99647E-05 0.4952 0.148791
0.596758 9.99472E-05 9.99472E-05 0.402642 9.99472E-05 9.99472E-05 9.99472E-05 9.99472E-05
9.995E-05 9.995E-05 0.156776 9.995E-05 9.995E-05 0.754701 0.0880233 9.995E-05
0.225085 0.0911879 9.99564E-05 9.99564E-05 9.99564E-05 9.99564E-05 9.99564E-05 0.683227
0.331027 0.0815182 9.99824E-05 9.99824E-05 0.251884 0.0235727 0.220345 0.091454
0.254385 9.9965E-05 0.183697 9.9965E-05 0.100366 9.9965E-05 9.9965E-05 0.461152
0.191764 9.99736E-05 9.99736E-05 0.133196 0.0536201 0.500988 0.120132 9.99736E-05
9.995E-05 0.31616 9.995E-05 9.995E-05 9.995E-05 0.672743 0.010597 9.995E-05
9.99647E-05 9.99647E-05 0.0501251 0.115507 9.99647E-05 9.99647E-05 0.39491 0.439057
9.99646E-05 0.151193 9.99646E-05 0.398423 9.99646E-05 9.99646E-05 0.392064 0.05792
9.99736E-05 0.293191 0.00655244 0.172633 0.318531 9.99736E-05 0.208792 9.99736E-05
9.99647E-05 9.99647E-05 9.99647E-05 9.99647E-05 0.090496 0.456664 0.0451897 0.40725
0.0227419 9.99652E-05 0.162967 9.99652E-05 9.99652E-05 9.99652E-05 0.157479 0.656413
0.255136 0.272028 0.0913642 0.0655513 9.997E-05 9.997E-05 9.997E-05 0.31562
