9.99565E-05 0.0672041 9.99565E-05 0.161826 0.77047 9.99565E-05 9.99565E-05 9.99565E-05
0.0276363 9.99737E-05 0.225895 9.99737E-05 0.402804 0.122052 0.221313 9.99737E-05
9.9965E-05 9.9965E-05 9.9965E-05 0.506754 9.9965E-05 0.173998 0.18698 0.131869
9.99649E-05 9.99649E-05 9.99649E-05 0.437378 0.109367 0.328133 0.124723 9.99649E-05
0.260524 9.99559E-05 9.99559E-05 0.0537102 9.99559E-05 9.99559E-05 0.685266 9.99559E-05
0.226036 0.278278 9.99561E-05 0.495186 9.99561E-05 9.99561E-05 9.99561E-05 9.99561E-05
9.99648E-05 0.650938 0.0400811 0.0743334 9.99648E-05 0.234248 9.99648E-05 9.99648E-05
9.9956E-05 0.121077 0.298947 0.579476 9.9956E-05 9.9956E-05 9.9956E-05 9.9956E-05
0.273807 9.99737E-05 0.328911 9.99737E-05 0.122541 0.269666 0.00477408 9.99737E-05
0.154658 9.99565E-05 0.54429 9.99565E-05 0.300551 9.99565E-05 9.99565E-05 9.99565E-05
9.99649E-05 0.0555278 0.36268 9.99649E-05 0.343893 0.237499 9.99649E-05 9.99649E-05
0.458808 0.183009 0.235188 9.99737E-05 0.0565363 9.99737E-05 9.99737E-05 0.0661582
9.99559E-05 0.225874 9.99559E-05 9.99559E-05 9.99559E-05 0.282723 9.99559E-05 0.490903
0.0298846 9.99648E-05 0.364467 9.99648E-05 0.280722 9.99648E-05 0.324527 9.99648E-05
0.416957 0.520048 9.99559E-05 9.99559E-05 0.0624948 9.99559E-05 9.99559E-05 9.99559E-05
0.15874 0.43211 9.99561E-05 9.99561E-05 9.99561E-05 0.40865 9.99561E-05 9.99561E-05
0.430957 9.99648E-05 9.99648E-05 9.99648E-05 0.224519 0.103661 9.99648E-05 0.240464
9.9956E-05 9.9956E-05 9.9956E-05 9.9956E-05 0.00850474 0.488339 0.502656 9.9956E-05
9.99561E-05 9.99561E-05 0.523495 9.99561E-05 0.317385 9.99561E-05 0.15862 9.99561E-05
0.166094 9.9956E-05 9.9956E-05 0.531591 9.9956E-05 9.9956E-05 0.301815 9.9956E-05
9.99564E-05 0.44766 9.99564E-05 9.99564E-05 9.99564E-05 9.99564E-05 0.133755 0.418085
9.99565E-05 9.99565E-05 0.385855 0.404648 9.99565E-05 9.99565E-05 9.99565E-05 0.208998
9.99649E-05 9.99649E-05 0.0202588 0.33136 0.535719 9.99649E-05 9.99649E-05 0.112262
9.99649E-05 0.00820699 9.99649E-05 0.672225 9.99649E-05 0.106098 0.21307 9.99649E-05
9.99739E-05 0.0235614 0.213956 9.99739E-05 9.99739E-05 0.200769 0.447047 0.114367
0.323885 0.0408801 9.99649E-05 9.99649E-05 0.114202 9.99649E-05 9.99649E-05 0.520632
0.188317 0.187996 9.99738E-05 0.373492 0.145752 9.99738E-05 0.104143 9.99738E-05
9.99648E-05 9.99648E-05 0.0999481 0.517992 9.99648E-05 9.99648E-05 0.256048 0.125612
0.234122 9.99648E-05 9.99648E-05 0.239819 9.99648E-05 0.231978 0.293681 9.99648E-05
0.765886 9.99562E-05 9.99562E-05 0.14793 9.99562E-05 9.99562E-05 0.085684 9.99562E-05
0.388024 9.99648E-05 9.99648E-05 0.103556 9.99648E-05 0.111185 0.396835 9.99648E-05
0.0832302 9.99735E-05 0.472015 0.0222802 9.99735E-05 0.278074 0.144101 9.99735E-05
0.746831 9.99474E-05 9.99474E-05 9.99474E-05 9.99474E-05 0.252569 9.99474E-05 9.99474E-05
0.37499 0.512259 9.99559E-05 9.99559E-05 0.112251 9.99559E-05 9.99559E-05 9.99559E-05
0.291385 0.162177 0.507404 9.99648E-05 9.99648E-05 9.99648E-05 0.0386347 9.99648E-05
0.425346 0.0222803 0.171413 0.13976 9.99735E-05 9.99735E-05 0.2409 9.99735E-05
0.213332 9.99648E-05 0.105318 0.23103 9.99648E-05 9.99648E-05 9.99648E-05 0.44992
9.99649E-05 0.220844 0.611407 0.155664 9.99649E-05 0.0116851 9.99649E-05 9.99649E-05
0.3423 9.99559E-05 0.0512761 9.99559E-05 9.99559E-05 9.99559E-05 0.605924 9.99559E-05
9.9965E-05 0.0900793 0.0182395 9.9965E-05 0.0428691 9.9965E-05 0.848412 9.9965E-05
0.269364 0.633545 9.99736E-05 0.0553313 9.99736E-05 0.0309088 9.99736E-05 0.0105511
0.0350229 0.5743 0.2789 9.99736E-05 0.0411092 9.99736E-05 0.0703679 9.99736E-05
0.196175 0.279539 9.99739E-05 9.99739E-05 0.132228 0.37498 0.016779 9.99739E-05
0.706123 9.99649E-05 9.99649E-05 0.00411389 0.190197 9.99649E-05 0.0991662 9.99649E-05
0.0973758 9.99735E-05 0.00339196 0.310596 9.99735E-05 0.21049 0.377846 9.99735E-05
0.17622 0.116686 9.9965E-05 9.9965E-05 0.0994547 9.9965E-05 9.9965E-05 0.60724
0.0380802 0.0656911 0.629167 0.115803 0.112406 9.99823E-05 0.0386532 9.99823E-05
0.311845 9.99647E-05 0.0285935 0.565727 0.0934337 9.99647E-05 9.99647E-05 9.99647E-05
0.0752659 9.99646E-05 9.99646E-05 0.0829425 9.99646E-05 0.388736 0.452656 9.99646E-05
9.99647E-05 9.99647E-05 0.00383249 0.336271 9.99647E-05 0.0288377 0.630659 9.99647E-05
9.99476E-05 9.99476E-05 9.99476E-05 0.897762 0.101639 9.99476E-05 9.99476E-05 9.99476E-05
9.99649E-05 9.99649E-05 0.677459 0.0141888 0.0389434 9.99649E-05 9.99649E-05 0.269009
0.109048 9.99561E-05 0.302408 9.99561E-05 0.588044 9.99561E-05 9.99561E-05 9.99561E-05
0.0429141 9.99558E-05 9.99558E-05 0.573664 9.99558E-05 9.99558E-05 0.382923 9.99558E-05
0.521637 9.99559E-05 0.345722 9.99559E-05 9.99559E-05 9.99559E-05 9.99559E-05 0.132142
9.99562E-05 9.99562E-05 0.680915 0.309836 0.00874944 9.99562E-05 9.99562E-05 9.99562E-05
0.185714 0.33275 0.287504 0.193633 9.99646E-05 9.99646E-05 9.99646E-05 9.99646E-05
0.0451157 0.113376 0.674279 0.0234113 0.143518 9.99737E-05 9.99737E-05 9.99737E-05
9.99736E-05 0.198111 0.241191 0.316892 0.101728 9.99736E-05 9.99736E-05 0.141779
0.300323 0.523464 9.99559E-05 0.175713 9.99559E-05 9.99559E-05 9.99559E-05 9.99559E-05
0.472233 0.192958 0.240001 0.0740799 9.99738E-05 9.99738E-05 9.99738E-05 0.0204289
0.137456 9.99647E-05 0.323081 9.99647E-05 0.161893 0.37717 9.99647E-05 9.99647E-05
0.442001 0.270867 0.128037 9.99736E-05 9.99736E-05 0.138995 9.99736E-05 0.0198006
9.9956E-05 0.20498 9.9956E-05 0.160554 9.9956E-05 9.9956E-05 0.633967 9.9956E-05
0.0486598 0.487609 9.99647E-05 0.201787 9.99647E-05 0.261545 9.99647E-05 9.99647E-05
9.9947E-05 0.0885353 0.910865 9.9947E-05 9.9947E-05 9.9947E-05 9.9947E-05 9.9947E-05
0.319012 0.606389 9.99564E-05 9.99564E-05 9.99564E-05 9.99564E-05 9.99564E-05 0.0740986
0.192029 0.200424 0.0764558 0.505235 9.99736E-05 0.0255564 9.99736E-05 9.99736E-05
9.99564E-05 9.99564E-05 0.220859 9.99564E-05 0.200362 0.57828 9.99564E-05 9.99564E-05
0.629944 0.102851 9.99561E-05 9.99561E-05 0.266706 9.99561E-05 9.99561E-05 9.99561E-05
0.326128 9.9956E-05 9.9956E-05 9.9956E-05 9.9956E-05 0.571958 0.101414 9.9956E-05
0.305496 9.99472E-05 0.693904 9.99472E-05 9.99472E-05 9.99472E-05 9.99472E-05 9.99472E-05
9.99565E-05 0.0370319 9.99565E-05 9.99565E-05 9.99565E-05 0.129253 0.833215 9.99565E-05
0.175927 9.99649E-05 9.99649E-05 9.99649E-05 9.99649E-05 0.176226 0.297183 0.350264
0.41838 9.99473E-05 0.581021 9.99473E-05 9.99473E-05 9.99473E-05 9.99473E-05 9.99473E-05
9.99736E-05 9.99736E-05 0.311872 0.421019 0.231263 0.0223401 9.99736E-05 0.0132059
0.281419 9.99737E-05 0.399806 9.99737E-05 0.137245 9.99737E-05 0.00151156 0.179719
0.254879 0.479844 9.9956E-05 9.9956E-05 9.9956E-05 0.264778 9.9956E-05 9.9956E-05
9.99649E-05 0.213488 0.258608 9.99649E-05 9.99649E-05 0.470439 9.99649E-05 0.0570652
0.659896 0.262099 0.0775058 9.99559E-05 9.99559E-05 9.99559E-05 9.99559E-05 9.99559E-05
9.9947E-05 9.9947E-05 9.9947E-05 0.131632 0.867768 9.9947E-05 9.9947E-05 9.9947E-05
9.99649E-05 0.0958087 9.99649E-05 9.99649E-05 0.0443362 0.163215 9.99649E-05 0.69624
9.99562E-05 9.99562E-05 9.99562E-05 0.564514 9.99562E-05 0.0575457 9.99562E-05 0.37744
9.99562E-05 0.538325 9.99562E-05 9.99562E-05 0.115592 9.99562E-05 0.345583 9.99562E-05
0.600623 9.9956E-05 0.32375 9.9956E-05 0.075127 9.9956E-05 9.9956E-05 9.9956E-05
9.99736E-05 0.53112 0.0590492 0.0747089 9.99736E-05 0.0138708 0.320952 9.99736E-05
9.99734E-05 0.233714 0.0270447 9.99734E-05 0.0237045 9.99734E-05 0.520011 0.195226
0.22515 0.179137 0.248899 9.99738E-05 9.99738E-05 0.216872 9.99738E-05 0.129643
0.212735 9.99653E-05 0.0284384 0.478678 9.99653E-05 9.99653E-05 9.99653E-05 0.279748
0.168554 0.183755 9.99559E-05 0.647191 9.99559E-05 9.99559E-05 9.99559E-05 9.99559E-05
0.714123 0.081555 9.99649E-05 0.112856 9.99649E-05 9.99649E-05 0.0910659 9.99649E-05
0.476038 9.9956E-05 0.485188 9.9956E-05 9.9956E-05 9.9956E-05 9.9956E-05 0.0382741
9.99648E-05 0.193581 9.99648E-05 0.178803 0.108865 9.99648E-05 9.99648E-05 0.518351
0.348857 0.0453996 0.536748 9.99649E-05 9.99649E-05 9.99649E-05 9.99649E-05 0.0685954
0.261152 9.99826E-05 0.124385 0.310204 0.138825 9.99826E-05 0.038466 0.126768
0.357352 9.9947E-05 9.9947E-05 9.9947E-05 9.9947E-05 9.9947E-05 0.642048 9.9947E-05
0.220544 0.175856 0.136151 9.99824E-05 0.0144568 9.99824E-05 0.0772404 0.375552
9.99472E-05 9.99472E-05 0.0974145 0.901986 9.99472E-05 9.99472E-05 9.99472E-05 9.99472E-05
9.994E-05 9.994E-05 9.994E-05 9.994E-05 9.994E-05 9.994E-05 0.9993 9.994E-05
0.103385 9.99561E-05 9.99561E-05 0.429287 9.99561E-05 0.466828 9.99561E-05 9.99561E-05
0.306037 9.99734E-05 0.231002 0.0852557 9.99734E-05 0.187361 9.99734E-05 0.190044
9.9956E-05 9.9956E-05 0.0277219 9.9956E-05 0.91823 0.0535482 9.9956E-05 9.9956E-05
9.99559E-05 0.235482 9.99559E-05 0.453645 9.99559E-05 9.99559E-05 9.99559E-05 0.310374
0.0857012 9.99738E-05 0.467347 0.380441 9.99738E-05 0.0542993 0.0119121 9.99738E-05
9.99649E-05 0.360082 0.231921 9.99649E-05 9.99649E-05 0.135098 0.272499 9.99649E-05
0.10746 9.99559E-05 9.99559E-05 9.99559E-05 9.99559E-05 0.102741 0.7893 9.99559E-05
9.99561E-05 9.99561E-05 0.33905 9.99561E-05 9.99561E-05 0.18456 0.47589 9.99561E-05
0.398366 0.184113 0.229812 0.147911 0.0394984 9.99735E-05 9.99735E-05 9.99735E-05
9.994E-05 9.994E-05 0.9993 9.994E-05 9.994E-05 9.994E-05 9.994E-05 9.994E-05
0.107942 0.468998 9.99736E-05 9.99736E-05 0.248753 9.99736E-05 0.0252286 0.148779
9.99824E-05 0.204956 0.0923196 0.0435488 0.154492 9.99824E-05 0.394061 0.110422
0.340357 9.99565E-05 0.585598 9.99565E-05 9.99565E-05 9.99565E-05 9.99565E-05 0.073545
0.114804 9.99646E-05 0.54561 0.0540561 0.285131 9.99646E-05 9.99646E-05 9.99646E-05
0.137365 9.99559E-05 9.99559E-05 0.598662 0.263474 9.99559E-05 9.99559E-05 9.99559E-05
9.99652E-05 9.99652E-05 0.0199997 0.54507 9.99652E-05 9.99652E-05 0.411612 0.0229177
0.0698418 9.99648E-05 9.99648E-05 9.99648E-05 9.99648E-05 0.39094 0.21792 0.320899
0.547298 0.226046 0.121206 0.105049 9.99645E-05 9.99645E-05 9.99645E-05 9.99645E-05
0.88322 9.99479E-05 9.99479E-05 9.99479E-05 9.99479E-05 0.11618 9.99479E-05 9.99479E-05
0.135339 0.716773 9.99558E-05 9.99558E-05 9.99558E-05 9.99558E-05 9.99558E-05 0.147388
0.443416 9.99648E-05 0.273005 9.99648E-05 9.99648E-05 9.99648E-05 0.0111683 0.272011
0.462602 9.99736E-05 0.206953 0.0493815 0.198238 9.99736E-05 9.99736E-05 0.0825255
9.9965E-05 0.0582797 0.537817 0.394005 9.9965E-05 9.9965E-05 0.00949819 9.9965E-05
0.185848 9.99559E-05 9.99559E-05 0.621921 0.191731 9.99559E-05 9.99559E-05 9.99559E-05
9.99738E-05 0.0567415 9.99738E-05 0.444131 0.263375 0.0160854 9.99738E-05 0.219368
0.0397502 9.99648E-05 0.0146661 0.792587 0.152597 9.99648E-05 9.99648E-05 9.99648E-05
0.288023 9.99736E-05 0.379066 0.229092 9.99736E-05 0.0561962 9.99736E-05 0.0473225
0.335338 0.522541 9.99651E-05 9.99651E-05 0.139716 9.99651E-05 9.99651E-05 0.00200535
0.401763 0.0701069 0.442469 9.99736E-05 0.0161591 9.99736E-05 0.0692019 9.99736E-05
9.99474E-05 9.99474E-05 9.99474E-05 0.859861 0.139539 9.99474E-05 9.99474E-05 9.99474E-05
9.99563E-05 0.283886 0.261241 0.454374 9.99563E-05 9.99563E-05 9.99563E-05 9.99563E-05
9.99648E-05 0.641795 0.143643 9.99648E-05 0.00801308 0.206149 9.99648E-05 9.99648E-05
9.994E-05 9.994E-05 9.994E-05 0.9993 9.994E-05 9.994E-05 9.994E-05 9.994E-05
0.0451549 0.845486 9.99563E-05 9.99563E-05 0.108859 9.99563E-05 9.99563E-05 9.99563E-05
0.58125 0.115995 9.99647E-05 9.99647E-05 0.162516 0.13984 9.99647E-05 9.99647E-05
9.99736E-05 0.130127 0.475696 9.99736E-05 0.152871 9.99736E-05 0.17884 0.0621658
0.706149 0.0680562 9.99824E-05 0.0130116 0.0448418 9.99824E-05 0.0571772 0.110564
0.342384 9.99738E-05 9.99738E-05 0.0150128 0.190744 0.324134 9.99738E-05 0.127425
0.513987 9.99471E-05 9.99471E-05 0.485413 9.99471E-05 9.99471E-05 9.99471E-05 9.99471E-05
9.99475E-05 9.99475E-05 9.99475E-05 0.908637 9.99475E-05 9.99475E-05 0.0907638 9.99475E-05
0.0554703 0.264754 0.386752 9.99737E-05 9.99737E-05 9.99737E-05 0.0544673 0.238256
9.99564E-05 0.331135 0.455639 9.99564E-05 9.99564E-05 9.99564E-05 0.212726 9.99564E-05
0.672914 9.99474E-05 9.99474E-05 0.326487 9.99474E-05 9.99474E-05 9.99474E-05 9.99474E-05
9.99647E-05 9.99647E-05 0.251514 0.126044 9.99647E-05 0.344035 0.278007 9.99647E-05
0.281566 9.99736E-05 0.0671529 0.213335 0.205638 9.99736E-05 0.232008 9.99736E-05
0.000875173 9.99825E-05 0.135626 0.0269757 9.99825E-05 0.534969 0.206169 0.095185
0.429892 9.99647E-05 0.195014 0.0788978 9.99647E-05 9.99647E-05 9.99647E-05 0.295797
9.99735E-05 0.00883307 0.291303 9.99735E-05 9.99735E-05 0.00941187 0.436616 0.253536
0.151255 9.99561E-05 0.515431 9.99561E-05 0.332815 9.99561E-05 9.99561E-05 9.99561E-05
9.9956E-05 9.9956E-05 9.9956E-05 9.9956E-05 0.441677 9.9956E-05 0.17668 0.381143
0.386623 9.99651E-05 0.0297438 9.99651E-05 0.249258 9.99651E-05 9.99651E-05 0.333976
9.99561E-05 9.99561E-05 0.808699 9.99561E-05 9.99561E-05 0.0444734 9.99561E-05 0.146328
0.12868 0.323665 9.99562E-05 9.99562E-05 9.99562E-05 0.547155 9.99562E-05 9.99562E-05
9.99649E-05 0.277887 0.224152 9.99649E-05 9.99649E-05 0.136927 0.360634 9.99649E-05
0.0692314 0.1591 0.771169 9.99561E-05 9.99561E-05 9.99561E-05 9.99561E-05 9.99561E-05
9.99736E-05 0.12374 0.147688 0.266068 0.272143 9.99736E-05 9.99736E-05 0.190061
0.490192 0.247086 9.99648E-05 9.99648E-05 9.99648E-05 0.206777 9.99648E-05 0.0555456
9.99472E-05 9.99472E-05 0.0829016 9.99472E-05 9.99472E-05 9.99472E-05 9.99472E-05 0.916499
0.0826404 9.99647E-05 0.68199 9.99647E-05 9.99647E-05 9.99647E-05 0.168691 0.0662792
0.339134 0.20075 9.99557E-05 9.99557E-05 9.99557E-05 0.459617 9.99557E-05 9.99557E-05
0.351296 9.99562E-05 9.99562E-05 0.44351 9.99562E-05 9.99562E-05 9.99562E-05 0.204694
9.99648E-05 0.227093 0.731728 9.99648E-05 9.99648E-05 0.0393214 9.99648E-05 0.00145766
9.99736E-05 9.99736E-05 0.00763914 0.574691 0.00984804 0.0878048 9.99736E-05 0.319717
0.021296 0.155354 9.99737E-05 0.500892 9.99737E-05 0.107904 9.99737E-05 0.214254
9.996E-05 0.075291 0.139967 0.286296 9.996E-05 0.498045 9.996E-05 9.996E-05
0.702391 0.0256673 9.99649E-05 9.99649E-05 0.0640131 9.99649E-05 9.99649E-05 0.207529
0.0363955 0.303115 9.99646E-05 0.409102 0.250988 9.99646E-05 9.99646E-05 9.99646E-05
0.278917 0.0405694 0.153553 0.0109148 0.0894962 9.99825E-05 0.426349 9.99825E-05
9.99472E-05 0.135489 9.99472E-05 0.863912 9.99472E-05 9.99472E-05 9.99472E-05 9.99472E-05
0.0357274 0.0414784 0.377232 9.99736E-05 9.99736E-05 0.225043 9.99736E-05 0.320219
0.426871 9.9965E-05 9.9965E-05 0.157968 0.239894 9.9965E-05 0.174867 9.9965E-05
9.99648E-05 9.99648E-05 0.0421073 0.116668 0.160303 9.99648E-05 0.680522 9.99648E-05
0.417938 0.102209 0.0443394 9.99735E-05 0.174548 9.99735E-05 0.260665 9.99735E-05
0.402896 0.482928 9.99558E-05 0.113676 9.99558E-05 9.99558E-05 9.99558E-05 9.99558E-05
0.374745 9.99474E-05 9.99474E-05 9.99474E-05 9.99474E-05 9.99474E-05 9.99474E-05 0.624656
0.42589 9.99558E-05 9.99558E-05 9.99558E-05 0.34736 9.99558E-05 9.99558E-05 0.22625
0.296838 0.0434308 9.99825E-05 9.99825E-05 0.0846054 0.180917 0.0767138 0.317295
0.351913 9.99561E-05 0.106059 9.99561E-05 9.99561E-05 9.99561E-05 0.541528 9.99561E-05
9.9965E-05 9.9965E-05 0.670239 9.9965E-05 0.16527 0.0360239 0.128068 9.9965E-05
0.270631 9.99651E-05 9.99651E-05 0.458408 9.99651E-05 0.00240599 9.99651E-05 0.268156
9.9956E-05 9.9956E-05 9.9956E-05 0.0971895 9.9956E-05 9.9956E-05 0.10698 0.795331
9.99649E-05 0.463399 9.99649E-05 9.99649E-05 9.99649E-05 0.176253 0.323145 0.036802
9.99648E-05 9.99648E-05 9.99648E-05 0.188796 0.297536 0.0241322 9.99648E-05 0.489136
9.99562E-05 9.99562E-05 0.732244 9.99562E-05 0.258861 0.00839521 9.99562E-05 9.99562E-05
0.0103372 0.347049 9.99645E-05 0.139417 9.99645E-05 0.502797 9.99645E-05 9.99645E-05
9.99648E-05 0.223612 0.126355 9.99648E-05 9.99648E-05 9.99648E-05 0.386853 0.262781
0.471491 0.229216 0.155353 0.14354 9.99647E-05 9.99647E-05 9.99647E-05 9.99647E-05
9.99649E-05 0.400634 9.99649E-05 0.148595 0.118341 9.99649E-05 0.33203 9.99649E-05
0.257884 9.99646E-05 9.99646E-05 0.361051 0.194506 0.186159 9.99646E-05 9.99646E-05
0.390025 0.0430054 0.184634 0.24314 9.99736E-05 0.138896 9.99736E-05 9.99736E-05
0.330752 9.99737E-05 0.344677 9.99737E-05 0.195174 0.0191706 0.109927 9.99737E-05
0.468927 0.181221 9.99647E-05 9.99647E-05 0.259131 9.99647E-05 0.0903215 9.99647E-05
9.9956E-05 0.141008 0.335453 0.523039 9.9956E-05 9.9956E-05 9.9956E-05 9.9956E-05
0.130462 0.505887 0.040446 0.0966446 9.99735E-05 9.99735E-05 9.99735E-05 0.226261
0.0434316 0.411458 0.242053 0.127738 9.99736E-05 9.99736E-05 0.175019 9.99736E-05
9.99737E-05 9.99737E-05 9.99737E-05 0.25035 0.146905 0.179542 0.241771 0.181132
0.466405 9.99567E-05 9.99567E-05 9.99567E-05 0.237181 9.99567E-05 9.99567E-05 0.295914
9.99561E-05 9.99561E-05 9.99561E-05 0.79393 9.99561E-05 0.197259 9.99561E-05 0.00831126
0.130599 9.99736E-05 0.234456 0.230175 9.99736E-05 9.99736E-05 0.394552 0.00991756
9.99561E-05 0.24935 9.99561E-05 0.66972 0.0804307 9.99561E-05 9.99561E-05 9.99561E-05
0.0972729 9.99738E-05 0.309762 9.99738E-05 0.252574 0.21955 0.120541 9.99738E-05
0.883391 9.99471E-05 9.99471E-05 9.99471E-05 9.99471E-05 9.99471E-05 0.116009 9.99471E-05
0.473264 9.99736E-05 0.00652936 0.166811 0.204118 0.148977 9.99736E-05 9.99736E-05
9.99559E-05 9.99559E-05 0.532791 9.99559E-05 9.99559E-05 9.99559E-05 0.313463 0.153247
0.830792 9.99478E-05 9.99478E-05 9.99478E-05 9.99478E-05 9.99478E-05 0.168608 9.99478E-05
9.99559E-05 9.99559E-05 0.0797274 0.381214 9.99559E-05 0.538559 9.99559E-05 9.99559E-05
0.0515259 0.271083 0.328437 9.99647E-05 9.99647E-05 9.99647E-05 9.99647E-05 0.348554
0.123619 9.99648E-05 9.99648E-05 9.99648E-05 0.499556 0.220013 0.156412 9.99648E-05
0.393749 0.50212 9.9956E-05 9.9956E-05 9.9956E-05 9.9956E-05 0.103631 9.9956E-05
9.99736E-05 0.180429 0.192735 9.99736E-05 0.0633071 0.121737 0.441492 9.99736E-05
0.485692 9.99647E-05 0.222344 9.99647E-05 9.99647E-05 0.0929396 0.198625 9.99647E-05
0.126788 9.99648E-05 0.408214 9.99648E-05 0.351196 9.99648E-05 0.113402 9.99648E-05
0.104505 0.0389375 9.99737E-05 0.540682 9.99737E-05 0.19854 0.117036 9.99737E-05
0.0792916 9.995E-05 0.757767 9.995E-05 9.995E-05 0.162442 9.995E-05 9.995E-05
0.201884 0.0951292 9.99736E-05 9.99736E-05 0.296764 9.99736E-05 0.0700837 0.335839
0.118863 9.9956E-05 9.9956E-05 0.692193 9.9956E-05 9.9956E-05 0.188444 9.9956E-05
9.99476E-05 9.99476E-05 9.99476E-05 9.99476E-05 9.99476E-05 0.155418 0.843982 9.99476E-05
9.99562E-05 0.291965 9.99562E-05 0.599643 9.99562E-05 0.107892 9.99562E-05 9.99562E-05
0.432679 9.99561E-05 0.182209 0.384613 9.99561E-05 9.99561E-05 9.99561E-05 9.99561E-05
9.99471E-05 0.0742606 0.92514 9.99471E-05 9.99471E-05 9.99471E-05 9.99471E-05 9.99471E-05
9.99559E-05 0.0266135 0.848184 9.99559E-05 0.124702 9.99559E-05 9.99559E-05 9.99559E-05
0.304065 9.99735E-05 0.136936 0.0933113 9.99735E-05 0.291742 0.173645 9.99735E-05
0.438647 0.560753 9.99476E-05 9.99476E-05 9.99476E-05 9.99476E-05 9.99476E-05 9.99476E-05
0.0121122 0.311507 9.99738E-05 9.99738E-05 0.285654 0.286652 9.99738E-05 0.103775
0.134527 9.99824E-05 0.197575 0.00546874 0.628755 0.0224899 9.99824E-05 0.0109852
0.0700471 0.0702867 9.99649E-05 0.304266 0.555001 9.99649E-05 9.99649E-05 9.99649E-05
9.99647E-05 9.99647E-05 0.1884 0.446668 0.176636 0.187896 9.99647E-05 9.99647E-05
9.99562E-05 0.472448 0.254625 9.99562E-05 0.272426 9.99562E-05 9.99562E-05 9.99562E-05
9.99563E-05 0.710894 9.99563E-05 9.99563E-05 0.245219 9.99563E-05 0.0433872 9.99563E-05
9.99475E-05 9.99475E-05 0.0451935 0.954207 9.99475E-05 9.99475E-05 9.99475E-05 9.99475E-05
0.674767 0.106212 0.0844303 9.99736E-05 9.99736E-05 0.0172614 0.11703 9.99736E-05
9.99735E-05 9.99735E-05 0.301923 0.150234 0.0208266 0.0447135 9.99735E-05 0.482003
9.99647E-05 9.99647E-05 0.684506 0.0207213 0.2609 9.99647E-05 9.99647E-05 0.033473
0.433869 9.99648E-05 0.0691525 0.34252 9.99648E-05 0.154058 9.99648E-05 9.99648E-05
0.500556 9.99558E-05 9.99558E-05 0.252582 9.99558E-05 9.99558E-05 0.246363 9.99558E-05
0.312862 9.99737E-05 0.300201 0.0976521 0.146434 9.99737E-05 0.142551 9.99737E-05
9.99647E-05 0.370402 0.101508 0.397622 0.130067 9.99647E-05 9.99647E-05 9.99647E-05
0.770029 0.11187 9.99648E-05 9.99648E-05 9.99648E-05 9.99648E-05 0.00277038 0.114931
0.280652 0.0539633 9.998E-05 9.998E-05 0.228711 0.166981 0.00951375 0.259978
0.9993 9.994E-05 9.994E-05 9.994E-05 9.994E-05 9.994E-05 9.994E-05 9.994E-05
0.0344028 9.99736E-05 0.351315 0.0428635 9.99736E-05 0.478415 9.99736E-05 0.092704
0.491177 0.380192 9.99561E-05 0.128131 9.99561E-05 9.99561E-05 9.99561E-05 9.99561E-05
9.99646E-05 0.0665727 0.0120913 0.661919 9.99646E-05 9.99646E-05 0.259017 9.99646E-05
0.332784 0.0790618 9.99736E-05 0.110094 9.99736E-05 0.339481 0.138279 9.99736E-05
0.94567 9.99475E-05 9.99475E-05 9.99475E-05 0.0537307 9.99475E-05 9.99475E-05 9.99475E-05
0.357958 9.99647E-05 9.99647E-05 0.298618 0.10379 0.239234 9.99647E-05 9.99647E-05
0.177449 0.186382 9.99558E-05 0.635669 9.99558E-05 9.99558E-05 9.99558E-05 9.99558E-05
0.266704 0.0112636 9.99647E-05 0.25487 9.99647E-05 9.99647E-05 0.466762 9.99647E-05
0.000963672 9.9965E-05 0.39302 9.9965E-05 9.9965E-05 0.104612 9.9965E-05 0.501004
0.306273 9.99648E-05 0.0256392 9.99648E-05 0.249747 0.417941 9.99648E-05 9.99648E-05
9.99648E-05 0.495748 0.286255 0.115977 9.99648E-05 0.10162 9.99648E-05 9.99648E-05
9.99561E-05 0.10078 9.99561E-05 0.657683 9.99561E-05 9.99561E-05 0.241037 9.99561E-05
0.0905679 9.99562E-05 9.99562E-05 9.99562E-05 0.236182 9.99562E-05 0.67275 9.99562E-05
0.722653 9.99472E-05 9.99472E-05 9.99472E-05 9.99472E-05 9.99472E-05 9.99472E-05 0.276747
0.211964 0.0160158 0.231021 0.127374 0.191216 0.222209 9.99824E-05 9.99824E-05
9.99649E-05 9.99649E-05 0.519536 0.154596 0.158662 9.99649E-05 0.166805 9.99649E-05
9.994E-05 9.994E-05 9.994E-05 9.994E-05 9.994E-05 0.9993 9.994E-05 9.994E-05
9.997E-05 0.106891 0.275791 0.347807 0.213785 9.997E-05 0.0554254 9.997E-05
9.9956E-05 0.295408 0.272202 9.9956E-05 9.9956E-05 0.43189 9.9956E-05 9.9956E-05
0.706192 0.180633 0.112675 9.99558E-05 9.99558E-05 9.99558E-05 9.99558E-05 9.99558E-05
0.566918 9.99646E-05 0.289361 0.0718406 9.99646E-05 0.0714803 9.99646E-05 9.99646E-05
0.00731489 0.132261 9.99738E-05 0.675006 9.99738E-05 0.147959 9.99738E-05 0.0371584
