0.171274 0.0969012 9.99913E-05 0.22681 0.504914
0.455992 9.99826E-05 9.99826E-05 0.508101 0.0357075
0.321894 0.59063 9.99825E-05 9.99825E-05 0.0872752
0.601994 9.99736E-05 9.99736E-05 9.99736E-05 0.397706
0.65464 0.34506 9.99737E-05 9.99737E-05 9.99737E-05
0.54505 9.99913E-05 0.138256 0.25351 0.0630836
9.99824E-05 0.22546 0.350355 0.423985 9.99824E-05
0.150786 0.554889 0.294126 9.99824E-05 9.99824E-05
0.213089 0.786611 9.99737E-05 9.99737E-05 9.99737E-05
9.99823E-05 0.607255 9.99823E-05 0.167484 0.22506
0.208816 0.109436 9.99912E-05 0.310082 0.371566
0.683656 9.99739E-05 9.99739E-05 0.316044 9.99739E-05
0.303365 9.99737E-05 9.99737E-05 9.99737E-05 0.696335
9.99826E-05 0.137968 0.820834 0.0409979 9.99826E-05
0.321444 0.237603 9.99912E-05 0.361558 0.0792955
9.99824E-05 0.0996353 0.307087 9.99824E-05 0.593078
0.36913 0.63057 9.99736E-05 9.99736E-05 9.99736E-05
9.99826E-05 0.486475 0.00951321 0.503812 9.99826E-05
9.99912E-05 0.257702 0.547022 0.11342 0.0817555
0.358384 0.328183 9.99825E-05 9.99825E-05 0.313232
9.99736E-05 0.517794 9.99736E-05 0.481906 9.99736E-05
0.456045 0.395188 9.99912E-05 0.12424 0.024428
9.99825E-05 0.143454 0.0829538 9.99825E-05 0.773392
9.99738E-05 9.99738E-05 9.99738E-05 0.411134 0.588567
0.606638 0.393062 9.99738E-05 9.99738E-05 9.99738E-05
0.467243 0.189432 0.343125 9.99824E-05 9.99824E-05
9.99737E-05 9.99737E-05 0.281826 9.99737E-05 0.717874
0.850346 9.99736E-05 9.99736E-05 0.149354 9.99736E-05
9.99737E-05 0.104447 9.99737E-05 0.895253 9.99737E-05
9.99824E-05 0.425911 9.99824E-05 0.266936 0.306953
9.99736E-05 0.448583 9.99736E-05 0.551117 9.99736E-05
0.917538 9.99825E-05 0.0485982 9.99825E-05 0.0336643
9.99738E-05 9.99738E-05 0.216593 9.99738E-05 0.783107
0.601721 9.99737E-05 9.99737E-05 9.99737E-05 0.397979
0.265459 9.99912E-05 0.253143 0.00240194 0.478896
9.99824E-05 0.3136 0.0802715 0.605928 9.99824E-05
9.99738E-05 0.767865 9.99738E-05 9.99738E-05 0.231835
0.113486 9.99824E-05 0.493574 9.99824E-05 0.39274
0.531943 0.379728 9.99823E-05 0.0881289 9.99823E-05
0.231937 0.180088 0.0184941 0.120189 0.449292
9.99823E-05 0.0287555 0.321188 9.99823E-05 0.649857
0.1313 0.388617 0.198934 9.99913E-05 0.281049
9.99823E-05 0.478211 0.221067 9.99823E-05 0.300522
9.997E-05 9.997E-05 0.9996 9.997E-05 9.997E-05
0.131978 9.99825E-05 0.27536 0.592462 9.99825E-05
0.636574 9.99825E-05 0.167536 0.19569 9.99825E-05
9.99825E-05 0.166142 0.481965 0.351693 9.99825E-05
0.198774 9.99912E-05 0.188479 0.0826555 0.529991
9.99824E-05 0.795334 9.99824E-05 0.052216 0.15225
9.99912E-05 0.763231 0.0243834 0.161983 0.0503028
0.0161571 0.451892 9.99912E-05 0.52375 0.0081009
9.99737E-05 0.421654 9.99737E-05 0.578046 9.99737E-05
0.416985 9.99824E-05 0.138182 9.99824E-05 0.444633
0.0600746 9.99736E-05 9.99736E-05 0.939625 9.99736E-05
9.99736E-05 0.332028 9.99736E-05 0.667672 9.99736E-05
9.99735E-05 9.99735E-05 9.99735E-05 0.0884367 0.911263
0.316678 0.0882974 9.99912E-05 0.228167 0.366757
0.152119 9.99825E-05 0.21892 0.628761 9.99825E-05
0.000725729 0.317769 9.99912E-05 0.433195 0.24821
0.0919966 0.0851082 9.99824E-05 9.99824E-05 0.822695
0.109957 0.505205 9.99824E-05 0.384638 9.99824E-05
9.99824E-05 0.425595 0.0553881 9.99824E-05 0.518817
0.928578 0.0200818 9.99825E-05 0.05114 9.99825E-05
0.555417 9.99739E-05 9.99739E-05 9.99739E-05 0.444284
0.118561 9.99823E-05 9.99823E-05 0.471173 0.410066
0.729146 0.0550333 9.99823E-05 9.99823E-05 0.215621
0.142636 0.047271 9.99912E-05 0.694565 0.115428
9.99825E-05 0.514766 9.99825E-05 0.121453 0.36358
9.99912E-05 0.39755 0.191854 0.0876323 0.322864
0.0433533 9.99824E-05 9.99824E-05 0.753258 0.203189
0.128652 0.147662 0.723487 9.99824E-05 9.99824E-05
9.99825E-05 0.495358 0.070458 9.99825E-05 0.433984
0.265654 9.99824E-05 0.397893 9.99824E-05 0.336253
0.158471 9.99826E-05 0.537978 0.30335 9.99826E-05
0.60384 9.99736E-05 9.99736E-05 0.39586 9.99736E-05
0.0689681 9.99824E-05 0.0326402 0.898192 9.99824E-05
9.99737E-05 9.99737E-05 9.99737E-05 0.55694 0.44276
9.99737E-05 9.99737E-05 9.99737E-05 0.736565 0.263135
0.0672151 9.99827E-05 0.901515 0.0310699 9.99827E-05
0.937692 9.99736E-05 9.99736E-05 9.99736E-05 0.0620079
0.324024 0.675676 9.99737E-05 9.99737E-05 9.99737E-05
9.99738E-05 9.99738E-05 0.898221 9.99738E-05 0.101479
0.13454 9.99911E-05 0.207842 0.414662 0.242856
0.308273 0.388939 9.99824E-05 0.302588 9.99824E-05
0.622535 9.99825E-05 9.99825E-05 0.0261268 0.351139
0.273834 0.576941 9.99826E-05 9.99826E-05 0.149025
9.99825E-05 0.223467 9.99825E-05 0.284873 0.49146
0.0146171 0.241621 0.367349 9.99912E-05 0.376313
0.098476 0.399081 0.136844 0.312348 0.0532508
0.682112 0.317588 9.99735E-05 9.99735E-05 9.99735E-05
0.136903 0.57347 0.223618 9.99912E-05 0.0659091
0.0285224 0.254883 0.611406 0.0625591 0.0426292
0.458615 0.111289 9.99912E-05 0.358616 0.0713804
0.669202 9.99913E-05 0.00206253 0.116873 0.211763
0.123833 0.0471699 0.358605 0.377189 0.0932032
9.99825E-05 0.314834 0.0276645 0.657301 9.99825E-05
9.99825E-05 0.141954 9.99825E-05 0.495291 0.362555
0.132331 0.0508869 9.99827E-05 9.99827E-05 0.816582
0.768995 9.99736E-05 0.230705 9.99736E-05 9.99736E-05
0.172824 0.357433 9.99912E-05 0.380167 0.0894755
9.99824E-05 9.99824E-05 0.854593 0.124561 0.0206464
0.11915 0.0712595 0.160465 9.99912E-05 0.649025
9.99824E-05 9.99824E-05 0.171813 0.477517 0.35047
0.600107 0.0585918 0.0152334 9.99912E-05 0.325967
9.99824E-05 0.863277 0.127897 9.99824E-05 0.00862566
9.99824E-05 9.99824E-05 0.204069 0.520608 0.275123
0.26308 0.204334 0.532386 9.99823E-05 9.99823E-05
9.99825E-05 0.235339 0.392564 0.371897 9.99825E-05
0.223256 9.99912E-05 0.475444 0.212075 0.0891255
9.99825E-05 9.99825E-05 0.354711 0.588409 0.0566799
9.9974E-05 0.166429 9.9974E-05 9.9974E-05 0.833271
9.99737E-05 9.99737E-05 9.99737E-05 0.757026 0.242675
9.99738E-05 9.99738E-05 9.99738E-05 0.224409 0.775291
9.99825E-05 0.26837 0.151214 0.580216 9.99825E-05
0.210022 9.99827E-05 9.99827E-05 0.556717 0.233061
0.102783 9.99825E-05 0.562445 0.334572 9.99825E-05
0.293622 9.99824E-05 9.99824E-05 0.644812 0.0613664
0.0500183 9.99737E-05 9.99737E-05 0.949682 9.99737E-05
9.99823E-05 0.448005 0.0277655 9.99823E-05 0.524029
9.99824E-05 0.47516 0.371843 0.152797 9.99824E-05
0.681641 9.99825E-05 9.99825E-05 0.0816658 0.236494
0.75243 0.24727 9.99736E-05 9.99736E-05 9.99736E-05
9.99825E-05 0.0982803 0.431866 9.99825E-05 0.469654
0.334137 0.0818055 9.99913E-05 0.563758 0.0202001
0.102783 0.407565 0.303501 0.18605 9.99912E-05
9.99823E-05 0.475672 0.226779 0.297349 9.99823E-05
0.125413 9.99736E-05 9.99736E-05 0.874287 9.99736E-05
0.0417449 0.484263 9.99825E-05 0.473792 9.99825E-05
9.99738E-05 0.820056 0.179644 9.99738E-05 9.99738E-05
0.218627 9.99912E-05 0.0498206 0.29896 0.432491
0.510322 9.99911E-05 0.00135243 0.378275 0.109951
0.370633 0.393012 9.99912E-05 0.0212121 0.215043
0.323813 9.99738E-05 9.99738E-05 9.99738E-05 0.675887
0.255793 0.14125 0.105656 0.497202 9.99912E-05
0.64408 9.99738E-05 9.99738E-05 9.99738E-05 0.35562
9.99734E-05 9.99734E-05 9.99734E-05 0.544043 0.455657
9.99737E-05 0.520268 9.99737E-05 9.99737E-05 0.479432
0.714482 9.99824E-05 9.99824E-05 0.138025 0.147294
0.814515 0.168207 0.0170784 9.99824E-05 9.99824E-05
0.313672 0.232673 9.99912E-05 0.0620952 0.391459
9.99824E-05 0.567973 9.99824E-05 0.181097 0.25073
0.339328 0.660372 9.99738E-05 9.99738E-05 9.99738E-05
9.99912E-05 0.496197 0.263449 0.0891332 0.151121
9.99824E-05 0.250023 9.99824E-05 0.3487 0.401077
0.439577 0.349059 0.211165 9.99825E-05 9.99825E-05
0.251451 0.0186442 9.99826E-05 0.729705 9.99826E-05
0.0162752 0.540267 0.143043 0.300315 9.99912E-05
9.99735E-05 9.99735E-05 0.897887 9.99735E-05 0.101813
9.99735E-05 9.99735E-05 0.127506 0.872194 9.99735E-05
0.213214 9.99825E-05 0.0781219 0.708464 9.99825E-05
9.99826E-05 9.99826E-05 0.184362 0.474963 0.340475
9.99824E-05 9.99824E-05 0.0277092 0.636953 0.335137
9.99737E-05 0.294755 9.99737E-05 0.704945 9.99737E-05
0.00239598 0.290223 0.459554 0.247727 9.99912E-05
0.274314 0.591436 9.99824E-05 9.99824E-05 0.134051
0.687372 0.0320563 9.99823E-05 0.280372 9.99823E-05
0.472389 9.99737E-05 9.99737E-05 0.527311 9.99737E-05
0.372402 0.23456 0.343075 9.99912E-05 0.0498633
0.109459 9.99823E-05 9.99823E-05 0.792362 0.0979791
0.597037 0.0201835 0.162771 0.219909 9.99913E-05
0.292951 9.99824E-05 0.559339 0.147511 9.99824E-05
0.353886 0.476188 0.169726 9.99824E-05 9.99824E-05
0.976001 0.0236993 9.99737E-05 9.99737E-05 9.99737E-05
0.94981 9.99735E-05 9.99735E-05 0.0498897 9.99735E-05
0.109065 0.39028 9.99912E-05 0.481461 0.0190948
9.99824E-05 9.99824E-05 0.265734 0.130395 0.603671
0.167821 0.244456 0.351183 9.99912E-05 0.236441
9.99827E-05 0.695404 0.0629539 0.241442 9.99827E-05
0.594583 9.99739E-05 0.405118 9.99739E-05 9.99739E-05
9.99824E-05 0.177222 9.99824E-05 0.519125 0.303453
9.99912E-05 0.309401 0.0917477 0.393605 0.205146
9.99826E-05 0.106114 0.424591 9.99826E-05 0.469096
0.133319 0.459286 9.99824E-05 9.99824E-05 0.407195
9.99912E-05 0.184182 0.155298 0.480479 0.17994
0.15082 9.99826E-05 9.99826E-05 0.333305 0.515674
9.99736E-05 9.99736E-05 0.092239 9.99736E-05 0.907461
9.99825E-05 0.501875 0.408018 0.0899069 9.99825E-05
9.99824E-05 0.492525 9.99824E-05 0.322459 0.184816
9.99824E-05 0.298034 9.99824E-05 0.343846 0.35792
0.122383 0.276496 0.129584 9.99912E-05 0.471437
0.192631 0.497303 0.309866 9.99824E-05 9.99824E-05
0.264101 9.99824E-05 0.460861 9.99824E-05 0.274838
9.99825E-05 9.99825E-05 0.147747 0.569485 0.282568
0.41074 0.58896 9.99737E-05 9.99737E-05 9.99737E-05
0.346736 0.0733451 0.284066 0.0923651 0.203488
0.170955 9.99913E-05 0.330439 0.0460325 0.452473
0.0678954 0.246317 9.99825E-05 0.685588 9.99825E-05
0.169921 9.99825E-05 9.99825E-05 0.689198 0.140681
0.384204 9.99912E-05 0.156303 0.202005 0.257389
9.99912E-05 0.413734 0.102823 0.465738 0.017605
9.99735E-05 9.99735E-05 9.99735E-05 0.080754 0.918946
9.997E-05 9.997E-05 0.9996 9.997E-05 9.997E-05
9.99737E-05 0.879373 0.120327 9.99737E-05 9.99737E-05
9.99825E-05 0.149726 9.99825E-05 0.583322 0.266752
9.99825E-05 9.99825E-05 0.403771 0.0712273 0.524802
0.174053 0.325963 0.0579937 0.296302 0.145687
0.220167 0.311284 0.11181 0.267885 0.0888546
0.149359 0.5027 0.066001 0.28184 9.99912E-05
0.40428 0.347232 0.248288 9.99826E-05 9.99826E-05
9.99737E-05 0.940801 9.99737E-05 0.0588996 9.99737E-05
9.997E-05 9.997E-05 9.997E-05 9.997E-05 0.9996
0.0964879 0.903212 9.99737E-05 9.99737E-05 9.99737E-05
9.99738E-05 9.99738E-05 0.654963 9.99738E-05 0.344737
0.592029 0.235676 9.99913E-05 0.109405 0.0627893
9.99823E-05 0.167765 0.0735687 9.99823E-05 0.758466
0.224755 0.254763 9.99912E-05 0.381688 0.138694
9.99737E-05 9.99737E-05 9.99737E-05 0.693006 0.306694
9.99912E-05 0.335167 0.350176 0.219767 0.0947899
0.0191515 9.99823E-05 9.99823E-05 0.0789641 0.901684
9.99824E-05 0.503368 0.388539 9.99824E-05 0.107893
9.99736E-05 9.99736E-05 9.99736E-05 0.52473 0.47497
0.781328 9.99824E-05 0.198521 0.019951 9.99824E-05
9.99824E-05 0.0816586 0.386214 0.531927 9.99824E-05
0.375078 9.99737E-05 9.99737E-05 0.624622 9.99737E-05
9.99825E-05 0.231395 9.99825E-05 0.405683 0.362722
9.99738E-05 9.99738E-05 0.229222 0.770478 9.99738E-05
9.99826E-05 9.99826E-05 0.853311 0.092459 0.0540301
9.99737E-05 0.695744 9.99737E-05 9.99737E-05 0.303956
0.720751 9.99735E-05 9.99735E-05 9.99735E-05 0.278949
0.601891 0.148498 9.99823E-05 9.99823E-05 0.249411
0.256951 0.137542 9.99912E-05 0.520948 0.0844592
9.99825E-05 9.99825E-05 0.251873 0.632107 0.11582
0.310172 0.314645 0.374983 9.99824E-05 9.99824E-05
0.930566 9.99825E-05 0.0412792 0.0279553 9.99825E-05
9.997E-05 9.997E-05 9.997E-05 0.9996 9.997E-05
0.231414 0.0757657 0.196385 9.99912E-05 0.496335
9.99824E-05 0.0120777 9.99824E-05 0.330198 0.657525
0.49691 0.209341 0.293549 9.99825E-05 9.99825E-05
9.997E-05 9.997E-05 9.997E-05 9.997E-05 0.9996
9.99825E-05 0.22744 0.413686 9.99825E-05 0.358674
0.533049 0.0440804 9.99912E-05 0.116755 0.306016
9.99737E-05 0.775047 9.99737E-05 9.99737E-05 0.224653
9.99912E-05 0.101496 0.470532 0.383343 0.0445294
0.548668 0.117408 0.168883 9.99912E-05 0.164942
0.714121 9.99825E-05 0.198228 9.99825E-05 0.0874511
9.99824E-05 0.105213 9.99824E-05 0.344879 0.549709
0.0492292 0.524824 0.113368 0.31248 9.99913E-05
0.148148 9.99825E-05 0.279217 0.572435 9.99825E-05
0.0472174 0.48202 0.13063 0.340033 9.99912E-05
0.45702 0.174964 9.99825E-05 9.99825E-05 0.367816
0.595445 9.99912E-05 0.074243 0.064191 0.266021
9.99825E-05 0.0614678 9.99825E-05 0.490161 0.448172
0.361383 9.99825E-05 0.107508 0.530908 9.99825E-05
9.99913E-05 0.116242 0.0471679 0.624878 0.211612
9.99735E-05 0.619093 9.99735E-05 0.380607 9.99735E-05
0.114151 0.661027 0.174091 9.99912E-05 0.0506304
9.99823E-05 0.482495 0.31862 0.198685 9.99823E-05
0.254174 0.648155 0.0974716 9.99824E-05 9.99824E-05
0.264258 0.318593 9.99825E-05 9.99825E-05 0.416948
9.99824E-05 0.239614 0.184365 9.99824E-05 0.575821
0.406817 0.478528 9.99824E-05 0.114455 9.99824E-05
0.343041 9.99824E-05 0.358148 0.298611 9.99824E-05
0.707517 0.198735 9.99825E-05 9.99825E-05 0.0935478
9.99824E-05 0.0628037 9.99824E-05 0.701431 0.235565
9.99735E-05 0.487151 9.99735E-05 9.99735E-05 0.512549
9.99824E-05 0.0715719 9.99824E-05 0.608859 0.31937
0.439658 0.450381 9.99825E-05 9.99825E-05 0.109761
0.132786 0.694753 9.99827E-05 9.99827E-05 0.172261
0.308993 0.648101 0.0183186 0.01869 0.00589787
9.99825E-05 0.550879 0.336367 9.99825E-05 0.112554
0.384486 9.99912E-05 0.251112 0.0897866 0.274515
