9.99824E-05 0.15365 0.609702 9.99824E-05 0.236448
9.99737E-05 0.79789 0.20181 9.99737E-05 9.99737E-05
9.99827E-05 0.467183 9.99827E-05 0.519254 0.0133638
0.196938 0.516103 9.99825E-05 9.99825E-05 0.286758
0.101301 0.31472 9.99913E-05 0.524053 0.0598261
9.99739E-05 0.66094 0.33876 9.99739E-05 9.99739E-05
9.99735E-05 9.99735E-05 0.38253 0.61717 9.99735E-05
9.99736E-05 9.99736E-05 0.775507 0.224193 9.99736E-05
9.99738E-05 9.99738E-05 9.99738E-05 0.00215802 0.997542
0.614062 9.99827E-05 0.0551784 9.99827E-05 0.33056
0.131832 0.522642 0.345327 9.99825E-05 9.99825E-05
0.145018 0.326213 9.99824E-05 0.528569 9.99824E-05
9.99823E-05 9.99823E-05 0.421746 0.389088 0.188967
0.197639 0.0273569 0.466891 0.308014 9.99912E-05
9.997E-05 9.997E-05 9.997E-05 9.997E-05 0.9996
9.999E-05 0.00744294 0.2038 0.212572 0.576085
0.0144198 9.99736E-05 9.99736E-05 9.99736E-05 0.98528
9.99824E-05 9.99824E-05 0.495852 0.277394 0.226554
0.21218 0.425709 0.198122 0.133239 0.0307509
0.0979139 0.267388 0.103929 9.99913E-05 0.530669
9.99824E-05 0.00900177 0.814218 9.99824E-05 0.17658
0.200453 9.99824E-05 9.99824E-05 0.330138 0.469209
0.485525 9.99824E-05 0.500699 9.99824E-05 0.013576
0.206519 9.99912E-05 0.0311853 0.208802 0.553394
0.805796 9.9974E-05 9.9974E-05 9.9974E-05 0.193904
0.364537 9.99824E-05 0.532637 9.99824E-05 0.102627
0.153051 0.195559 0.59872 0.0525703 9.99912E-05
0.762931 0.0309679 9.99824E-05 9.99824E-05 0.205901
0.0626798 0.096879 9.99913E-05 0.64593 0.194411
0.561314 0.00929933 9.99825E-05 0.429186 9.99825E-05
9.99824E-05 0.340584 9.99824E-05 0.577988 0.0812279
0.32648 0.153186 9.99912E-05 0.463834 0.0563997
9.99913E-05 0.52859 0.223288 0.235894 0.0121277
9.997E-05 9.997E-05 9.997E-05 9.997E-05 0.9996
9.99826E-05 0.149284 0.128663 9.99826E-05 0.721853
0.701182 9.99738E-05 0.298519 9.99738E-05 9.99738E-05
9.99737E-05 0.442188 9.99737E-05 0.557512 9.99737E-05
0.406254 0.593446 9.99738E-05 9.99738E-05 9.99738E-05
0.258163 9.99737E-05 9.99737E-05 0.741537 9.99737E-05
0.271648 9.99823E-05 0.604453 0.123699 9.99823E-05
0.636562 0.116123 0.111914 0.1353 9.99913E-05
9.997E-05 9.997E-05 0.9996 9.997E-05 9.997E-05
9.99735E-05 0.662459 9.99735E-05 9.99735E-05 0.337241
9.99824E-05 0.217666 0.246537 0.535597 9.99824E-05
9.99735E-05 0.229149 9.99735E-05 9.99735E-05 0.770551
0.0439612 0.833513 9.99826E-05 9.99826E-05 0.122326
0.642085 0.155872 0.123406 9.99913E-05 0.078537
0.689664 9.99739E-05 9.99739E-05 9.99739E-05 0.310036
9.99825E-05 9.99825E-05 0.769141 0.22291 0.0077488
9.99737E-05 9.99737E-05 9.99737E-05 0.163645 0.836055
9.99824E-05 9.99824E-05 0.39104 0.505612 0.103148
9.99827E-05 0.341363 0.399959 9.99827E-05 0.258478
0.168233 0.39063 0.00504203 0.435995 9.99911E-05
0.352652 0.574354 9.99824E-05 9.99824E-05 0.0727937
0.15618 0.101542 0.214927 0.527252 9.99913E-05
9.99824E-05 0.296082 9.99824E-05 0.435729 0.26799
0.254879 9.99824E-05 9.99824E-05 0.538083 0.206839
0.0851536 9.99912E-05 0.0575954 0.470523 0.386628
0.789678 9.99824E-05 0.0605212 0.149601 9.99824E-05
9.99825E-05 9.99825E-05 0.321239 0.159915 0.518646
9.99735E-05 9.99735E-05 0.0455005 9.99735E-05 0.9542
0.506304 9.99824E-05 9.99824E-05 0.0455549 0.447941
9.997E-05 9.997E-05 9.997E-05 9.997E-05 0.9996
0.240937 0.529673 0.0297695 0.19952 9.99912E-05
9.99734E-05 0.0421137 9.99734E-05 9.99734E-05 0.957586
0.910412 9.99736E-05 0.0892884 9.99736E-05 9.99736E-05
9.99737E-05 0.0371315 9.99737E-05 9.99737E-05 0.962569
9.99736E-05 9.99736E-05 0.698377 0.301323 9.99736E-05
0.874263 0.125437 9.99738E-05 9.99738E-05 9.99738E-05
9.99736E-05 9.99736E-05 0.139482 0.860218 9.99736E-05
0.313214 9.99736E-05 0.686486 9.99736E-05 9.99736E-05
9.99824E-05 0.171864 0.227873 9.99824E-05 0.600063
0.299399 9.99827E-05 0.0809933 9.99827E-05 0.619407
9.99825E-05 9.99825E-05 0.305875 0.593741 0.100184
0.686116 0.021104 0.29258 9.99824E-05 9.99824E-05
9.99824E-05 0.225894 0.742483 0.0314227 9.99824E-05
0.468171 0.144692 9.99825E-05 0.386938 9.99825E-05
9.99912E-05 0.264904 0.112287 0.0152871 0.607422
9.99826E-05 9.99826E-05 0.0993574 0.472946 0.427497
0.22899 0.138553 0.159609 9.99913E-05 0.472748
0.0294984 0.168826 0.691447 0.110129 9.99912E-05
9.99738E-05 0.410524 9.99738E-05 0.589176 9.99738E-05
0.0456259 0.43847 0.442599 0.0732047 9.99913E-05
0.333696 9.99827E-05 0.236284 0.429821 9.99827E-05
0.143891 9.99737E-05 9.99737E-05 0.855809 9.99737E-05
9.997E-05 9.997E-05 0.9996 9.997E-05 9.997E-05
9.99825E-05 0.71844 9.99825E-05 0.2264 0.0549598
9.99739E-05 9.99739E-05 0.150721 0.848979 9.99739E-05
9.99736E-05 9.99736E-05 9.99736E-05 0.135109 0.864591
0.307397 9.99738E-05 9.99738E-05 9.99738E-05 0.692304
0.229649 0.187047 0.583104 9.99824E-05 9.99824E-05
9.99823E-05 9.99823E-05 0.264347 0.440388 0.295065
0.150175 0.309047 9.99912E-05 0.111467 0.429211
0.254341 0.171987 9.99824E-05 0.573473 9.99824E-05
0.472253 9.99912E-05 0.196488 0.0816053 0.249554
0.224771 0.0710418 0.415376 0.00755032 0.281261
9.99738E-05 9.99738E-05 0.303058 9.99738E-05 0.696642
0.0244772 9.99824E-05 0.268398 9.99824E-05 0.706925
0.0141517 9.99824E-05 9.99824E-05 0.125537 0.860111
9.99824E-05 0.258365 9.99824E-05 0.397095 0.344339
9.99739E-05 0.14708 0.852621 9.99739E-05 9.99739E-05
0.387755 0.558834 9.99823E-05 0.0532103 9.99823E-05
9.99824E-05 9.99824E-05 0.0793625 0.0446645 0.875773
9.99736E-05 0.783345 0.216355 9.99736E-05 9.99736E-05
9.997E-05 9.997E-05 0.9996 9.997E-05 9.997E-05
9.99735E-05 9.99735E-05 0.163789 9.99735E-05 0.835911
0.382141 9.99739E-05 0.617559 9.99739E-05 9.99739E-05
9.99824E-05 0.386979 0.354345 0.258476 9.99824E-05
9.99824E-05 9.99824E-05 0.00680922 0.796032 0.196959
0.25349 9.99825E-05 0.347027 9.99825E-05 0.399283
9.99736E-05 0.263264 9.99736E-05 9.99736E-05 0.736436
0.0699104 0.173685 0.531963 0.224341 9.99912E-05
9.99912E-05 0.262298 0.343799 0.180167 0.213636
9.99823E-05 0.560425 9.99823E-05 0.113989 0.325386
9.99826E-05 0.304487 0.131315 9.99826E-05 0.563998
9.99825E-05 9.99825E-05 0.0727358 0.627849 0.299215
0.728896 9.99736E-05 9.99736E-05 9.99736E-05 0.270804
0.0297983 0.94219 9.99825E-05 9.99825E-05 0.0278116
0.361891 9.99824E-05 0.254468 9.99824E-05 0.383442
9.99824E-05 0.52378 0.458132 9.99824E-05 0.0178882
9.99738E-05 9.99738E-05 0.208975 9.99738E-05 0.790726
9.99736E-05 9.99736E-05 0.603714 0.395986 9.99736E-05
0.397478 0.381437 9.99824E-05 0.220886 9.99824E-05
0.156037 0.140783 0.414328 9.99912E-05 0.288752
0.622644 9.99824E-05 0.270097 9.99824E-05 0.107059
0.603715 0.209188 0.186897 9.99824E-05 9.99824E-05
9.99736E-05 9.99736E-05 9.99736E-05 0.243747 0.755953
0.39649 9.99823E-05 0.57232 9.99823E-05 0.0309903
9.99824E-05 9.99824E-05 0.192577 0.459725 0.347498
9.997E-05 9.997E-05 0.9996 9.997E-05 9.997E-05
9.99824E-05 9.99824E-05 0.174475 0.557556 0.267769
9.99736E-05 9.99736E-05 0.944619 9.99736E-05 0.0550808
9.99738E-05 9.99738E-05 0.384545 9.99738E-05 0.615155
9.99912E-05 0.254761 0.658153 0.037144 0.0498419
0.0670997 0.569285 0.363415 9.99825E-05 9.99825E-05
9.99825E-05 0.00180145 0.101692 9.99825E-05 0.896306
9.99738E-05 0.914107 0.0855929 9.99738E-05 9.99738E-05
0.25602 9.99825E-05 0.350857 0.392923 9.99825E-05
0.374744 9.99736E-05 9.99736E-05 9.99736E-05 0.624956
0.133564 0.71443 0.151806 9.99824E-05 9.99824E-05
0.0203953 9.99827E-05 0.433014 0.546391 9.99827E-05
0.841724 9.99738E-05 9.99738E-05 0.157977 9.99738E-05
0.241548 0.570202 9.99824E-05 0.18805 9.99824E-05
0.0337216 9.99826E-05 0.0859212 9.99826E-05 0.880157
0.0116726 9.99824E-05 0.598433 9.99824E-05 0.389694
0.623344 0.248583 9.99913E-05 0.105955 0.0220187
0.221405 9.99736E-05 0.778295 9.99736E-05 9.99736E-05
0.596985 9.99825E-05 9.99825E-05 0.0559879 0.346827
0.43219 9.99734E-05 0.56751 9.99734E-05 9.99734E-05
9.99824E-05 0.229494 0.383039 0.387266 9.99824E-05
0.305369 9.99739E-05 0.694332 9.99739E-05 9.99739E-05
9.99824E-05 0.230268 0.146828 9.99824E-05 0.622704
9.99824E-05 9.99824E-05 0.599496 0.101164 0.29914
0.472866 0.383905 9.99825E-05 9.99825E-05 0.143029
9.99735E-05 9.99735E-05 9.99735E-05 0.0704433 0.929257
0.627776 9.99824E-05 0.339324 9.99824E-05 0.0326996
0.137507 9.99913E-05 0.690662 0.0338782 0.137853
0.0336962 0.125471 0.4979 0.0646951 0.278238
9.997E-05 0.9996 9.997E-05 9.997E-05 9.997E-05
0.220267 9.99824E-05 0.356747 0.422786 9.99824E-05
0.594816 0.0772266 9.99825E-05 9.99825E-05 0.327758
9.99825E-05 9.99825E-05 0.117084 0.179514 0.703202
0.0376663 9.99825E-05 9.99825E-05 0.57533 0.386803
0.492507 0.0394882 0.385558 9.99912E-05 0.0823463
9.99824E-05 0.197773 0.0157393 9.99824E-05 0.786287
9.99823E-05 0.294583 0.548835 0.156382 9.99823E-05
0.277694 9.99825E-05 0.380582 9.99825E-05 0.341524
9.99825E-05 0.0753335 0.814781 9.99825E-05 0.109685
9.99825E-05 9.99825E-05 0.542364 0.23432 0.223116
0.218033 0.0408914 0.581682 9.99913E-05 0.159294
9.99826E-05 9.99826E-05 0.0390711 0.448106 0.512623
0.0461831 0.0456039 0.259028 0.248331 0.400854
0.656934 9.99826E-05 9.99826E-05 0.21396 0.128906
0.2674 0.313584 0.0816283 0.337288 9.99913E-05
9.99826E-05 9.99826E-05 0.00829095 0.342819 0.64869
0.264716 0.106947 9.99912E-05 0.175331 0.452906
0.0833212 9.99912E-05 0.79592 0.0341467 0.086512
0.00125044 9.99824E-05 0.0221558 9.99824E-05 0.976394
0.0872257 0.229657 0.483855 9.99913E-05 0.199162
9.99737E-05 9.99737E-05 9.99737E-05 0.664239 0.335461
0.16994 9.99913E-05 0.603573 0.120338 0.106049
0.013997 9.99824E-05 0.548603 9.99824E-05 0.4372
9.99736E-05 9.99736E-05 0.401063 9.99736E-05 0.598637
9.99825E-05 0.186362 0.0387933 0.774645 9.99825E-05
0.0180341 9.99736E-05 9.99736E-05 9.99736E-05 0.981666
9.99912E-05 0.237087 0.185212 0.573064 0.00453705
0.00447049 0.534856 0.442453 9.99912E-05 0.0181204
9.99737E-05 9.99737E-05 0.393428 0.606272 9.99737E-05
9.99737E-05 0.228182 9.99737E-05 0.771518 9.99737E-05
0.36067 9.99737E-05 9.99737E-05 0.63903 9.99737E-05
0.220028 9.99824E-05 0.472975 9.99824E-05 0.306797
9.99825E-05 0.455375 9.99825E-05 0.24775 0.296675
9.99825E-05 0.153346 9.99825E-05 0.373263 0.473191
9.9974E-05 9.9974E-05 9.9974E-05 0.114279 0.885421
0.00751439 0.150057 9.99824E-05 9.99824E-05 0.842229
0.163641 0.180611 9.99912E-05 0.217186 0.438463
0.3997 0.0936731 0.506427 9.99823E-05 9.99823E-05
0.00985102 9.99825E-05 9.99825E-05 0.661822 0.328127
0.378011 0.0108898 9.99824E-05 0.610899 9.99824E-05
0.0283712 9.99824E-05 0.133886 0.837543 9.99824E-05
0.276081 9.99823E-05 0.251877 0.471842 9.99823E-05
0.292544 9.99824E-05 0.32833 0.378926 9.99824E-05
9.997E-05 9.997E-05 0.9996 9.997E-05 9.997E-05
0.399215 0.193387 0.0754157 0.0882633 0.243719
9.99823E-05 0.0244452 9.99823E-05 0.730845 0.24451
0.181233 0.653309 0.165257 9.99824E-05 9.99824E-05
0.233349 9.99826E-05 0.219034 9.99826E-05 0.547417
0.156224 9.99824E-05 9.99824E-05 0.307048 0.536528
9.99737E-05 9.99737E-05 0.184313 9.99737E-05 0.815387
9.997E-05 9.997E-05 9.997E-05 9.997E-05 0.9996
0.190389 0.0530107 0.7564 9.99825E-05 9.99825E-05
0.330225 9.99824E-05 0.561615 0.10796 9.99824E-05
9.99823E-05 9.99823E-05 0.0927763 0.216306 0.690718
9.99739E-05 0.545894 9.99739E-05 0.453806 9.99739E-05
0.052869 9.99736E-05 9.99736E-05 0.946831 9.99736E-05
9.99739E-05 9.99739E-05 0.289067 0.710633 9.99739E-05
9.99738E-05 0.465492 9.99738E-05 0.534208 9.99738E-05
0.507433 9.99735E-05 9.99735E-05 9.99735E-05 0.492267
0.45444 0.307332 0.238028 9.99824E-05 9.99824E-05
0.557883 9.99824E-05 0.0288151 9.99824E-05 0.413102
9.99824E-05 0.131109 0.770017 0.0986743 9.99824E-05
0.137119 0.43577 0.0629725 0.364039 9.99912E-05
0.586558 9.99737E-05 9.99737E-05 0.413142 9.99737E-05
9.997E-05 9.997E-05 9.997E-05 9.997E-05 0.9996
0.578391 0.157096 0.0934607 0.135058 0.0359937
0.476395 9.99912E-05 0.118512 0.284703 0.120291
0.995095 9.99738E-05 9.99738E-05 9.99738E-05 0.00460514
0.241787 9.99912E-05 0.259006 0.463752 0.0353556
0.290697 0.709003 9.99735E-05 9.99735E-05 9.99735E-05
9.99823E-05 0.00677422 9.99823E-05 0.295249 0.697777
9.99824E-05 9.99824E-05 0.36009 0.294856 0.344854
9.99825E-05 0.123727 0.421768 0.454305 9.99825E-05
0.448303 9.99737E-05 9.99737E-05 9.99737E-05 0.551397
9.99736E-05 0.461648 0.538053 9.99736E-05 9.99736E-05
0.194369 9.99825E-05 0.127072 0.678359 9.99825E-05
9.99912E-05 0.380955 0.241586 0.345394 0.0319651
9.99824E-05 0.512891 9.99824E-05 0.0898303 0.397078
9.99738E-05 0.355999 9.99738E-05 0.643701 9.99738E-05
0.0595496 9.99913E-05 0.576589 0.337173 0.0265892
9.99823E-05 0.649746 9.99823E-05 0.236029 0.114024
0.230827 9.99824E-05 0.230408 9.99824E-05 0.538565
0.530232 0.308219 0.16135 9.99827E-05 9.99827E-05
9.99824E-05 0.597637 9.99824E-05 0.276928 0.125235
9.99738E-05 9.99738E-05 9.99738E-05 0.431724 0.567976
0.406645 0.332465 0.26069 9.99824E-05 9.99824E-05
9.99737E-05 9.99737E-05 9.99737E-05 0.2329 0.7668
9.99824E-05 0.078476 0.248563 9.99824E-05 0.672761
0.00563934 9.99736E-05 9.99736E-05 0.994061 9.99736E-05
9.997E-05 9.997E-05 0.9996 9.997E-05 9.997E-05
9.99825E-05 9.99825E-05 0.139237 0.0959532 0.76461
0.0175445 0.0234322 9.99912E-05 0.0478328 0.911091
9.99824E-05 0.300037 0.532422 0.167341 9.99824E-05
0.144318 0.855382 9.99736E-05 9.99736E-05 9.99736E-05
0.194477 9.99738E-05 9.99738E-05 0.805223 9.99738E-05
9.99824E-05 0.217274 0.476739 9.99824E-05 0.305787
0.228384 9.99912E-05 0.350567 0.299851 0.121099
9.99823E-05 0.591843 9.99823E-05 0.387902 0.0200551
9.99824E-05 0.312696 0.598127 9.99824E-05 0.088977
9.99736E-05 0.212767 0.786933 9.99736E-05 9.99736E-05
9.997E-05 9.997E-05 0.9996 9.997E-05 9.997E-05
9.99912E-05 0.0460064 0.128207 0.418853 0.406834
