9.99735E-05 0.0900179 9.99735E-05 0.432132 9.99735E-05 0.0167532 0.460797
0.0695891 0.00896103 0.24218 0.342721 9.99824E-05 9.99824E-05 0.336349
9.9956E-05 9.9956E-05 9.9956E-05 0.759716 9.9956E-05 0.239784 9.9956E-05
9.995E-05 9.995E-05 9.995E-05 9.995E-05 9.995E-05 9.995E-05 0.9994
9.99648E-05 9.99648E-05 9.99648E-05 0.430505 0.0792877 9.99648E-05 0.489807
0.0211461 0.324317 0.654138 9.99647E-05 9.99647E-05 9.99647E-05 9.99647E-05
0.613761 9.99562E-05 0.385739 9.99562E-05 9.99562E-05 9.99562E-05 9.99562E-05
0.0605244 0.0557866 0.409814 0.00746105 9.99912E-05 0.312077 0.154237
9.99648E-05 9.99648E-05 9.99648E-05 0.131747 0.833551 9.99648E-05 0.0343019
9.99738E-05 0.2152 0.612788 0.0302365 0.141475 9.99738E-05 9.99738E-05
0.318311 9.99559E-05 9.99559E-05 9.99559E-05 9.99559E-05 9.99559E-05 0.681189
0.486526 0.32859 9.99649E-05 9.99649E-05 0.184484 9.99649E-05 9.99649E-05
9.99649E-05 9.99649E-05 9.99649E-05 0.05165 9.99649E-05 0.489297 0.458653
0.341404 0.210665 0.373761 9.99736E-05 9.99736E-05 0.0738697 9.99736E-05
0.29014 9.99912E-05 0.137324 0.197712 0.0094931 0.0507357 0.314494
9.99736E-05 0.210848 9.99736E-05 0.0775811 0.15098 9.99736E-05 0.560291
9.99649E-05 9.99649E-05 9.99649E-05 0.0120296 0.487707 9.99649E-05 0.499864
9.996E-05 0.0850194 0.786401 9.996E-05 0.12818 9.996E-05 9.996E-05
0.387571 0.0208574 9.99738E-05 0.0126347 0.578637 9.99738E-05 9.99738E-05
0.737724 9.99736E-05 0.00319839 0.211147 9.99736E-05 9.99736E-05 0.0476308
9.99559E-05 9.99559E-05 0.311651 9.99559E-05 9.99559E-05 0.68785 9.99559E-05
0.0774642 0.262687 9.99648E-05 9.99648E-05 9.99648E-05 9.99648E-05 0.659449
0.0356079 9.99651E-05 9.99651E-05 0.146945 9.99651E-05 9.99651E-05 0.817047
9.99651E-05 0.1739 9.99651E-05 9.99651E-05 0.0845306 9.99651E-05 0.74117
9.99652E-05 9.99652E-05 0.197708 9.99652E-05 0.00505361 0.796838 9.99652E-05
9.99649E-05 0.295537 9.99649E-05 0.616567 0.0874961 9.99649E-05 9.99649E-05
0.0236667 0.0261056 0.273427 0.056357 0.620243 9.99824E-05 9.99824E-05
0.302468 9.9956E-05 9.9956E-05 9.9956E-05 0.697033 9.9956E-05 9.9956E-05
9.99649E-05 9.99649E-05 0.00398401 9.99649E-05 0.861776 9.99649E-05 0.13384
0.186762 9.99737E-05 0.390012 0.150281 0.272646 9.99737E-05 9.99737E-05
9.99561E-05 9.99561E-05 0.0362622 9.99561E-05 0.963238 9.99561E-05 9.99561E-05
9.99562E-05 0.891044 9.99562E-05 0.108456 9.99562E-05 9.99562E-05 9.99562E-05
9.99649E-05 9.99649E-05 0.261156 0.642895 9.99649E-05 9.99649E-05 0.0955492
0.181624 9.99738E-05 9.99738E-05 9.99738E-05 0.104493 0.190206 0.523378
0.329621 9.99651E-05 9.99651E-05 0.106357 9.99651E-05 9.99651E-05 0.563622
0.20002 9.99824E-05 9.99824E-05 0.00552502 0.359334 0.219134 0.215787
0.182338 0.235843 9.99824E-05 0.2993 0.1443 9.99824E-05 0.138019
0.0904968 0.357943 0.150574 9.99825E-05 0.256802 9.99825E-05 0.143984
9.99647E-05 9.99647E-05 9.99647E-05 0.198662 0.575771 9.99647E-05 0.225166
9.999E-05 0.020472 0.106774 0.208271 0.453807 0.174826 0.0357492
0.240016 9.998E-05 0.131112 9.998E-05 0.15502 0.285044 0.188608
9.996E-05 0.17487 0.776078 0.0486518 9.996E-05 9.996E-05 9.996E-05
9.99651E-05 9.99651E-05 9.99651E-05 0.153798 9.99651E-05 0.354068 0.491735
0.121943 0.0112595 0.0963124 0.112137 9.99912E-05 0.497847 0.160402
0.102761 0.327769 9.99824E-05 0.234602 0.125057 0.209611 9.99824E-05
0.276362 0.149684 0.00102531 9.99826E-05 0.396767 0.175962 9.99826E-05
0.0283307 9.9956E-05 9.9956E-05 9.9956E-05 9.9956E-05 0.97117 9.9956E-05
9.99734E-05 0.275114 9.99734E-05 9.99734E-05 0.456764 0.115414 0.152408
9.99562E-05 9.99562E-05 9.99562E-05 9.99562E-05 0.295803 0.703698 9.99562E-05
9.99647E-05 9.99647E-05 9.99647E-05 9.99647E-05 0.195335 0.793586 0.0106794
9.99736E-05 0.259323 9.99736E-05 9.99736E-05 0.0209142 0.141305 0.578158
9.99561E-05 0.549711 9.99561E-05 9.99561E-05 9.99561E-05 9.99561E-05 0.44979
9.99565E-05 9.99565E-05 0.0710439 9.99565E-05 9.99565E-05 9.99565E-05 0.928456
9.99646E-05 9.99646E-05 9.99646E-05 0.408974 0.549693 9.99646E-05 0.0409334
9.99562E-05 0.30778 9.99562E-05 9.99562E-05 9.99562E-05 9.99562E-05 0.69172
0.0834954 9.99737E-05 0.0988526 9.99737E-05 0.0127781 9.99737E-05 0.804574
0.467256 0.111061 9.99736E-05 9.99736E-05 9.99736E-05 0.0246983 0.396685
9.99912E-05 0.166131 0.199669 0.380451 0.0738652 0.0215683 0.158214
9.99648E-05 0.041578 9.99648E-05 0.712532 0.24549 9.99648E-05 9.99648E-05
0.119247 0.207541 0.407317 0.0543441 9.998E-05 0.211352 9.998E-05
0.181941 0.086002 9.99649E-05 9.99649E-05 9.99649E-05 0.731657 9.99649E-05
9.99648E-05 0.206039 9.99648E-05 9.99648E-05 9.99648E-05 0.462669 0.330892
0.617531 9.99652E-05 9.99652E-05 0.0968077 9.99652E-05 9.99652E-05 0.285261
0.393561 9.99646E-05 0.494531 9.99646E-05 0.111509 9.99646E-05 9.99646E-05
9.99559E-05 9.99559E-05 0.718828 0.280672 9.99559E-05 9.99559E-05 9.99559E-05
0.185257 9.99558E-05 9.99558E-05 9.99558E-05 9.99558E-05 9.99558E-05 0.814243
9.99649E-05 9.99649E-05 9.99649E-05 9.99649E-05 0.095829 0.257177 0.646594
0.0368557 0.433113 9.998E-05 9.998E-05 0.0905537 0.420049 0.0192289
9.99912E-05 0.0407033 0.171221 0.103127 0.0404364 0.14152 0.502892
9.996E-05 0.308506 9.996E-05 0.57095 9.996E-05 9.996E-05 0.120144
9.99561E-05 9.99561E-05 9.99561E-05 9.99561E-05 0.85117 9.99561E-05 0.14833
9.995E-05 9.995E-05 0.9994 9.995E-05 9.995E-05 9.995E-05 9.995E-05
9.99651E-05 9.99651E-05 9.99651E-05 0.105149 9.99651E-05 0.576966 0.317486
9.99563E-05 9.99563E-05 9.99563E-05 0.0867579 9.99563E-05 0.912742 9.99563E-05
0.543452 0.0919431 9.99649E-05 9.99649E-05 9.99649E-05 0.364205 9.99649E-05
9.99647E-05 0.504851 0.428899 0.0658496 9.99647E-05 9.99647E-05 9.99647E-05
0.155234 0.0667603 0.232136 0.220152 9.99912E-05 0.0497249 0.275893
0.272586 0.149292 0.323927 9.99737E-05 9.99737E-05 0.253895 9.99737E-05
0.0924064 9.9965E-05 9.9965E-05 0.721464 9.9965E-05 0.18573 9.9965E-05
0.0659808 0.129814 0.0634561 0.233546 0.507003 9.998E-05 9.998E-05
9.99564E-05 0.952375 9.99564E-05 9.99564E-05 9.99564E-05 0.0471254 9.99564E-05
0.629131 9.99564E-05 0.37037 9.99564E-05 9.99564E-05 9.99564E-05 9.99564E-05
9.996E-05 0.296545 9.996E-05 9.996E-05 0.245335 0.457721 9.996E-05
9.996E-05 9.996E-05 9.996E-05 0.45522 0.131218 9.996E-05 0.413162
9.99649E-05 0.710003 9.99649E-05 9.99649E-05 9.99649E-05 0.261721 0.0278766
9.998E-05 0.0308206 9.998E-05 0.508863 0.0633259 0.369996 0.026795
9.99563E-05 9.99563E-05 0.791222 9.99563E-05 9.99563E-05 0.208278 9.99563E-05
9.9965E-05 9.9965E-05 0.115932 0.085832 0.797837 9.9965E-05 9.9965E-05
0.196641 0.194009 0.321868 9.99827E-05 0.285307 0.00197498 9.99827E-05
0.0791782 0.20306 9.99824E-05 0.102033 0.343051 0.272478 9.99824E-05
9.99646E-05 9.99646E-05 0.721545 9.99646E-05 0.0522022 0.225852 9.99646E-05
9.99738E-05 9.99738E-05 0.217929 0.557462 0.111072 9.99738E-05 0.113236
9.99735E-05 0.19294 9.99735E-05 0.0552373 0.20755 9.99735E-05 0.543973
9.99648E-05 9.99648E-05 0.442199 9.99648E-05 9.99648E-05 0.139532 0.417869
9.99564E-05 9.99564E-05 9.99564E-05 0.572866 9.99564E-05 9.99564E-05 0.426634
0.296146 9.99561E-05 9.99561E-05 9.99561E-05 9.99561E-05 9.99561E-05 0.703354
0.104388 9.99649E-05 0.000423239 9.99649E-05 9.99649E-05 9.99649E-05 0.894788
0.193705 9.997E-05 9.997E-05 0.0817644 0.385917 9.997E-05 0.338313
9.99654E-05 9.99654E-05 9.99654E-05 0.112619 0.0665255 0.820456 9.99654E-05
9.99649E-05 9.99649E-05 9.99649E-05 0.716049 0.0858847 9.99649E-05 0.197666
9.99649E-05 9.99649E-05 0.706296 9.99649E-05 0.292809 0.000494909 9.99649E-05
0.444297 9.997E-05 0.0422422 9.997E-05 0.343026 9.997E-05 0.170134
0.302457 0.10267 0.116504 0.478069 9.99735E-05 9.99735E-05 9.99735E-05
9.99566E-05 0.591233 9.99566E-05 9.99566E-05 9.99566E-05 9.99566E-05 0.408268
9.998E-05 0.143409 0.0131603 9.998E-05 0.339452 0.0572764 0.446502
0.185503 9.99735E-05 0.233431 0.13629 9.99735E-05 0.444477 9.99735E-05
0.242822 0.510827 9.99736E-05 0.049759 9.99736E-05 0.196292 9.99736E-05
9.99567E-05 9.99567E-05 9.99567E-05 0.352951 0.646549 9.99567E-05 9.99567E-05
9.996E-05 0.695229 9.996E-05 9.996E-05 0.210098 0.0942731 9.996E-05
9.99655E-05 0.00179015 0.926452 9.99655E-05 0.0713582 9.99655E-05 9.99655E-05
0.132453 9.99566E-05 9.99566E-05 9.99566E-05 0.867048 9.99566E-05 9.99566E-05
0.104335 0.204262 0.0457219 9.99912E-05 0.0659369 0.081991 0.497653
0.391044 0.0142862 0.19638 0.0276226 0.0817512 9.99911E-05 0.288815
9.99647E-05 0.207481 9.99647E-05 0.331643 0.460476 9.99647E-05 9.99647E-05
0.202182 0.1466 9.9965E-05 0.650818 9.9965E-05 9.9965E-05 9.9965E-05
0.0515818 9.99649E-05 0.0605147 9.99649E-05 9.99649E-05 0.887504 9.99649E-05
0.249482 9.99825E-05 0.411607 0.0897468 9.99825E-05 0.0258475 0.223117
9.99652E-05 0.130831 9.99652E-05 0.558709 9.99652E-05 0.31006 9.99652E-05
0.640666 9.99566E-05 0.358834 9.99566E-05 9.99566E-05 9.99566E-05 9.99566E-05
9.99648E-05 9.99648E-05 9.99648E-05 9.99648E-05 0.172509 0.336857 0.490234
0.14926 0.122205 9.99825E-05 0.0123411 9.99825E-05 0.00962981 0.706364
9.996E-05 0.141989 9.996E-05 0.640236 9.996E-05 9.996E-05 0.217376
9.997E-05 0.464042 9.997E-05 0.0640867 0.136623 9.997E-05 0.334949
9.99647E-05 0.49893 0.193138 9.99647E-05 0.307532 9.99647E-05 9.99647E-05
0.514908 9.99735E-05 9.99735E-05 0.385398 9.99735E-05 0.0327739 0.06662
9.997E-05 9.997E-05 0.705415 0.164241 0.0384863 9.997E-05 0.0915584
9.99735E-05 0.077706 9.99735E-05 9.99735E-05 0.0809051 0.399563 0.441525
9.997E-05 0.0562872 9.997E-05 9.997E-05 0.353518 0.0739655 0.51593
0.144848 9.99823E-05 0.0167452 0.273341 9.99823E-05 0.468608 0.0962572
0.380835 9.99648E-05 9.99648E-05 9.99648E-05 9.99648E-05 0.481807 0.136958
9.99561E-05 9.99561E-05 9.99561E-05 9.99561E-05 9.99561E-05 0.0221076 0.977393
9.99823E-05 0.309238 9.99823E-05 0.0232678 0.0637973 0.321796 0.281701
9.99648E-05 0.225794 0.674192 9.99648E-05 9.99648E-05 9.99648E-05 0.0996138
9.99824E-05 9.99824E-05 0.187356 0.279955 0.0651642 0.0735318 0.393792
9.99558E-05 0.71139 9.99558E-05 9.99558E-05 0.28811 9.99558E-05 9.99558E-05
9.99566E-05 9.99566E-05 0.620135 9.99566E-05 9.99566E-05 9.99566E-05 0.379365
0.0462322 9.997E-05 9.997E-05 9.997E-05 0.360133 0.0871788 0.506156
9.99559E-05 0.294797 9.99559E-05 9.99559E-05 0.704703 9.99559E-05 9.99559E-05
0.136082 0.154197 9.99735E-05 9.99735E-05 9.99735E-05 0.0417347 0.667686
9.99648E-05 9.99648E-05 0.173173 9.99648E-05 0.681714 9.99648E-05 0.144713
0.391409 0.0559914 9.996E-05 9.996E-05 9.996E-05 0.5522 9.996E-05
9.99652E-05 9.99652E-05 0.0852468 9.99652E-05 9.99652E-05 0.366648 0.547706
0.0575362 0.268394 9.99738E-05 9.99738E-05 0.395438 9.99738E-05 0.278333
9.99824E-05 0.178191 0.483697 9.99824E-05 0.0353172 0.214894 0.0877008
9.99648E-05 0.807747 9.99648E-05 9.99648E-05 0.142144 9.99648E-05 0.0497086
9.996E-05 9.996E-05 9.996E-05 0.306762 9.996E-05 0.205479 0.48736
9.99648E-05 0.0484415 9.99648E-05 9.99648E-05 0.754448 9.99648E-05 0.19671
9.996E-05 9.996E-05 0.370472 0.536724 9.996E-05 9.996E-05 0.0924041
9.9965E-05 0.354247 9.9965E-05 0.060462 9.9965E-05 9.9965E-05 0.584892
9.99651E-05 0.526174 0.407486 9.99651E-05 9.99651E-05 9.99651E-05 0.0659397
0.000692806 0.541897 0.10996 9.99737E-05 9.99737E-05 0.34715 9.99737E-05
9.99736E-05 9.99736E-05 0.499627 0.00178214 0.32922 9.99736E-05 0.169072
0.11123 0.0747535 9.99825E-05 0.078779 9.99825E-05 0.449866 0.285171
9.99648E-05 9.99648E-05 9.99648E-05 9.99648E-05 0.473466 0.014805 0.511329
9.99823E-05 0.210255 0.0699824 9.99823E-05 0.0556055 0.582258 0.0816989
9.997E-05 9.997E-05 0.37019 0.218804 0.0637257 9.997E-05 0.34698
9.99738E-05 9.99738E-05 9.99738E-05 0.0485575 0.537633 0.206006 0.207504
9.99564E-05 9.99564E-05 9.99564E-05 9.99564E-05 0.0220502 0.97745 9.99564E-05
0.087391 0.152094 9.99647E-05 9.99647E-05 9.99647E-05 0.760115 9.99647E-05
0.193953 9.997E-05 0.31281 0.420147 9.997E-05 0.0727904 9.997E-05
0.145431 0.012184 0.00881405 0.0200865 0.725551 0.0878329 9.999E-05
0.337247 9.997E-05 9.997E-05 0.390839 0.0746202 0.196993 9.997E-05
0.0754242 0.484337 0.147057 0.167142 9.99912E-05 0.0900404 0.0358995
0.0631466 9.99648E-05 0.315061 9.99648E-05 0.621393 9.99648E-05 9.99648E-05
0.00901184 0.29197 9.997E-05 0.181568 9.997E-05 9.997E-05 0.51715
9.99735E-05 9.99735E-05 0.0606385 9.99735E-05 0.143741 0.759208 0.0361124
0.431417 9.99651E-05 9.99651E-05 0.093961 0.474222 9.99651E-05 9.99651E-05
0.356539 9.9965E-05 9.9965E-05 9.9965E-05 0.076303 0.566758 9.9965E-05
9.99735E-05 0.0671945 9.99735E-05 0.610192 0.265422 0.056891 9.99735E-05
9.99734E-05 0.414377 9.99734E-05 0.10815 0.0834514 0.393722 9.99734E-05
0.312244 0.437917 9.99647E-05 0.249439 9.99647E-05 9.99647E-05 9.99647E-05
9.99736E-05 9.99736E-05 0.188164 0.0752796 0.121155 9.99736E-05 0.615101
0.233759 0.00637859 9.99735E-05 0.457131 0.302432 9.99735E-05 9.99735E-05
0.183784 0.3813 0.103707 9.998E-05 9.998E-05 0.193728 0.137281
0.15986 9.99736E-05 0.403103 9.99736E-05 0.185954 9.99736E-05 0.250783
9.99651E-05 9.99651E-05 0.229371 0.500101 9.99651E-05 9.99651E-05 0.270128
9.99736E-05 0.0989595 9.99736E-05 9.99736E-05 0.129446 0.372262 0.399033
9.99737E-05 0.499836 9.99737E-05 0.0703568 0.310121 0.119387 9.99737E-05
9.99736E-05 9.99736E-05 0.361356 0.0576241 0.215617 0.365103 9.99736E-05
9.99558E-05 9.99558E-05 9.99558E-05 9.99558E-05 0.848755 9.99558E-05 0.150745
0.277877 0.219866 0.279194 0.183604 9.99824E-05 9.99824E-05 0.0392587
9.99647E-05 9.99647E-05 0.392581 0.221234 9.99647E-05 0.385785 9.99647E-05
9.99648E-05 0.17291 9.99648E-05 9.99648E-05 0.0115817 9.99648E-05 0.815108
0.0211027 0.0962005 9.99825E-05 0.219674 9.99825E-05 0.145533 0.51729
9.99559E-05 0.524372 9.99559E-05 9.99559E-05 9.99559E-05 9.99559E-05 0.475128
9.99648E-05 9.99648E-05 0.711777 9.99648E-05 9.99648E-05 0.138125 0.149698
9.99652E-05 0.122301 9.99652E-05 9.99652E-05 0.475615 9.99652E-05 0.401684
9.99559E-05 9.99559E-05 9.99559E-05 0.578551 9.99559E-05 0.420949 9.99559E-05
9.99648E-05 9.99648E-05 9.99648E-05 0.228139 9.99648E-05 0.609374 0.162087
0.648431 9.99649E-05 9.99649E-05 0.0525937 9.99649E-05 0.298575 9.99649E-05
9.99738E-05 0.516339 0.252044 0.205954 9.99738E-05 9.99738E-05 0.025364
9.99562E-05 9.99562E-05 0.920362 9.99562E-05 9.99562E-05 0.0791381 9.99562E-05
9.99736E-05 0.436648 0.313285 9.99736E-05 9.99736E-05 0.206744 0.0430231
9.99646E-05 9.99646E-05 0.0979922 0.204413 9.99646E-05 0.697195 9.99646E-05
9.99563E-05 0.610814 0.388686 9.99563E-05 9.99563E-05 9.99563E-05 9.99563E-05
0.450877 0.352106 9.99736E-05 0.0937214 9.99736E-05 0.102995 9.99736E-05
0.230609 9.99737E-05 9.99737E-05 0.37761 9.99737E-05 0.147832 0.243649
9.9965E-05 0.591876 0.0436081 9.9965E-05 9.9965E-05 0.364116 9.9965E-05
9.99738E-05 0.0483442 0.361559 0.475091 9.99738E-05 9.99738E-05 0.114706
9.99651E-05 9.99651E-05 9.99651E-05 0.0679893 0.733535 0.198075 9.99651E-05
0.390475 9.9956E-05 9.9956E-05 9.9956E-05 0.609025 9.9956E-05 9.9956E-05
9.997E-05 9.997E-05 0.196529 0.0551538 0.691002 9.997E-05 0.057015
0.00798349 0.0149295 0.362171 0.503292 9.99825E-05 0.111423 9.99825E-05
9.99567E-05 9.99567E-05 9.99567E-05 0.45303 9.99567E-05 0.546471 9.99567E-05
0.376316 9.99736E-05 0.354114 0.237015 9.99736E-05 0.0322551 9.99736E-05
9.995E-05 0.9994 9.995E-05 9.995E-05 9.995E-05 9.995E-05 9.995E-05
9.99737E-05 0.137355 9.99737E-05 0.246937 0.230928 0.38448 9.99737E-05
0.187963 0.291822 9.99648E-05 9.99648E-05 0.519815 9.99648E-05 9.99648E-05
9.99648E-05 0.430596 9.99648E-05 9.99648E-05 0.0464092 9.99648E-05 0.522595
0.386058 9.998E-05 0.25914 0.0872803 0.0298555 0.237466 9.998E-05
9.99737E-05 0.367949 0.48529 9.99737E-05 0.142591 9.99737E-05 0.00386977
0.320111 0.309496 9.99652E-05 9.99652E-05 9.99652E-05 9.99652E-05 0.369994
9.99736E-05 0.0716267 0.224039 9.99736E-05 0.402479 9.99736E-05 0.301556
0.181941 0.768202 9.99736E-05 0.00314308 0.0464142 9.99736E-05 9.99736E-05
9.9965E-05 0.0884738 0.269842 0.641285 9.9965E-05 9.9965E-05 9.9965E-05
9.995E-05 9.995E-05 9.995E-05 9.995E-05 0.9994 9.995E-05 9.995E-05
9.9965E-05 0.529999 9.9965E-05 0.372247 9.9965E-05 0.0973533 9.9965E-05
9.99648E-05 0.391354 0.170615 0.437632 9.99648E-05 9.99648E-05 9.99648E-05
9.99562E-05 9.99562E-05 9.99562E-05 9.99562E-05 9.99562E-05 0.0855991 0.913901
0.0980333 0.0829699 9.99647E-05 9.99647E-05 9.99647E-05 9.99647E-05 0.818597
0.281137 9.997E-05 0.175261 9.997E-05 0.239121 9.997E-05 0.304182
9.997E-05 0.0223937 9.997E-05 0.389276 9.997E-05 0.314441 0.273589
0.799222 9.99649E-05 9.99649E-05 9.99649E-05 0.0208125 0.179566 9.99649E-05
9.99735E-05 9.99735E-05 0.176758 9.99735E-05 0.13938 0.077175 0.606387
0.359191 9.99649E-05 9.99649E-05 0.225992 9.99649E-05 0.414417 9.99649E-05
0.289641 9.99825E-05 9.99825E-05 0.246481 0.179687 0.239087 0.0449045
9.99647E-05 9.99647E-05 0.491963 0.0538586 9.99647E-05 9.99647E-05 0.453779
9.99737E-05 9.99737E-05 0.618124 0.0460696 0.320092 0.0154139 9.99737E-05
9.997E-05 9.997E-05 0.233356 0.107268 9.997E-05 0.0465312 0.612545
9.997E-05 9.997E-05 0.206328 0.124588 0.252623 9.997E-05 0.416161
0.162322 9.99824E-05 0.072791 0.0822832 0.00547296 0.676931 9.99824E-05
9.9965E-05 0.597739 0.00130838 0.400552 9.9965E-05 9.9965E-05 9.9965E-05
9.997E-05 0.182064 0.796504 0.0183961 9.997E-05 9.997E-05 0.00273545
0.339466 9.997E-05 9.997E-05 0.299822 0.27297 9.997E-05 0.0874421
0.366971 0.0502961 9.997E-05 0.221405 0.361028 9.997E-05 9.997E-05
9.997E-05 0.45129 9.997E-05 0.309718 9.997E-05 0.184085 0.0546075
0.0674946 0.240705 0.219722 9.99738E-05 9.99738E-05 0.471779 9.99738E-05
9.99649E-05 9.99649E-05 9.99649E-05 9.99649E-05 0.234216 0.153325 0.612059
9.996E-05 0.353976 0.0255366 9.996E-05 9.996E-05 9.996E-05 0.620088
9.9965E-05 9.9965E-05 0.216702 0.0696498 9.9965E-05 9.9965E-05 0.713248
9.99564E-05 9.99564E-05 0.814428 9.99564E-05 9.99564E-05 0.185072 9.99564E-05
0.221932 0.297495 9.99825E-05 9.99825E-05 0.0744984 0.289472 0.116402
0.684464 9.99649E-05 9.99649E-05 0.116257 9.99649E-05 9.99649E-05 0.198879
9.99735E-05 0.229713 9.99735E-05 0.180469 9.99735E-05 0.564584 0.024934
9.99647E-05 9.99647E-05 9.99647E-05 9.99647E-05 0.25366 0.013602 0.732338
9.99646E-05 9.99646E-05 0.0522923 0.706779 9.99646E-05 9.99646E-05 0.240529
9.99737E-05 9.99737E-05 0.0158597 0.706308 9.99737E-05 0.203633 0.0738995
0.143042 9.996E-05 9.996E-05 0.432369 0.424189 9.996E-05 9.996E-05
9.9956E-05 9.9956E-05 0.852553 9.9956E-05 9.9956E-05 0.146947 9.9956E-05
0.496987 0.27056 0.0110728 9.99736E-05 9.99736E-05 9.99736E-05 0.22108
9.99823E-05 9.99823E-05 0.3178 0.371961 0.19113 0.00943046 0.109479
0.183572 9.997E-05 0.207767 9.997E-05 9.997E-05 0.205338 0.403023
9.99648E-05 0.309839 9.99648E-05 9.99648E-05 0.492797 9.99648E-05 0.196964
0.0466454 9.99561E-05 0.952855 9.99561E-05 9.99561E-05 9.99561E-05 9.99561E-05
0.275222 9.997E-05 0.0856112 9.997E-05 0.000742228 0.638124 9.997E-05
9.99559E-05 9.99559E-05 0.556831 9.99559E-05 0.44267 9.99559E-05 9.99559E-05
0.183085 0.2617 9.99737E-05 9.99737E-05 0.1341 9.99737E-05 0.420815
0.00127888 0.190056 9.99737E-05 0.46306 9.99737E-05 0.345305 9.99737E-05
0.188579 0.319345 9.99824E-05 0.303547 0.0731641 0.115164 9.99824E-05
9.99647E-05 0.234754 0.308167 0.456679 9.99647E-05 9.99647E-05 9.99647E-05
9.99648E-05 9.99648E-05 0.0144953 9.99648E-05 9.99648E-05 0.402487 0.582618
