9.995E-05 9.995E-05 9.995E-05 9.995E-05 9.995E-05 9.995E-05 0.9994
0.0582763 0.741077 9.99648E-05 9.99648E-05 9.99648E-05 9.99648E-05 0.200247
9.99648E-05 9.99648E-05 9.99648E-05 0.236088 0.141974 0.621538 9.99648E-05
0.0206229 0.0680642 9.99737E-05 0.251439 9.99737E-05 9.99737E-05 0.659574
9.99735E-05 0.06013 9.99735E-05 9.99735E-05 0.328388 0.53693 0.0742522
0.286844 9.99824E-05 0.141552 9.99824E-05 0.262697 0.137092 0.171615
0.416536 9.99559E-05 9.99559E-05 0.582965 9.99559E-05 9.99559E-05 9.99559E-05
9.99738E-05 0.271274 9.99738E-05 0.232644 0.364668 0.131114 9.99738E-05
0.412739 9.99647E-05 9.99647E-05 0.410414 9.99647E-05 0.176447 9.99647E-05
0.104335 9.9965E-05 9.9965E-05 0.268528 9.9965E-05 9.9965E-05 0.626737
0.108714 0.0673474 0.227921 9.99736E-05 0.595718 9.99736E-05 9.99736E-05
9.99648E-05 9.99648E-05 0.142206 0.474397 0.382997 9.99648E-05 9.99648E-05
0.670985 9.99558E-05 9.99558E-05 9.99558E-05 0.328515 9.99558E-05 9.99558E-05
9.99647E-05 9.99647E-05 9.99647E-05 0.579373 0.366396 9.99647E-05 0.0538309
0.0122813 0.5409 9.9965E-05 9.9965E-05 0.446419 9.9965E-05 9.9965E-05
9.99647E-05 9.99647E-05 9.99647E-05 0.201009 0.750017 0.0485739 9.99647E-05
0.863895 9.99562E-05 9.99562E-05 9.99562E-05 0.135605 9.99562E-05 9.99562E-05
0.271209 0.563902 9.99823E-05 9.99823E-05 0.109459 0.0462896 0.00894064
9.99563E-05 9.99563E-05 9.99563E-05 9.99563E-05 0.669073 9.99563E-05 0.330427
0.180318 9.99563E-05 9.99563E-05 9.99563E-05 9.99563E-05 9.99563E-05 0.819182
9.9956E-05 0.434419 9.9956E-05 9.9956E-05 9.9956E-05 9.9956E-05 0.565082
9.996E-05 0.39554 9.996E-05 0.529571 0.0744889 9.996E-05 9.996E-05
9.99562E-05 0.523797 9.99562E-05 9.99562E-05 0.475703 9.99562E-05 9.99562E-05
0.0781869 0.717359 9.99738E-05 0.0167738 9.99738E-05 9.99738E-05 0.18738
9.99736E-05 9.99736E-05 0.745132 0.0606029 9.99736E-05 0.132476 0.0614886
0.374558 0.402699 9.99735E-05 0.125681 9.99735E-05 0.0967622 9.99735E-05
9.99648E-05 0.353856 9.99648E-05 9.99648E-05 9.99648E-05 0.106201 0.539543
0.0745069 0.159225 9.99736E-05 9.99736E-05 0.322145 9.99736E-05 0.443823
0.193047 9.99649E-05 9.99649E-05 9.99649E-05 0.466559 0.339994 9.99649E-05
0.28422 0.1644 0.107103 9.99737E-05 9.99737E-05 9.99737E-05 0.443978
0.0364819 0.244408 9.99825E-05 9.99825E-05 0.408337 0.277505 0.0330683
0.101651 9.99737E-05 9.99737E-05 0.152106 0.33807 0.407874 9.99737E-05
0.187497 0.186454 9.99736E-05 0.130984 9.99736E-05 0.494765 9.99736E-05
9.99649E-05 9.99649E-05 9.99649E-05 0.211007 0.679564 0.10903 9.99649E-05
9.99736E-05 0.00221118 9.99736E-05 0.140686 0.266058 9.99736E-05 0.590745
0.179773 0.0475828 9.99692E-05 0.772245 9.99692E-05 9.99692E-05 9.99692E-05
9.99823E-05 0.098167 0.0372135 0.683598 9.99823E-05 0.177161 0.00366117
9.9965E-05 9.9965E-05 0.712767 0.257435 9.9965E-05 9.9965E-05 0.0293988
9.99563E-05 9.99563E-05 9.99563E-05 0.710722 0.288778 9.99563E-05 9.99563E-05
0.208204 0.382775 9.9965E-05 9.9965E-05 0.408621 9.9965E-05 9.9965E-05
0.261794 9.99736E-05 9.99736E-05 0.528409 0.0812162 9.99736E-05 0.128281
0.03473 9.99737E-05 0.557183 9.99737E-05 0.109877 0.29791 9.99737E-05
9.99646E-05 0.360851 9.99646E-05 9.99646E-05 0.225959 0.41279 9.99646E-05
9.99737E-05 9.99737E-05 0.110266 9.99737E-05 0.395736 0.403449 0.0902492
0.183166 0.340222 0.04167 9.99912E-05 0.131104 0.135656 0.168082
0.393986 9.99735E-05 9.99735E-05 0.321258 0.17099 0.113466 9.99735E-05
0.0836075 9.99735E-05 9.99735E-05 0.104405 9.99735E-05 0.658246 0.153441
9.99737E-05 9.99737E-05 9.99737E-05 0.431674 0.104357 0.363897 0.0997728
9.99559E-05 9.99559E-05 9.99559E-05 9.99559E-05 0.00598409 0.993516 9.99559E-05
0.670569 9.99563E-05 9.99563E-05 9.99563E-05 0.328931 9.99563E-05 9.99563E-05
0.532387 0.406288 9.99646E-05 9.99646E-05 9.99646E-05 9.99646E-05 0.0609248
0.710017 9.99559E-05 9.99559E-05 9.99559E-05 0.289483 9.99559E-05 9.99559E-05
9.99651E-05 0.529999 0.39886 0.0707419 9.99651E-05 9.99651E-05 9.99651E-05
0.0162165 0.313461 0.0588669 9.99735E-05 9.99735E-05 0.611156 9.99735E-05
0.274545 0.390204 9.99823E-05 0.0455209 9.99823E-05 0.0720141 0.217516
0.0380441 0.67024 0.126237 9.99738E-05 9.99738E-05 9.99738E-05 0.165179
9.99648E-05 9.99648E-05 0.43926 9.99648E-05 0.22084 0.3395 9.99648E-05
9.99647E-05 0.187135 0.464882 9.99647E-05 0.347583 9.99647E-05 9.99647E-05
0.265892 9.99649E-05 9.99649E-05 9.99649E-05 9.99649E-05 0.693507 0.0402016
9.99561E-05 9.99561E-05 9.99561E-05 0.975419 9.99561E-05 9.99561E-05 0.0240811
0.01825 9.99735E-05 0.21154 9.99735E-05 0.580078 0.189832 9.99735E-05
9.99654E-05 9.99654E-05 0.0529039 0.101147 0.84555 9.99654E-05 9.99654E-05
9.9956E-05 0.849648 9.9956E-05 9.9956E-05 0.149852 9.9956E-05 9.9956E-05
0.232528 0.125185 9.997E-05 9.997E-05 0.575969 0.0660188 9.997E-05
9.99736E-05 0.0357791 9.99736E-05 0.309831 9.99736E-05 0.0849354 0.569154
9.99647E-05 9.99647E-05 9.99647E-05 0.161164 0.120823 9.99647E-05 0.717613
9.998E-05 0.299113 0.104318 0.219104 0.0645346 0.312731 9.998E-05
0.0343439 9.99738E-05 0.258051 0.303288 9.99738E-05 0.404017 9.99738E-05
0.0146938 9.99735E-05 9.99735E-05 0.451057 0.32349 0.210459 9.99735E-05
0.289173 9.99735E-05 9.99735E-05 0.618686 0.00368338 0.0881585 9.99735E-05
0.441752 0.143225 9.99739E-05 0.322392 9.99739E-05 9.99739E-05 0.0923311
0.118225 0.256259 9.99737E-05 0.109239 9.99737E-05 9.99737E-05 0.515976
0.00526654 9.99737E-05 9.99737E-05 0.562927 0.0813104 0.350196 9.99737E-05
0.9994 9.995E-05 9.995E-05 9.995E-05 9.995E-05 9.995E-05 9.995E-05
9.997E-05 0.0228049 0.237601 9.997E-05 9.997E-05 0.327393 0.411901
9.99825E-05 0.147925 0.318333 9.99825E-05 0.277088 0.252668 0.00378633
9.99825E-05 0.193117 0.0073433 9.99825E-05 0.391247 0.335406 0.0726865
0.0192094 9.99736E-05 0.704914 0.132841 9.99736E-05 0.142735 9.99736E-05
9.99648E-05 0.453988 9.99648E-05 0.0516005 0.494012 9.99648E-05 9.99648E-05
9.99647E-05 0.413299 9.99647E-05 9.99647E-05 0.338824 0.247476 9.99647E-05
9.99653E-05 0.0570395 9.99653E-05 0.550854 0.391706 9.99653E-05 9.99653E-05
0.827326 9.99652E-05 0.0422126 0.130061 9.99652E-05 9.99652E-05 9.99652E-05
9.9956E-05 9.9956E-05 9.9956E-05 0.473735 0.525765 9.9956E-05 9.9956E-05
9.99651E-05 0.252206 9.99651E-05 9.99651E-05 0.326501 9.99651E-05 0.420893
9.99736E-05 9.99736E-05 0.061333 0.0203214 0.843285 0.074761 9.99736E-05
9.9965E-05 0.352237 9.9965E-05 9.9965E-05 0.601584 9.9965E-05 0.0457792
9.99739E-05 0.298852 9.99739E-05 9.99739E-05 0.0440905 0.288472 0.368286
9.99563E-05 9.99563E-05 9.99563E-05 0.24787 0.751631 9.99563E-05 9.99563E-05
9.99651E-05 9.99651E-05 9.99651E-05 9.99651E-05 0.0602339 0.906511 0.0328555
9.99648E-05 0.652749 9.99648E-05 9.99648E-05 0.289143 9.99648E-05 0.0577082
0.752943 0.228957 9.99655E-05 9.99655E-05 0.0176995 9.99655E-05 9.99655E-05
9.99649E-05 0.104107 9.99649E-05 9.99649E-05 9.99649E-05 0.604853 0.290641
0.1334 9.99736E-05 0.0606187 0.756193 9.99736E-05 0.0494887 9.99736E-05
0.193406 9.99823E-05 9.99823E-05 0.211295 0.45276 0.0207738 0.121564
9.9956E-05 9.9956E-05 9.9956E-05 0.760269 0.239231 9.9956E-05 9.9956E-05
0.489839 9.99736E-05 0.161981 9.99736E-05 9.99736E-05 0.231879 0.116001
0.113897 9.99824E-05 0.0309793 0.0469555 9.99824E-05 0.344169 0.463799
0.517095 9.99737E-05 0.159431 9.99737E-05 9.99737E-05 0.223417 0.0997572
0.74338 9.9965E-05 9.9965E-05 9.9965E-05 0.118234 9.9965E-05 0.137987
0.565336 9.99647E-05 9.99647E-05 0.281466 9.99647E-05 9.99647E-05 0.152798
0.389596 0.207212 9.99735E-05 0.0466292 9.99735E-05 0.356264 9.99735E-05
0.610368 9.99649E-05 9.99649E-05 0.0358728 9.99649E-05 0.353359 9.99649E-05
9.99654E-05 0.719641 0.0265183 9.99654E-05 9.99654E-05 9.99654E-05 0.25344
0.0407603 9.9965E-05 9.9965E-05 9.9965E-05 0.796113 9.9965E-05 0.162727
0.0873314 0.709436 9.99648E-05 0.202833 9.99648E-05 9.99648E-05 9.99648E-05
0.0657831 9.99647E-05 9.99647E-05 0.65908 9.99647E-05 0.274737 9.99647E-05
0.864108 0.0170479 0.118444 9.99648E-05 9.99648E-05 9.99648E-05 9.99648E-05
0.00655493 9.996E-05 9.996E-05 9.996E-05 0.615918 0.377127 9.996E-05
9.99647E-05 9.99647E-05 9.99647E-05 9.99647E-05 0.352436 0.241179 0.405985
0.183166 9.99739E-05 9.99739E-05 0.319588 0.25268 9.99739E-05 0.244266
9.99824E-05 9.99824E-05 0.092045 0.0111704 0.507699 0.344943 0.0439432
9.99736E-05 9.99736E-05 0.269897 9.99736E-05 0.480825 0.033533 0.215444
9.99648E-05 0.600922 9.99648E-05 0.279349 9.99648E-05 0.119329 9.99648E-05
9.99736E-05 0.707821 0.115304 0.0807408 0.0958344 9.99736E-05 9.99736E-05
9.99647E-05 0.225187 9.99647E-05 9.99647E-05 9.99647E-05 0.559508 0.214906
0.774605 9.99648E-05 0.075 0.149995 9.99648E-05 9.99648E-05 9.99648E-05
9.99737E-05 0.133126 9.99737E-05 0.748502 9.99737E-05 0.107255 0.0108179
9.99651E-05 0.443101 9.99651E-05 9.99651E-05 9.99651E-05 0.240501 0.315998
0.0351905 9.99824E-05 0.116185 0.104427 0.30374 0.440258 9.99824E-05
9.99736E-05 9.99736E-05 0.455449 0.238516 0.00433443 0.3014 9.99736E-05
9.995E-05 9.995E-05 0.9994 9.995E-05 9.995E-05 9.995E-05 9.995E-05
0.192131 9.99649E-05 9.99649E-05 0.195142 9.99649E-05 0.612327 9.99649E-05
0.21773 0.355744 9.99733E-05 0.125963 9.99733E-05 9.99733E-05 0.300263
0.78408 0.21542 9.99562E-05 9.99562E-05 9.99562E-05 9.99562E-05 9.99562E-05
0.61757 0.203335 9.99648E-05 9.99648E-05 9.99648E-05 0.178695 9.99648E-05
9.99648E-05 0.744206 9.99648E-05 0.0085705 9.99648E-05 9.99648E-05 0.246824
9.9956E-05 9.9956E-05 9.9956E-05 9.9956E-05 0.508612 9.9956E-05 0.490888
9.99736E-05 0.0278054 9.99736E-05 0.522372 9.99736E-05 0.099194 0.350329
0.450267 0.227058 9.99737E-05 0.163226 9.99737E-05 0.159149 9.99737E-05
0.0805273 9.99824E-05 0.161718 0.221944 0.115745 9.99824E-05 0.419866
0.583363 9.99563E-05 0.416138 9.99563E-05 9.99563E-05 9.99563E-05 9.99563E-05
0.0560623 0.590328 0.0918223 9.99824E-05 9.99824E-05 0.132727 0.12886
9.99561E-05 9.99561E-05 9.99561E-05 0.807098 9.99561E-05 0.192402 9.99561E-05
0.0432256 0.264698 9.99824E-05 0.08972 9.99824E-05 0.28769 0.314466
9.99563E-05 9.99563E-05 9.99563E-05 9.99563E-05 0.417276 9.99563E-05 0.582224
9.99652E-05 0.102976 9.99652E-05 9.99652E-05 0.246331 9.99652E-05 0.650292
0.221529 9.99824E-05 0.138586 0.405928 0.212304 0.0214527 9.99824E-05
0.241116 0.162678 0.310902 0.133619 9.99824E-05 0.151485 9.99824E-05
9.9965E-05 9.9965E-05 9.9965E-05 0.1414 9.9965E-05 0.712052 0.146149
9.99735E-05 9.99735E-05 9.99735E-05 0.168406 0.232029 0.30293 0.296335
0.537556 9.99646E-05 9.99646E-05 0.11279 9.99646E-05 0.349254 9.99646E-05
0.119316 0.310102 0.0483001 9.99738E-05 9.99738E-05 0.521983 9.99738E-05
9.99649E-05 9.99649E-05 0.0176407 9.99649E-05 0.315027 0.666932 9.99649E-05
0.0801707 0.0564485 0.0373042 0.810503 0.0153736 9.99825E-05 9.99825E-05
0.128086 9.99738E-05 0.311537 0.404756 9.99738E-05 0.155321 9.99738E-05
0.212704 0.0671872 9.99825E-05 0.306625 9.99825E-05 0.196473 0.21681
0.407889 9.99647E-05 9.99647E-05 9.99647E-05 0.28406 9.99647E-05 0.307651
9.99651E-05 0.411549 0.56355 0.0245006 9.99651E-05 9.99651E-05 9.99651E-05
0.290311 0.63201 9.99648E-05 9.99648E-05 9.99648E-05 9.99648E-05 0.0772787
9.995E-05 9.995E-05 9.995E-05 9.995E-05 9.995E-05 0.9994 9.995E-05
0.295993 9.9965E-05 9.9965E-05 9.9965E-05 9.9965E-05 0.687173 0.0164344
9.99649E-05 0.625751 0.0449565 9.99649E-05 9.99649E-05 0.328893 9.99649E-05
9.99736E-05 0.309932 0.145649 9.99736E-05 0.0629476 0.481171 9.99736E-05
9.99825E-05 0.0595903 9.99825E-05 0.0861564 0.533147 0.112578 0.208329
9.99824E-05 0.149354 0.222195 0.250771 9.99824E-05 0.356842 0.0206384
9.99647E-05 9.99647E-05 0.161092 9.99647E-05 9.99647E-05 0.231722 0.606786
9.99651E-05 0.178759 9.99651E-05 0.506919 0.313922 9.99651E-05 9.99651E-05
0.262097 9.99649E-05 9.99649E-05 9.99649E-05 0.684097 9.99649E-05 0.0534063
9.99737E-05 0.0201967 0.102813 0.293696 0.582994 9.99737E-05 9.99737E-05
0.248749 9.99735E-05 9.99735E-05 0.458352 0.154455 0.138144 9.99735E-05
0.0569554 0.314808 9.9974E-05 9.9974E-05 0.371092 0.256844 9.9974E-05
9.99736E-05 9.99736E-05 0.398652 0.0272151 9.99736E-05 0.424655 0.149178
9.99735E-05 0.261512 9.99735E-05 9.99735E-05 0.266507 0.0240573 0.447623
0.464709 9.99824E-05 0.0892948 0.389052 0.0344909 0.0222537 9.99824E-05
0.732074 9.99563E-05 9.99563E-05 9.99563E-05 9.99563E-05 9.99563E-05 0.267426
0.149905 9.99648E-05 0.354097 9.99648E-05 0.495598 9.99648E-05 9.99648E-05
9.99562E-05 9.99562E-05 0.933015 9.99562E-05 9.99562E-05 9.99562E-05 0.066485
0.563117 0.131677 9.99737E-05 0.0953276 0.209578 9.99737E-05 9.99737E-05
9.9965E-05 0.47581 9.9965E-05 9.9965E-05 0.286961 0.23683 9.9965E-05
9.99561E-05 9.99561E-05 9.99561E-05 0.237344 0.762157 9.99561E-05 9.99561E-05
9.997E-05 0.428561 9.997E-05 0.0798852 0.267 9.997E-05 0.224254
0.0567053 9.998E-05 0.492352 0.130451 0.0826992 0.237592 9.998E-05
0.240592 0.333887 9.99648E-05 9.99648E-05 0.425121 9.99648E-05 9.99648E-05
9.99736E-05 0.305899 0.0600183 0.544332 9.99736E-05 9.99736E-05 0.0894504
0.103091 0.366729 9.99647E-05 0.52978 9.99647E-05 9.99647E-05 9.99647E-05
9.99563E-05 0.257877 9.99563E-05 9.99563E-05 9.99563E-05 0.741623 9.99563E-05
9.99738E-05 9.99738E-05 0.257621 0.033452 0.21985 0.488777 9.99738E-05
9.99737E-05 0.277001 0.029098 9.99737E-05 9.99737E-05 0.157024 0.536577
9.99562E-05 9.99562E-05 9.99562E-05 9.99562E-05 0.983039 9.99562E-05 0.0164608
0.802797 9.9956E-05 9.9956E-05 9.9956E-05 9.9956E-05 0.196704 9.9956E-05
9.99648E-05 9.99648E-05 0.20401 0.187307 9.99648E-05 0.608283 9.99648E-05
0.809995 9.9965E-05 9.9965E-05 0.113961 9.9965E-05 0.0756439 9.9965E-05
9.99736E-05 0.286493 9.99736E-05 0.195481 0.324275 0.193451 9.99736E-05
9.9965E-05 0.194873 9.9965E-05 9.9965E-05 0.370788 0.433939 9.9965E-05
0.0927302 9.99737E-05 9.99737E-05 9.99737E-05 0.674413 0.147594 0.0849622
0.0858044 0.523353 9.99735E-05 0.293186 0.0973567 9.99735E-05 9.99735E-05
9.99563E-05 9.99563E-05 0.206126 9.99563E-05 9.99563E-05 0.793374 9.99563E-05
0.141778 9.99737E-05 9.99737E-05 0.69486 9.99737E-05 0.0351456 0.127916
0.0853152 0.434842 0.0166168 0.462926 9.99737E-05 9.99737E-05 9.99737E-05
9.99569E-05 0.0387765 9.99569E-05 0.960724 9.99569E-05 9.99569E-05 9.99569E-05
9.99824E-05 9.99824E-05 0.289551 0.251146 0.346343 0.0873338 0.0254263
0.220007 0.4772 9.99912E-05 0.0689679 0.0351925 0.0650955 0.133437
0.221038 9.99649E-05 9.99649E-05 0.561694 0.216868 9.99649E-05 9.99649E-05
0.168072 9.9965E-05 9.9965E-05 0.213287 0.618242 9.9965E-05 9.9965E-05
0.380544 9.99648E-05 9.99648E-05 0.617925 0.00113063 9.99648E-05 9.99648E-05
9.9956E-05 0.442478 9.9956E-05 9.9956E-05 9.9956E-05 0.557023 9.9956E-05
0.0256973 9.99736E-05 0.195225 0.304063 9.99736E-05 9.99736E-05 0.474714
9.99648E-05 0.362698 0.216114 9.99648E-05 0.420788 9.99648E-05 9.99648E-05
9.99737E-05 0.451197 0.231783 9.99737E-05 9.99737E-05 0.0633612 0.253359
9.99655E-05 0.558273 9.99655E-05 0.237405 9.99655E-05 9.99655E-05 0.203923
0.155564 0.164844 9.99645E-05 9.99645E-05 0.679192 9.99645E-05 9.99645E-05
0.303978 0.230704 9.99735E-05 9.99735E-05 0.291493 0.173525 9.99735E-05
9.997E-05 0.227075 9.997E-05 0.262123 9.997E-05 0.256652 0.25385
0.066426 0.0795341 9.99825E-05 0.550137 9.99825E-05 0.174581 0.129122
0.54276 0.0687914 0.0707506 9.99823E-05 9.99823E-05 0.264099 0.0533992
9.9956E-05 0.673692 0.325808 9.9956E-05 9.9956E-05 9.9956E-05 9.9956E-05
0.0440922 9.99737E-05 0.323978 0.38282 9.99737E-05 9.99737E-05 0.24881
0.226868 9.99738E-05 9.99738E-05 9.99738E-05 0.0436591 0.215787 0.513386
9.99736E-05 9.99736E-05 0.17877 0.351439 0.459444 9.99736E-05 0.0100473
0.064677 0.081348 0.0636209 0.448901 9.99912E-05 0.31385 0.0275025
0.910766 9.9956E-05 9.9956E-05 9.9956E-05 9.9956E-05 9.9956E-05 0.0887345
0.00398691 0.0835154 9.99736E-05 0.782939 0.129259 9.99736E-05 9.99736E-05
9.99649E-05 0.332265 9.99649E-05 0.302002 0.365333 9.99649E-05 9.99649E-05
0.105956 0.120315 0.0924097 9.99824E-05 0.473518 9.99824E-05 0.207601
9.99649E-05 0.470058 0.245375 9.99649E-05 9.99649E-05 9.99649E-05 0.284167
9.99826E-05 0.32954 0.0553276 0.169388 0.189647 0.255897 9.99826E-05
9.9956E-05 0.452773 0.546728 9.9956E-05 9.9956E-05 9.9956E-05 9.9956E-05
9.99737E-05 0.270209 0.128634 0.419225 9.99737E-05 9.99737E-05 0.181631
0.0174054 0.111743 9.99824E-05 0.0984961 0.439419 9.99824E-05 0.332737
9.99559E-05 9.99559E-05 9.99559E-05 9.99559E-05 0.164973 9.99559E-05 0.834527
0.202144 0.00907418 9.99738E-05 9.99738E-05 0.315145 0.473337 9.99738E-05
0.245657 9.99647E-05 0.719917 9.99647E-05 9.99647E-05 0.0340259 9.99647E-05
9.9956E-05 9.9956E-05 9.9956E-05 0.751554 9.9956E-05 0.247947 9.9956E-05
9.99651E-05 0.149787 9.99651E-05 9.99651E-05 9.99651E-05 0.75021 0.0996026
9.99647E-05 9.99647E-05 9.99647E-05 0.0800083 0.481535 0.438057 9.99647E-05
0.654102 0.0712784 9.99736E-05 0.196014 9.99736E-05 9.99736E-05 0.0783058
9.99562E-05 0.930304 9.99562E-05 9.99562E-05 9.99562E-05 0.0691965 9.99562E-05
0.229542 0.0584551 0.560652 9.99825E-05 0.063037 0.0881137 9.99825E-05
9.99734E-05 0.295159 9.99734E-05 0.149365 0.176234 9.99734E-05 0.378942
0.643197 0.0862079 9.99652E-05 9.99652E-05 9.99652E-05 9.99652E-05 0.270195
0.321455 0.168452 9.99737E-05 0.364831 9.99737E-05 9.99737E-05 0.144963
9.99646E-05 9.99646E-05 0.133144 0.337997 9.99646E-05 9.99646E-05 0.528458
0.0935039 9.99737E-05 0.039386 0.64395 9.99737E-05 0.22286 9.99737E-05
9.99647E-05 0.216209 0.414376 0.369016 9.99647E-05 9.99647E-05 9.99647E-05
0.0986898 0.268795 0.000614185 9.99824E-05 9.99824E-05 0.350273 0.281428
9.99735E-05 0.206782 0.31008 0.350643 9.99735E-05 0.132195 9.99735E-05
0.235026 0.18772 9.99738E-05 9.99738E-05 0.484495 0.0924599 9.99738E-05
9.9965E-05 9.9965E-05 9.9965E-05 0.154904 9.9965E-05 0.808776 0.0359205
0.590756 9.99648E-05 0.227908 9.99648E-05 9.99648E-05 0.180936 9.99648E-05
0.0890969 9.99649E-05 0.292473 0.61803 9.99649E-05 9.99649E-05 9.99649E-05
0.00407145 9.99649E-05 9.99649E-05 0.2783 0.717229 9.99649E-05 9.99649E-05
0.165889 0.593139 9.99646E-05 9.99646E-05 9.99646E-05 0.240572 9.99646E-05
0.0896541 0.0245106 9.99735E-05 0.549077 9.99735E-05 0.336459 9.99735E-05
9.99648E-05 0.081435 9.99648E-05 0.515336 9.99648E-05 0.402829 9.99648E-05
9.99824E-05 0.16487 0.180084 0.58822 9.99824E-05 0.0662236 0.000401785
9.99736E-05 9.99736E-05 0.207628 0.0437276 9.99736E-05 0.346309 0.402035
0.643564 0.276275 9.99651E-05 0.0797612 9.99651E-05 9.99651E-05 9.99651E-05
9.99651E-05 9.99651E-05 0.0336692 9.99651E-05 0.796786 0.169145 9.99651E-05
9.99559E-05 9.99559E-05 9.99559E-05 9.99559E-05 0.669586 0.329914 9.99559E-05
9.99564E-05 9.99564E-05 9.99564E-05 0.513862 9.99564E-05 0.485638 9.99564E-05
0.834613 9.99561E-05 9.99561E-05 9.99561E-05 9.99561E-05 9.99561E-05 0.164887
0.279514 0.216948 9.99824E-05 0.106924 0.193122 9.99824E-05 0.203292
9.99648E-05 9.99648E-05 9.99648E-05 0.219966 9.99648E-05 0.115575 0.664059
9.99737E-05 0.211085 0.0983775 9.99737E-05 9.99737E-05 0.00319866 0.687039
0.198232 9.99649E-05 9.99649E-05 9.99649E-05 0.00805378 0.793314 9.99649E-05
0.392119 0.0196699 0.0042577 9.99824E-05 0.278376 0.305378 9.99824E-05
9.99735E-05 0.0136382 9.99735E-05 0.379156 0.135357 9.99735E-05 0.471549
0.0671364 0.0545574 9.99646E-05 0.877906 9.99646E-05 9.99646E-05 9.99646E-05
0.00228923 0.486596 9.99736E-05 9.99736E-05 0.322745 9.99736E-05 0.188069
9.99562E-05 9.99562E-05 9.99562E-05 0.185165 9.99562E-05 0.814335 9.99562E-05
9.99648E-05 9.99648E-05 9.99648E-05 0.127856 0.471205 0.400539 9.99648E-05
