0.120395 0.667317 9.9982E-05 9.9982E-05 0.212088
0.0720128 0.927687 9.9973E-05 9.9973E-05 9.9973E-05
0.0406562 0.368647 9.9982E-05 9.9982E-05 0.590497
9.999E-05 0.616521 0.0255291 0.210352 0.147498
9.9982E-05 9.9982E-05 0.893872 0.0109123 0.095016
0.0127079 0.00522791 9.9991E-05 0.911486 0.0704782
0.0365525 9.9991E-05 0.222961 0.0537087 0.686678
0.015598 0.936677 9.99821E-05 9.99821E-05 0.047525
0.434393 9.99731E-05 9.99731E-05 0.565307 9.99731E-05
9.997E-05 9.997E-05 0.94439 9.997E-05 0.0553104
9.997E-05 9.997E-05 0.652777 9.997E-05 0.346923
9.9973E-05 0.822385 9.9973E-05 0.177315 9.9973E-05
0.0567775 9.9991E-05 0.647718 0.180427 0.114977
0.00275962 0.0523183 0.0719004 9.9991E-05 0.872922
0.117457 9.9982E-05 0.881013 0.00132965 9.9982E-05
0.899727 9.99731E-05 9.99731E-05 9.99731E-05 0.0999732
9.99731E-05 0.854731 9.99731E-05 0.144969 9.99731E-05
0.327053 9.9991E-05 0.330579 0.230385 0.111883
9.9973E-05 0.0110222 9.9973E-05 0.988678 9.9973E-05
0.9996 9.997E-05 9.997E-05 9.997E-05 9.997E-05
0.853855 0.0687577 0.0619635 0.0153235 9.9991E-05
0.306822 0.0294386 0.107281 0.556359 9.9991E-05
0.835315 9.9982E-05 0.134822 9.9982E-05 0.0296622
0.059601 0.467562 0.112602 0.217229 0.143006
9.9973E-05 9.9973E-05 9.9973E-05 0.0847417 0.914958
0.215657 9.9973E-05 0.784043 9.9973E-05 9.9973E-05
9.998E-05 0.685366 9.998E-05 0.0127454 0.301689
9.99821E-05 9.99821E-05 0.342498 0.616971 0.0403304
0.0238079 0.975892 9.99732E-05 9.99732E-05 9.99732E-05
9.99731E-05 0.294791 9.99731E-05 0.704909 9.99731E-05
9.997E-05 9.997E-05 9.997E-05 9.997E-05 0.9996
9.997E-05 9.997E-05 9.997E-05 9.997E-05 0.9996
9.9973E-05 9.9973E-05 0.601509 9.9973E-05 0.398191
9.9973E-05 9.9973E-05 9.9973E-05 0.902461 0.0972393
9.9982E-05 0.779678 9.9982E-05 0.150194 0.0699285
0.952322 9.9982E-05 9.9982E-05 0.0462628 0.00121525
0.171578 9.997E-05 9.997E-05 0.828122 9.997E-05
0.105289 9.998E-05 9.998E-05 0.82742 0.0670912
0.0580084 0.202769 0.365302 9.999E-05 0.37382
9.99821E-05 0.0145739 0.10586 0.879366 9.99821E-05
9.9973E-05 0.112652 9.9973E-05 0.887048 9.9973E-05
9.99731E-05 0.806137 9.99731E-05 0.193563 9.99731E-05
0.809346 9.99731E-05 0.190354 9.99731E-05 9.99731E-05
9.997E-05 9.997E-05 9.997E-05 9.997E-05 0.9996
0.182392 9.9973E-05 0.817308 9.9973E-05 9.9973E-05
0.0343964 0.965304 9.99731E-05 9.99731E-05 9.99731E-05
0.864603 9.9973E-05 9.9973E-05 0.135097 9.9973E-05
0.205819 9.997E-05 9.997E-05 0.793881 9.997E-05
0.271484 0.0946545 0.633661 9.998E-05 9.998E-05
0.745164 9.998E-05 0.0364008 0.218235 9.998E-05
