9.9973E-05 9.9973E-05 0.175979 9.9973E-05 0.823721
9.9973E-05 0.013927 9.9973E-05 9.9973E-05 0.985773
9.9973E-05 9.9973E-05 0.437791 9.9973E-05 0.561909
0.0340081 0.91024 0.0555522 9.99821E-05 9.99821E-05
9.9973E-05 9.9973E-05 0.475796 0.523904 9.9973E-05
0.805324 9.9982E-05 0.0551585 9.9982E-05 0.139317
0.107859 9.9982E-05 0.855653 0.0362881 9.9982E-05
9.998E-05 0.309603 0.0446867 9.998E-05 0.64551
0.985739 9.99731E-05 9.99731E-05 0.0139611 9.99731E-05
9.9973E-05 9.9973E-05 0.577388 0.422312 9.9973E-05
9.997E-05 9.997E-05 0.883025 0.116675 9.997E-05
0.0165031 0.71969 9.9982E-05 9.9982E-05 0.263607
0.0520841 0.0558812 0.342215 0.549719 9.999E-05
0.0278544 0.0309663 0.859339 9.9991E-05 0.08174
9.997E-05 9.997E-05 0.220207 0.779493 9.997E-05
0.301524 9.99821E-05 0.0462196 0.652056 9.99821E-05
9.9973E-05 0.969101 9.9973E-05 9.9973E-05 0.0305986
0.425191 9.9982E-05 0.258959 0.315649 9.9982E-05
0.87328 0.123948 9.9982E-05 9.9982E-05 0.00257133
0.230656 9.9982E-05 9.9982E-05 0.756229 0.0129152
0.393746 9.9973E-05 9.9973E-05 0.605955 9.9973E-05
0.491494 0.230691 9.9982E-05 0.277615 9.9982E-05
0.196051 9.9982E-05 0.0797614 0.723988 9.9982E-05
0.0961175 0.453834 0.222196 0.122007 0.105844
0.0767734 0.0548793 0.857933 9.9991E-05 0.0103141
9.9973E-05 9.9973E-05 0.122104 0.877596 9.9973E-05
9.998E-05 0.738747 0.218759 9.998E-05 0.042294
0.479185 0.152127 0.238487 0.130101 9.999E-05
9.997E-05 9.997E-05 9.997E-05 9.997E-05 0.9996
0.458863 0.540837 9.997E-05 9.997E-05 9.997E-05
9.997E-05 9.997E-05 0.9996 9.997E-05 9.997E-05
9.997E-05 9.997E-05 0.9996 9.997E-05 9.997E-05
9.9973E-05 9.9973E-05 0.818967 0.180733 9.9973E-05
0.893408 0.0510489 0.0553435 9.998E-05 9.998E-05
9.997E-05 0.9996 9.997E-05 9.997E-05 9.997E-05
0.466267 9.9973E-05 9.9973E-05 0.533433 9.9973E-05
0.86525 0.0636672 9.998E-05 0.0708833 9.998E-05
0.85599 0.116708 0.0271025 9.998E-05 9.998E-05
0.0768351 9.999E-05 0.720377 0.0484467 0.154242
0.594791 0.404909 9.99731E-05 9.99731E-05 9.99731E-05
0.539719 0.459981 9.997E-05 9.997E-05 9.997E-05
9.99731E-05 0.975113 9.99731E-05 9.99731E-05 0.0245872
0.110429 9.99731E-05 9.99731E-05 0.889271 9.99731E-05
9.9973E-05 9.9973E-05 0.89239 9.9973E-05 0.10731
9.99731E-05 9.99731E-05 0.0562386 0.943461 9.99731E-05
9.99731E-05 0.866385 9.99731E-05 9.99731E-05 0.133315
0.621194 9.9973E-05 9.9973E-05 0.378506 9.9973E-05
0.996071 9.99731E-05 9.99731E-05 0.00362907 9.99731E-05
9.99821E-05 0.0264589 9.99821E-05 0.828976 0.144365
0.539039 0.0124865 9.998E-05 0.448275 9.998E-05
