0.69304 9.99731E-05 0.195249 0.111412 9.99731E-05 9.99731E-05
0.925839 9.9964E-05 9.9964E-05 0.0737608 9.9964E-05 9.9964E-05
0.373759 9.9973E-05 0.602954 0.0229868 9.9973E-05 9.9973E-05
0.576318 9.99731E-05 0.165166 9.99731E-05 0.258215 9.99731E-05
9.9964E-05 0.946489 0.0531112 9.9964E-05 9.9964E-05 9.9964E-05
0.0402346 9.9991E-05 0.0293584 0.0649302 0.757094 0.108283
9.9982E-05 0.157952 0.57398 0.107675 9.9982E-05 0.160193
0.909096 9.99641E-05 9.99641E-05 9.99641E-05 9.99641E-05 0.0905046
9.99641E-05 9.99641E-05 9.99641E-05 0.480663 0.518937 9.99641E-05
9.9964E-05 0.892828 9.9964E-05 9.9964E-05 9.9964E-05 0.106773
9.996E-05 9.996E-05 9.996E-05 9.996E-05 9.996E-05 0.9995
0.829976 0.0199176 9.9973E-05 9.9973E-05 0.149807 9.9973E-05
9.9982E-05 0.666439 0.154105 0.108478 0.0707787 9.9982E-05
0.00743363 0.249194 0.665489 9.99821E-05 0.0776826 9.99821E-05
9.99641E-05 0.996315 9.99641E-05 9.99641E-05 0.00328518 9.99641E-05
9.997E-05 9.997E-05 0.156322 0.826556 0.0168218 9.997E-05
0.774975 0.0173646 0.0357835 9.9982E-05 0.171677 9.9982E-05
9.999E-05 0.379523 0.068827 0.279971 0.220598 0.050981
0.0441654 9.9964E-05 9.9964E-05 9.9964E-05 0.955435 9.9964E-05
9.996E-05 9.996E-05 9.996E-05 0.9995 9.996E-05 9.996E-05
9.99731E-05 0.144849 9.99731E-05 0.775315 0.0795353 9.99731E-05
0.0115777 0.0727313 9.99821E-05 0.316096 0.599395 9.99821E-05
9.9973E-05 0.238817 0.0546699 0.706213 9.9973E-05 9.9973E-05
0.4259 9.9991E-05 0.0417937 0.163875 0.11575 0.252581
9.9982E-05 9.9982E-05 0.89883 0.0212901 0.0116385 0.0680415
9.9964E-05 0.704148 9.9964E-05 0.295452 9.9964E-05 9.9964E-05
0.489741 9.99731E-05 0.315188 9.99731E-05 0.194771 9.99731E-05
9.99731E-05 0.311793 0.0422928 9.99731E-05 0.645615 9.99731E-05
0.955172 9.99732E-05 9.99732E-05 0.0313208 9.99732E-05 0.013207
0.265514 9.99731E-05 9.99731E-05 0.00490859 0.729278 9.99731E-05
9.99641E-05 9.99641E-05 0.882597 9.99641E-05 9.99641E-05 0.117004
9.996E-05 9.996E-05 0.9995 9.996E-05 9.996E-05 9.996E-05
9.9973E-05 0.48001 0.33045 9.9973E-05 9.9973E-05 0.18924
9.99641E-05 9.99641E-05 0.0919071 9.99641E-05 0.907693 9.99641E-05
0.654873 9.9973E-05 0.0771128 9.9973E-05 0.267714 9.9973E-05
0.0729424 9.99641E-05 9.99641E-05 0.926658 9.99641E-05 9.99641E-05
9.99641E-05 9.99641E-05 9.99641E-05 0.137095 0.862505 9.99641E-05
9.9982E-05 9.9982E-05 0.0420379 0.0143049 0.922706 0.0207513
0.0659152 9.9964E-05 9.9964E-05 9.9964E-05 9.9964E-05 0.933685
9.99731E-05 0.0102333 9.99731E-05 9.99731E-05 0.952085 0.037382
0.219205 9.9964E-05 9.9964E-05 9.9964E-05 0.780395 9.9964E-05
0.785106 9.9964E-05 9.9964E-05 9.9964E-05 0.214494 9.9964E-05
0.0425331 0.0958837 9.99731E-05 0.861283 9.99731E-05 9.99731E-05
9.996E-05 9.996E-05 0.9995 9.996E-05 9.996E-05 9.996E-05
9.99641E-05 0.792384 9.99641E-05 0.207216 9.99641E-05 9.99641E-05
0.965857 9.99641E-05 9.99641E-05 0.0337427 9.99641E-05 9.99641E-05
9.997E-05 9.997E-05 9.997E-05 0.717946 0.200613 0.0811418
9.99641E-05 9.99641E-05 9.99641E-05 0.230409 0.769191 9.99641E-05
9.99731E-05 0.175926 9.99731E-05 0.406603 9.99731E-05 0.417171
9.9982E-05 0.0262129 9.9982E-05 0.570201 0.336616 0.06677
