0.00469285 0.0828975 9.9982E-05 0.276403 0.635807 9.9982E-05
9.9964E-05 0.0725318 9.9964E-05 9.9964E-05 0.927068 9.9964E-05
9.9973E-05 0.0675975 9.9973E-05 0.56002 0.372082 9.9973E-05
0.0209643 9.99821E-05 0.238805 0.167101 0.57293 9.99821E-05
0.674601 9.9973E-05 9.9973E-05 0.125806 9.9973E-05 0.199293
9.9982E-05 0.0303587 0.800447 0.073907 0.0950873 9.9982E-05
9.9982E-05 0.131045 0.0384559 0.449687 9.9982E-05 0.380613
9.99641E-05 9.99641E-05 9.99641E-05 0.0147253 0.984875 9.99641E-05
9.99641E-05 0.459483 0.540117 9.99641E-05 9.99641E-05 9.99641E-05
0.132526 9.9964E-05 9.9964E-05 9.9964E-05 9.9964E-05 0.867074
9.996E-05 9.996E-05 9.996E-05 9.996E-05 9.996E-05 0.9995
9.9964E-05 9.9964E-05 0.0851215 9.9964E-05 0.914479 9.9964E-05
0.598163 0.049774 0.0845615 0.221663 9.9991E-05 0.0457392
0.0341323 9.99821E-05 0.045465 0.866072 9.99821E-05 0.0541311
0.959078 9.99641E-05 9.99641E-05 9.99641E-05 9.99641E-05 0.0405221
9.99641E-05 0.931965 9.99641E-05 0.0676355 9.99641E-05 9.99641E-05
9.99641E-05 9.99641E-05 9.99641E-05 9.99641E-05 0.97649 0.0231097
9.9973E-05 0.446096 0.189513 9.9973E-05 9.9973E-05 0.364091
9.996E-05 9.996E-05 0.961606 9.996E-05 0.0379938 9.996E-05
0.0193492 0.980251 9.99641E-05 9.99641E-05 9.99641E-05 9.99641E-05
0.0536966 0.893534 9.99731E-05 9.99731E-05 0.0524699 9.99731E-05
9.99821E-05 0.427618 0.451438 9.99821E-05 0.0677937 0.0529505
0.114416 0.806202 9.9982E-05 9.9982E-05 0.0157055 0.0634764
0.0487444 0.230801 9.9991E-05 0.129407 0.534528 0.0564194
9.99641E-05 9.99641E-05 0.0717418 0.927858 9.99641E-05 9.99641E-05
0.800812 0.151431 9.9982E-05 0.0459164 9.9982E-05 0.00164036
9.99731E-05 9.99731E-05 0.0719034 0.337131 0.590665 9.99731E-05
0.11348 9.99821E-05 0.685588 0.0868654 9.99821E-05 0.113868
9.99642E-05 0.00793975 9.99642E-05 9.99642E-05 0.99166 9.99642E-05
9.99641E-05 9.99641E-05 0.678455 9.99641E-05 0.321145 9.99641E-05
9.99641E-05 9.99641E-05 9.99641E-05 0.865673 9.99641E-05 0.133928
9.996E-05 9.996E-05 9.996E-05 0.9995 9.996E-05 9.996E-05
0.0496114 9.9973E-05 9.9973E-05 0.209889 9.9973E-05 0.7402
9.9973E-05 0.0158635 0.901756 0.0820809 9.9973E-05 9.9973E-05
9.9973E-05 9.9973E-05 0.11464 0.0968092 0.788251 9.9973E-05
9.9973E-05 0.984099 0.0114071 9.9973E-05 0.00419392 9.9973E-05
9.99641E-05 0.159369 0.840231 9.99641E-05 9.99641E-05 9.99641E-05
9.9982E-05 0.0275744 0.889778 0.0335303 9.9982E-05 0.0489169
9.99731E-05 9.99731E-05 0.050354 9.99731E-05 0.168232 0.781114
0.066695 9.99731E-05 0.801697 9.99731E-05 0.131308 9.99731E-05
9.996E-05 9.996E-05 0.759565 9.996E-05 0.240035 9.996E-05
9.99641E-05 9.99641E-05 0.159708 9.99641E-05 0.839892 9.99641E-05
0.382071 0.617529 9.99641E-05 9.99641E-05 9.99641E-05 9.99641E-05
9.99641E-05 0.0134465 9.99641E-05 0.986154 9.99641E-05 9.99641E-05
0.9995 9.996E-05 9.996E-05 9.996E-05 9.996E-05 9.996E-05
9.99641E-05 0.0914529 9.99641E-05 9.99641E-05 0.908147 9.99641E-05
9.99641E-05 0.759841 0.239759 9.99641E-05 9.99641E-05 9.99641E-05
0.0720298 0.0231135 0.904557 9.99731E-05 9.99731E-05 9.99731E-05
0.916723 0.0332877 9.99731E-05 9.99731E-05 0.0496891 9.99731E-05
9.9973E-05 0.668629 0.247914 9.9973E-05 9.9973E-05 0.0831569
