9.99563E-05 9.99563E-05 0.0644273 0.633239 9.99563E-05 9.99563E-05 0.301834 9.99563E-05
9.99561E-05 0.486664 9.99561E-05 9.99561E-05 9.99561E-05 9.99561E-05 0.449475 0.0633612
0.0970877 0.361253 0.167696 9.99649E-05 9.99649E-05 9.99649E-05 0.373563 9.99649E-05
9.99648E-05 0.374741 9.99648E-05 0.283658 9.99648E-05 9.99648E-05 0.158477 0.182723
9.99474E-05 9.99474E-05 9.99474E-05 9.99474E-05 9.99474E-05 9.99474E-05 0.884442 0.114958
0.35437 0.370926 9.99564E-05 9.99564E-05 9.99564E-05 9.99564E-05 0.274205 9.99564E-05
9.99649E-05 9.99649E-05 0.304112 0.155442 9.99649E-05 0.0399576 0.500088 9.99649E-05
9.99558E-05 9.99558E-05 0.796771 9.99558E-05 9.99558E-05 9.99558E-05 0.0244958 0.178234
0.369732 0.434997 0.0962838 9.99647E-05 9.99647E-05 0.098588 9.99647E-05 9.99647E-05
9.99736E-05 9.99736E-05 0.192306 0.00869005 9.99736E-05 0.0482503 0.50599 0.244463
9.9965E-05 0.290907 0.389423 0.228222 9.9965E-05 9.9965E-05 9.9965E-05 0.091048
0.0195817 0.445925 9.99648E-05 9.99648E-05 0.21731 9.99648E-05 0.316783 9.99648E-05
9.99562E-05 0.841922 0.0683486 0.0892294 9.99562E-05 9.99562E-05 9.99562E-05 9.99562E-05
0.0998833 0.322468 0.130243 0.0260751 0.150363 0.118626 0.152241 9.99911E-05
0.0331909 9.99471E-05 9.99471E-05 9.99471E-05 9.99471E-05 9.99471E-05 0.966209 9.99471E-05
9.997E-05 0.46104 0.219272 0.267088 9.997E-05 0.00131166 0.0509893 9.997E-05
0.167666 9.99651E-05 9.99651E-05 0.419214 9.99651E-05 0.392599 9.99651E-05 0.0201203
0.604131 0.0702099 9.99736E-05 0.0485255 9.99736E-05 0.00597941 9.99736E-05 0.270854
9.99648E-05 9.99648E-05 0.324021 9.99648E-05 0.0895062 0.203213 0.38286 9.99648E-05
9.99648E-05 0.124885 0.0469587 0.79036 0.0373964 9.99648E-05 9.99648E-05 9.99648E-05
9.99649E-05 0.0837174 9.99649E-05 0.0699161 0.0269691 9.99649E-05 0.818998 9.99649E-05
0.0949388 0.516957 0.00974958 9.99648E-05 9.99648E-05 9.99648E-05 0.377955 9.99648E-05
9.9965E-05 0.213469 9.9965E-05 0.416839 0.136405 9.9965E-05 0.232887 9.9965E-05
0.45436 0.115134 9.99739E-05 0.0396787 0.348625 0.0419023 9.99739E-05 9.99739E-05
9.99647E-05 0.30469 0.317498 9.99647E-05 9.99647E-05 0.0944191 0.282994 9.99647E-05
9.99739E-05 0.124408 0.261648 9.99739E-05 9.99739E-05 0.117253 0.464407 0.0319838
0.0069784 0.436576 0.268776 9.99736E-05 9.99736E-05 0.131303 0.156066 9.99736E-05
0.293885 9.9956E-05 9.9956E-05 9.9956E-05 0.411505 9.9956E-05 9.9956E-05 0.294111
9.99649E-05 0.292051 0.116507 9.99649E-05 9.99649E-05 0.227433 0.363609 9.99649E-05
0.298659 9.99651E-05 0.426631 9.99651E-05 9.99651E-05 0.229204 9.99651E-05 0.0451064
9.99648E-05 0.174483 9.99648E-05 9.99648E-05 9.99648E-05 0.346189 0.478326 0.000601155
0.613731 9.99561E-05 9.99561E-05 9.99561E-05 9.99561E-05 0.0109825 0.374787 9.99561E-05
0.465485 0.0534801 9.99738E-05 9.99738E-05 9.99738E-05 0.0915038 0.247155 0.142076
9.994E-05 9.994E-05 9.994E-05 9.994E-05 9.994E-05 9.994E-05 0.9993 9.994E-05
0.285031 9.99474E-05 0.714369 9.99474E-05 9.99474E-05 9.99474E-05 9.99474E-05 9.99474E-05
9.99649E-05 9.99649E-05 9.99649E-05 9.99649E-05 0.286306 0.0783243 0.460246 0.174724
9.99736E-05 0.117122 9.99736E-05 0.397748 9.99736E-05 0.0196575 0.382039 0.0831341
0.713867 9.99472E-05 0.285534 9.99472E-05 9.99472E-05 9.99472E-05 9.99472E-05 9.99472E-05
0.152026 0.630296 9.99649E-05 0.0672297 0.150048 9.99649E-05 9.99649E-05 9.99649E-05
0.00122037 9.99648E-05 9.99648E-05 0.409883 9.99648E-05 9.99648E-05 0.226953 0.361544
0.530404 9.99559E-05 9.99559E-05 9.99559E-05 9.99559E-05 9.99559E-05 0.0657019 0.403394
0.0417294 0.377009 9.99648E-05 9.99648E-05 9.99648E-05 9.99648E-05 0.574804 0.00605766
0.458227 0.0189508 0.357668 9.99648E-05 9.99648E-05 9.99648E-05 0.164754 9.99648E-05
0.66471 9.99471E-05 0.33469 9.99471E-05 9.99471E-05 9.99471E-05 9.99471E-05 9.99471E-05
9.99735E-05 0.0737464 0.398354 0.0235009 9.99735E-05 0.146714 0.357385 9.99735E-05
9.99648E-05 0.820402 9.99648E-05 0.0591267 0.0311358 9.99648E-05 0.0889355 9.99648E-05
9.99649E-05 9.99649E-05 0.430488 9.99649E-05 0.134921 0.0690736 9.99649E-05 0.365118
0.123831 0.29668 9.99735E-05 9.99735E-05 9.99735E-05 0.00357336 0.451741 0.123874
9.99473E-05 0.767504 9.99473E-05 9.99473E-05 9.99473E-05 9.99473E-05 0.231896 9.99473E-05
0.0843232 0.491406 9.99653E-05 9.99653E-05 0.0218195 0.402051 9.99653E-05 9.99653E-05
9.99736E-05 0.524066 0.0904338 0.0440938 9.99736E-05 9.99736E-05 0.0655648 0.275542
9.99562E-05 9.99562E-05 0.679943 9.99562E-05 0.266414 9.99562E-05 0.0531435 9.99562E-05
0.284684 9.99737E-05 9.99737E-05 0.176544 0.0901745 9.99737E-05 0.295046 0.153252
9.99559E-05 0.458624 9.99559E-05 9.99559E-05 0.0416286 9.99559E-05 0.499247 9.99559E-05
9.99563E-05 9.99563E-05 9.99563E-05 9.99563E-05 0.478941 0.13779 0.382769 9.99563E-05
0.199221 0.555544 9.99566E-05 9.99566E-05 9.99566E-05 0.244735 9.99566E-05 9.99566E-05
0.070441 0.410434 0.321404 9.99734E-05 0.0668929 9.99734E-05 0.130529 9.99734E-05
0.115075 0.569811 0.0672288 9.99649E-05 9.99649E-05 9.99649E-05 9.99649E-05 0.247485
0.171661 9.99736E-05 0.155451 9.99736E-05 9.99736E-05 0.118369 0.330023 0.224197
0.0623953 0.104607 0.426642 9.99647E-05 0.405956 9.99647E-05 9.99647E-05 9.99647E-05
9.99737E-05 0.233708 9.99737E-05 0.468757 9.99737E-05 0.266927 0.0280021 0.00230587
9.99558E-05 0.611867 9.99558E-05 0.302886 9.99558E-05 0.0847468 9.99558E-05 9.99558E-05
0.0932182 0.022713 0.365165 9.99737E-05 0.157136 0.361468 9.99737E-05 9.99737E-05
0.0683125 0.296835 0.334173 9.99736E-05 9.99736E-05 0.213986 9.99736E-05 0.0863938
0.103524 9.99735E-05 0.281798 0.216908 0.140919 9.99735E-05 9.99735E-05 0.256551
0.505662 0.0284344 0.421552 9.99647E-05 9.99647E-05 9.99647E-05 0.0439512 9.99647E-05
9.99475E-05 9.99475E-05 0.567169 9.99475E-05 9.99475E-05 0.432232 9.99475E-05 9.99475E-05
0.336587 0.0245967 0.0598257 9.99737E-05 9.99737E-05 0.197357 0.381334 9.99737E-05
9.99647E-05 9.99647E-05 0.346686 0.0672019 0.0319039 0.553808 9.99647E-05 9.99647E-05
9.994E-05 9.994E-05 9.994E-05 9.994E-05 9.994E-05 9.994E-05 9.994E-05 0.9993
9.9956E-05 9.9956E-05 9.9956E-05 0.161384 9.9956E-05 0.165953 0.672164 9.9956E-05
9.99736E-05 0.032978 0.49441 0.184124 0.179118 9.99736E-05 0.109069 9.99736E-05
9.9965E-05 9.9965E-05 0.152435 0.0956573 0.249553 9.9965E-05 0.501955 9.9965E-05
9.99562E-05 9.99562E-05 9.99562E-05 9.99562E-05 9.99562E-05 0.0360661 0.421222 0.542213
0.00304738 0.199054 0.0341153 9.99736E-05 0.746542 9.99736E-05 9.99736E-05 0.0169412
9.99651E-05 0.252598 9.99651E-05 0.129631 0.168224 9.99651E-05 9.99651E-05 0.449147
0.548935 9.99561E-05 9.99561E-05 9.99561E-05 0.0365733 9.99561E-05 9.99561E-05 0.413992
9.9956E-05 0.690038 9.9956E-05 9.9956E-05 9.9956E-05 9.9956E-05 0.123239 0.186223
0.806821 9.99475E-05 9.99475E-05 9.99475E-05 0.19258 9.99475E-05 9.99475E-05 9.99475E-05
9.99561E-05 0.567398 0.17583 9.99561E-05 9.99561E-05 9.99561E-05 0.256273 9.99561E-05
9.99478E-05 9.99478E-05 0.335067 9.99478E-05 9.99478E-05 0.664333 9.99478E-05 9.99478E-05
9.9965E-05 9.9965E-05 0.405741 0.117769 9.9965E-05 0.334787 9.9965E-05 0.141304
0.231216 9.9956E-05 9.9956E-05 9.9956E-05 0.283862 0.484422 9.9956E-05 9.9956E-05
0.112298 0.381182 9.99652E-05 0.412447 0.0936732 9.99652E-05 9.99652E-05 9.99652E-05
0.143046 9.99647E-05 0.590607 0.0252108 9.99647E-05 9.99647E-05 0.240737 9.99647E-05
9.99563E-05 9.99563E-05 9.99563E-05 0.544316 9.99563E-05 9.99563E-05 0.339453 0.115731
0.258563 0.0578094 0.345453 0.024961 9.99825E-05 9.99825E-05 0.0670202 0.245994
9.99564E-05 0.666698 0.175796 9.99564E-05 9.99564E-05 9.99564E-05 0.157007 9.99564E-05
9.99565E-05 0.459743 0.385855 9.99565E-05 9.99565E-05 0.153902 9.99565E-05 9.99565E-05
9.9965E-05 0.646234 0.052375 0.151467 0.149524 9.9965E-05 9.9965E-05 9.9965E-05
0.180867 0.682388 9.99564E-05 9.99564E-05 0.136245 9.99564E-05 9.99564E-05 9.99564E-05
0.226039 9.99563E-05 9.99563E-05 9.99563E-05 9.99563E-05 0.286421 0.48704 9.99563E-05
0.0241257 9.99649E-05 0.0774757 9.99649E-05 0.801959 9.99649E-05 0.0960398 9.99649E-05
0.0125326 9.99562E-05 0.28147 9.99562E-05 9.99562E-05 9.99562E-05 0.705498 9.99562E-05
9.99647E-05 9.99647E-05 0.358028 9.99647E-05 0.0836437 9.99647E-05 0.52231 0.0356183
0.781628 0.160574 9.995E-05 9.995E-05 9.995E-05 0.0572982 9.995E-05 9.995E-05
9.99648E-05 0.200085 9.99648E-05 9.99648E-05 9.99648E-05 0.630011 0.0382181 0.131286
0.257344 0.375073 9.99649E-05 0.0848167 9.99649E-05 0.282366 9.99649E-05 9.99649E-05
0.0217339 9.9956E-05 9.9956E-05 9.9956E-05 9.9956E-05 0.638344 9.9956E-05 0.339423
9.99652E-05 9.99652E-05 0.217807 9.99652E-05 9.99652E-05 0.39977 0.130703 0.25132
9.99736E-05 0.0320068 9.99736E-05 9.99736E-05 0.132616 0.0226824 0.45318 0.359215
0.580282 9.99824E-05 0.117463 0.0240629 0.00677571 9.99824E-05 0.22922 0.041997
9.99648E-05 9.99648E-05 0.242671 9.99648E-05 0.0143844 0.0165573 0.725988 9.99648E-05
9.99561E-05 0.308628 9.99561E-05 9.99561E-05 9.99561E-05 0.00350687 0.687365 9.99561E-05
9.99824E-05 0.0473328 0.383581 0.0103176 9.99824E-05 0.0675538 0.380418 0.110597
9.99561E-05 9.99561E-05 0.199859 0.394422 9.99561E-05 0.405219 9.99561E-05 9.99561E-05
9.99474E-05 0.856516 9.99474E-05 9.99474E-05 9.99474E-05 9.99474E-05 0.142884 9.99474E-05
0.367894 0.149401 0.302698 9.99735E-05 9.99735E-05 0.0183926 9.99735E-05 0.161315
0.252068 9.99737E-05 9.99737E-05 0.118103 0.0496885 0.430567 9.99737E-05 0.149274
0.315612 0.141686 0.419053 0.123249 9.99648E-05 9.99648E-05 9.99648E-05 9.99648E-05
9.9965E-05 0.109476 0.630337 9.9965E-05 0.250866 9.9965E-05 9.9965E-05 0.00892142
0.24423 0.24593 0.307533 0.201907 9.99651E-05 9.99651E-05 9.99651E-05 9.99651E-05
9.99648E-05 0.528693 0.105925 9.99648E-05 9.99648E-05 0.288219 0.0767628 9.99648E-05
9.9956E-05 0.555843 9.9956E-05 9.9956E-05 0.197513 9.9956E-05 0.246144 9.9956E-05
9.99566E-05 9.99566E-05 0.0811833 9.99566E-05 0.715227 9.99566E-05 9.99566E-05 0.203089
9.99647E-05 9.99647E-05 9.99647E-05 0.151584 9.99647E-05 0.432176 0.134847 0.280994
0.105348 0.0792546 0.352755 9.99738E-05 9.99738E-05 0.372534 9.99738E-05 0.0898077
9.99564E-05 9.99564E-05 9.99564E-05 9.99564E-05 0.499726 0.29276 9.99564E-05 0.207014
9.99559E-05 9.99559E-05 0.258256 9.99559E-05 9.99559E-05 9.99559E-05 0.680481 0.0607639
9.99475E-05 9.99475E-05 0.998862 0.000538583 9.99475E-05 9.99475E-05 9.99475E-05 9.99475E-05
9.99561E-05 0.183539 0.324479 9.99561E-05 9.99561E-05 9.99561E-05 0.491482 9.99561E-05
0.422927 9.99475E-05 0.576473 9.99475E-05 9.99475E-05 9.99475E-05 9.99475E-05 9.99475E-05
9.99737E-05 9.99737E-05 0.529687 0.133469 0.115283 9.99737E-05 0.0918213 0.12944
9.99652E-05 0.0800038 0.131535 9.99652E-05 0.161232 9.99652E-05 0.62683 9.99652E-05
0.265964 9.99559E-05 0.230042 9.99559E-05 0.503494 9.99559E-05 9.99559E-05 9.99559E-05
0.382925 9.99736E-05 0.28185 0.0583216 9.99736E-05 0.0207404 0.255863 9.99736E-05
0.0836824 9.99558E-05 9.99558E-05 0.419584 9.99558E-05 0.496234 9.99558E-05 9.99558E-05
9.99648E-05 0.257455 9.99648E-05 0.313982 9.99648E-05 0.291672 9.99648E-05 0.136491
9.99735E-05 0.0562527 0.35717 0.0777828 9.99735E-05 0.222378 9.99735E-05 0.286117
0.0773689 9.99566E-05 9.99566E-05 9.99566E-05 9.99566E-05 0.778671 9.99566E-05 0.143461
0.270942 9.99559E-05 0.321539 0.40702 9.99559E-05 9.99559E-05 9.99559E-05 9.99559E-05
0.17459 9.99561E-05 9.99561E-05 9.99561E-05 9.99561E-05 0.493602 0.331308 9.99561E-05
9.99475E-05 9.99475E-05 0.159207 9.99475E-05 0.840193 9.99475E-05 9.99475E-05 9.99475E-05
0.167986 0.371569 0.368322 9.99824E-05 0.0296044 0.0450605 9.99824E-05 0.0172584
0.0896413 0.355945 9.9956E-05 9.9956E-05 0.553914 9.9956E-05 9.9956E-05 9.9956E-05
9.99563E-05 0.278828 0.55146 9.99563E-05 9.99563E-05 9.99563E-05 9.99563E-05 0.169212
0.432322 9.99563E-05 9.99563E-05 0.371803 9.99563E-05 9.99563E-05 0.195375 9.99563E-05
0.257437 9.99559E-05 0.0303445 9.99559E-05 9.99559E-05 0.711719 9.99559E-05 9.99559E-05
0.556549 9.99649E-05 9.99649E-05 0.090093 0.055037 9.99649E-05 0.297921 9.99649E-05
9.99473E-05 0.157207 9.99473E-05 0.842194 9.99473E-05 9.99473E-05 9.99473E-05 9.99473E-05
9.9965E-05 0.0258022 0.27677 9.9965E-05 9.9965E-05 9.9965E-05 0.469421 0.227607
9.9956E-05 0.655145 9.9956E-05 0.205787 9.9956E-05 9.9956E-05 9.9956E-05 0.138568
0.178977 9.99734E-05 0.0141599 9.99734E-05 0.255537 9.99734E-05 0.517941 0.0330856
9.99559E-05 0.727539 9.99559E-05 9.99559E-05 0.192295 9.99559E-05 9.99559E-05 0.0796668
0.346486 9.99647E-05 9.99647E-05 9.99647E-05 0.29688 9.99647E-05 0.0861217 0.270112
0.735946 9.99558E-05 9.99558E-05 9.99558E-05 9.99558E-05 0.255854 9.99558E-05 0.00770046
0.703567 0.151147 9.9956E-05 9.9956E-05 0.144786 9.9956E-05 9.9956E-05 9.9956E-05
9.99474E-05 9.99474E-05 0.0468994 9.99474E-05 9.99474E-05 9.99474E-05 0.952501 9.99474E-05
9.99737E-05 0.146456 0.234158 0.101027 0.257461 9.99737E-05 9.99737E-05 0.260598
0.443227 9.99649E-05 0.120197 0.278375 9.99649E-05 0.157801 9.99649E-05 9.99649E-05
0.136445 0.428186 9.99562E-05 9.99562E-05 0.434869 9.99562E-05 9.99562E-05 9.99562E-05
9.99649E-05 0.218528 0.51724 0.242035 9.99649E-05 9.99649E-05 0.0217972 9.99649E-05
0.640658 9.99561E-05 0.178124 9.99561E-05 9.99561E-05 9.99561E-05 0.180719 9.99561E-05
0.633965 0.00413961 9.99736E-05 0.0544386 9.99736E-05 0.272886 0.0342718 9.99736E-05
0.454064 9.99561E-05 0.0778097 9.99561E-05 9.99561E-05 9.99561E-05 0.467627 9.99561E-05
9.994E-05 9.994E-05 9.994E-05 9.994E-05 9.994E-05 9.994E-05 0.9993 9.994E-05
0.460957 0.00649195 0.226301 9.99647E-05 9.99647E-05 9.99647E-05 0.30585 9.99647E-05
9.99648E-05 0.455397 9.99648E-05 9.99648E-05 0.0408881 0.16671 0.336605 9.99648E-05
9.997E-05 9.997E-05 0.158939 0.0960867 9.997E-05 0.53226 0.141443 0.0709712
0.368617 9.99647E-05 0.28662 9.99647E-05 0.102407 9.99647E-05 0.241957 9.99647E-05
9.99562E-05 9.99562E-05 9.99562E-05 0.251391 0.703163 0.0449457 9.99562E-05 9.99562E-05
0.305294 0.113269 0.0548505 0.510972 9.99739E-05 9.99739E-05 9.99739E-05 0.0153144
9.99736E-05 0.0469698 0.12167 0.219169 9.99736E-05 9.99736E-05 0.490643 0.121248
0.337912 0.244547 0.0248253 9.99737E-05 9.99737E-05 0.052457 0.339959 9.99737E-05
0.466213 9.99651E-05 9.99651E-05 9.99651E-05 0.0220943 0.252515 0.258777 9.99651E-05
9.9956E-05 9.9956E-05 0.344104 0.0803777 0.575018 9.9956E-05 9.9956E-05 9.9956E-05
0.065057 9.99651E-05 9.99651E-05 0.517297 9.99651E-05 0.017252 0.399994 9.99651E-05
0.0349106 9.99648E-05 0.288253 9.99648E-05 0.0565887 0.619848 9.99648E-05 9.99648E-05
9.997E-05 9.997E-05 0.278952 9.997E-05 0.358552 0.216993 0.0561268 0.0890758
0.0880156 0.275883 0.12214 0.379092 9.99736E-05 9.99736E-05 9.99736E-05 0.134568
0.247536 0.317905 0.314715 0.0461912 9.997E-05 9.997E-05 0.0733523 9.997E-05
9.99558E-05 0.804431 0.14802 9.99558E-05 0.04705 9.99558E-05 9.99558E-05 9.99558E-05
0.217024 0.438764 9.997E-05 0.113804 0.113547 9.997E-05 0.116562 9.997E-05
0.216939 9.99649E-05 0.739478 9.99649E-05 9.99649E-05 0.0280655 9.99649E-05 0.0151176
0.0614582 9.99734E-05 0.120142 9.99734E-05 0.126978 9.99734E-05 0.461331 0.229791
9.99736E-05 9.99736E-05 0.373582 0.117036 0.246158 0.204978 9.99736E-05 0.0579462
9.99647E-05 0.188412 9.99647E-05 9.99647E-05 0.177811 9.99647E-05 0.607572 0.0258055
9.99563E-05 0.0921751 9.99563E-05 9.99563E-05 9.99563E-05 9.99563E-05 0.660146 0.247179
9.996E-05 0.522741 9.996E-05 0.00524898 9.996E-05 0.375429 0.0961813 9.996E-05
9.99649E-05 0.349465 0.222921 9.99649E-05 9.99649E-05 0.138093 0.289122 9.99649E-05
9.99735E-05 9.99735E-05 0.410248 0.120172 9.99735E-05 0.0553375 0.258348 0.155594
0.18595 9.99564E-05 0.298366 9.99564E-05 9.99564E-05 9.99564E-05 0.515185 9.99564E-05
9.99735E-05 0.109651 0.280966 9.99735E-05 0.428898 0.011699 0.168487 9.99735E-05
0.232004 0.621945 9.99561E-05 9.99561E-05 9.99561E-05 9.99561E-05 0.145551 9.99561E-05
9.99559E-05 0.0577732 0.669569 9.99559E-05 9.99559E-05 9.99559E-05 9.99559E-05 0.272158
9.99737E-05 9.99737E-05 0.0144003 0.126073 9.99737E-05 0.143739 0.615163 0.100324
0.336482 0.0355165 0.603936 9.99648E-05 9.99648E-05 9.99648E-05 0.0236659 9.99648E-05
9.99735E-05 0.00170128 0.090726 9.99735E-05 0.040772 9.99735E-05 0.0554897 0.811011
9.99559E-05 9.99559E-05 0.472064 0.15983 9.99559E-05 9.99559E-05 9.99559E-05 0.367605
9.99559E-05 0.166513 9.99559E-05 9.99559E-05 9.99559E-05 0.763053 9.99559E-05 0.0699344
9.99473E-05 0.396502 9.99473E-05 9.99473E-05 9.99473E-05 9.99473E-05 0.602898 9.99473E-05
9.99471E-05 0.978701 9.99471E-05 0.0206994 9.99471E-05 9.99471E-05 9.99471E-05 9.99471E-05
0.381417 0.0846544 9.99735E-05 0.293702 9.99735E-05 0.115804 9.99735E-05 0.124123
0.469861 0.178943 9.99561E-05 9.99561E-05 9.99561E-05 9.99561E-05 0.350696 9.99561E-05
9.99561E-05 0.577253 0.0557471 9.99561E-05 9.99561E-05 9.99561E-05 0.3665 9.99561E-05
0.433572 9.99565E-05 9.99565E-05 0.547409 9.99565E-05 9.99565E-05 9.99565E-05 0.0185193
0.0150017 0.0986589 0.0511933 9.99738E-05 0.042532 9.99738E-05 0.792314 9.99738E-05
9.997E-05 0.095457 0.29616 9.997E-05 0.173034 9.997E-05 0.3336 0.101449
9.99561E-05 9.99561E-05 9.99561E-05 9.99561E-05 0.176003 0.684948 0.138549 9.99561E-05
9.99652E-05 0.0274075 0.340227 9.99652E-05 9.99652E-05 9.99652E-05 0.280265 0.3517
0.1688 9.99736E-05 0.0572891 0.019829 0.0812645 0.672518 9.99736E-05 9.99736E-05
0.100664 0.417745 0.200436 9.9965E-05 9.9965E-05 9.9965E-05 9.9965E-05 0.280755
0.112034 0.142902 9.99734E-05 9.99734E-05 0.342885 9.99734E-05 0.317878 0.0840007
0.48088 0.318055 9.99561E-05 9.99561E-05 9.99561E-05 0.200565 9.99561E-05 9.99561E-05
0.243311 9.996E-05 0.213527 9.996E-05 9.996E-05 0.482094 0.060668 9.996E-05
9.99648E-05 9.99648E-05 0.283261 0.253593 0.0907481 9.99648E-05 0.371998 9.99648E-05
9.99647E-05 0.232856 0.321392 0.25633 9.99647E-05 9.99647E-05 0.189022 9.99647E-05
0.0290218 9.99561E-05 9.99561E-05 9.99561E-05 9.99561E-05 0.0581954 0.912283 9.99561E-05
0.0148194 0.0292123 0.341298 9.99734E-05 9.99734E-05 0.196567 9.99734E-05 0.417803
9.99563E-05 0.717206 0.152715 9.99563E-05 0.129579 9.99563E-05 9.99563E-05 9.99563E-05
0.0682536 9.99652E-05 0.571617 0.275439 0.0842906 9.99652E-05 9.99652E-05 9.99652E-05
9.99562E-05 0.379152 0.169767 0.450581 9.99562E-05 9.99562E-05 9.99562E-05 9.99562E-05
0.872529 9.99473E-05 9.99473E-05 0.126872 9.99473E-05 9.99473E-05 9.99473E-05 9.99473E-05
9.99735E-05 0.136009 0.168305 9.99735E-05 9.99735E-05 0.377672 0.285373 0.0323415
9.99476E-05 9.99476E-05 0.57348 9.99476E-05 9.99476E-05 9.99476E-05 0.42592 9.99476E-05
9.99563E-05 0.0959478 9.99563E-05 9.99563E-05 9.99563E-05 0.785333 0.118219 9.99563E-05
0.39611 0.0611266 9.99826E-05 0.165611 9.99826E-05 0.34003 0.0359812 0.000941348
0.0285578 0.3765 0.104694 9.99736E-05 0.15093 9.99736E-05 9.99736E-05 0.339018
0.510351 0.0527484 0.436401 9.9956E-05 9.9956E-05 9.9956E-05 9.9956E-05 9.9956E-05
0.673993 0.0294857 0.296022 9.99559E-05 9.99559E-05 9.99559E-05 9.99559E-05 9.99559E-05
0.0636091 0.34297 9.997E-05 0.166871 0.181291 9.997E-05 0.244958 9.997E-05
0.17085 0.229443 0.0243627 0.100272 0.294329 9.99912E-05 0.152614 0.0280285
9.9965E-05 9.9965E-05 0.24117 9.9965E-05 0.457271 9.9965E-05 0.240066 0.0610935
9.99647E-05 9.99647E-05 0.228661 0.340409 0.204383 9.99647E-05 9.99647E-05 0.226146
9.99648E-05 0.143836 0.367696 0.413311 9.99648E-05 0.074757 9.99648E-05 9.99648E-05
0.289003 9.99647E-05 9.99647E-05 9.99647E-05 0.0941061 9.99647E-05 0.294955 0.321537
0.546684 9.99649E-05 0.396388 9.99649E-05 0.0124309 9.99649E-05 9.99649E-05 0.0440977
9.99736E-05 0.142515 0.0748889 9.99736E-05 9.99736E-05 0.269083 0.20059 0.312623
9.99559E-05 0.0161451 0.704637 9.99559E-05 9.99559E-05 9.99559E-05 0.278718 9.99559E-05
0.0984484 9.99475E-05 0.900952 9.99475E-05 9.99475E-05 9.99475E-05 9.99475E-05 9.99475E-05
9.99558E-05 0.464042 0.168046 0.367412 9.99558E-05 9.99558E-05 9.99558E-05 9.99558E-05
9.99825E-05 0.622237 0.126748 0.067449 0.00262373 9.99825E-05 0.179336 0.00140675
0.62194 0.00654962 0.0534866 0.149438 0.114438 9.99823E-05 0.0539481 9.99823E-05
0.133964 0.113284 0.389911 9.99823E-05 0.0994571 9.99823E-05 0.255086 0.00809859
9.994E-05 0.9993 9.994E-05 9.994E-05 9.994E-05 9.994E-05 9.994E-05 9.994E-05
9.9947E-05 0.984545 0.0148551 9.9947E-05 9.9947E-05 9.9947E-05 9.9947E-05 9.9947E-05
9.99649E-05 0.210848 9.99649E-05 0.0212503 0.717253 0.0502493 9.99649E-05 9.99649E-05
9.99648E-05 0.0915398 0.740407 9.99648E-05 0.113469 9.99648E-05 9.99648E-05 0.0541845
0.287507 9.99737E-05 0.0436708 9.99737E-05 0.0881026 0.127521 0.452898 9.99737E-05
9.994E-05 9.994E-05 0.9993 9.994E-05 9.994E-05 9.994E-05 9.994E-05 9.994E-05
9.99473E-05 9.99473E-05 0.385352 9.99473E-05 9.99473E-05 9.99473E-05 9.99473E-05 0.614048
0.126891 0.102243 9.99824E-05 0.173588 0.294429 9.99824E-05 0.222481 0.0801681
9.99649E-05 0.0745648 0.380342 0.309362 9.99649E-05 0.235331 9.99649E-05 9.99649E-05
9.99651E-05 9.99651E-05 0.108171 0.286477 9.99651E-05 0.124391 0.480562 9.99651E-05
9.99651E-05 0.236342 0.457619 0.217838 9.99651E-05 0.0878014 9.99651E-05 9.99651E-05
9.9965E-05 9.9965E-05 0.0220073 9.9965E-05 9.9965E-05 0.220216 0.606768 0.150608
0.0506614 9.99559E-05 9.99559E-05 9.99559E-05 9.99559E-05 0.850069 0.0987701 9.99559E-05
9.99648E-05 9.99648E-05 0.0542589 9.99648E-05 0.0297153 9.99648E-05 0.859575 0.0560509
0.00328377 0.285218 0.310817 9.99738E-05 9.99738E-05 9.99738E-05 0.0174798 0.382902
0.55075 0.103539 0.17323 9.99648E-05 9.99648E-05 9.99648E-05 0.17208 9.99648E-05
0.051875 0.249084 0.454233 0.244407 9.996E-05 9.996E-05 9.996E-05 9.996E-05
0.00577009 9.99734E-05 0.0449238 0.241361 9.99734E-05 0.345562 9.99734E-05 0.362083
0.0527089 9.99648E-05 0.158719 0.217384 0.570788 9.99648E-05 9.99648E-05 9.99648E-05
9.99736E-05 0.281109 0.403913 9.99736E-05 9.99736E-05 0.199485 0.0976688 0.0175239
0.129408 0.772587 9.9965E-05 9.9965E-05 9.9965E-05 0.0453699 0.0522346 9.9965E-05
9.99559E-05 0.0328829 9.99559E-05 0.602482 9.99559E-05 0.364136 9.99559E-05 9.99559E-05
9.99473E-05 9.99473E-05 0.476005 9.99473E-05 0.523396 9.99473E-05 9.99473E-05 9.99473E-05
0.0851928 9.99736E-05 0.0878983 9.99736E-05 0.403239 0.372158 0.0512124 9.99736E-05
0.201642 0.204146 0.47437 9.99649E-05 9.99649E-05 9.99649E-05 9.99649E-05 0.119442
0.456172 9.995E-05 0.181924 0.361404 9.995E-05 9.995E-05 9.995E-05 9.995E-05
9.99561E-05 9.99561E-05 9.99561E-05 9.99561E-05 0.128584 9.99561E-05 0.119527 0.751389
