0.0474949 9.997E-05 9.997E-05 0.184174 0.436617 9.997E-05 0.218069 0.113345
0.668573 0.24504 9.99561E-05 9.99561E-05 9.99561E-05 0.0858872 9.99561E-05 9.99561E-05
0.408769 9.99737E-05 0.0627892 9.99737E-05 0.262229 9.99737E-05 0.14047 0.125444
9.9965E-05 9.9965E-05 9.9965E-05 0.0304737 0.457827 0.0894261 9.9965E-05 0.421873
9.99563E-05 0.340629 9.99563E-05 0.211605 9.99563E-05 9.99563E-05 9.99563E-05 0.447266
0.29448 9.99651E-05 0.0114944 0.138266 9.99651E-05 9.99651E-05 0.555359 9.99651E-05
9.99559E-05 9.99559E-05 9.99559E-05 9.99559E-05 0.0501904 0.399717 0.549593 9.99559E-05
9.994E-05 9.994E-05 9.994E-05 0.699212 9.994E-05 9.994E-05 0.300188 9.994E-05
9.99651E-05 0.0764604 9.99651E-05 0.465905 0.00415902 9.99651E-05 0.453075 9.99651E-05
9.99735E-05 0.199223 9.99735E-05 0.375445 0.285678 0.010468 0.128886 9.99735E-05
9.99471E-05 9.99471E-05 9.99471E-05 0.254151 9.99471E-05 9.99471E-05 9.99471E-05 0.74525
9.99561E-05 9.99561E-05 9.99561E-05 0.562956 0.205634 9.99561E-05 0.23091 9.99561E-05
9.9956E-05 9.9956E-05 0.667781 0.184656 9.9956E-05 9.9956E-05 0.147063 9.9956E-05
9.99562E-05 9.99562E-05 9.99562E-05 9.99562E-05 0.109662 0.401498 0.48834 9.99562E-05
0.306164 0.143327 9.99735E-05 0.130629 0.079183 9.99735E-05 0.340397 9.99735E-05
9.9965E-05 0.131816 9.9965E-05 0.718737 0.093857 0.0551901 9.9965E-05 9.9965E-05
9.99474E-05 9.99474E-05 9.99474E-05 0.676676 0.322724 9.99474E-05 9.99474E-05 9.99474E-05
9.99735E-05 0.394449 0.0205088 0.221873 9.99735E-05 0.317505 0.045364 9.99735E-05
9.99475E-05 0.387825 9.99475E-05 0.611575 9.99475E-05 9.99475E-05 9.99475E-05 9.99475E-05
0.171004 9.9956E-05 9.9956E-05 0.707627 9.9956E-05 9.9956E-05 9.9956E-05 0.120869
0.021912 0.249369 9.99648E-05 0.615145 0.113174 9.99648E-05 9.99648E-05 9.99648E-05
0.161544 0.252929 9.99649E-05 0.0115996 9.99649E-05 0.573528 9.99649E-05 9.99649E-05
0.68857 0.22513 0.00698594 9.99649E-05 9.99649E-05 0.0789142 9.99649E-05 9.99649E-05
9.99647E-05 9.99647E-05 0.397841 0.111759 0.21713 9.99647E-05 9.99647E-05 0.27287
0.204774 0.0173763 9.99736E-05 9.99736E-05 0.375202 9.99736E-05 0.228745 0.173604
9.99649E-05 0.0657171 0.807707 0.11175 0.0144261 9.99649E-05 9.99649E-05 9.99649E-05
9.99564E-05 9.99564E-05 9.99564E-05 0.164537 0.171525 0.663437 9.99564E-05 9.99564E-05
9.99646E-05 0.210055 0.520476 9.99646E-05 9.99646E-05 9.99646E-05 0.0270999 0.24197
9.99476E-05 9.99476E-05 9.99476E-05 9.99476E-05 0.963742 9.99476E-05 9.99476E-05 0.0356587
0.0158358 9.99736E-05 0.116334 0.070264 0.616609 9.99736E-05 9.99736E-05 0.180657
9.99473E-05 9.99473E-05 9.99473E-05 9.99473E-05 0.893768 9.99473E-05 9.99473E-05 0.105632
9.99564E-05 0.432812 0.495606 9.99564E-05 9.99564E-05 0.0710829 9.99564E-05 9.99564E-05
9.99563E-05 0.308956 9.99563E-05 9.99563E-05 0.424326 9.99563E-05 0.266219 9.99563E-05
9.99562E-05 0.50806 0.47587 9.99562E-05 9.99562E-05 9.99562E-05 9.99562E-05 0.01557
9.99559E-05 9.99559E-05 0.398339 0.396467 9.99559E-05 0.204695 9.99559E-05 9.99559E-05
9.99561E-05 9.99561E-05 0.213812 9.99561E-05 0.778132 0.00755593 9.99561E-05 9.99561E-05
0.101289 0.0676005 0.229573 0.0579495 9.99912E-05 0.328812 0.0758397 0.138836
9.995E-05 0.226295 9.995E-05 0.290343 0.482862 9.995E-05 9.995E-05 9.995E-05
0.1767 9.99561E-05 9.99561E-05 9.99561E-05 0.229707 9.99561E-05 9.99561E-05 0.593093
9.99561E-05 0.288061 0.316215 9.99561E-05 9.99561E-05 9.99561E-05 9.99561E-05 0.395224
9.99562E-05 0.181953 9.99562E-05 9.99562E-05 0.195465 9.99562E-05 9.99562E-05 0.622083
9.99562E-05 0.00990714 0.336935 9.99562E-05 0.652658 9.99562E-05 9.99562E-05 9.99562E-05
9.99561E-05 0.778562 0.0711311 0.149807 9.99561E-05 9.99561E-05 9.99561E-05 9.99561E-05
0.0632769 9.99558E-05 0.530911 9.99558E-05 9.99558E-05 9.99558E-05 0.405312 9.99558E-05
9.99648E-05 0.16147 0.301643 9.99648E-05 0.356857 0.17963 9.99648E-05 9.99648E-05
9.99558E-05 0.638504 9.99558E-05 0.0800129 9.99558E-05 9.99558E-05 9.99558E-05 0.280983
0.363376 0.283816 9.99562E-05 0.352308 9.99562E-05 9.99562E-05 9.99562E-05 9.99562E-05
0.0107462 9.99649E-05 9.99649E-05 9.99649E-05 0.691599 9.99649E-05 0.106215 0.191041
0.0753768 9.99736E-05 9.99736E-05 0.483517 0.184976 0.182233 9.99736E-05 0.0735977
0.144682 0.0240569 9.99649E-05 0.0918358 0.739026 9.99649E-05 9.99649E-05 9.99649E-05
0.33833 9.9965E-05 9.9965E-05 0.108685 0.443082 9.9965E-05 9.9965E-05 0.109502
0.305802 9.99561E-05 9.99561E-05 0.281009 0.412689 9.99561E-05 9.99561E-05 9.99561E-05
9.9956E-05 0.352361 9.9956E-05 9.9956E-05 9.9956E-05 9.9956E-05 0.493625 0.153514
9.99649E-05 0.0786057 0.0652049 0.127157 0.728633 9.99649E-05 9.99649E-05 9.99649E-05
0.0776618 9.99647E-05 9.99647E-05 0.204494 0.200942 9.99647E-05 9.99647E-05 0.516502
0.551921 0.149329 0.228743 0.069607 9.9965E-05 9.9965E-05 9.9965E-05 9.9965E-05
9.99646E-05 9.99646E-05 0.116574 9.99646E-05 0.211364 9.99646E-05 0.243983 0.427679
9.99477E-05 9.99477E-05 9.99477E-05 0.0332679 9.99477E-05 0.966132 9.99477E-05 9.99477E-05
9.99735E-05 0.492307 0.159727 0.129778 0.0150648 9.99735E-05 0.202823 9.99735E-05
9.9956E-05 0.260129 0.441685 0.297685 9.9956E-05 9.9956E-05 9.9956E-05 9.9956E-05
0.0905408 9.99649E-05 0.621114 9.99649E-05 9.99649E-05 0.248919 9.99649E-05 0.039026
0.318244 9.99647E-05 0.0911262 9.99647E-05 0.0289471 9.99647E-05 9.99647E-05 0.561283
0.884862 9.99473E-05 9.99473E-05 9.99473E-05 9.99473E-05 9.99473E-05 9.99473E-05 0.114538
0.149044 0.0309299 0.044204 0.417124 0.215684 9.99824E-05 0.142814 9.99824E-05
0.244648 9.99471E-05 9.99471E-05 0.754753 9.99471E-05 9.99471E-05 9.99471E-05 9.99471E-05
0.236833 9.99557E-05 0.175189 0.587478 9.99557E-05 9.99557E-05 9.99557E-05 9.99557E-05
9.99649E-05 0.526343 0.207081 9.99649E-05 9.99649E-05 0.019898 9.99649E-05 0.246278
0.27671 0.0168106 0.104493 9.99823E-05 0.381763 0.0320586 9.99823E-05 0.187966
0.0338872 0.358887 9.99648E-05 9.99648E-05 0.598952 0.00787335 9.99648E-05 9.99648E-05
9.997E-05 0.726692 0.0350206 9.997E-05 0.0497186 9.997E-05 0.141419 0.0468501
9.99648E-05 9.99648E-05 0.186976 0.16466 0.580673 0.0672904 9.99648E-05 9.99648E-05
9.99562E-05 9.99562E-05 0.0583016 0.865326 9.99562E-05 9.99562E-05 9.99562E-05 0.0758722
0.145698 9.99735E-05 0.0137344 9.99735E-05 0.304304 9.99735E-05 0.1328 0.403164
9.99472E-05 0.0695699 9.99472E-05 9.99472E-05 9.99472E-05 9.99472E-05 0.92983 9.99472E-05
0.520636 9.9956E-05 9.9956E-05 9.9956E-05 0.121234 9.9956E-05 9.9956E-05 0.35763
9.99824E-05 0.223902 0.230384 0.282353 0.0154409 0.0518419 9.99824E-05 0.195878
9.99476E-05 9.99476E-05 0.151765 9.99476E-05 0.847635 9.99476E-05 9.99476E-05 9.99476E-05
9.99472E-05 9.99472E-05 9.99472E-05 0.726996 9.99472E-05 9.99472E-05 0.272404 9.99472E-05
0.182144 0.296461 9.997E-05 0.0145809 9.997E-05 0.00535949 0.501155 9.997E-05
0.166331 9.99651E-05 0.203456 0.257674 9.99651E-05 9.99651E-05 0.372139 9.99651E-05
9.99561E-05 0.249676 0.0258103 9.99561E-05 0.724014 9.99561E-05 9.99561E-05 9.99561E-05
0.366764 0.00668881 9.99561E-05 9.99561E-05 9.99561E-05 9.99561E-05 0.626047 9.99561E-05
9.99562E-05 0.175382 0.178683 9.99562E-05 0.645435 9.99562E-05 9.99562E-05 9.99562E-05
0.413689 0.541604 9.99565E-05 9.99565E-05 9.99565E-05 0.0442076 9.99565E-05 9.99565E-05
9.997E-05 0.366129 9.997E-05 0.271381 0.00764613 9.997E-05 0.0677382 0.286806
9.99473E-05 9.99473E-05 9.99473E-05 9.99473E-05 0.120919 9.99473E-05 9.99473E-05 0.878481
9.99648E-05 9.99648E-05 0.172332 0.057485 0.498207 0.271576 9.99648E-05 9.99648E-05
0.172404 9.99559E-05 9.99559E-05 9.99559E-05 0.715776 0.11132 9.99559E-05 9.99559E-05
9.99567E-05 9.99567E-05 9.99567E-05 9.99567E-05 9.99567E-05 0.34984 0.623258 0.0264031
9.99651E-05 0.260902 9.99651E-05 0.183927 0.460682 9.99651E-05 0.0940889 9.99651E-05
0.46932 9.99557E-05 0.20298 0.327201 9.99557E-05 9.99557E-05 9.99557E-05 9.99557E-05
9.99474E-05 9.99474E-05 0.288103 9.99474E-05 0.711298 9.99474E-05 9.99474E-05 9.99474E-05
9.99558E-05 9.99558E-05 9.99558E-05 0.0631135 0.543911 9.99558E-05 9.99558E-05 0.392476
9.99736E-05 0.182509 9.99736E-05 0.401264 0.242643 0.156955 9.99736E-05 0.0163291
9.99651E-05 0.03874 9.99651E-05 9.99651E-05 0.389802 0.0505875 9.99651E-05 0.520471
0.307736 9.99564E-05 9.99564E-05 9.99564E-05 0.320307 9.99564E-05 0.371458 9.99564E-05
0.27826 0.53658 9.99648E-05 0.131239 9.99648E-05 9.99648E-05 0.0535211 9.99648E-05
0.0494775 9.99652E-05 9.99652E-05 9.99652E-05 0.225747 9.99652E-05 0.351273 0.373103
0.430402 9.99735E-05 9.99735E-05 0.0887608 9.99735E-05 0.179277 0.0983868 0.202874
0.0754431 9.99648E-05 9.99648E-05 0.6255 0.000424983 9.99648E-05 0.298232 9.99648E-05
9.99561E-05 9.99561E-05 0.387732 9.99561E-05 0.160687 9.99561E-05 0.451081 9.99561E-05
9.99473E-05 9.99473E-05 9.99473E-05 9.99473E-05 9.99473E-05 9.99473E-05 0.822544 0.176856
9.99562E-05 9.99562E-05 9.99562E-05 9.99562E-05 0.536093 0.180331 9.99562E-05 0.283076
0.253572 9.99648E-05 9.99648E-05 0.304892 9.99648E-05 0.145443 9.99648E-05 0.295694
0.321 9.99472E-05 9.99472E-05 9.99472E-05 0.678401 9.99472E-05 9.99472E-05 9.99472E-05
0.0558277 9.99649E-05 0.41199 9.99649E-05 9.99649E-05 9.99649E-05 0.157979 0.373803
9.99471E-05 9.99471E-05 9.99471E-05 0.918477 0.0809228 9.99471E-05 9.99471E-05 9.99471E-05
0.183492 0.205752 0.276712 0.148757 0.161702 0.0233843 9.99824E-05 9.99824E-05
9.9956E-05 9.9956E-05 9.9956E-05 0.192113 0.241156 9.9956E-05 0.566232 9.9956E-05
9.99562E-05 9.99562E-05 0.225592 9.99562E-05 0.666456 0.107452 9.99562E-05 9.99562E-05
9.9956E-05 9.9956E-05 0.198756 0.309808 9.9956E-05 0.490937 9.9956E-05 9.9956E-05
9.99736E-05 0.402843 0.0427534 0.143472 0.215188 9.99736E-05 9.99736E-05 0.195444
0.224302 9.998E-05 0.238633 0.189619 0.195189 0.056564 9.998E-05 0.0954939
0.106879 9.99559E-05 9.99559E-05 0.254686 0.637935 9.99559E-05 9.99559E-05 9.99559E-05
9.99478E-05 9.99478E-05 0.95229 9.99478E-05 9.99478E-05 9.99478E-05 9.99478E-05 0.0471106
9.99559E-05 0.130456 9.99559E-05 9.99559E-05 9.99559E-05 9.99559E-05 0.681504 0.18754
9.99559E-05 0.244726 0.602798 9.99559E-05 0.151977 9.99559E-05 9.99559E-05 9.99559E-05
0.325285 9.99654E-05 0.349327 9.99654E-05 9.99654E-05 9.99654E-05 0.169223 0.155765
0.0442823 9.99646E-05 9.99646E-05 9.99646E-05 0.485633 0.423348 9.99646E-05 0.0463368
0.0290918 9.99558E-05 9.99558E-05 0.0841422 0.886266 9.99558E-05 9.99558E-05 9.99558E-05
0.446241 9.99648E-05 0.182342 0.123529 9.99648E-05 9.99648E-05 9.99648E-05 0.247489
0.0934726 9.9956E-05 9.9956E-05 0.745415 9.9956E-05 9.9956E-05 0.160613 9.9956E-05
0.00920721 9.99647E-05 9.99647E-05 9.99647E-05 0.0303223 9.99647E-05 0.522932 0.437139
0.30179 9.99651E-05 9.99651E-05 0.251357 0.443465 9.99651E-05 0.00298925 9.99651E-05
0.548059 0.365993 9.99649E-05 9.99649E-05 9.99649E-05 0.0557333 9.99649E-05 0.0298148
9.99558E-05 9.99558E-05 9.99558E-05 0.476206 0.440312 9.99558E-05 9.99558E-05 0.0829817
9.99562E-05 0.377393 9.99562E-05 9.99562E-05 9.99562E-05 0.335463 9.99562E-05 0.286644
9.99647E-05 0.370584 9.99647E-05 9.99647E-05 0.354871 9.99647E-05 0.26066 0.0134861
9.99648E-05 9.99648E-05 0.69378 0.232969 0.0623357 9.99648E-05 0.0105159 9.99648E-05
9.99737E-05 0.232544 0.313416 0.219906 9.99737E-05 0.00189717 9.99737E-05 0.231937
9.997E-05 0.46924 9.997E-05 0.22154 0.0608436 0.220271 9.997E-05 0.0278048
9.99472E-05 9.99472E-05 9.99472E-05 9.99472E-05 0.816354 0.183046 9.99472E-05 9.99472E-05
9.99736E-05 0.111842 9.99736E-05 0.511101 0.0448837 0.206311 9.99736E-05 0.125562
9.996E-05 0.150852 9.996E-05 0.402498 0.284342 0.161908 9.996E-05 9.996E-05
0.0625742 9.9965E-05 9.9965E-05 0.536975 0.121196 9.9965E-05 9.9965E-05 0.278855
9.99649E-05 0.157779 9.99649E-05 0.205571 0.218398 9.99649E-05 9.99649E-05 0.417852
9.995E-05 0.737919 9.995E-05 0.242144 0.0194373 9.995E-05 9.995E-05 9.995E-05
9.99564E-05 9.99564E-05 0.0574474 0.765364 9.99564E-05 9.99564E-05 9.99564E-05 0.176689
0.4761 9.99649E-05 9.99649E-05 0.122751 9.99649E-05 0.0246848 9.99649E-05 0.376065
9.994E-05 9.994E-05 9.994E-05 9.994E-05 0.9993 9.994E-05 9.994E-05 9.994E-05
0.344745 0.408081 9.9965E-05 9.9965E-05 9.9965E-05 9.9965E-05 0.207832 0.0389417
9.99735E-05 0.0707872 9.99735E-05 0.474026 0.222097 0.00272625 9.99735E-05 0.230063
9.99648E-05 0.250209 9.99648E-05 0.157927 0.495429 9.99648E-05 9.99648E-05 0.0960354
9.99735E-05 0.385319 0.253546 0.15238 9.99735E-05 0.0168032 0.191653 9.99735E-05
0.0481446 9.99737E-05 0.277584 9.99737E-05 0.0503045 0.621852 0.00181493 9.99737E-05
9.99479E-05 9.99479E-05 9.99479E-05 0.967961 9.99479E-05 0.0314391 9.99479E-05 9.99479E-05
9.99559E-05 9.99559E-05 9.99559E-05 0.0490543 0.898585 0.0518606 9.99559E-05 9.99559E-05
9.99648E-05 0.0451639 9.99648E-05 0.296107 9.99648E-05 0.00578921 9.99648E-05 0.65254
0.278324 0.0593808 9.99737E-05 9.99737E-05 0.232961 0.052129 9.99737E-05 0.376905
0.222938 0.134237 9.99648E-05 9.99648E-05 0.638605 9.99648E-05 9.99648E-05 0.00382044
9.99646E-05 9.99646E-05 9.99646E-05 0.7028 0.0156488 0.149005 9.99646E-05 0.132146
9.99648E-05 9.99648E-05 0.14255 0.460162 0.0506518 9.99648E-05 0.346236 9.99648E-05
9.99648E-05 0.488934 9.99648E-05 9.99648E-05 0.0816712 0.00187332 0.427122 9.99648E-05
0.0213565 9.99735E-05 0.119211 0.0313121 0.413216 0.414604 9.99735E-05 9.99735E-05
9.994E-05 9.994E-05 9.994E-05 9.994E-05 0.9993 9.994E-05 9.994E-05 9.994E-05
9.99559E-05 9.99559E-05 0.691797 9.99559E-05 9.99559E-05 9.99559E-05 0.14915 0.158553
9.99648E-05 0.237761 0.267276 0.294835 9.99648E-05 0.199728 9.99648E-05 9.99648E-05
0.330785 0.174257 9.99825E-05 0.0856848 0.0522172 9.99825E-05 0.00294104 0.353915
9.99561E-05 0.192733 0.332394 0.474373 9.99561E-05 9.99561E-05 9.99561E-05 9.99561E-05
0.324023 9.99736E-05 9.99736E-05 0.22913 0.216141 0.205963 9.99736E-05 0.0244432
9.996E-05 0.114149 0.145177 0.463734 9.996E-05 9.996E-05 9.996E-05 0.27654
9.99651E-05 0.123451 0.0985802 0.736195 9.99651E-05 9.99651E-05 0.0413741 9.99651E-05
9.99561E-05 0.2564 0.542959 9.99561E-05 9.99561E-05 0.200141 9.99561E-05 9.99561E-05
9.99648E-05 0.153987 0.325176 9.99648E-05 0.235342 0.285095 9.99648E-05 9.99648E-05
9.99562E-05 9.99562E-05 9.99562E-05 0.256529 0.46847 0.274501 9.99562E-05 9.99562E-05
9.99559E-05 0.334482 9.99559E-05 0.418907 0.246111 9.99559E-05 9.99559E-05 9.99559E-05
9.9965E-05 9.9965E-05 0.159896 9.9965E-05 0.574404 9.9965E-05 0.15553 0.10977
9.995E-05 9.995E-05 0.576536 0.216555 0.20641 9.995E-05 9.995E-05 9.995E-05
0.160444 9.99562E-05 0.628084 0.210973 9.99562E-05 9.99562E-05 9.99562E-05 9.99562E-05
9.99473E-05 9.99473E-05 9.99473E-05 0.349287 0.650114 9.99473E-05 9.99473E-05 9.99473E-05
0.124403 9.99646E-05 9.99646E-05 0.127942 0.375752 0.371503 9.99646E-05 9.99646E-05
0.569707 9.99559E-05 0.223818 9.99559E-05 0.205975 9.99559E-05 9.99559E-05 9.99559E-05
0.243038 0.0289725 9.9965E-05 0.654308 9.9965E-05 0.0732815 9.9965E-05 9.9965E-05
9.9956E-05 9.9956E-05 0.395787 0.0542638 9.9956E-05 9.9956E-05 9.9956E-05 0.54945
9.9956E-05 9.9956E-05 9.9956E-05 9.9956E-05 9.9956E-05 0.224047 0.188939 0.586514
0.114422 0.703555 9.99562E-05 9.99562E-05 9.99562E-05 0.181524 9.99562E-05 9.99562E-05
9.9965E-05 0.335563 0.000464063 9.9965E-05 9.9965E-05 0.215789 0.447784 9.9965E-05
9.99561E-05 0.478637 9.99561E-05 0.317585 9.99561E-05 9.99561E-05 9.99561E-05 0.203278
9.99564E-05 0.0663164 9.99564E-05 0.0291829 9.99564E-05 9.99564E-05 9.99564E-05 0.904001
9.99477E-05 9.99477E-05 0.827045 0.172355 9.99477E-05 9.99477E-05 9.99477E-05 9.99477E-05
9.99473E-05 0.44807 9.99473E-05 9.99473E-05 0.55133 9.99473E-05 9.99473E-05 9.99473E-05
0.612636 9.99649E-05 9.99649E-05 9.99649E-05 0.123263 9.99649E-05 0.226269 0.0374318
9.99473E-05 0.459545 9.99473E-05 0.539855 9.99473E-05 9.99473E-05 9.99473E-05 9.99473E-05
0.0231762 9.99648E-05 0.539796 0.387832 0.0487956 9.99648E-05 9.99648E-05 9.99648E-05
9.99734E-05 0.0809726 0.203481 0.217582 0.471472 9.99734E-05 9.99734E-05 0.0261929
9.99648E-05 0.389593 0.235738 0.128382 9.99648E-05 9.99648E-05 9.99648E-05 0.245887
0.439315 0.374162 9.99565E-05 0.186023 9.99565E-05 9.99565E-05 9.99565E-05 9.99565E-05
0.379073 9.99649E-05 0.0199893 9.99649E-05 9.99649E-05 0.136145 9.99649E-05 0.464393
9.996E-05 9.996E-05 0.0581083 0.713696 9.996E-05 9.996E-05 0.060846 0.16695
9.99735E-05 0.026099 0.122801 9.99735E-05 0.549336 9.99735E-05 0.295126 0.0063382
0.00292991 9.99735E-05 0.392617 9.99735E-05 0.292714 0.252258 9.99735E-05 0.0591811
9.99558E-05 9.99558E-05 9.99558E-05 0.444025 0.209268 9.99558E-05 0.346207 9.99558E-05
9.99564E-05 9.99564E-05 0.393486 9.99564E-05 0.491188 0.114826 9.99564E-05 9.99564E-05
9.99564E-05 0.542758 9.99564E-05 9.99564E-05 0.306509 9.99564E-05 9.99564E-05 0.150234
0.442726 9.99647E-05 9.99647E-05 0.408454 9.99647E-05 0.0671262 9.99647E-05 0.0812946
9.99563E-05 0.517134 9.99563E-05 9.99563E-05 9.99563E-05 0.25793 9.99563E-05 0.224436
9.99737E-05 0.0395437 0.0504383 0.394352 0.464841 9.99737E-05 0.0505248 9.99737E-05
0.11991 0.87949 9.99474E-05 9.99474E-05 9.99474E-05 9.99474E-05 9.99474E-05 9.99474E-05
9.99561E-05 9.99561E-05 9.99561E-05 0.574852 9.99561E-05 9.99561E-05 0.392168 0.0324802
9.99648E-05 9.99648E-05 9.99648E-05 0.0142067 0.676187 9.99648E-05 0.0981555 0.211051
9.99559E-05 9.99559E-05 9.99559E-05 0.693243 0.205466 0.100791 9.99559E-05 9.99559E-05
9.996E-05 0.181408 0.190999 0.278691 0.348502 9.996E-05 9.996E-05 9.996E-05
0.237189 0.13062 9.99648E-05 9.99648E-05 0.12985 9.99648E-05 9.99648E-05 0.50194
9.99472E-05 9.99472E-05 9.99472E-05 9.99472E-05 9.99472E-05 0.231453 9.99472E-05 0.767947
0.43381 9.99648E-05 9.99648E-05 0.147656 0.20295 9.99648E-05 9.99648E-05 0.215185
9.9965E-05 9.9965E-05 9.9965E-05 0.301392 0.182192 0.0753954 9.9965E-05 0.440621
0.23211 9.995E-05 9.995E-05 0.326513 0.440877 9.995E-05 9.995E-05 9.995E-05
9.9956E-05 0.216746 9.9956E-05 9.9956E-05 0.740073 9.9956E-05 0.0426814 9.9956E-05
9.99558E-05 0.719825 9.99558E-05 0.189073 9.99558E-05 0.0906027 9.99558E-05 9.99558E-05
0.460877 0.224529 9.996E-05 0.193576 9.996E-05 9.996E-05 9.996E-05 0.120618
0.419615 0.353482 0.00119896 9.99736E-05 0.0221891 0.203215 9.99736E-05 9.99736E-05
9.996E-05 0.0561121 0.526126 0.279593 0.137769 9.996E-05 9.996E-05 9.996E-05
9.99647E-05 0.486436 9.99647E-05 0.201376 9.99647E-05 0.13988 0.171908 9.99647E-05
9.9965E-05 0.369085 9.9965E-05 9.9965E-05 9.9965E-05 0.0556861 0.220491 0.354338
9.99564E-05 9.99564E-05 9.99564E-05 0.713438 0.126774 9.99564E-05 9.99564E-05 0.159288
9.99564E-05 9.99564E-05 9.99564E-05 9.99564E-05 0.471514 9.99564E-05 0.167926 0.36006
9.99563E-05 0.695592 9.99563E-05 9.99563E-05 0.0910396 0.212869 9.99563E-05 9.99563E-05
0.0795196 0.348035 0.0142354 0.469574 0.088336 9.99736E-05 9.99736E-05 9.99736E-05
0.0509786 9.99735E-05 0.349199 0.454744 9.99735E-05 0.103215 0.0415645 9.99735E-05
0.0817395 9.99647E-05 0.1885 0.573112 9.99647E-05 0.156248 9.99647E-05 9.99647E-05
0.00219651 9.99648E-05 9.99648E-05 0.297417 0.527038 0.172949 9.99648E-05 9.99648E-05
9.99471E-05 0.0274839 9.99471E-05 9.99471E-05 0.971916 9.99471E-05 9.99471E-05 9.99471E-05
9.99473E-05 0.364492 9.99473E-05 9.99473E-05 9.99473E-05 9.99473E-05 9.99473E-05 0.634908
9.9956E-05 9.9956E-05 0.297255 0.243435 9.9956E-05 9.9956E-05 0.45881 9.9956E-05
9.99562E-05 9.99562E-05 0.541764 0.00460678 9.99562E-05 0.453129 9.99562E-05 9.99562E-05
0.118418 9.99735E-05 9.99735E-05 0.371302 0.269935 9.99735E-05 0.15092 0.089125
9.99561E-05 9.99561E-05 9.99561E-05 0.830604 0.160186 0.00871038 9.99561E-05 9.99561E-05
9.99647E-05 0.00490269 9.99647E-05 0.295942 0.331695 9.99647E-05 9.99647E-05 0.36706
9.99736E-05 0.699341 0.0701801 0.0565331 0.150625 9.99736E-05 0.0230208 9.99736E-05
9.99473E-05 9.99473E-05 9.99473E-05 0.979177 9.99473E-05 9.99473E-05 9.99473E-05 0.0202229
0.0260158 9.99649E-05 0.147517 0.286912 0.539156 9.99649E-05 9.99649E-05 9.99649E-05
9.996E-05 0.322531 9.996E-05 0.264356 0.258395 0.154319 9.996E-05 9.996E-05
9.99475E-05 9.99475E-05 9.99475E-05 0.957933 0.0414674 9.99475E-05 9.99475E-05 9.99475E-05
9.99647E-05 9.99647E-05 9.99647E-05 9.99647E-05 0.441901 0.0625011 0.279254 0.215943
0.0823328 0.462266 9.99561E-05 0.454902 9.99561E-05 9.99561E-05 9.99561E-05 9.99561E-05
9.9956E-05 9.9956E-05 0.373128 0.496017 0.130355 9.9956E-05 9.9956E-05 9.9956E-05
0.360264 9.99563E-05 0.536655 9.99563E-05 9.99563E-05 9.99563E-05 0.102581 9.99563E-05
0.260583 9.99648E-05 9.99648E-05 0.307697 0.294898 9.99648E-05 9.99648E-05 0.136422
0.529113 0.134134 0.0690009 9.99647E-05 9.99647E-05 9.99647E-05 9.99647E-05 0.267352
9.99651E-05 9.99651E-05 9.99651E-05 0.192331 0.289473 9.99651E-05 0.131134 0.386661
9.9965E-05 0.200311 0.128537 0.399139 0.271613 9.9965E-05 9.9965E-05 9.9965E-05
0.417393 9.99737E-05 0.00539222 0.0781863 0.387505 9.99737E-05 0.111224 9.99737E-05
0.138261 9.99645E-05 9.99645E-05 0.464501 9.99645E-05 0.265875 9.99645E-05 0.130963
9.99469E-05 9.99469E-05 0.522031 0.477369 9.99469E-05 9.99469E-05 9.99469E-05 9.99469E-05
9.99558E-05 0.258174 0.241761 9.99558E-05 0.499565 9.99558E-05 9.99558E-05 9.99558E-05
9.99562E-05 9.99562E-05 0.26821 9.99562E-05 0.424463 9.99562E-05 0.306828 9.99562E-05
9.99561E-05 9.99561E-05 0.0355469 0.191507 9.99561E-05 9.99561E-05 9.99561E-05 0.772446
0.106957 0.188506 0.139264 9.996E-05 9.996E-05 9.996E-05 9.996E-05 0.564874
9.99646E-05 0.576637 9.99646E-05 0.0580885 9.99646E-05 0.10847 9.99646E-05 0.256405
9.99475E-05 9.99475E-05 9.99475E-05 9.99475E-05 0.347778 0.651622 9.99475E-05 9.99475E-05
0.455603 9.996E-05 0.000558974 9.996E-05 0.31933 9.996E-05 0.224109 9.996E-05
0.319094 0.138087 0.0712096 9.99651E-05 9.99651E-05 9.99651E-05 9.99651E-05 0.47121
9.99561E-05 9.99561E-05 9.99561E-05 0.105585 0.355156 9.99561E-05 0.53876 9.99561E-05
9.99738E-05 0.279423 9.99738E-05 9.99738E-05 0.298099 0.0443285 0.0228905 0.35496
9.99474E-05 0.973575 9.99474E-05 0.025825 9.99474E-05 9.99474E-05 9.99474E-05 9.99474E-05
9.99561E-05 0.391476 9.99561E-05 9.99561E-05 0.452372 0.155652 9.99561E-05 9.99561E-05
9.9947E-05 9.9947E-05 9.9947E-05 9.9947E-05 0.760255 9.9947E-05 0.239146 9.9947E-05
0.393906 9.99566E-05 9.99566E-05 0.185168 0.420427 9.99566E-05 9.99566E-05 9.99566E-05
9.99472E-05 0.529732 9.99472E-05 9.99472E-05 0.469668 9.99472E-05 9.99472E-05 9.99472E-05
9.99735E-05 9.99735E-05 0.00552418 0.0736705 0.418049 0.259192 0.243265 9.99735E-05
9.99475E-05 9.99475E-05 9.99475E-05 0.144411 0.854989 9.99475E-05 9.99475E-05 9.99475E-05
