0.0405598 0.144349 9.99564E-05 0.0354716 9.99564E-05 9.99564E-05 9.99564E-05 9.99564E-05 0.00905925 0.770061
0.288369 0.351608 0.0827488 9.99471E-05 0.276674 9.99471E-05 9.99471E-05 9.99471E-05 9.99471E-05 9.99471E-05
9.99561E-05 0.0132322 9.99561E-05 0.471643 0.239845 9.99561E-05 9.99561E-05 0.177556 0.0972242 9.99561E-05
9.99475E-05 9.99475E-05 9.99475E-05 9.99475E-05 9.99475E-05 9.99475E-05 0.260452 0.199868 0.186953 0.352128
9.99561E-05 0.00702502 9.99561E-05 9.99561E-05 0.129729 9.99561E-05 0.303894 0.54818 9.99561E-05 0.0106721
0.142081 0.372595 9.99383E-05 9.99383E-05 9.99383E-05 9.99383E-05 9.99383E-05 0.484625 9.99383E-05 9.99383E-05
0.196212 0.0629759 0.232954 0.0470988 0.0914367 9.99734E-05 9.99734E-05 0.241072 0.12795 9.99734E-05
9.99386E-05 9.99386E-05 9.99386E-05 9.99386E-05 0.166274 9.99386E-05 0.670598 0.162429 9.99386E-05 9.99386E-05
9.99301E-05 9.99301E-05 9.99301E-05 0.295394 9.99301E-05 9.99301E-05 9.99301E-05 9.99301E-05 0.703807 9.99301E-05
9.99299E-05 9.99299E-05 9.99299E-05 0.732856 9.99299E-05 9.99299E-05 9.99299E-05 9.99299E-05 0.266344 9.99299E-05
9.99564E-05 9.99564E-05 0.0554176 0.219307 0.442429 9.99564E-05 0.0175547 9.99564E-05 0.264792 9.99564E-05
0.0149607 9.99562E-05 9.99562E-05 9.99562E-05 0.0553787 9.99562E-05 9.99562E-05 0.373571 0.498142 0.0574483
9.99737E-05 0.0615758 0.15844 0.0391573 0.0148984 0.049191 0.208374 9.99737E-05 9.99737E-05 0.468064
9.99384E-05 9.99384E-05 0.334625 9.99384E-05 0.120561 9.99384E-05 9.99384E-05 0.544114 9.99384E-05 9.99384E-05
9.99565E-05 9.99565E-05 9.99565E-05 0.0869441 9.99565E-05 0.721248 0.0181785 0.0170736 0.156056 9.99565E-05
0.313784 9.99471E-05 9.99471E-05 9.99471E-05 9.99471E-05 0.31655 0.0807557 0.28831 9.99471E-05 9.99471E-05
9.9956E-05 9.9956E-05 9.9956E-05 0.336887 0.332745 9.9956E-05 0.229631 9.9956E-05 0.0243365 0.0759008
9.99473E-05 9.99473E-05 0.152154 9.99473E-05 9.99473E-05 9.99473E-05 9.99473E-05 0.356639 0.226496 0.264112
9.99471E-05 0.617362 0.0528286 9.99471E-05 9.99471E-05 9.99471E-05 0.267388 0.0618208 9.99471E-05 9.99471E-05
9.99472E-05 9.99472E-05 9.99472E-05 9.99472E-05 0.00813803 9.99472E-05 0.497745 0.124256 0.369261 9.99472E-05
9.99474E-05 0.0295383 9.99474E-05 9.99474E-05 0.427117 9.99474E-05 9.99474E-05 0.134384 9.99474E-05 0.408361
9.9965E-05 0.0520855 0.185877 0.023306 0.0499196 9.9965E-05 9.9965E-05 0.457302 9.9965E-05 0.23111
0.548442 9.99562E-05 9.99562E-05 9.99562E-05 9.99562E-05 0.0952429 0.136708 0.164645 0.0544615 9.99562E-05
0.557847 9.99471E-05 0.151424 9.99471E-05 0.190377 0.0997519 9.99471E-05 9.99471E-05 9.99471E-05 9.99471E-05
9.99472E-05 0.00871326 0.0719844 9.99472E-05 9.99472E-05 9.99472E-05 9.99472E-05 0.781588 0.137114 9.99472E-05
9.99383E-05 9.99383E-05 9.99383E-05 0.318508 0.311952 9.99383E-05 9.99383E-05 0.368839 9.99383E-05 9.99383E-05
9.99473E-05 0.162684 9.99473E-05 9.99473E-05 0.199619 9.99473E-05 9.99473E-05 0.130866 9.99473E-05 0.506232
9.99301E-05 9.99301E-05 0.0612467 9.99301E-05 9.99301E-05 9.99301E-05 9.99301E-05 0.937954 9.99301E-05 9.99301E-05
9.99473E-05 9.99473E-05 0.243635 9.99473E-05 9.99473E-05 0.0553466 9.99473E-05 0.131616 9.99473E-05 0.568803
9.99472E-05 9.99472E-05 0.130549 0.0724546 0.618763 9.99472E-05 9.99472E-05 9.99472E-05 0.177634 9.99472E-05
9.99558E-05 9.99558E-05 0.262803 9.99558E-05 0.0173759 9.99558E-05 0.0507992 0.242406 9.99558E-05 0.426116
9.99472E-05 0.0499548 9.99472E-05 9.99472E-05 0.213003 0.174042 9.99472E-05 0.5624 9.99472E-05 9.99472E-05
9.99389E-05 9.99389E-05 9.99389E-05 0.30747 9.99389E-05 0.615323 9.99389E-05 9.99389E-05 9.99389E-05 0.0765078
0.0230261 9.9956E-05 0.190911 0.371286 9.9956E-05 9.9956E-05 9.9956E-05 0.178083 9.9956E-05 0.236195
9.99213E-05 9.99213E-05 9.99213E-05 9.99213E-05 9.99213E-05 9.99213E-05 9.99213E-05 9.99213E-05 0.999101 9.99213E-05
9.99302E-05 9.99302E-05 9.99302E-05 9.99302E-05 0.146137 9.99302E-05 0.853063 9.99302E-05 9.99302E-05 9.99302E-05
9.9956E-05 0.251812 9.9956E-05 9.9956E-05 0.0492201 9.9956E-05 9.9956E-05 0.145263 0.217741 0.335464
0.183084 9.9947E-05 0.0495039 0.351251 9.9947E-05 9.9947E-05 9.9947E-05 9.9947E-05 9.9947E-05 0.415561
0.0641268 9.99384E-05 9.99384E-05 9.99384E-05 9.99384E-05 9.99384E-05 0.738431 9.99384E-05 0.196742 9.99384E-05
9.99474E-05 9.99474E-05 9.99474E-05 0.177754 0.265664 9.99474E-05 0.132187 0.423796 9.99474E-05 9.99474E-05
9.99383E-05 9.99383E-05 0.177525 9.99383E-05 9.99383E-05 0.773995 9.99383E-05 9.99383E-05 9.99383E-05 0.0477799
9.99388E-05 9.99388E-05 9.99388E-05 0.0714081 9.99388E-05 9.99388E-05 0.840045 9.99388E-05 9.99388E-05 0.0878478
9.99383E-05 9.99383E-05 9.99383E-05 9.99383E-05 9.99383E-05 9.99383E-05 9.99383E-05 0.121351 0.581229 0.29672
0.0148066 9.99557E-05 9.99557E-05 0.258716 9.99557E-05 0.120922 9.99557E-05 0.141276 0.46378 9.99557E-05
0.00569869 0.154238 9.99558E-05 9.99558E-05 9.99558E-05 9.99558E-05 9.99558E-05 0.45278 0.247971 0.138811
9.99558E-05 9.99558E-05 0.0614645 0.14572 9.99558E-05 9.99558E-05 0.300684 0.185656 0.305975 9.99558E-05
0.262688 9.99559E-05 9.99559E-05 0.262617 0.0272343 9.99559E-05 9.99559E-05 9.99559E-05 0.119086 0.327875
0.149255 9.9947E-05 9.9947E-05 0.0626313 0.29281 9.9947E-05 9.9947E-05 9.9947E-05 9.9947E-05 0.494704
9.99559E-05 9.99559E-05 0.184818 0.0600187 9.99559E-05 9.99559E-05 9.99559E-05 0.711134 0.0301993 0.0133299
0.0689586 9.99476E-05 0.541886 0.322375 9.99476E-05 9.99476E-05 0.0661805 9.99476E-05 9.99476E-05 9.99476E-05
9.99385E-05 9.99385E-05 9.99385E-05 9.99385E-05 9.99385E-05 9.99385E-05 9.99385E-05 0.51251 0.486202 0.000588892
9.99472E-05 9.99472E-05 9.99472E-05 9.99472E-05 9.99472E-05 0.195232 0.0142087 0.304819 0.48514 9.99472E-05
9.9938E-05 9.9938E-05 9.9938E-05 9.9938E-05 0.24323 9.9938E-05 9.9938E-05 0.638769 9.9938E-05 0.117302
9.99557E-05 0.216568 9.99557E-05 9.99557E-05 0.170329 9.99557E-05 0.108051 0.424068 9.99557E-05 0.0804843
9.99558E-05 0.25091 9.99558E-05 9.99558E-05 0.0478957 9.99558E-05 0.453253 0.103798 9.99558E-05 0.143643
9.99559E-05 9.99559E-05 0.0131528 9.99559E-05 0.198469 9.99559E-05 0.00206665 0.482887 9.99559E-05 0.302924
9.99562E-05 0.100093 0.0294672 0.580439 9.99562E-05 9.99562E-05 0.0485919 9.99562E-05 9.99562E-05 0.240909
9.99382E-05 9.99382E-05 9.99382E-05 9.99382E-05 0.0703563 9.99382E-05 9.99382E-05 0.670441 0.258503 9.99382E-05
9.99735E-05 0.0869904 0.121234 9.99735E-05 0.258792 0.0752789 9.99735E-05 0.06524 0.263937 0.128228
0.0493505 0.0783422 9.99735E-05 0.301483 9.99735E-05 0.147684 0.0415792 0.37013 0.0111312 9.99735E-05
9.99381E-05 0.389175 9.99381E-05 9.99381E-05 9.99381E-05 9.99381E-05 0.47253 0.137595 9.99381E-05 9.99381E-05
0.0016337 9.9956E-05 9.9956E-05 9.9956E-05 0.26693 9.9956E-05 9.9956E-05 0.257208 0.0947219 0.379007
0.391382 0.267229 9.99387E-05 9.99387E-05 9.99387E-05 9.99387E-05 9.99387E-05 9.99387E-05 9.99387E-05 0.34069
0.128168 0.410393 0.169993 0.190007 0.0791395 9.99647E-05 9.99647E-05 9.99647E-05 0.0219009 9.99647E-05
9.99385E-05 0.103175 9.99385E-05 9.99385E-05 9.99385E-05 9.99385E-05 9.99385E-05 0.867799 9.99385E-05 0.0283263
9.99293E-05 9.99293E-05 9.99293E-05 0.0921274 9.99293E-05 9.99293E-05 9.99293E-05 9.99293E-05 0.907073 9.99293E-05
9.99382E-05 9.99382E-05 9.99382E-05 9.99382E-05 9.99382E-05 9.99382E-05 9.99382E-05 0.601775 0.188503 0.209022
9.99558E-05 0.202028 9.99558E-05 0.535387 9.99558E-05 9.99558E-05 0.0307448 9.99558E-05 0.211329 0.0200122
9.99559E-05 0.345645 0.181223 9.99559E-05 9.99559E-05 0.258708 9.99559E-05 0.0126422 9.99559E-05 0.201282
0.172605 0.130079 9.99562E-05 0.0252442 0.203826 9.99562E-05 9.99562E-05 0.467746 9.99562E-05 9.99562E-05
9.9947E-05 9.9947E-05 9.9947E-05 9.9947E-05 9.9947E-05 0.0782215 9.9947E-05 0.0546807 0.426895 0.439603
0.000237166 9.99385E-05 0.906399 9.99385E-05 0.0926644 9.99385E-05 9.99385E-05 9.99385E-05 9.99385E-05 9.99385E-05
9.99478E-05 9.99478E-05 9.99478E-05 9.99478E-05 9.99478E-05 0.474271 0.0764381 0.327717 0.120975 9.99478E-05
9.99736E-05 0.184038 0.499429 0.139838 0.0515225 0.100643 0.0157347 0.00849579 9.99736E-05 9.99736E-05
9.99387E-05 0.318768 9.99387E-05 9.99387E-05 0.517626 9.99387E-05 0.162907 9.99387E-05 9.99387E-05 9.99387E-05
0.383338 9.99471E-05 9.99471E-05 9.99471E-05 0.29783 0.26534 9.99471E-05 9.99471E-05 0.0528933 9.99471E-05
9.99561E-05 9.99561E-05 0.111394 9.99561E-05 0.321585 9.99561E-05 0.087357 0.0975294 9.99561E-05 0.381635
9.99381E-05 0.32317 9.99381E-05 9.99381E-05 0.421989 9.99381E-05 9.99381E-05 0.254141 9.99381E-05 9.99381E-05
9.9956E-05 0.0187745 9.9956E-05 0.150493 0.418475 9.9956E-05 0.342416 0.0693424 9.9956E-05 9.9956E-05
0.0192339 9.99469E-05 9.99469E-05 9.99469E-05 0.32844 9.99469E-05 9.99469E-05 0.319761 9.99469E-05 0.331966
0.244442 9.99562E-05 0.122126 0.427492 0.0832713 9.99562E-05 9.99562E-05 0.12217 9.99562E-05 9.99562E-05
0.718224 0.280977 9.99297E-05 9.99297E-05 9.99297E-05 9.99297E-05 9.99297E-05 9.99297E-05 9.99297E-05 9.99297E-05
9.99382E-05 0.175189 9.99382E-05 9.99382E-05 0.276584 9.99382E-05 9.99382E-05 0.547528 9.99382E-05 9.99382E-05
9.99646E-05 0.138962 0.119229 9.99646E-05 0.0795831 9.99646E-05 9.99646E-05 0.17854 0.423819 0.0594662
0.233387 0.142843 9.99559E-05 9.99559E-05 0.470824 0.0071433 9.99559E-05 0.145302 9.99559E-05 9.99559E-05
9.99567E-05 0.185274 0.348272 0.088756 9.99567E-05 9.99567E-05 0.0384934 9.99567E-05 0.338704 9.99567E-05
9.99648E-05 0.143868 0.0109519 9.99648E-05 0.271733 9.99648E-05 0.0374093 0.276085 0.259552 9.99648E-05
9.99472E-05 0.0816794 9.99472E-05 0.0682514 9.99472E-05 9.99472E-05 9.99472E-05 0.0928749 0.756595 9.99472E-05
9.99562E-05 9.99562E-05 9.99562E-05 9.99562E-05 0.0713407 0.65692 0.183612 0.0608399 0.0267883 9.99562E-05
9.99472E-05 0.121659 9.99472E-05 9.99472E-05 0.455572 9.99472E-05 9.99472E-05 0.391271 9.99472E-05 0.0308986
9.9947E-05 9.9947E-05 9.9947E-05 0.0887101 0.259463 9.9947E-05 9.9947E-05 0.579 9.9947E-05 0.0722271
9.99559E-05 0.418204 0.236941 9.99559E-05 9.99559E-05 0.27215 9.99559E-05 0.0671514 9.99559E-05 0.00505382
9.99385E-05 9.99385E-05 9.99385E-05 9.99385E-05 0.249082 9.99385E-05 9.99385E-05 9.99385E-05 0.436247 0.313972
9.99388E-05 9.99388E-05 9.99388E-05 9.99388E-05 0.159327 9.99388E-05 9.99388E-05 0.796014 9.99388E-05 0.04396
9.99388E-05 9.99388E-05 9.99388E-05 9.99388E-05 0.0711927 9.99388E-05 0.868586 9.99388E-05 9.99388E-05 0.0595212
0.213909 9.99472E-05 9.99472E-05 9.99472E-05 9.99472E-05 9.99472E-05 9.99472E-05 0.196742 0.574523 0.014226
9.99471E-05 0.103944 0.401594 0.267859 9.99471E-05 9.99471E-05 9.99471E-05 0.226003 9.99471E-05 9.99471E-05
9.9956E-05 0.0520152 0.262708 9.9956E-05 0.170088 9.9956E-05 9.9956E-05 0.163854 9.9956E-05 0.350835
9.99478E-05 0.0111682 0.00922991 9.99478E-05 9.99478E-05 9.99478E-05 9.99478E-05 0.8853 9.99478E-05 0.0937026
9.99387E-05 9.99387E-05 9.99387E-05 9.99387E-05 0.363207 9.99387E-05 9.99387E-05 0.351536 0.284558 9.99387E-05
9.99295E-05 9.99295E-05 0.833611 9.99295E-05 9.99295E-05 9.99295E-05 9.99295E-05 9.99295E-05 0.16559 9.99295E-05
9.99298E-05 0.974922 9.99298E-05 0.0242785 9.99298E-05 9.99298E-05 9.99298E-05 9.99298E-05 9.99298E-05 9.99298E-05
0.105511 0.0163077 9.99734E-05 0.503865 0.0762398 9.99734E-05 0.179253 0.0540301 0.0644938 9.99734E-05
0.125867 9.99472E-05 9.99472E-05 9.99472E-05 0.508637 9.99472E-05 9.99472E-05 0.182443 9.99472E-05 0.182454
9.99562E-05 9.99562E-05 9.99562E-05 0.232311 0.226906 9.99562E-05 0.0389188 0.363311 9.99562E-05 0.138053
0.129171 9.99381E-05 0.273237 9.99381E-05 9.99381E-05 9.99381E-05 0.596892 9.99381E-05 9.99381E-05 9.99381E-05
9.99471E-05 0.255516 9.99471E-05 0.291431 9.99471E-05 0.192253 9.99471E-05 9.99471E-05 0.2602 9.99471E-05
0.142248 9.99648E-05 0.369779 0.347944 0.0138511 0.0172274 9.99648E-05 0.108551 9.99648E-05 9.99648E-05
9.99383E-05 9.99383E-05 9.99383E-05 9.99383E-05 0.547243 9.99383E-05 9.99383E-05 0.183544 9.99383E-05 0.268514
9.9947E-05 9.9947E-05 9.9947E-05 9.9947E-05 0.651643 0.162402 0.00468373 0.180671 9.9947E-05 9.9947E-05
9.99471E-05 9.99471E-05 0.00971807 9.99471E-05 0.668606 0.0523151 9.99471E-05 9.99471E-05 9.99471E-05 0.268761
0.160121 0.635361 0.0322521 0.087068 0.0550203 0.0297784 9.99648E-05 9.99648E-05 9.99648E-05 9.99648E-05
0.316237 9.99563E-05 9.99563E-05 9.99563E-05 9.99563E-05 0.108199 0.0045204 0.514067 0.0564773 9.99563E-05
9.99472E-05 9.99472E-05 9.99472E-05 9.99472E-05 9.99472E-05 0.124208 0.403896 0.408422 9.99472E-05 0.0628738
9.99386E-05 9.99386E-05 0.0445883 9.99386E-05 9.99386E-05 0.789829 0.164883 9.99386E-05 9.99386E-05 9.99386E-05
9.99386E-05 9.99386E-05 0.579965 9.99386E-05 0.310478 9.99386E-05 9.99386E-05 0.108857 9.99386E-05 9.99386E-05
0.17159 9.99387E-05 9.99387E-05 9.99387E-05 9.99387E-05 9.99387E-05 0.536594 9.99387E-05 0.291116 9.99387E-05
9.99386E-05 9.99386E-05 0.0100103 9.99386E-05 0.00301696 0.986273 9.99386E-05 9.99386E-05 9.99386E-05 9.99386E-05
0.50156 9.99388E-05 9.99388E-05 9.99388E-05 9.99388E-05 9.99388E-05 9.99388E-05 9.99388E-05 0.162678 0.335062
0.0689002 9.99647E-05 0.0877089 9.99647E-05 0.472018 0.0604576 9.99647E-05 9.99647E-05 0.194264 0.116251
9.99647E-05 9.99647E-05 0.317024 0.0426516 0.10091 0.177864 9.99647E-05 0.114046 0.247104 9.99647E-05
0.167068 0.0226803 0.0295028 9.99648E-05 0.0453929 9.99648E-05 0.240088 9.99648E-05 0.494869 9.99648E-05
9.99294E-05 9.99294E-05 9.99294E-05 9.99294E-05 0.551285 0.447915 9.99294E-05 9.99294E-05 9.99294E-05 9.99294E-05
9.99469E-05 9.99469E-05 9.99469E-05 0.653342 9.99469E-05 0.127493 0.216742 9.99469E-05 9.99469E-05 0.00182374
9.99559E-05 0.130818 0.155719 9.99559E-05 9.99559E-05 9.99559E-05 0.0526373 0.443416 0.21691 9.99559E-05
9.99649E-05 9.99649E-05 0.190759 0.132207 0.0759811 9.99649E-05 9.99649E-05 0.00432184 0.39921 0.197122
0.0598632 0.119598 0.412202 0.15621 9.99561E-05 9.99561E-05 9.99561E-05 0.251628 9.99561E-05 9.99561E-05
0.273375 9.99386E-05 0.0120666 9.99386E-05 0.713859 9.99386E-05 9.99386E-05 9.99386E-05 9.99386E-05 9.99386E-05
0.171593 0.135163 9.9947E-05 9.9947E-05 9.9947E-05 0.33124 9.9947E-05 0.361404 9.9947E-05 9.9947E-05
0.0239735 0.259171 9.99738E-05 0.454517 0.137951 0.00194701 9.99738E-05 0.0389928 9.99738E-05 0.0831467
0.247313 9.99559E-05 0.154062 9.99559E-05 0.432542 9.99559E-05 9.99559E-05 0.0350049 9.99559E-05 0.130578
9.99212E-05 9.99212E-05 9.99212E-05 0.999101 9.99212E-05 9.99212E-05 9.99212E-05 9.99212E-05 9.99212E-05 9.99212E-05
0.573767 9.99559E-05 9.99559E-05 0.185481 0.00362371 9.99559E-05 9.99559E-05 0.0873241 0.149304 9.99559E-05
9.99468E-05 9.99468E-05 0.380052 0.0879978 9.99468E-05 9.99468E-05 9.99468E-05 0.388203 9.99468E-05 0.143148
0.3108 0.115621 9.9956E-05 9.9956E-05 9.9956E-05 9.9956E-05 0.438754 9.9956E-05 0.0475329 0.0867922
9.99382E-05 9.99382E-05 9.99382E-05 0.483448 0.109923 9.99382E-05 9.99382E-05 9.99382E-05 0.405929 9.99382E-05
0.0902312 9.99471E-05 9.99471E-05 9.99471E-05 0.421692 0.117413 9.99471E-05 9.99471E-05 0.370063 9.99471E-05
9.993E-05 9.993E-05 9.993E-05 9.993E-05 0.455608 9.993E-05 0.543592 9.993E-05 9.993E-05 9.993E-05
0.553748 0.445453 9.99298E-05 9.99298E-05 9.99298E-05 9.99298E-05 9.99298E-05 9.99298E-05 9.99298E-05 9.99298E-05
0.144784 0.0958659 0.0930602 0.136822 0.0278842 9.99647E-05 9.99647E-05 9.99647E-05 0.501183 9.99647E-05
9.99558E-05 0.238023 0.126438 9.99558E-05 0.0613476 0.167281 9.99558E-05 9.99558E-05 9.99558E-05 0.406411
9.99563E-05 9.99563E-05 0.336664 0.190039 0.408533 9.99563E-05 0.0568867 0.00737865 9.99563E-05 9.99563E-05
9.99647E-05 0.428876 0.019559 9.99647E-05 0.176058 9.99647E-05 0.177625 0.114185 0.0832974 9.99647E-05
0.179968 9.99473E-05 0.327888 9.99473E-05 9.99473E-05 9.99473E-05 9.99473E-05 0.336402 9.99473E-05 0.155141
9.99648E-05 9.99648E-05 0.00331319 9.99648E-05 0.22726 0.0715579 0.167875 9.99648E-05 0.338896 0.190699
0.258822 0.536031 0.0827866 9.99473E-05 9.99473E-05 9.99473E-05 9.99473E-05 9.99473E-05 0.121761 9.99473E-05
9.99385E-05 0.288906 9.99385E-05 0.645419 0.0649755 9.99385E-05 9.99385E-05 9.99385E-05 9.99385E-05 9.99385E-05
9.99563E-05 0.116618 9.99563E-05 0.28535 9.99563E-05 9.99563E-05 0.00704294 9.99563E-05 0.0194448 0.571045
0.391152 9.99386E-05 9.99386E-05 9.99386E-05 0.142361 9.99386E-05 9.99386E-05 9.99386E-05 0.465787 9.99386E-05
9.99475E-05 9.99475E-05 0.168394 0.263858 9.99475E-05 0.0810928 9.99475E-05 9.99475E-05 9.99475E-05 0.486056
9.99295E-05 9.99295E-05 9.99295E-05 0.250557 9.99295E-05 9.99295E-05 9.99295E-05 9.99295E-05 0.748644 9.99295E-05
9.99473E-05 0.482153 9.99473E-05 9.99473E-05 9.99473E-05 0.261783 0.0117476 0.243716 9.99473E-05 9.99473E-05
9.99296E-05 0.836327 0.162873 9.99296E-05 9.99296E-05 9.99296E-05 9.99296E-05 9.99296E-05 9.99296E-05 9.99296E-05
9.99473E-05 0.0278421 9.99473E-05 0.178454 9.99473E-05 9.99473E-05 0.158645 0.634459 9.99473E-05 9.99473E-05
9.99296E-05 9.99296E-05 9.99296E-05 9.99296E-05 0.911821 9.99296E-05 9.99296E-05 0.0873793 9.99296E-05 9.99296E-05
0.0687856 9.9956E-05 9.9956E-05 0.102722 9.9956E-05 9.9956E-05 9.9956E-05 0.305749 0.448773 0.0734709
9.99473E-05 9.99473E-05 0.0670071 9.99473E-05 9.99473E-05 9.99473E-05 9.99473E-05 0.252779 0.105354 0.574259
9.99385E-05 9.99385E-05 9.99385E-05 0.509802 9.99385E-05 9.99385E-05 0.417315 9.99385E-05 9.99385E-05 0.0721831
0.351243 9.9956E-05 0.172653 0.143746 9.9956E-05 9.9956E-05 0.28486 0.0469975 9.9956E-05 9.9956E-05
9.99474E-05 0.12554 0.584901 9.99474E-05 9.99474E-05 9.99474E-05 9.99474E-05 0.0190653 0.269894 9.99474E-05
0.0267216 0.277239 9.99476E-05 0.209628 9.99476E-05 9.99476E-05 9.99476E-05 0.485812 9.99476E-05 9.99476E-05
9.99386E-05 0.359026 9.99386E-05 0.325602 0.314672 9.99386E-05 9.99386E-05 9.99386E-05 9.99386E-05 9.99386E-05
9.99384E-05 9.99384E-05 0.0787402 0.845405 9.99384E-05 9.99384E-05 9.99384E-05 9.99384E-05 0.0751547 9.99384E-05
0.184289 9.99472E-05 9.99472E-05 9.99472E-05 0.293438 0.0320404 9.99472E-05 9.99472E-05 0.489633 9.99472E-05
0.463492 9.99471E-05 9.99471E-05 0.16366 0.332834 9.99471E-05 9.99471E-05 9.99471E-05 9.99471E-05 0.0394139
9.9947E-05 9.9947E-05 9.9947E-05 9.9947E-05 9.9947E-05 0.581655 0.155045 0.165945 9.9947E-05 0.0967546
9.99394E-05 9.99394E-05 9.99394E-05 9.99394E-05 0.282648 0.017057 9.99394E-05 0.699596 9.99394E-05 9.99394E-05
0.0438543 9.99561E-05 9.99561E-05 9.99561E-05 0.57231 9.99561E-05 0.122651 0.096135 0.16455 9.99561E-05
0.325764 0.0601753 9.99386E-05 9.99386E-05 9.99386E-05 9.99386E-05 9.99386E-05 9.99386E-05 0.613361 9.99386E-05
9.99469E-05 9.99469E-05 0.132173 9.99469E-05 0.028483 9.99469E-05 0.345945 0.492799 9.99469E-05 9.99469E-05
0.0947077 9.99479E-05 9.99479E-05 9.99479E-05 0.178002 0.00472504 9.99479E-05 0.721965 9.99479E-05 9.99479E-05
9.99383E-05 9.99383E-05 0.587052 9.99383E-05 0.140322 9.99383E-05 0.271927 9.99383E-05 9.99383E-05 9.99383E-05
9.99472E-05 9.99472E-05 0.0033824 9.99472E-05 9.99472E-05 9.99472E-05 0.332552 0.324347 9.99472E-05 0.339118
9.99304E-05 9.99304E-05 0.607891 9.99304E-05 9.99304E-05 9.99304E-05 9.99304E-05 9.99304E-05 9.99304E-05 0.391309
9.99473E-05 0.0625776 0.101215 9.99473E-05 9.99473E-05 9.99473E-05 0.457473 0.378135 9.99473E-05 9.99473E-05
9.99558E-05 0.210324 0.432409 0.120267 9.99558E-05 9.99558E-05 9.99558E-05 9.99558E-05 0.109882 0.126618
9.9956E-05 0.0735591 9.9956E-05 0.239546 9.9956E-05 0.00579625 0.523713 9.9956E-05 0.156885 9.9956E-05
9.99473E-05 9.99473E-05 9.99473E-05 9.99473E-05 0.14569 9.99473E-05 0.14674 0.528718 0.178251 9.99473E-05
9.99474E-05 0.360202 9.99474E-05 0.252569 9.99474E-05 0.0580423 9.99474E-05 9.99474E-05 9.99474E-05 0.328587
9.99383E-05 0.69522 9.99383E-05 9.99383E-05 9.99383E-05 9.99383E-05 0.0807879 9.99383E-05 9.99383E-05 0.223293
9.99558E-05 0.125885 0.149158 9.99558E-05 0.296766 0.187868 9.99558E-05 9.99558E-05 9.99558E-05 0.239823
0.0500215 0.0146191 9.9965E-05 9.9965E-05 0.148065 9.9965E-05 0.246557 0.467391 0.0729469 9.9965E-05
9.99558E-05 9.99558E-05 0.00577264 9.99558E-05 0.24247 0.178392 9.99558E-05 0.430873 9.99558E-05 0.141992
9.99474E-05 0.233157 9.99474E-05 9.99474E-05 0.197847 9.99474E-05 0.254857 9.99474E-05 0.313539 9.99474E-05
0.0283909 0.213322 9.99559E-05 9.99559E-05 0.460113 9.99559E-05 9.99559E-05 0.277673 9.99559E-05 0.0200008
0.0237098 9.99472E-05 9.99472E-05 9.99472E-05 0.549239 9.99472E-05 9.99472E-05 0.147658 0.278793 9.99472E-05
0.184027 9.99559E-05 0.126367 9.99559E-05 0.0404995 9.99559E-05 0.455091 0.193515 9.99559E-05 9.99559E-05
9.9965E-05 0.320196 0.0302443 9.9965E-05 0.0738944 0.303244 9.9965E-05 0.147307 0.124715 9.9965E-05
9.99558E-05 9.99558E-05 9.99558E-05 0.110055 9.99558E-05 0.178786 9.99558E-05 0.0865483 0.122785 0.501326
0.606461 9.99381E-05 9.99381E-05 0.011508 9.99381E-05 9.99381E-05 0.381331 9.99381E-05 9.99381E-05 9.99381E-05
0.12953 9.99471E-05 9.99471E-05 0.291945 9.99471E-05 0.333202 9.99471E-05 9.99471E-05 0.244723 9.99471E-05
9.99301E-05 0.731107 9.99301E-05 9.99301E-05 0.268094 9.99301E-05 9.99301E-05 9.99301E-05 9.99301E-05 9.99301E-05
9.99469E-05 0.104868 0.263189 9.99469E-05 9.99469E-05 9.99469E-05 9.99469E-05 0.555978 0.0753647 9.99469E-05
9.99652E-05 0.175152 0.0247972 0.194267 9.99652E-05 9.99652E-05 0.111058 9.99652E-05 0.313464 0.180862
9.99382E-05 9.99382E-05 9.99382E-05 0.187627 0.568978 9.99382E-05 9.99382E-05 0.242695 9.99382E-05 9.99382E-05
9.99562E-05 9.99562E-05 9.99562E-05 9.99562E-05 9.99562E-05 0.0702563 0.151791 0.174084 0.466783 0.136586
0.732359 9.99387E-05 9.99387E-05 0.115015 9.99387E-05 9.99387E-05 9.99387E-05 0.151927 9.99387E-05 9.99387E-05
9.9956E-05 9.9956E-05 0.186987 0.21731 0.129985 9.9956E-05 9.9956E-05 9.9956E-05 0.301681 0.163537
9.99472E-05 9.99472E-05 0.12936 0.315601 9.99472E-05 0.411269 9.99472E-05 9.99472E-05 0.143171 9.99472E-05
9.99473E-05 9.99473E-05 9.99473E-05 9.99473E-05 0.109514 0.312027 9.99473E-05 0.231556 9.99473E-05 0.346303
9.993E-05 9.993E-05 0.186717 9.993E-05 9.993E-05 9.993E-05 9.993E-05 0.812484 9.993E-05 9.993E-05
9.9956E-05 0.0333226 9.9956E-05 9.9956E-05 0.282818 0.268959 9.9956E-05 9.9956E-05 0.388965 0.0254354
9.99471E-05 0.0912748 9.99471E-05 9.99471E-05 9.99471E-05 0.564772 9.99471E-05 0.340019 9.99471E-05 0.00333405
0.304022 0.231459 9.99562E-05 9.99562E-05 9.99562E-05 9.99562E-05 0.276985 0.0933684 0.0936663 9.99562E-05
9.99384E-05 0.5814 9.99384E-05 0.326233 9.99384E-05 9.99384E-05 9.99384E-05 0.091667 9.99384E-05 9.99384E-05
0.378297 0.289003 9.99471E-05 9.99471E-05 0.29012 9.99471E-05 9.99471E-05 9.99471E-05 9.99471E-05 0.0419807
9.993E-05 9.993E-05 9.993E-05 9.993E-05 9.993E-05 9.993E-05 9.993E-05 0.158442 0.840758 9.993E-05
0.443644 9.99648E-05 0.0118491 0.0279727 0.451357 9.99648E-05 9.99648E-05 9.99648E-05 0.00275202 0.062026
9.99292E-05 9.99292E-05 9.99292E-05 9.99292E-05 9.99292E-05 9.99292E-05 0.603381 0.39582 9.99292E-05 9.99292E-05
9.99558E-05 0.00657466 9.99558E-05 0.298098 0.35729 9.99558E-05 0.280416 0.0571212 9.99558E-05 9.99558E-05
9.99471E-05 9.99471E-05 9.99471E-05 0.0175331 0.219546 9.99471E-05 9.99471E-05 0.539742 0.222579 9.99471E-05
9.99471E-05 9.99471E-05 0.125142 0.0806397 9.99471E-05 9.99471E-05 0.680128 0.11349 9.99471E-05 9.99471E-05
9.99293E-05 9.99293E-05 0.175171 9.99293E-05 9.99293E-05 9.99293E-05 9.99293E-05 9.99293E-05 0.82403 9.99293E-05
9.99388E-05 9.99388E-05 9.99388E-05 9.99388E-05 9.99388E-05 9.99388E-05 0.122421 0.0015697 0.87531 9.99388E-05
9.99381E-05 0.600401 9.99381E-05 9.99381E-05 9.99381E-05 9.99381E-05 9.99381E-05 0.166758 0.232141 9.99381E-05
9.99563E-05 9.99563E-05 0.217936 9.99563E-05 0.412435 9.99563E-05 0.0990362 0.260941 9.99563E-05 0.00915234
0.0811376 0.45487 9.99562E-05 0.227058 9.99562E-05 9.99562E-05 0.124436 0.111999 9.99562E-05 9.99562E-05
9.99736E-05 0.0501727 0.0590384 0.455834 0.101036 9.99736E-05 9.99736E-05 0.0204569 0.0881466 0.225016
9.993E-05 9.993E-05 9.993E-05 0.113127 0.0422831 9.993E-05 9.993E-05 9.993E-05 0.843891 9.993E-05
9.99295E-05 0.031593 9.99295E-05 9.99295E-05 9.99295E-05 9.99295E-05 9.99295E-05 9.99295E-05 0.967608 9.99295E-05
9.99211E-05 9.99211E-05 9.99211E-05 9.99211E-05 0.999101 9.99211E-05 9.99211E-05 9.99211E-05 9.99211E-05 9.99211E-05
9.99471E-05 9.99471E-05 9.99471E-05 9.99471E-05 9.99471E-05 9.99471E-05 0.346233 0.450835 0.101608 0.100725
9.99472E-05 9.99472E-05 9.99472E-05 9.99472E-05 0.0919942 9.99472E-05 9.99472E-05 0.883307 0.0103978 0.0137008
0.0987619 0.18244 0.0374987 0.045517 9.99647E-05 9.99647E-05 9.99647E-05 0.509604 0.125779 9.99647E-05
0.0476825 9.99647E-05 9.99647E-05 0.330305 9.99647E-05 0.035236 0.465423 0.0547527 0.0662016 9.99647E-05
9.99474E-05 9.99474E-05 0.0598038 9.99474E-05 0.130458 9.99474E-05 9.99474E-05 0.657428 0.15171 9.99474E-05
9.99562E-05 0.0625127 9.99562E-05 0.199787 0.358482 9.99562E-05 0.0455157 9.99562E-05 0.333203 9.99562E-05
9.99473E-05 0.00595728 9.99473E-05 0.0577265 9.99473E-05 9.99473E-05 0.69559 9.99473E-05 0.240127 9.99473E-05
9.99389E-05 9.99389E-05 9.99389E-05 0.242792 0.729894 0.0266139 9.99389E-05 9.99389E-05 9.99389E-05 9.99389E-05
9.99471E-05 9.99471E-05 9.99471E-05 0.224515 9.99471E-05 0.127118 9.99471E-05 0.466386 0.181381 9.99471E-05
0.155377 9.99385E-05 9.99385E-05 9.99385E-05 9.99385E-05 9.99385E-05 9.99385E-05 0.557151 9.99385E-05 0.286773
9.99386E-05 9.99386E-05 0.0330652 0.682061 0.284174 9.99386E-05 9.99386E-05 9.99386E-05 9.99386E-05 9.99386E-05
9.99647E-05 0.0295797 0.0538482 9.99647E-05 0.230604 9.99647E-05 9.99647E-05 0.319631 0.0242205 0.341717
9.9938E-05 9.9938E-05 9.9938E-05 0.242844 9.9938E-05 0.310635 9.9938E-05 0.445822 9.9938E-05 9.9938E-05
0.159839 9.99386E-05 9.99386E-05 0.00465326 9.99386E-05 9.99386E-05 9.99386E-05 0.834809 9.99386E-05 9.99386E-05
9.99383E-05 0.117113 9.99383E-05 9.99383E-05 9.99383E-05 9.99383E-05 9.99383E-05 0.836612 0.0455746 9.99383E-05
0.385418 9.99476E-05 9.99476E-05 9.99476E-05 9.99476E-05 9.99476E-05 0.117151 0.439982 9.99476E-05 0.0568494
0.0566329 9.99559E-05 9.99559E-05 9.99559E-05 9.99559E-05 9.99559E-05 0.0164943 0.102451 0.294729 0.529193
9.99471E-05 9.99471E-05 0.293422 9.99471E-05 0.230951 9.99471E-05 0.00406265 9.99471E-05 0.470964 9.99471E-05
9.9947E-05 0.305245 9.9947E-05 9.9947E-05 9.9947E-05 9.9947E-05 9.9947E-05 0.0328958 0.37647 0.284789
9.99471E-05 9.99471E-05 9.99471E-05 9.99471E-05 0.315905 9.99471E-05 9.99471E-05 0.586452 0.0769168 0.0201261
9.99647E-05 0.0559391 0.134337 9.99647E-05 0.16511 0.0676271 9.99647E-05 0.468463 0.108124 9.99647E-05
0.160757 9.99473E-05 9.99473E-05 9.99473E-05 9.99473E-05 0.0307404 9.99473E-05 0.606568 0.201334 9.99473E-05
9.99646E-05 0.240647 0.0650151 0.0876746 0.388126 9.99646E-05 0.0772111 0.140927 9.99646E-05 9.99646E-05
0.609639 9.99473E-05 9.99473E-05 0.109282 9.99473E-05 9.99473E-05 0.173918 0.10656 9.99473E-05 9.99473E-05
0.180175 9.99385E-05 0.697416 9.99385E-05 9.99385E-05 9.99385E-05 9.99385E-05 0.121709 9.99385E-05 9.99385E-05
9.99648E-05 0.157647 9.99648E-05 0.218838 0.127053 9.99648E-05 0.252679 0.171709 0.0716727 9.99648E-05
0.182187 0.0968053 0.262847 0.176733 0.222855 9.99735E-05 9.99735E-05 9.99735E-05 0.00182001 0.0564539
9.99473E-05 0.191241 9.99473E-05 9.99473E-05 9.99473E-05 9.99473E-05 0.179612 0.591443 9.99473E-05 0.0371039
0.124441 9.99649E-05 0.180473 0.144085 9.99649E-05 0.418775 9.99649E-05 0.0218239 0.110002 9.99649E-05
0.168395 9.99646E-05 0.193826 9.99646E-05 0.0202455 9.99646E-05 9.99646E-05 0.328496 0.221417 0.0672204
9.99298E-05 9.99298E-05 9.99298E-05 9.99298E-05 9.99298E-05 9.99298E-05 0.169315 0.829886 9.99298E-05 9.99298E-05
0.0684214 9.99563E-05 0.144049 9.99563E-05 9.99563E-05 0.153408 0.190567 9.99563E-05 0.443056 9.99563E-05
0.0202886 9.9956E-05 9.9956E-05 0.0450071 9.9956E-05 0.102392 0.302337 0.529476 9.9956E-05 9.9956E-05
9.99562E-05 0.0290687 9.99562E-05 0.184494 0.193795 9.99562E-05 0.475017 0.117125 9.99562E-05 9.99562E-05
9.99471E-05 9.99471E-05 9.99471E-05 0.0141067 0.0990127 9.99471E-05 0.20106 0.685221 9.99471E-05 9.99471E-05
0.394584 9.99386E-05 0.521504 9.99386E-05 9.99386E-05 0.0832125 9.99386E-05 9.99386E-05 9.99386E-05 9.99386E-05
9.99561E-05 9.99561E-05 0.134051 0.1732 0.0869874 9.99561E-05 9.99561E-05 0.240278 9.99561E-05 0.364983
9.99472E-05 9.99472E-05 0.0340749 9.99472E-05 9.99472E-05 0.112065 0.764929 0.0883308 9.99472E-05 9.99472E-05
9.99648E-05 0.0600852 0.294851 0.0488706 9.99648E-05 9.99648E-05 0.122989 0.0966261 0.376179 9.99648E-05
9.9956E-05 0.270236 0.0349183 9.9956E-05 0.0384055 9.9956E-05 0.034884 0.621056 9.9956E-05 9.9956E-05
