0.08339 9.9955E-05 9.9955E-05 0.0017591 9.9955E-05 0.914351 9.9955E-05 9.9955E-05
9.9973E-05 9.9973E-05 9.9973E-05 0.00989943 0.00828839 0.234734 0.728965 0.017814
0.568424 9.99641E-05 9.99641E-05 9.99641E-05 0.000263118 0.116246 0.314667 9.99641E-05
0.127941 9.99641E-05 0.139864 9.99641E-05 9.99641E-05 9.99641E-05 0.539646 0.192149
0.0276823 0.693268 0.0278849 0.250765 9.9964E-05 9.9964E-05 9.9964E-05 9.9964E-05
9.9955E-05 9.9955E-05 9.9955E-05 9.9955E-05 9.9955E-05 0.0329782 0.0725688 0.893953
0.542293 0.282584 9.99551E-05 9.99551E-05 0.174622 9.99551E-05 9.99551E-05 9.99551E-05
9.994E-05 9.994E-05 9.994E-05 9.994E-05 9.994E-05 9.994E-05 0.9993 9.994E-05
9.99551E-05 9.99551E-05 9.99551E-05 9.99551E-05 0.299525 0.0256259 9.99551E-05 0.67435
9.994E-05 0.9993 9.994E-05 9.994E-05 9.994E-05 9.994E-05 9.994E-05 9.994E-05
0.0312873 0.968113 9.99462E-05 9.99462E-05 9.99462E-05 9.99462E-05 9.99462E-05 9.99462E-05
9.9964E-05 9.9964E-05 0.0951536 9.9964E-05 9.9964E-05 0.1056 0.784141 0.0147051
0.124894 0.463033 9.9973E-05 0.120724 0.20096 0.0900894 9.9973E-05 9.9973E-05
0.645294 0.106369 0.145366 9.99641E-05 9.99641E-05 0.10257 9.99641E-05 9.99641E-05
9.99461E-05 0.703153 9.99461E-05 0.296247 9.99461E-05 9.99461E-05 9.99461E-05 9.99461E-05
9.994E-05 9.994E-05 9.994E-05 9.994E-05 0.9993 9.994E-05 9.994E-05 9.994E-05
9.99551E-05 9.99551E-05 0.397745 9.99551E-05 9.99551E-05 0.0438533 0.557902 9.99551E-05
9.996E-05 0.197612 9.996E-05 9.996E-05 0.745214 9.996E-05 0.0313242 0.0254498
9.9946E-05 9.9946E-05 9.9946E-05 9.9946E-05 9.9946E-05 9.9946E-05 0.0860561 0.913344
9.99551E-05 9.99551E-05 9.99551E-05 0.964024 9.99551E-05 9.99551E-05 0.00882673 0.0266497
9.996E-05 9.996E-05 9.996E-05 0.486063 0.330155 9.996E-05 0.0522829 0.131099
9.9946E-05 9.9946E-05 0.514134 9.9946E-05 0.485266 9.9946E-05 9.9946E-05 9.9946E-05
9.99551E-05 0.0541898 9.99551E-05 0.156147 0.789163 9.99551E-05 9.99551E-05 9.99551E-05
0.0632703 0.144615 9.9973E-05 0.12752 9.9973E-05 9.9973E-05 0.478523 0.185771
0.880687 9.9964E-05 0.0657079 9.9964E-05 0.0118157 9.9964E-05 9.9964E-05 0.0413895
0.0201575 0.303465 9.9964E-05 0.580644 0.095333 9.9964E-05 9.9964E-05 9.9964E-05
0.32304 9.99551E-05 0.308416 9.99551E-05 9.99551E-05 9.99551E-05 0.368044 9.99551E-05
9.9964E-05 0.119479 0.812836 0.0332412 0.0340436 9.9964E-05 9.9964E-05 9.9964E-05
9.994E-05 9.994E-05 9.994E-05 9.994E-05 9.994E-05 0.9993 9.994E-05 9.994E-05
9.994E-05 9.994E-05 0.9993 9.994E-05 9.994E-05 9.994E-05 9.994E-05 9.994E-05
0.93389 0.0253992 9.99641E-05 9.99641E-05 0.0129883 0.0273229 9.99641E-05 9.99641E-05
0.987819 0.0115811 9.99461E-05 9.99461E-05 9.99461E-05 9.99461E-05 9.99461E-05 9.99461E-05
0.178486 0.820914 9.9946E-05 9.9946E-05 9.9946E-05 9.9946E-05 9.9946E-05 9.9946E-05
0.0187734 9.9964E-05 0.267554 9.9964E-05 0.10626 9.9964E-05 9.9964E-05 0.607013
0.0295146 9.9955E-05 0.586298 9.9955E-05 9.9955E-05 9.9955E-05 0.383688 9.9955E-05
9.9964E-05 9.9964E-05 9.9964E-05 0.0261763 0.816704 0.0640552 9.9964E-05 0.0926646
9.9964E-05 9.9964E-05 0.313205 0.0106263 0.106927 9.9964E-05 9.9964E-05 0.568842
0.0396743 0.0191421 0.221619 9.9964E-05 9.9964E-05 9.9964E-05 9.9964E-05 0.719165
0.245198 0.431122 9.996E-05 9.996E-05 9.996E-05 9.996E-05 0.152917 0.170363
9.99641E-05 9.99641E-05 0.24059 0.00659616 9.99641E-05 9.99641E-05 0.0974229 0.654991
9.9955E-05 9.9955E-05 0.575799 9.9955E-05 9.9955E-05 9.9955E-05 0.111508 0.312193
9.9955E-05 9.9955E-05 0.282338 9.9955E-05 9.9955E-05 9.9955E-05 0.70587 0.0112924
9.994E-05 9.994E-05 9.994E-05 0.9993 9.994E-05 9.994E-05 9.994E-05 9.994E-05
0.959644 9.99461E-05 9.99461E-05 9.99461E-05 9.99461E-05 9.99461E-05 0.0397562 9.99461E-05
9.99461E-05 0.357842 9.99461E-05 0.641559 9.99461E-05 9.99461E-05 9.99461E-05 9.99461E-05
9.99461E-05 9.99461E-05 9.99461E-05 9.99461E-05 0.0226674 9.99461E-05 0.976733 9.99461E-05
9.9955E-05 9.9955E-05 9.9955E-05 0.255402 0.316522 9.9955E-05 9.9955E-05 0.427576
9.99462E-05 9.99462E-05 9.99462E-05 9.99462E-05 0.078405 9.99462E-05 9.99462E-05 0.920995
0.100307 0.0733325 9.99641E-05 0.814783 9.99641E-05 0.0111776 9.99641E-05 9.99641E-05
9.99641E-05 0.0511125 9.99641E-05 0.358711 0.244413 9.99641E-05 9.99641E-05 0.345363
