9.99641E-05 9.99641E-05 9.99641E-05 0.00306746 0.2965 0.0486106 9.99641E-05 0.651422
9.9955E-05 9.9955E-05 9.9955E-05 9.9955E-05 9.9955E-05 0.0568984 0.110064 0.832538
9.9955E-05 9.9955E-05 9.9955E-05 9.9955E-05 0.656347 0.0194113 9.9955E-05 0.323742
9.99462E-05 9.99462E-05 0.0365595 9.99462E-05 9.99462E-05 9.99462E-05 0.962841 9.99462E-05
0.887992 9.99461E-05 9.99461E-05 9.99461E-05 0.111408 9.99461E-05 9.99461E-05 9.99461E-05
9.99461E-05 9.99461E-05 0.882751 9.99461E-05 0.11665 9.99461E-05 9.99461E-05 9.99461E-05
9.9955E-05 0.0850926 9.9955E-05 0.786168 9.9955E-05 0.128239 9.9955E-05 9.9955E-05
9.99551E-05 0.00106122 9.99551E-05 9.99551E-05 0.110909 9.99551E-05 9.99551E-05 0.88753
9.99461E-05 9.99461E-05 0.481666 9.99461E-05 9.99461E-05 0.517734 9.99461E-05 9.99461E-05
0.542972 0.332247 9.9955E-05 0.124281 9.9955E-05 9.9955E-05 9.9955E-05 9.9955E-05
9.994E-05 0.9993 9.994E-05 9.994E-05 9.994E-05 9.994E-05 9.994E-05 9.994E-05
9.99461E-05 9.99461E-05 0.176037 9.99461E-05 9.99461E-05 9.99461E-05 9.99461E-05 0.823364
0.573407 9.9973E-05 0.153057 0.115561 0.152495 0.00518045 9.9973E-05 9.9973E-05
9.994E-05 9.994E-05 9.994E-05 0.9993 9.994E-05 9.994E-05 9.994E-05 9.994E-05
0.928723 0.0706769 9.99461E-05 9.99461E-05 9.99461E-05 9.99461E-05 9.99461E-05 9.99461E-05
9.99461E-05 9.99461E-05 9.99461E-05 9.99461E-05 0.0877687 0.911632 9.99461E-05 9.99461E-05
9.99551E-05 9.99551E-05 0.110242 9.99551E-05 9.99551E-05 9.99551E-05 0.28213 0.607129
0.049661 0.40931 0.231468 9.9973E-05 0.0312319 0.278029 9.9973E-05 9.9973E-05
9.99461E-05 9.99461E-05 0.957821 9.99461E-05 9.99461E-05 9.99461E-05 9.99461E-05 0.0415797
0.00539913 9.99551E-05 9.99551E-05 9.99551E-05 9.99551E-05 0.933038 0.0610629 9.99551E-05
0.141463 9.99551E-05 9.99551E-05 9.99551E-05 9.99551E-05 0.816158 0.0418798 9.99551E-05
9.99641E-05 9.99641E-05 0.420254 0.0663302 9.99641E-05 0.41209 9.99641E-05 0.100926
0.145951 9.99641E-05 9.99641E-05 0.0559475 0.0148469 0.782855 9.99641E-05 9.99641E-05
9.9955E-05 0.0849826 9.9955E-05 9.9955E-05 9.9955E-05 0.197682 0.716836 9.9955E-05
9.9964E-05 0.0356521 0.0468621 9.9964E-05 0.878302 9.9964E-05 0.0387843 9.9964E-05
0.818039 9.99461E-05 9.99461E-05 9.99461E-05 9.99461E-05 0.181361 9.99461E-05 9.99461E-05
9.99461E-05 9.99461E-05 9.99461E-05 9.99461E-05 0.0479959 9.99461E-05 0.951404 9.99461E-05
0.216945 9.99551E-05 0.601759 0.180796 9.99551E-05 9.99551E-05 9.99551E-05 9.99551E-05
9.99463E-05 0.0046142 9.99463E-05 9.99463E-05 9.99463E-05 9.99463E-05 9.99463E-05 0.994786
9.995E-05 9.995E-05 0.651043 9.995E-05 9.995E-05 9.995E-05 0.16208 0.186377
9.99461E-05 9.99461E-05 9.99461E-05 0.818691 0.18071 9.99461E-05 9.99461E-05 9.99461E-05
9.99461E-05 9.99461E-05 9.99461E-05 0.0509024 0.948498 9.99461E-05 9.99461E-05 9.99461E-05
0.364077 0.00964039 9.9955E-05 0.625783 9.9955E-05 9.9955E-05 9.9955E-05 9.9955E-05
9.9964E-05 0.0142002 0.86798 0.0110984 0.106321 9.9964E-05 9.9964E-05 9.9964E-05
9.9955E-05 9.9955E-05 0.0441797 9.9955E-05 9.9955E-05 9.9955E-05 0.877253 0.0780677
9.9964E-05 9.9964E-05 0.0887785 0.00868538 0.0197047 0.882432 9.9964E-05 9.9964E-05
9.99461E-05 9.99461E-05 0.822493 9.99461E-05 9.99461E-05 0.176908 9.99461E-05 9.99461E-05
9.9964E-05 0.046745 0.876198 9.9964E-05 9.9964E-05 0.0279134 9.9964E-05 0.0487435
9.99461E-05 0.934956 9.99461E-05 9.99461E-05 9.99461E-05 9.99461E-05 9.99461E-05 0.0644442
0.0189371 9.99551E-05 0.728464 9.99551E-05 9.99551E-05 9.99551E-05 0.252099 9.99551E-05
9.9964E-05 9.9964E-05 0.749191 9.9964E-05 0.014518 9.9964E-05 0.0308035 0.205088
9.99461E-05 9.99461E-05 0.158031 9.99461E-05 9.99461E-05 9.99461E-05 9.99461E-05 0.841369
0.171819 9.99462E-05 9.99462E-05 9.99462E-05 9.99462E-05 0.827582 9.99462E-05 9.99462E-05
9.994E-05 9.994E-05 9.994E-05 9.994E-05 0.9993 9.994E-05 9.994E-05 9.994E-05
0.976231 9.99551E-05 9.99551E-05 0.0196321 9.99551E-05 0.00363761 9.99551E-05 9.99551E-05
9.99641E-05 9.99641E-05 9.99641E-05 0.0289125 9.99641E-05 0.0151795 0.133928 0.82158
9.99461E-05 9.99461E-05 0.185151 9.99461E-05 9.99461E-05 0.814249 9.99461E-05 9.99461E-05
9.99462E-05 9.99462E-05 0.851424 9.99462E-05 9.99462E-05 0.147976 9.99462E-05 9.99462E-05
0.760376 9.99641E-05 9.99641E-05 9.99641E-05 9.99641E-05 0.118837 0.111344 0.00904227
0.0227939 9.99641E-05 0.213024 9.99641E-05 9.99641E-05 0.704303 0.059479 9.99641E-05
