0.581607 0.0521636 9.99472E-05 9.99472E-05 0.365629 9.99472E-05 9.99472E-05 9.99472E-05 9.99472E-05
0.648316 9.99474E-05 0.0967662 0.254318 9.99474E-05 9.99474E-05 9.99474E-05 9.99474E-05 9.99474E-05
0.546384 9.99381E-05 9.99381E-05 9.99381E-05 9.99381E-05 9.99381E-05 0.452917 9.99381E-05 9.99381E-05
9.99471E-05 9.99471E-05 9.99471E-05 0.0767924 0.910318 9.99471E-05 9.99471E-05 9.99471E-05 0.01229
0.524225 0.106714 9.99563E-05 9.99563E-05 0.160429 0.208132 9.99563E-05 9.99563E-05 9.99563E-05
9.99559E-05 9.99559E-05 0.505515 0.157964 9.99559E-05 0.0494316 0.28659 9.99559E-05 9.99559E-05
0.0123725 0.168627 0.432263 9.99649E-05 9.99649E-05 9.99649E-05 0.347498 0.0388399 9.99649E-05
0.212906 9.9956E-05 0.236555 0.150141 0.399898 9.9956E-05 9.9956E-05 9.9956E-05 9.9956E-05
0.349303 0.371033 0.0357612 9.99648E-05 0.00366861 9.99648E-05 9.99648E-05 0.239834 9.99648E-05
9.99562E-05 9.99562E-05 0.305827 0.0988034 0.0455658 9.99562E-05 0.549304 9.99562E-05 9.99562E-05
0.0622968 0.0875384 0.147887 9.99649E-05 0.454849 9.99649E-05 9.99649E-05 9.99649E-05 0.247029
0.26982 0.184404 0.545176 9.99467E-05 9.99467E-05 9.99467E-05 9.99467E-05 9.99467E-05 9.99467E-05
9.99649E-05 0.0932884 0.00844081 0.428021 0.457209 9.99649E-05 0.0126404 9.99649E-05 9.99649E-05
0.604203 0.0295387 9.99649E-05 0.308514 9.99649E-05 9.99649E-05 9.99649E-05 0.00754997 0.0497944
9.99735E-05 9.99735E-05 0.0755098 0.40621 0.290061 0.0844972 9.99735E-05 0.0511573 0.0922647
9.99475E-05 0.253796 0.359259 9.99475E-05 9.99475E-05 0.386345 9.99475E-05 9.99475E-05 9.99475E-05
0.0805721 9.99648E-05 0.00187163 9.99648E-05 9.99648E-05 0.236694 0.57102 0.109442 9.99648E-05
9.99559E-05 9.99559E-05 9.99559E-05 0.24734 0.147715 0.317752 0.286692 9.99559E-05 9.99559E-05
9.99386E-05 9.99386E-05 0.156734 9.99386E-05 0.842567 9.99386E-05 9.99386E-05 9.99386E-05 9.99386E-05
9.99651E-05 0.0893227 0.0482323 0.392647 0.202394 9.99651E-05 9.99651E-05 0.267004 9.99651E-05
9.99472E-05 9.99472E-05 9.99472E-05 9.99472E-05 0.596019 9.99472E-05 0.268215 9.99472E-05 0.135165
0.263559 0.544846 9.99563E-05 0.188675 9.99563E-05 9.99563E-05 9.99563E-05 9.99563E-05 0.00242041
0.192359 0.489843 9.99561E-05 9.99561E-05 0.287115 0.0301823 9.99561E-05 9.99561E-05 9.99561E-05
0.832339 9.99477E-05 0.151906 9.99477E-05 9.99477E-05 0.0151555 9.99477E-05 9.99477E-05 9.99477E-05
9.99389E-05 9.99389E-05 9.99389E-05 0.404232 9.99389E-05 0.595068 9.99389E-05 9.99389E-05 9.99389E-05
0.478037 0.138437 0.29669 9.99561E-05 9.99561E-05 9.99561E-05 9.99561E-05 9.99561E-05 0.0863356
0.0376292 0.190538 0.4891 0.00247227 9.99824E-05 0.0275995 9.99824E-05 0.133285 0.119176
0.346945 9.99737E-05 9.99737E-05 9.99737E-05 0.258456 0.239244 0.0433733 0.0758858 0.0357964
9.99389E-05 9.99389E-05 9.99389E-05 0.91936 9.99389E-05 0.0799406 9.99389E-05 9.99389E-05 9.99389E-05
0.593988 9.99473E-05 9.99473E-05 0.367131 0.0382815 9.99473E-05 9.99473E-05 9.99473E-05 9.99473E-05
9.993E-05 9.993E-05 9.993E-05 0.999201 9.993E-05 9.993E-05 9.993E-05 9.993E-05 9.993E-05
0.216399 9.99649E-05 9.99649E-05 9.99649E-05 0.588645 9.99649E-05 0.0306986 0.0827456 0.081112
0.55977 9.99469E-05 9.99469E-05 0.113728 9.99469E-05 9.99469E-05 9.99469E-05 0.325902 9.99469E-05
0.0997597 9.99647E-05 0.222168 0.390438 0.0371775 9.99647E-05 9.99647E-05 0.250057 9.99647E-05
0.553317 0.11939 0.102177 9.99651E-05 0.0935374 9.99651E-05 9.99651E-05 0.131179 9.99651E-05
0.19137 9.99561E-05 9.99561E-05 0.291199 9.99561E-05 9.99561E-05 0.455238 0.0616934 9.99561E-05
0.614423 0.119745 0.246287 9.99564E-05 9.99564E-05 9.99564E-05 9.99564E-05 9.99564E-05 0.0190452
0.154104 0.076156 9.99648E-05 9.99648E-05 0.233464 9.99648E-05 9.99648E-05 0.165358 0.370518
0.847353 9.99475E-05 0.068957 0.0830907 9.99475E-05 9.99475E-05 9.99475E-05 9.99475E-05 9.99475E-05
0.581598 9.99559E-05 9.99559E-05 0.186205 0.120131 9.99559E-05 9.99559E-05 9.99559E-05 0.111567
0.169208 9.99735E-05 9.99735E-05 9.99735E-05 0.104462 0.0430386 0.137475 0.434439 0.111077
0.599733 9.99476E-05 0.0781721 9.99476E-05 9.99476E-05 9.99476E-05 9.99476E-05 9.99476E-05 0.321495
0.092421 0.0265946 0.232285 9.99738E-05 9.99738E-05 0.0844138 9.99738E-05 0.443091 0.120895
9.99558E-05 9.99558E-05 9.99558E-05 9.99558E-05 0.303582 0.0621081 0.532324 0.101487 9.99558E-05
9.99563E-05 0.418413 9.99563E-05 0.128985 9.99563E-05 9.99563E-05 9.99563E-05 0.121215 0.330887
9.99647E-05 0.32833 0.177196 0.370023 0.105636 9.99647E-05 0.0184152 9.99647E-05 9.99647E-05
0.086187 0.399184 9.99738E-05 0.0352398 9.99738E-05 0.27156 9.99738E-05 0.149151 0.0583772
9.99649E-05 0.00804346 0.519334 0.32026 0.113276 0.038686 9.99649E-05 9.99649E-05 9.99649E-05
9.99385E-05 0.234795 0.764505 9.99385E-05 9.99385E-05 9.99385E-05 9.99385E-05 9.99385E-05 9.99385E-05
9.99471E-05 9.99471E-05 0.080852 9.99471E-05 0.843056 9.99471E-05 9.99471E-05 0.0754918 9.99471E-05
9.99385E-05 9.99385E-05 0.865416 9.99385E-05 9.99385E-05 9.99385E-05 9.99385E-05 0.133884 9.99385E-05
9.99651E-05 0.229812 0.0677536 9.99651E-05 0.355709 0.343921 9.99651E-05 9.99651E-05 0.00240422
9.99388E-05 0.384297 9.99388E-05 0.615003 9.99388E-05 9.99388E-05 9.99388E-05 9.99388E-05 9.99388E-05
9.99469E-05 0.148308 0.317953 0.533139 9.99469E-05 9.99469E-05 9.99469E-05 9.99469E-05 9.99469E-05
9.99648E-05 9.99648E-05 0.218968 0.266865 0.0115875 0.373031 0.129149 9.99648E-05 9.99648E-05
9.99559E-05 0.146217 0.118429 0.657043 9.99559E-05 9.99559E-05 9.99559E-05 9.99559E-05 0.0778118
9.99648E-05 0.0365904 0.159044 9.99648E-05 9.99648E-05 0.454033 9.99648E-05 0.0794984 0.270435
9.99382E-05 9.99382E-05 9.99382E-05 0.989899 9.99382E-05 9.99382E-05 9.99382E-05 0.00940127 9.99382E-05
9.9956E-05 9.9956E-05 0.128188 9.9956E-05 0.284926 9.9956E-05 9.9956E-05 0.391297 0.19509
0.848711 9.99471E-05 0.0641554 9.99471E-05 0.0865337 9.99471E-05 9.99471E-05 9.99471E-05 9.99471E-05
0.350349 9.99472E-05 9.99472E-05 9.99472E-05 0.438994 0.210057 9.99472E-05 9.99472E-05 9.99472E-05
0.224584 0.0710876 0.0598771 0.211891 0.250969 0.0678412 9.99825E-05 0.113551 9.99825E-05
9.99649E-05 9.99649E-05 0.135813 0.137311 9.99649E-05 0.395036 0.248093 9.99649E-05 0.0833471
0.29595 9.99561E-05 0.267063 9.99561E-05 0.362605 9.99561E-05 0.0738822 9.99561E-05 9.99561E-05
9.99476E-05 0.544526 9.99476E-05 0.0916157 9.99476E-05 9.99476E-05 9.99476E-05 0.363259 9.99476E-05
0.23553 0.0808102 0.0355033 9.99647E-05 0.192725 0.455032 9.99647E-05 9.99647E-05 9.99647E-05
9.993E-05 9.993E-05 9.993E-05 9.993E-05 0.999201 9.993E-05 9.993E-05 9.993E-05 9.993E-05
9.99472E-05 0.111063 0.401312 9.99472E-05 0.487025 9.99472E-05 9.99472E-05 9.99472E-05 9.99472E-05
9.99472E-05 9.99472E-05 0.387128 9.99472E-05 0.370522 0.24175 9.99472E-05 9.99472E-05 9.99472E-05
9.99473E-05 0.0242602 9.99473E-05 9.99473E-05 9.99473E-05 0.962448 9.99473E-05 9.99473E-05 0.0126917
9.99473E-05 9.99473E-05 0.00728351 0.780315 0.211802 9.99473E-05 9.99473E-05 9.99473E-05 9.99473E-05
0.103137 9.99475E-05 0.234238 9.99475E-05 0.662026 9.99475E-05 9.99475E-05 9.99475E-05 9.99475E-05
0.247181 9.99474E-05 9.99474E-05 9.99474E-05 0.105007 9.99474E-05 9.99474E-05 0.647212 9.99474E-05
9.9965E-05 9.9965E-05 0.730694 9.9965E-05 0.0394407 9.9965E-05 0.0545462 0.0682645 0.106654
9.99649E-05 0.0846701 0.0709492 9.99649E-05 0.315609 0.38944 9.99649E-05 9.99649E-05 0.138932
0.0439158 9.99648E-05 9.99648E-05 0.448355 0.00860523 0.0286668 0.470057 9.99648E-05 9.99648E-05
9.993E-05 0.999201 9.993E-05 9.993E-05 9.993E-05 9.993E-05 9.993E-05 9.993E-05 9.993E-05
9.9956E-05 0.25684 0.487554 0.0939939 9.9956E-05 0.161113 9.9956E-05 9.9956E-05 9.9956E-05
0.352909 9.99561E-05 9.99561E-05 9.99561E-05 9.99561E-05 0.377599 0.231546 0.0374451 9.99561E-05
9.99473E-05 9.99473E-05 0.268788 0.629027 0.101585 9.99473E-05 9.99473E-05 9.99473E-05 9.99473E-05
0.301058 0.462675 9.99476E-05 9.99476E-05 9.99476E-05 9.99476E-05 0.235668 9.99476E-05 9.99476E-05
9.99561E-05 9.99561E-05 0.00255065 9.99561E-05 0.0788702 9.99561E-05 0.227766 0.690313 9.99561E-05
9.99646E-05 9.99646E-05 0.0966904 0.12452 0.366629 9.99646E-05 9.99646E-05 0.408066 0.00369502
9.9956E-05 9.9956E-05 0.199443 9.9956E-05 0.277091 9.9956E-05 9.9956E-05 0.0111936 0.511772
9.99649E-05 0.0826787 0.200842 9.99649E-05 0.00909139 9.99649E-05 0.518628 0.18836 9.99649E-05
9.99559E-05 0.0902997 9.99559E-05 9.99559E-05 0.347677 0.476435 9.99559E-05 0.0850884 9.99559E-05
0.346512 0.27823 0.166703 9.99737E-05 0.0521161 0.103617 0.0525217 9.99737E-05 9.99737E-05
0.270055 0.582687 9.99648E-05 0.0164127 9.99648E-05 9.99648E-05 9.99648E-05 0.0863856 0.0440597
0.580712 9.99391E-05 9.99391E-05 9.99391E-05 9.99391E-05 9.99391E-05 9.99391E-05 0.418588 9.99391E-05
0.270543 0.061029 0.328522 9.99735E-05 0.167361 0.14803 0.0242159 9.99735E-05 9.99735E-05
9.99472E-05 9.99472E-05 0.314689 9.99472E-05 0.207702 9.99472E-05 9.99472E-05 9.99472E-05 0.47701
9.99479E-05 9.99479E-05 9.99479E-05 0.138973 9.99479E-05 0.761358 9.99479E-05 9.99479E-05 0.0990697
0.281718 9.99559E-05 0.179109 0.0754407 9.99559E-05 9.99559E-05 9.99559E-05 9.99559E-05 0.463233
0.0119138 0.15848 9.99474E-05 0.829007 9.99474E-05 9.99474E-05 9.99474E-05 9.99474E-05 9.99474E-05
0.235924 9.99736E-05 9.99736E-05 0.300155 0.0483519 0.0753206 0.243738 9.99736E-05 0.0962112
0.194296 9.99738E-05 0.276891 0.161668 9.99738E-05 9.99738E-05 0.0122674 0.298006 0.0565721
0.0511007 9.99477E-05 9.99477E-05 0.307305 0.640995 9.99477E-05 9.99477E-05 9.99477E-05 9.99477E-05
0.0505662 9.99562E-05 9.99562E-05 9.99562E-05 0.568041 9.99562E-05 0.141112 0.239781 9.99562E-05
9.99475E-05 0.397762 0.146076 9.99475E-05 9.99475E-05 9.99475E-05 0.455563 9.99475E-05 9.99475E-05
0.127739 9.99646E-05 0.0877912 0.138611 9.99646E-05 0.486899 9.99646E-05 9.99646E-05 0.15856
0.765319 9.99476E-05 9.99476E-05 0.0772066 9.99476E-05 9.99476E-05 9.99476E-05 9.99476E-05 0.156874
9.99472E-05 0.698303 0.254138 9.99472E-05 9.99472E-05 0.0469588 9.99472E-05 9.99472E-05 9.99472E-05
0.0962773 0.134504 0.186836 0.495626 9.99649E-05 9.99649E-05 9.99649E-05 0.0863568 9.99649E-05
0.277908 0.454629 9.9947E-05 9.9947E-05 9.9947E-05 9.9947E-05 9.9947E-05 9.9947E-05 0.266863
9.99559E-05 9.99559E-05 0.147841 9.99559E-05 0.308281 9.99559E-05 9.99559E-05 0.231074 0.312305
9.99386E-05 9.99386E-05 9.99386E-05 9.99386E-05 9.99386E-05 9.99386E-05 0.417296 9.99386E-05 0.582004
9.994E-05 0.322187 9.994E-05 0.142364 9.994E-05 9.994E-05 9.994E-05 9.994E-05 0.534849
0.30147 9.99558E-05 0.395875 9.99558E-05 9.99558E-05 0.109153 9.99558E-05 0.193003 9.99558E-05
0.390452 9.99384E-05 9.99384E-05 9.99384E-05 9.99384E-05 0.608848 9.99384E-05 9.99384E-05 9.99384E-05
0.0784852 9.99648E-05 0.56176 9.99648E-05 0.140671 9.99648E-05 0.0362215 9.99648E-05 0.182462
0.130598 0.182587 0.0854888 0.470618 9.99735E-05 9.99735E-05 0.000313295 9.99735E-05 0.130095
9.99475E-05 9.99475E-05 9.99475E-05 0.344168 9.99475E-05 0.192465 0.462767 9.99475E-05 9.99475E-05
9.99561E-05 0.355078 0.147208 9.99561E-05 9.99561E-05 9.99561E-05 9.99561E-05 0.189978 0.307236
9.99383E-05 0.0243976 9.99383E-05 0.974903 9.99383E-05 9.99383E-05 9.99383E-05 9.99383E-05 9.99383E-05
9.99473E-05 9.99473E-05 0.422711 0.13917 9.99473E-05 9.99473E-05 9.99473E-05 9.99473E-05 0.43752
9.99563E-05 9.99563E-05 0.400085 9.99563E-05 0.440953 9.99563E-05 0.0824906 0.0759711 9.99563E-05
0.115885 9.99734E-05 0.208711 9.99734E-05 0.272443 9.99734E-05 0.0624439 0.195692 0.144525
0.301066 9.99478E-05 0.444425 9.99478E-05 0.253909 9.99478E-05 9.99478E-05 9.99478E-05 9.99478E-05
9.99468E-05 9.99468E-05 0.628412 9.99468E-05 9.99468E-05 0.116293 0.254695 9.99468E-05 9.99468E-05
0.0335523 9.99737E-05 9.99737E-05 0.179581 0.281901 0.226628 0.119028 0.15901 9.99737E-05
9.99647E-05 0.0337604 0.280276 0.390511 0.0618852 9.99647E-05 0.233167 9.99647E-05 9.99647E-05
9.99561E-05 9.99561E-05 0.153796 0.346833 0.411948 9.99561E-05 0.0869231 9.99561E-05 9.99561E-05
0.512912 9.99477E-05 9.99477E-05 9.99477E-05 9.99477E-05 0.411868 9.99477E-05 0.0746206 9.99477E-05
9.99558E-05 0.121578 9.99558E-05 0.331597 9.99558E-05 9.99558E-05 0.441715 9.99558E-05 0.104611
9.99474E-05 9.99474E-05 9.99474E-05 0.781314 9.99474E-05 9.99474E-05 0.117314 0.100772 9.99474E-05
9.99558E-05 0.0686928 0.276578 0.623379 0.0308499 9.99558E-05 9.99558E-05 9.99558E-05 9.99558E-05
9.99469E-05 9.99469E-05 9.99469E-05 0.710671 0.0157315 9.99469E-05 9.99469E-05 9.99469E-05 0.272998
9.994E-05 9.994E-05 0.419509 9.994E-05 0.147718 0.432173 9.994E-05 9.994E-05 9.994E-05
9.9956E-05 0.134249 9.9956E-05 9.9956E-05 0.456134 9.9956E-05 0.274238 9.9956E-05 0.134879
0.116888 0.482415 9.99645E-05 9.99645E-05 0.202495 0.100677 9.99645E-05 9.99645E-05 0.0971253
0.372354 0.174573 0.250562 0.0997289 0.102383 9.99649E-05 9.99649E-05 9.99649E-05 9.99649E-05
0.804543 9.99474E-05 9.99474E-05 9.99474E-05 0.120348 9.99474E-05 0.0745092 9.99474E-05 9.99474E-05
0.566991 9.99381E-05 9.99381E-05 9.99381E-05 9.99381E-05 9.99381E-05 9.99381E-05 0.43231 9.99381E-05
9.99561E-05 0.0421024 9.99561E-05 9.99561E-05 0.25394 0.603268 9.99561E-05 0.10019 9.99561E-05
0.228515 0.0140247 9.99558E-05 0.679345 9.99558E-05 0.0776154 9.99558E-05 9.99558E-05 9.99558E-05
0.0110233 0.419362 9.9965E-05 0.191752 9.9965E-05 9.9965E-05 0.233283 0.144179 9.9965E-05
9.99912E-05 0.225031 0.173924 0.165121 0.0791356 0.148426 0.148886 0.0586847 0.000692171
0.341557 0.295914 9.99557E-05 9.99557E-05 0.323349 0.0386811 9.99557E-05 9.99557E-05 9.99557E-05
9.99558E-05 9.99558E-05 9.99558E-05 0.222932 0.293618 9.99558E-05 0.163529 9.99558E-05 0.319421
0.04634 9.99562E-05 0.0705517 0.218911 0.663697 9.99562E-05 9.99562E-05 9.99562E-05 9.99562E-05
9.99387E-05 9.99387E-05 9.99387E-05 9.99387E-05 0.954202 9.99387E-05 9.99387E-05 9.99387E-05 0.0450983
0.0229675 0.157847 0.162114 9.99649E-05 0.4223 9.99649E-05 9.99649E-05 9.99649E-05 0.234372
9.99647E-05 9.99647E-05 0.176779 0.447565 0.0360394 9.99647E-05 0.0461625 9.99647E-05 0.293054
0.221558 0.222751 0.111275 9.99648E-05 9.99648E-05 0.372631 0.0713851 9.99648E-05 9.99648E-05
9.99387E-05 9.99387E-05 9.99387E-05 0.541687 0.457613 9.99387E-05 9.99387E-05 9.99387E-05 9.99387E-05
0.106463 9.99473E-05 9.99473E-05 0.842784 9.99473E-05 9.99473E-05 0.0501536 9.99473E-05 9.99473E-05
0.466278 0.303454 0.219778 9.99559E-05 9.99559E-05 9.99559E-05 9.99559E-05 0.00998936 9.99559E-05
9.99562E-05 0.163283 0.546226 0.192125 9.99562E-05 9.99562E-05 9.99562E-05 9.99562E-05 0.0978659
9.993E-05 9.993E-05 9.993E-05 9.993E-05 9.993E-05 9.993E-05 9.993E-05 9.993E-05 0.999201
0.458663 0.0510369 9.99647E-05 9.99647E-05 0.0471711 0.410953 9.99647E-05 9.99647E-05 0.0317763
0.241083 9.9948E-05 0.505144 9.9948E-05 9.9948E-05 9.9948E-05 9.9948E-05 9.9948E-05 0.253173
0.634595 0.0183635 9.99735E-05 0.0932581 0.169814 9.99735E-05 0.0252714 9.99735E-05 0.0583977
0.722424 9.9956E-05 0.0286668 9.9956E-05 9.9956E-05 9.9956E-05 0.177802 0.0706078 9.9956E-05
9.99389E-05 9.99389E-05 9.99389E-05 9.99389E-05 9.99389E-05 0.580228 9.99389E-05 9.99389E-05 0.419072
9.99473E-05 0.239058 0.207852 0.55249 9.99473E-05 9.99473E-05 9.99473E-05 9.99473E-05 9.99473E-05
0.30838 9.9965E-05 0.303765 9.9965E-05 0.121137 9.9965E-05 0.225237 9.9965E-05 0.0410811
0.756626 9.99385E-05 9.99385E-05 0.242674 9.99385E-05 9.99385E-05 9.99385E-05 9.99385E-05 9.99385E-05
9.9947E-05 9.9947E-05 9.9947E-05 9.9947E-05 0.753435 0.198042 9.9947E-05 9.9947E-05 0.0479233
9.9947E-05 0.555307 9.9947E-05 9.9947E-05 9.9947E-05 0.288255 9.9947E-05 9.9947E-05 0.155838
0.0449349 0.243529 0.17535 0.166739 9.99651E-05 0.369047 9.99651E-05 9.99651E-05 9.99651E-05
0.103931 0.807428 9.99476E-05 9.99476E-05 9.99476E-05 9.99476E-05 0.0880412 9.99476E-05 9.99476E-05
0.122698 9.99559E-05 9.99559E-05 0.0297639 0.706492 9.99559E-05 9.99559E-05 9.99559E-05 0.140547
9.9956E-05 9.9956E-05 9.9956E-05 0.032374 9.9956E-05 9.9956E-05 0.390517 0.367698 0.208911
9.99562E-05 0.191975 0.0223816 9.99562E-05 0.590861 0.194282 9.99562E-05 9.99562E-05 9.99562E-05
9.99735E-05 0.168523 0.00475489 0.0602957 0.0297336 9.99735E-05 0.665658 9.99735E-05 0.0707346
9.99477E-05 9.99477E-05 9.99477E-05 0.642103 9.99477E-05 9.99477E-05 9.99477E-05 0.112538 0.244759
9.99647E-05 9.99647E-05 0.264051 0.0127292 0.285496 0.0617853 9.99647E-05 9.99647E-05 0.375538
9.99736E-05 0.0329256 0.0333572 0.139061 0.0401668 0.753556 9.99736E-05 0.00063413 9.99736E-05
9.9956E-05 9.9956E-05 0.110589 0.438009 9.9956E-05 0.319883 9.9956E-05 9.9956E-05 0.131018
9.99559E-05 9.99559E-05 9.99559E-05 0.526613 0.136064 0.084225 9.99559E-05 0.252597 9.99559E-05
0.655531 9.99559E-05 0.110205 9.99559E-05 0.0803617 9.99559E-05 9.99559E-05 0.153403 9.99559E-05
9.9956E-05 9.9956E-05 9.9956E-05 0.170939 0.365928 0.148431 9.9956E-05 9.9956E-05 0.314202
9.99648E-05 0.27198 0.254002 0.105467 0.362065 9.99648E-05 9.99648E-05 0.00608649 9.99648E-05
9.99561E-05 9.99561E-05 0.43037 0.248354 0.301654 9.99561E-05 0.0191214 9.99561E-05 9.99561E-05
0.581098 9.99561E-05 0.0171457 9.99561E-05 9.99561E-05 0.00153942 9.99561E-05 0.399717 9.99561E-05
9.99649E-05 0.44227 0.0351184 9.99649E-05 9.99649E-05 0.180087 9.99649E-05 0.207646 0.134479
0.480158 0.0716902 0.258526 0.0166889 9.99649E-05 9.99649E-05 9.99649E-05 9.99649E-05 0.172537
9.99385E-05 0.111433 9.99385E-05 9.99385E-05 0.887867 9.99385E-05 9.99385E-05 9.99385E-05 9.99385E-05
0.83558 9.99384E-05 9.99384E-05 9.99384E-05 9.99384E-05 9.99384E-05 9.99384E-05 9.99384E-05 0.163721
0.0962251 9.995E-05 0.15198 0.306978 9.995E-05 0.444317 9.995E-05 9.995E-05 9.995E-05
0.351705 0.539627 0.0112294 0.00664834 0.0903905 9.99647E-05 9.99647E-05 9.99647E-05 9.99647E-05
0.306185 9.99561E-05 9.99561E-05 0.276769 0.162938 9.99561E-05 0.253608 9.99561E-05 9.99561E-05
0.170143 9.99561E-05 9.99561E-05 0.204901 9.99561E-05 9.99561E-05 0.0395213 9.99561E-05 0.584934
0.443702 9.99472E-05 0.406321 9.99472E-05 9.99472E-05 0.149378 9.99472E-05 9.99472E-05 9.99472E-05
0.0104294 0.253796 0.391309 0.136305 9.99736E-05 9.99736E-05 9.99736E-05 0.0934416 0.114419
0.00319515 0.831852 9.9956E-05 0.00779494 9.9956E-05 9.9956E-05 0.156658 9.9956E-05 9.9956E-05
9.993E-05 9.993E-05 0.999201 9.993E-05 9.993E-05 9.993E-05 9.993E-05 9.993E-05 9.993E-05
0.507297 9.99471E-05 9.99471E-05 0.263412 9.99471E-05 0.228691 9.99471E-05 9.99471E-05 9.99471E-05
0.536332 9.99563E-05 9.99563E-05 0.0294059 0.368032 0.0657302 9.99563E-05 9.99563E-05 9.99563E-05
9.99559E-05 0.404994 0.373757 9.99559E-05 9.99559E-05 9.99559E-05 9.99559E-05 0.11505 0.105699
0.335088 9.99562E-05 0.404037 9.99562E-05 0.146733 9.99562E-05 9.99562E-05 9.99562E-05 0.113641
0.231092 0.0387334 0.415253 9.99735E-05 0.0558698 0.0851641 0.173588 9.99735E-05 9.99735E-05
0.476402 0.502526 9.99473E-05 9.99473E-05 9.99473E-05 9.99473E-05 9.99473E-05 0.0204723 9.99473E-05
0.143823 9.99558E-05 0.0355452 9.99558E-05 9.99558E-05 0.233809 9.99558E-05 9.99558E-05 0.586323
0.123608 0.583926 9.99562E-05 0.0247596 9.99562E-05 0.267207 9.99562E-05 9.99562E-05 9.99562E-05
0.0880947 0.161233 9.99557E-05 0.331379 0.418794 9.99557E-05 9.99557E-05 9.99557E-05 9.99557E-05
9.99648E-05 9.99648E-05 0.00878449 0.183884 0.319649 0.0732391 9.99648E-05 9.99648E-05 0.414043
0.105073 0.0583765 9.99648E-05 0.725453 0.0501263 9.99648E-05 9.99648E-05 9.99648E-05 0.0605714
0.381106 0.409938 9.99563E-05 9.99563E-05 0.206725 9.99563E-05 9.99563E-05 0.0017315 9.99563E-05
0.345608 9.99556E-05 9.99556E-05 0.173245 0.316361 0.164287 9.99556E-05 9.99556E-05 9.99556E-05
0.880383 0.00191625 9.99559E-05 0.0970121 9.99559E-05 9.99559E-05 9.99559E-05 9.99559E-05 0.0201892
0.779728 0.121176 9.99472E-05 9.99472E-05 9.99472E-05 9.99472E-05 0.0984963 9.99472E-05 9.99472E-05
9.99561E-05 9.99561E-05 9.99561E-05 0.215134 9.99561E-05 0.37494 0.158363 9.99561E-05 0.251063
9.99473E-05 9.99473E-05 0.462818 9.99473E-05 9.99473E-05 0.281842 0.254741 9.99473E-05 9.99473E-05
9.99561E-05 9.99561E-05 9.99561E-05 0.298675 9.99561E-05 0.438523 0.0716935 0.190609 9.99561E-05
9.99646E-05 0.0251728 0.435407 0.0369037 0.2098 0.292317 9.99646E-05 9.99646E-05 9.99646E-05
9.99474E-05 0.862635 0.102435 0.0343301 9.99474E-05 9.99474E-05 9.99474E-05 9.99474E-05 9.99474E-05
9.99388E-05 9.99388E-05 0.758321 9.99388E-05 9.99388E-05 9.99388E-05 9.99388E-05 0.240979 9.99388E-05
0.407603 0.365482 9.99471E-05 9.99471E-05 9.99471E-05 9.99471E-05 0.226315 9.99471E-05 9.99471E-05
9.99559E-05 0.478648 0.111987 9.99559E-05 0.281591 9.99559E-05 0.127274 9.99559E-05 9.99559E-05
9.99559E-05 9.99559E-05 9.99559E-05 0.526449 0.274823 0.085926 9.99559E-05 0.112302 9.99559E-05
0.365807 9.99473E-05 0.211413 9.99473E-05 0.422181 9.99473E-05 9.99473E-05 9.99473E-05 9.99473E-05
0.266577 0.0757665 0.251348 9.99559E-05 9.99559E-05 0.405808 9.99559E-05 9.99559E-05 9.99559E-05
0.251669 0.0331213 9.99735E-05 0.534295 0.00171662 0.115185 9.99735E-05 0.0637131 9.99735E-05
9.99651E-05 0.447626 9.99651E-05 0.156307 0.106558 0.0581221 9.99651E-05 9.99651E-05 0.230987
9.99477E-05 9.99477E-05 0.0955959 0.780596 9.99477E-05 9.99477E-05 9.99477E-05 9.99477E-05 0.123208
9.99562E-05 0.454342 0.359097 9.99562E-05 9.99562E-05 9.99562E-05 0.124106 9.99562E-05 0.0619549
0.115199 9.9956E-05 0.212384 9.9956E-05 0.499897 9.9956E-05 9.9956E-05 9.9956E-05 0.17202
0.0433172 0.256883 0.178836 9.996E-05 0.337426 0.183139 9.996E-05 9.996E-05 9.996E-05
0.514602 9.9947E-05 0.0261454 9.9947E-05 9.9947E-05 0.458653 9.9947E-05 9.9947E-05 9.9947E-05
9.99475E-05 9.99475E-05 0.884743 0.0416082 9.99475E-05 9.99475E-05 0.0730488 9.99475E-05 9.99475E-05
0.00140893 0.388304 0.292933 0.214108 9.99736E-05 0.0668127 0.0361332 9.99736E-05 9.99736E-05
9.99563E-05 0.380273 0.0979595 0.157731 0.363536 9.99563E-05 9.99563E-05 9.99563E-05 9.99563E-05
9.99565E-05 9.99565E-05 0.255196 9.99565E-05 9.99565E-05 0.0108807 0.095439 9.99565E-05 0.637985
9.9956E-05 9.9956E-05 0.203206 0.4067 9.9956E-05 0.344663 9.9956E-05 0.0449305 9.9956E-05
9.99472E-05 0.438343 0.552914 0.0081437 9.99472E-05 9.99472E-05 9.99472E-05 9.99472E-05 9.99472E-05
0.571933 0.201726 9.99474E-05 9.99474E-05 0.225742 9.99474E-05 9.99474E-05 9.99474E-05 9.99474E-05
0.711839 9.99389E-05 9.99389E-05 9.99389E-05 9.99389E-05 9.99389E-05 9.99389E-05 9.99389E-05 0.287461
9.99389E-05 0.499845 9.99389E-05 9.99389E-05 0.499455 9.99389E-05 9.99389E-05 9.99389E-05 9.99389E-05
0.0495637 0.48702 9.99558E-05 0.44776 9.99558E-05 9.99558E-05 9.99558E-05 0.015156 9.99558E-05
9.99649E-05 0.693294 0.084585 9.99649E-05 0.0114261 9.99649E-05 0.156718 9.99649E-05 0.0535774
0.337572 9.99648E-05 0.371159 0.113601 0.158573 9.99648E-05 9.99648E-05 9.99648E-05 0.0186945
9.99469E-05 0.440202 9.99469E-05 9.99469E-05 9.99469E-05 0.340091 9.99469E-05 9.99469E-05 0.219108
0.100233 0.51708 0.312287 9.99557E-05 0.0699007 9.99557E-05 9.99557E-05 9.99557E-05 9.99557E-05
0.0570894 0.50849 9.99559E-05 0.328335 0.105586 9.99559E-05 9.99559E-05 9.99559E-05 9.99559E-05
0.431397 0.174457 0.10953 0.0379479 0.214907 9.99736E-05 9.99736E-05 9.99736E-05 0.0314613
9.99471E-05 0.414417 9.99471E-05 9.99471E-05 9.99471E-05 0.182537 9.99471E-05 9.99471E-05 0.402446
0.0944246 9.99472E-05 0.458682 9.99472E-05 9.99472E-05 9.99472E-05 9.99472E-05 0.446294 9.99472E-05
0.0722909 9.99473E-05 9.99473E-05 9.99473E-05 0.761216 0.165894 9.99473E-05 9.99473E-05 9.99473E-05
9.99471E-05 0.0707133 0.476808 0.451879 9.99471E-05 9.99471E-05 9.99471E-05 9.99471E-05 9.99471E-05
9.99649E-05 9.99649E-05 0.492625 9.99649E-05 0.127038 0.163412 9.99649E-05 0.0219682 0.194557
0.0200786 9.99392E-05 9.99392E-05 0.979222 9.99392E-05 9.99392E-05 9.99392E-05 9.99392E-05 9.99392E-05
9.99561E-05 0.0731893 9.99561E-05 0.0974552 0.0849172 9.99561E-05 9.99561E-05 0.743939 9.99561E-05
0.448927 9.99558E-05 9.99558E-05 9.99558E-05 0.395516 9.99558E-05 0.0433973 9.99558E-05 0.11166
0.197703 0.0977859 0.10734 0.261119 0.0195429 0.316209 9.99735E-05 9.99735E-05 9.99735E-05
9.99647E-05 0.123521 0.0426028 9.99647E-05 9.99647E-05 0.537378 9.99647E-05 0.167792 0.128306
0.486853 9.9956E-05 9.9956E-05 9.9956E-05 0.315167 9.9956E-05 0.118661 9.9956E-05 0.078819
9.99301E-05 9.99301E-05 9.99301E-05 0.999201 9.99301E-05 9.99301E-05 9.99301E-05 9.99301E-05 9.99301E-05
0.679713 9.99469E-05 9.99469E-05 9.99469E-05 0.0861007 9.99469E-05 9.99469E-05 0.233586 9.99469E-05
9.99648E-05 0.181887 9.99648E-05 0.362852 0.236189 0.202398 9.99648E-05 0.016274 9.99648E-05
0.208812 0.199408 9.99562E-05 0.391483 0.199797 9.99562E-05 9.99562E-05 9.99562E-05 9.99562E-05
9.99649E-05 0.429124 0.175825 9.99649E-05 0.0879214 0.238515 9.99649E-05 0.0682148 9.99649E-05
0.212467 0.00830012 0.124838 0.0622197 0.314752 9.99736E-05 9.99736E-05 9.99736E-05 0.277123
9.99384E-05 9.99384E-05 0.362975 0.636326 9.99384E-05 9.99384E-05 9.99384E-05 9.99384E-05 9.99384E-05
9.99559E-05 0.505437 9.99559E-05 9.99559E-05 9.99559E-05 9.99559E-05 0.157235 0.123063 0.213766
0.195062 9.9965E-05 9.9965E-05 0.254317 9.9965E-05 0.33335 0.167606 9.9965E-05 0.0492641
0.0417845 0.485125 9.99648E-05 9.99648E-05 0.212751 0.00690319 0.253036 9.99648E-05 9.99648E-05
9.99474E-05 9.99474E-05 0.565452 0.00348311 9.99474E-05 9.99474E-05 9.99474E-05 0.430465 9.99474E-05
9.9965E-05 0.192215 0.131533 9.9965E-05 0.157021 9.9965E-05 0.373913 0.144918 9.9965E-05
9.99736E-05 0.00246903 9.99736E-05 0.44064 0.0623506 0.0512658 9.99736E-05 0.401276 0.0416986
9.99471E-05 0.343535 9.99471E-05 9.99471E-05 9.99471E-05 9.99471E-05 0.321696 9.99471E-05 0.334169
