9.99561E-05 9.99561E-05 0.309519 0.0870691 9.99561E-05 0.140642 9.99561E-05 0.46227 9.99561E-05
9.99736E-05 0.0798872 0.0575201 0.0875238 0.628579 0.0654767 9.99736E-05 9.99736E-05 0.0807128
0.305106 9.99478E-05 0.55246 9.99478E-05 0.141835 9.99478E-05 9.99478E-05 9.99478E-05 9.99478E-05
9.99471E-05 9.99471E-05 0.263101 9.99471E-05 9.99471E-05 9.99471E-05 0.131674 9.99471E-05 0.604626
0.999201 9.993E-05 9.993E-05 9.993E-05 9.993E-05 9.993E-05 9.993E-05 9.993E-05 9.993E-05
9.99646E-05 0.118094 0.118021 0.0423066 0.102684 9.99646E-05 9.99646E-05 0.618494 9.99646E-05
9.99561E-05 0.196234 0.368566 9.99561E-05 0.02827 0.40643 9.99561E-05 9.99561E-05 9.99561E-05
0.121665 9.99471E-05 9.99471E-05 9.99471E-05 9.99471E-05 0.796894 9.99471E-05 0.0808421 9.99471E-05
9.99649E-05 0.0864745 0.657163 0.0385161 9.99649E-05 0.179862 9.99649E-05 0.0375844 9.99649E-05
0.159424 9.99736E-05 0.222121 9.99736E-05 9.99736E-05 0.377664 0.0296816 0.153953 0.0568562
9.99384E-05 9.99384E-05 0.2697 9.99384E-05 9.99384E-05 9.99384E-05 0.729601 9.99384E-05 9.99384E-05
9.9947E-05 9.9947E-05 0.307917 9.9947E-05 9.9947E-05 9.9947E-05 9.9947E-05 0.479602 0.211882
0.360565 0.365483 9.99561E-05 9.99561E-05 9.99561E-05 0.0328422 0.24061 9.99561E-05 9.99561E-05
9.99384E-05 9.99384E-05 0.337466 9.99384E-05 9.99384E-05 9.99384E-05 9.99384E-05 0.661835 9.99384E-05
9.99561E-05 0.0527784 0.748972 9.99561E-05 9.99561E-05 0.193288 0.00446162 9.99561E-05 9.99561E-05
0.00614514 9.99561E-05 0.747762 9.99561E-05 0.0370705 9.99561E-05 9.99561E-05 9.99561E-05 0.208522
0.144922 0.511054 9.99562E-05 9.99562E-05 9.99562E-05 9.99562E-05 9.99562E-05 0.244957 0.0985669
9.99647E-05 0.0727379 0.0115705 0.244669 9.99647E-05 0.46954 0.201083 9.99647E-05 9.99647E-05
9.99561E-05 0.010193 9.99561E-05 0.546461 0.382474 9.99561E-05 9.99561E-05 9.99561E-05 0.0603724
9.99558E-05 0.112629 0.422749 9.99558E-05 9.99558E-05 0.338349 9.99558E-05 0.125773 9.99558E-05
0.0643832 9.9956E-05 9.9956E-05 9.9956E-05 0.00737667 0.0572553 0.870485 9.9956E-05 9.9956E-05
9.99386E-05 9.99386E-05 9.99386E-05 9.99386E-05 0.912984 9.99386E-05 9.99386E-05 9.99386E-05 0.0863163
9.99388E-05 9.99388E-05 9.99388E-05 9.99388E-05 9.99388E-05 9.99388E-05 9.99388E-05 0.0186643 0.980636
0.130846 0.0894366 9.99648E-05 9.99648E-05 0.255558 0.402334 0.121425 9.99648E-05 9.99648E-05
9.99382E-05 9.99382E-05 0.329909 9.99382E-05 9.99382E-05 9.99382E-05 9.99382E-05 9.99382E-05 0.669392
0.0945374 9.99557E-05 0.223694 9.99557E-05 9.99557E-05 0.195924 9.99557E-05 0.485345 9.99557E-05
9.99563E-05 9.99563E-05 0.249304 0.311556 0.0450482 9.99563E-05 9.99563E-05 0.393592 9.99563E-05
0.120073 9.99648E-05 0.152245 9.99648E-05 0.4161 0.236284 9.99648E-05 0.0748992 9.99648E-05
9.99474E-05 0.105593 0.865358 9.99474E-05 9.99474E-05 0.0284493 9.99474E-05 9.99474E-05 9.99474E-05
9.99561E-05 9.99561E-05 9.99561E-05 0.0245113 0.118333 9.99561E-05 9.99561E-05 0.689201 0.167454
9.99384E-05 9.99384E-05 0.824552 9.99384E-05 9.99384E-05 0.174749 9.99384E-05 9.99384E-05 9.99384E-05
9.995E-05 9.995E-05 9.995E-05 9.995E-05 0.140117 0.0895321 0.325692 0.444159 9.995E-05
9.99561E-05 9.99561E-05 9.99561E-05 0.144697 0.468511 9.99561E-05 0.366463 9.99561E-05 0.019829
9.99738E-05 9.99738E-05 0.285646 0.0934052 9.99738E-05 0.0916039 0.00346623 0.335045 0.190534
0.609363 9.99476E-05 9.99476E-05 0.124061 9.99476E-05 9.99476E-05 9.99476E-05 0.265977 9.99476E-05
9.995E-05 9.995E-05 0.137286 9.995E-05 0.601519 0.0531581 9.995E-05 0.207537 9.995E-05
9.99383E-05 0.854285 9.99383E-05 0.145015 9.99383E-05 9.99383E-05 9.99383E-05 9.99383E-05 9.99383E-05
9.99474E-05 0.0542567 0.375995 9.99474E-05 9.99474E-05 9.99474E-05 9.99474E-05 0.569149 9.99474E-05
0.223413 9.99562E-05 0.209386 9.99562E-05 9.99562E-05 0.175297 9.99562E-05 0.391404 9.99562E-05
9.99558E-05 9.99558E-05 0.310328 9.99558E-05 0.419177 9.99558E-05 9.99558E-05 0.234949 0.035046
0.0950542 0.21375 0.022055 9.99648E-05 9.99648E-05 9.99648E-05 0.484082 9.99648E-05 0.184659
9.99736E-05 0.130686 0.305167 0.140484 9.99736E-05 0.196661 9.99736E-05 0.162258 0.0644433
0.0254419 9.99648E-05 0.294719 0.281485 9.99648E-05 9.99648E-05 9.99648E-05 0.0408105 0.357143
9.99561E-05 0.56287 9.99561E-05 9.99561E-05 0.351847 9.99561E-05 9.99561E-05 0.0118731 0.0729105
9.995E-05 9.995E-05 0.0247108 0.516345 9.995E-05 0.0343747 9.995E-05 0.42407 9.995E-05
9.99558E-05 0.5079 9.99558E-05 0.0794506 0.142463 9.99558E-05 0.269687 9.99558E-05 9.99558E-05
9.99386E-05 9.99386E-05 0.310737 9.99386E-05 9.99386E-05 0.688563 9.99386E-05 9.99386E-05 9.99386E-05
0.0252448 0.064691 0.51963 0.0159626 9.99649E-05 9.99649E-05 9.99649E-05 0.374072 9.99649E-05
9.99647E-05 0.187588 0.0702388 9.99647E-05 9.99647E-05 0.0882696 0.0956571 0.557847 9.99647E-05
9.9947E-05 9.9947E-05 9.9947E-05 0.0805695 9.9947E-05 0.248877 9.9947E-05 0.669953 9.9947E-05
9.99386E-05 0.321288 9.99386E-05 9.99386E-05 9.99386E-05 9.99386E-05 9.99386E-05 9.99386E-05 0.678012
9.99561E-05 9.99561E-05 0.0430512 9.99561E-05 9.99561E-05 0.313576 0.449067 9.99561E-05 0.193806
9.99385E-05 9.99385E-05 0.78004 0.219261 9.99385E-05 9.99385E-05 9.99385E-05 9.99385E-05 9.99385E-05
9.9956E-05 9.9956E-05 0.762304 9.9956E-05 0.0433227 9.9956E-05 0.105079 9.9956E-05 0.0887945
9.99474E-05 0.134846 9.99474E-05 0.369147 9.99474E-05 0.495407 9.99474E-05 9.99474E-05 9.99474E-05
0.235121 0.0751161 0.18098 9.99563E-05 9.99563E-05 9.99563E-05 9.99563E-05 0.508283 9.99563E-05
9.99648E-05 9.99648E-05 0.143239 9.99648E-05 9.99648E-05 0.182004 0.124998 0.406559 0.1428
9.99471E-05 0.181003 9.99471E-05 9.99471E-05 0.480763 9.99471E-05 9.99471E-05 9.99471E-05 0.337635
9.9938E-05 9.9938E-05 0.457623 9.9938E-05 9.9938E-05 9.9938E-05 9.9938E-05 9.9938E-05 0.541677
9.99473E-05 9.99473E-05 9.99473E-05 9.99473E-05 9.99473E-05 9.99473E-05 0.197335 0.761928 0.0401382
9.99559E-05 9.99559E-05 9.99559E-05 0.0725318 0.238642 0.619707 9.99559E-05 0.0686191 9.99559E-05
0.10597 9.9956E-05 0.0970604 9.9956E-05 0.428176 9.9956E-05 9.9956E-05 9.9956E-05 0.368294
0.181335 0.0453783 0.220856 9.99559E-05 9.99559E-05 9.99559E-05 0.55193 9.99559E-05 9.99559E-05
9.99561E-05 9.99561E-05 9.99561E-05 0.118821 0.0151884 9.99561E-05 0.0620899 9.99561E-05 0.803401
0.215131 9.99649E-05 9.99649E-05 0.187818 0.298191 0.0866826 9.99649E-05 9.99649E-05 0.211778
9.9956E-05 0.0328058 9.9956E-05 0.140593 0.223406 9.9956E-05 9.9956E-05 0.602695 9.9956E-05
9.99562E-05 0.0938463 9.99562E-05 0.443721 9.99562E-05 0.437885 9.99562E-05 9.99562E-05 0.0240479
9.99562E-05 0.0638994 0.257094 0.365737 9.99562E-05 9.99562E-05 9.99562E-05 0.31277 9.99562E-05
9.99471E-05 9.99471E-05 9.99471E-05 0.0952231 0.488359 9.99471E-05 9.99471E-05 0.415818 9.99471E-05
9.99565E-05 9.99565E-05 0.547033 0.243167 0.150371 9.99565E-05 9.99565E-05 9.99565E-05 0.0589284
0.487719 9.9939E-05 9.9939E-05 9.9939E-05 9.9939E-05 9.9939E-05 9.9939E-05 9.9939E-05 0.511581
9.99472E-05 9.99472E-05 9.99472E-05 9.99472E-05 9.99472E-05 0.246096 0.625327 9.99472E-05 0.127977
0.284574 9.99476E-05 9.99476E-05 9.99476E-05 0.0755403 0.639286 9.99476E-05 9.99476E-05 9.99476E-05
0.0794331 0.370871 9.99471E-05 9.99471E-05 9.99471E-05 0.549097 9.99471E-05 9.99471E-05 9.99471E-05
9.99472E-05 9.99472E-05 0.235467 9.99472E-05 0.706555 9.99472E-05 9.99472E-05 9.99472E-05 0.0573786
9.99473E-05 0.174431 9.99473E-05 9.99473E-05 0.746737 9.99473E-05 0.0782322 9.99473E-05 9.99473E-05
9.99649E-05 9.99649E-05 9.99649E-05 9.99649E-05 0.285243 0.0378258 0.489546 0.082183 0.104802
0.829997 9.99382E-05 9.99382E-05 9.99382E-05 9.99382E-05 0.169303 9.99382E-05 9.99382E-05 9.99382E-05
9.99475E-05 9.99475E-05 0.324018 9.99475E-05 0.390022 9.99475E-05 9.99475E-05 9.99475E-05 0.285361
9.99469E-05 0.560065 9.99469E-05 0.318999 9.99469E-05 0.120337 9.99469E-05 9.99469E-05 9.99469E-05
0.199522 0.338174 0.00450114 0.00282487 0.216235 0.0258543 0.115852 0.0969374 9.99912E-05
0.184194 9.99475E-05 9.99475E-05 0.248512 9.99475E-05 0.566695 9.99475E-05 9.99475E-05 9.99475E-05
0.000267847 0.563766 0.24869 0.00865946 0.0766966 0.101619 9.99737E-05 9.99737E-05 9.99737E-05
0.166954 9.99646E-05 0.362191 0.112734 0.00803555 9.99646E-05 9.99646E-05 0.349685 9.99646E-05
9.99473E-05 0.270565 0.429664 9.99473E-05 0.299172 9.99473E-05 9.99473E-05 9.99473E-05 9.99473E-05
9.996E-05 9.996E-05 9.996E-05 0.299542 0.161323 0.10614 0.0708889 0.361707 9.996E-05
9.99558E-05 9.99558E-05 0.114113 9.99558E-05 0.461416 0.0370259 9.99558E-05 0.386946 9.99558E-05
9.99562E-05 9.99562E-05 9.99562E-05 9.99562E-05 0.0310154 0.656 9.99562E-05 0.0949633 0.217522
9.99392E-05 9.99392E-05 9.99392E-05 9.99392E-05 9.99392E-05 9.99392E-05 0.836256 9.99392E-05 0.163045
9.99736E-05 0.0304519 0.215058 9.99736E-05 0.25777 0.130011 9.99736E-05 0.270425 0.0959837
9.99387E-05 9.99387E-05 0.0474735 9.99387E-05 9.99387E-05 9.99387E-05 9.99387E-05 0.951827 9.99387E-05
9.9956E-05 0.306614 0.150563 9.9956E-05 9.9956E-05 0.201142 9.9956E-05 0.341181 9.9956E-05
9.99386E-05 9.99386E-05 9.99386E-05 9.99386E-05 0.652281 9.99386E-05 0.347019 9.99386E-05 9.99386E-05
9.99384E-05 9.99384E-05 0.519507 9.99384E-05 9.99384E-05 9.99384E-05 0.479793 9.99384E-05 9.99384E-05
9.99559E-05 9.99559E-05 0.124289 0.143052 0.0945809 9.99559E-05 9.99559E-05 0.637578 9.99559E-05
9.99472E-05 9.99472E-05 0.0566248 0.618634 0.324142 9.99472E-05 9.99472E-05 9.99472E-05 9.99472E-05
9.9956E-05 9.9956E-05 9.9956E-05 0.13903 9.9956E-05 9.9956E-05 0.287943 0.371126 0.201401
0.389558 9.99649E-05 0.151936 9.99649E-05 9.99649E-05 0.290785 0.133336 0.0339851 9.99649E-05
9.9956E-05 9.9956E-05 9.9956E-05 0.0191008 9.9956E-05 0.12845 0.495241 9.9956E-05 0.356709
9.99477E-05 9.99477E-05 9.99477E-05 9.99477E-05 0.364402 9.99477E-05 0.0632842 0.571714 9.99477E-05
9.9956E-05 9.9956E-05 0.637167 9.9956E-05 9.9956E-05 0.112333 0.206774 0.043226 9.9956E-05
9.99736E-05 0.0513264 0.236822 0.0294544 9.99736E-05 9.99736E-05 0.129637 0.134003 0.418457
9.99563E-05 9.99563E-05 0.199928 9.99563E-05 0.0627377 0.579709 9.99563E-05 9.99563E-05 0.157126
0.149022 9.99476E-05 9.99476E-05 9.99476E-05 9.99476E-05 9.99476E-05 9.99476E-05 0.766294 0.0840846
9.99479E-05 9.99479E-05 0.361231 9.99479E-05 0.610306 0.0278636 9.99479E-05 9.99479E-05 9.99479E-05
9.995E-05 0.144331 0.419301 9.995E-05 9.995E-05 9.995E-05 0.198847 0.237022 9.995E-05
9.99385E-05 9.99385E-05 0.536789 9.99385E-05 9.99385E-05 0.462511 9.99385E-05 9.99385E-05 9.99385E-05
9.99561E-05 9.99561E-05 0.267243 0.11676 0.527683 0.0878136 9.99561E-05 9.99561E-05 9.99561E-05
9.99384E-05 9.99384E-05 9.99384E-05 0.0165755 9.99384E-05 9.99384E-05 9.99384E-05 9.99384E-05 0.982725
9.99389E-05 0.00959759 9.99389E-05 9.99389E-05 9.99389E-05 9.99389E-05 9.99389E-05 0.989703 9.99389E-05
0.0251993 9.9956E-05 0.805815 9.9956E-05 9.9956E-05 9.9956E-05 9.9956E-05 0.0669749 0.101511
9.99472E-05 9.99472E-05 0.0379816 9.99472E-05 9.99472E-05 0.239721 9.99472E-05 0.721697 9.99472E-05
9.99474E-05 9.99474E-05 9.99474E-05 9.99474E-05 9.99474E-05 0.745132 0.116434 0.137834 9.99474E-05
9.99558E-05 9.99558E-05 0.426219 9.99558E-05 0.109539 9.99558E-05 0.22227 9.99558E-05 0.241473
9.99477E-05 0.134703 9.99477E-05 9.99477E-05 9.99477E-05 9.99477E-05 0.806838 0.057859 9.99477E-05
9.99473E-05 0.0995012 9.99473E-05 9.99473E-05 9.99473E-05 0.780469 0.11943 9.99473E-05 9.99473E-05
9.99469E-05 9.99469E-05 9.99469E-05 0.400119 9.99469E-05 0.155398 9.99469E-05 0.443884 9.99469E-05
9.99652E-05 0.365368 0.0532626 0.214792 9.99652E-05 0.0677723 0.298406 9.99652E-05 9.99652E-05
9.99559E-05 9.99559E-05 9.99559E-05 0.167813 9.99559E-05 0.363455 9.99559E-05 0.283756 0.184477
9.99471E-05 9.99471E-05 9.99471E-05 9.99471E-05 0.72247 0.0222615 0.254669 9.99471E-05 9.99471E-05
0.115088 9.99649E-05 0.209607 0.238416 0.0875747 0.348914 9.99649E-05 9.99649E-05 9.99649E-05
9.99558E-05 9.99558E-05 9.99558E-05 0.190802 0.284906 9.99558E-05 0.224157 9.99558E-05 0.299635
9.99563E-05 0.30667 0.425399 9.99563E-05 0.00675132 9.99563E-05 9.99563E-05 0.260679 9.99563E-05
9.99648E-05 0.345328 9.99648E-05 9.99648E-05 0.0334499 9.99648E-05 0.045797 0.503567 0.0714586
9.99561E-05 9.99561E-05 0.143537 9.99561E-05 9.99561E-05 0.565214 0.161967 0.128783 9.99561E-05
9.99471E-05 9.99471E-05 9.99471E-05 9.99471E-05 0.0780353 0.69852 9.99471E-05 9.99471E-05 0.222845
0.0723416 9.99474E-05 0.27254 9.99474E-05 9.99474E-05 0.654519 9.99474E-05 9.99474E-05 9.99474E-05
0.0512937 0.19015 9.99471E-05 9.99471E-05 9.99471E-05 9.99471E-05 9.99471E-05 0.757957 9.99471E-05
0.344602 9.99559E-05 9.99559E-05 0.167239 9.99559E-05 9.99559E-05 0.0849169 0.402743 9.99559E-05
9.99558E-05 9.99558E-05 9.99558E-05 9.99558E-05 9.99558E-05 0.523769 0.140034 0.288251 0.0474464
0.245814 9.99558E-05 0.193562 9.99558E-05 0.248709 0.311416 9.99558E-05 9.99558E-05 9.99558E-05
0.521444 0.115531 9.99737E-05 9.99737E-05 0.114827 0.0136117 0.160313 0.0739722 9.99737E-05
9.99473E-05 0.0113389 9.99473E-05 9.99473E-05 9.99473E-05 9.99473E-05 0.448549 0.539513 9.99473E-05
0.135053 9.99648E-05 0.179736 0.452279 0.113017 9.99648E-05 0.119516 9.99648E-05 9.99648E-05
0.22172 0.141998 9.99648E-05 9.99648E-05 0.216784 0.273986 9.99648E-05 0.145113 9.99648E-05
9.99384E-05 9.99384E-05 0.793965 9.99384E-05 9.99384E-05 9.99384E-05 9.99384E-05 0.205336 9.99384E-05
0.206515 9.99475E-05 0.518954 9.99475E-05 9.99475E-05 9.99475E-05 0.273931 9.99475E-05 9.99475E-05
0.0504743 9.99647E-05 0.198673 9.99647E-05 9.99647E-05 0.503121 0.0324916 9.99647E-05 0.21484
0.0221424 9.9965E-05 0.302109 9.9965E-05 0.0416026 0.247248 0.386498 9.9965E-05 9.9965E-05
0.155821 0.46005 0.383529 9.99471E-05 9.99471E-05 9.99471E-05 9.99471E-05 9.99471E-05 9.99471E-05
9.9965E-05 9.9965E-05 0.0583634 9.9965E-05 0.466767 0.366486 0.0964478 9.9965E-05 0.0115358
9.99735E-05 0.253076 0.0643222 0.250937 9.99735E-05 0.211318 0.189032 0.0310141 9.99735E-05
9.99473E-05 9.99473E-05 9.99473E-05 0.511628 9.99473E-05 9.99473E-05 9.99473E-05 0.109409 0.378364
9.99472E-05 9.99472E-05 9.99472E-05 9.99472E-05 0.135619 9.99472E-05 9.99472E-05 0.68497 0.178811
9.99474E-05 9.99474E-05 9.99474E-05 9.99474E-05 9.99474E-05 0.368821 0.158342 9.99474E-05 0.472237
9.99473E-05 9.99473E-05 9.99473E-05 0.104336 9.99473E-05 0.637511 0.257553 9.99473E-05 9.99473E-05
0.0330851 9.9956E-05 0.251459 0.100741 9.9956E-05 9.9956E-05 0.614215 9.9956E-05 9.9956E-05
9.99387E-05 9.99387E-05 9.99387E-05 0.339601 9.99387E-05 0.659699 9.99387E-05 9.99387E-05 9.99387E-05
9.99567E-05 9.99567E-05 0.381754 9.99567E-05 0.151333 0.332338 9.99567E-05 0.134075 9.99567E-05
9.99475E-05 9.99475E-05 9.99475E-05 9.99475E-05 0.761677 0.178469 9.99475E-05 0.0592549 9.99475E-05
9.9956E-05 0.0264499 0.213602 0.454586 9.9956E-05 9.9956E-05 9.9956E-05 0.304862 9.9956E-05
9.99477E-05 9.99477E-05 9.99477E-05 0.137101 9.99477E-05 9.99477E-05 0.0189362 9.99477E-05 0.843363
9.99472E-05 0.457817 0.446691 9.99472E-05 0.0948921 9.99472E-05 9.99472E-05 9.99472E-05 9.99472E-05
9.99475E-05 9.99475E-05 0.646518 0.227372 0.125511 9.99475E-05 9.99475E-05 9.99475E-05 9.99475E-05
0.0532076 9.9956E-05 0.121926 9.9956E-05 9.9956E-05 9.9956E-05 0.259802 0.564565 9.9956E-05
9.99649E-05 0.108067 9.99649E-05 0.265225 0.146424 0.385824 0.0940608 9.99649E-05 9.99649E-05
9.99559E-05 9.99559E-05 9.99559E-05 9.99559E-05 0.0241394 0.127563 9.99559E-05 0.592442 0.255356
0.0133365 9.99469E-05 9.99469E-05 9.99469E-05 9.99469E-05 9.99469E-05 0.299439 0.686625 9.99469E-05
0.0726155 9.99651E-05 9.99651E-05 0.329999 0.429132 9.99651E-05 0.0675256 0.100328 9.99651E-05
0.269005 9.99559E-05 0.165392 9.99559E-05 0.226385 9.99559E-05 0.338718 9.99559E-05 9.99559E-05
9.99474E-05 9.99474E-05 0.492327 0.0440343 9.99474E-05 9.99474E-05 9.99474E-05 0.463039 9.99474E-05
9.99475E-05 9.99475E-05 0.64735 9.99475E-05 0.198727 9.99475E-05 9.99475E-05 0.153323 9.99475E-05
9.99648E-05 0.229508 0.0129979 0.120553 0.406739 9.99648E-05 0.229802 9.99648E-05 9.99648E-05
9.9956E-05 0.307171 9.9956E-05 9.9956E-05 9.9956E-05 0.354554 9.9956E-05 0.134973 0.202802
9.99561E-05 0.306438 9.99561E-05 9.99561E-05 0.0339143 9.99561E-05 9.99561E-05 0.610539 0.0486091
9.99475E-05 0.745652 0.0248846 9.99475E-05 9.99475E-05 0.228864 9.99475E-05 9.99475E-05 9.99475E-05
9.99469E-05 0.296808 0.64569 0.0569019 9.99469E-05 9.99469E-05 9.99469E-05 9.99469E-05 9.99469E-05
0.311424 9.99735E-05 9.99735E-05 0.190913 0.00652955 0.11838 0.201205 0.171249 9.99735E-05
9.99561E-05 0.160712 0.262477 9.99561E-05 9.99561E-05 0.286158 9.99561E-05 0.290153 9.99561E-05
9.99561E-05 0.231162 9.99561E-05 0.471541 9.99561E-05 0.0248241 9.99561E-05 9.99561E-05 0.271972
0.0615255 0.0909369 0.0787913 0.20727 0.537559 9.99737E-05 0.0236168 9.99737E-05 9.99737E-05
9.99477E-05 9.99477E-05 0.101171 9.99477E-05 9.99477E-05 0.217528 9.99477E-05 0.680701 9.99477E-05
9.99735E-05 0.221684 0.0144903 9.99735E-05 0.151195 0.190639 9.99735E-05 0.351563 0.0701291
9.99482E-05 0.0283668 9.99482E-05 9.99482E-05 9.99482E-05 0.57835 9.99482E-05 0.392684 9.99482E-05
9.99561E-05 9.99561E-05 9.99561E-05 9.99561E-05 0.146117 0.450392 0.0811652 0.321826 9.99561E-05
9.99471E-05 0.364992 9.99471E-05 9.99471E-05 0.520255 9.99471E-05 9.99471E-05 0.114154 9.99471E-05
0.0269613 0.113254 9.99649E-05 9.99649E-05 0.376588 9.99649E-05 0.196103 0.286694 9.99649E-05
9.99651E-05 0.178095 0.386664 0.180714 9.99651E-05 9.99651E-05 0.209942 0.044185 9.99651E-05
0.3777 9.9956E-05 0.198438 9.9956E-05 0.257573 0.165788 9.9956E-05 9.9956E-05 9.9956E-05
0.328543 9.9956E-05 0.176632 0.101045 0.39328 9.9956E-05 9.9956E-05 9.9956E-05 9.9956E-05
9.99649E-05 9.99649E-05 0.208781 0.0863534 0.468864 0.0210567 0.214545 9.99649E-05 9.99649E-05
9.99387E-05 9.99387E-05 9.99387E-05 0.244636 9.99387E-05 0.754665 9.99387E-05 9.99387E-05 9.99387E-05
9.99471E-05 9.99471E-05 9.99471E-05 9.99471E-05 9.99471E-05 0.174374 0.739085 0.0859415 9.99471E-05
9.99559E-05 0.0855975 9.99559E-05 9.99559E-05 0.772757 0.130452 9.99559E-05 0.0106933 9.99559E-05
0.0964177 0.317547 9.99557E-05 0.274929 9.99557E-05 9.99557E-05 9.99557E-05 0.310607 9.99557E-05
0.358814 0.231827 9.99647E-05 0.108305 9.99647E-05 0.225486 9.99647E-05 0.0751689 9.99647E-05
9.99562E-05 0.147725 0.39261 0.255728 9.99562E-05 9.99562E-05 9.99562E-05 0.203438 9.99562E-05
9.995E-05 9.995E-05 0.160744 9.995E-05 9.995E-05 0.314106 9.995E-05 0.426424 0.0982262
9.99557E-05 0.0690018 0.0365261 9.99557E-05 0.147374 9.99557E-05 0.746599 9.99557E-05 9.99557E-05
9.99471E-05 0.0165008 0.321349 9.99471E-05 9.99471E-05 9.99471E-05 9.99471E-05 0.661551 9.99471E-05
9.99649E-05 9.99649E-05 0.276398 0.0391639 9.99649E-05 0.451316 0.108977 9.99649E-05 0.123746
9.99561E-05 9.99561E-05 0.119933 9.99561E-05 9.99561E-05 0.0806354 9.99561E-05 0.599904 0.199027
0.189599 9.99825E-05 0.297568 0.00301556 0.108692 0.0354433 0.0941645 9.99825E-05 0.271318
0.194414 9.99648E-05 0.00486155 9.99648E-05 9.99648E-05 9.99648E-05 0.294639 0.36245 0.143235
9.99563E-05 0.177703 0.491745 0.0869965 9.99563E-05 0.243056 9.99563E-05 9.99563E-05 9.99563E-05
9.99561E-05 9.99561E-05 0.0506171 0.329944 9.99561E-05 9.99561E-05 9.99561E-05 0.20744 0.411498
0.254494 9.995E-05 9.995E-05 9.995E-05 0.195276 9.995E-05 9.995E-05 0.146462 0.403268
0.190027 9.99562E-05 9.99562E-05 0.191257 9.99562E-05 0.36126 9.99562E-05 9.99562E-05 0.256956
9.99562E-05 9.99562E-05 9.99562E-05 0.319272 0.326554 0.148059 9.99562E-05 0.205614 9.99562E-05
9.99559E-05 0.287128 0.317285 0.231146 9.99559E-05 0.163941 9.99559E-05 9.99559E-05 9.99559E-05
0.393758 0.125549 9.99559E-05 9.99559E-05 0.22444 9.99559E-05 9.99559E-05 9.99559E-05 0.255753
9.99561E-05 9.99561E-05 0.334185 0.584179 9.99561E-05 0.0784574 9.99561E-05 9.99561E-05 0.00267859
0.0441179 0.339759 9.99565E-05 9.99565E-05 9.99565E-05 9.99565E-05 0.217015 0.398609 9.99565E-05
9.99472E-05 9.99472E-05 9.99472E-05 9.99472E-05 0.0555335 0.200982 9.99472E-05 0.742885 9.99472E-05
0.0442463 0.0488262 9.99824E-05 0.0327054 0.0669795 0.451577 0.168111 0.187354 9.99824E-05
0.188754 9.9965E-05 0.0761569 9.9965E-05 9.9965E-05 0.223458 0.0489598 9.9965E-05 0.462271
0.113561 9.99648E-05 9.99648E-05 9.99648E-05 0.0581794 0.160516 0.357377 0.309967 9.99648E-05
9.995E-05 9.995E-05 0.225882 9.995E-05 0.657567 9.995E-05 0.0669306 0.0491205 9.995E-05
9.99648E-05 0.59647 0.242014 9.99648E-05 0.0171577 0.0870481 0.0569099 9.99648E-05 9.99648E-05
9.99384E-05 9.99384E-05 9.99384E-05 9.99384E-05 0.83485 9.99384E-05 9.99384E-05 0.164451 9.99384E-05
9.99474E-05 0.253604 9.99474E-05 9.99474E-05 0.357621 9.99474E-05 9.99474E-05 0.388175 9.99474E-05
9.99472E-05 9.99472E-05 0.373118 9.99472E-05 9.99472E-05 0.0694192 9.99472E-05 0.556863 9.99472E-05
0.00684703 9.99647E-05 0.579219 9.99647E-05 0.275239 9.99647E-05 0.115278 9.99647E-05 0.0230166
0.220644 0.122486 0.437904 9.99649E-05 9.99649E-05 0.0696927 9.99649E-05 9.99649E-05 0.148874
0.221972 0.0801337 0.579599 9.99561E-05 9.99561E-05 9.99561E-05 9.99561E-05 0.117796 9.99561E-05
0.113699 9.99477E-05 0.834551 9.99477E-05 9.99477E-05 9.99477E-05 9.99477E-05 9.99477E-05 0.0511508
9.99562E-05 0.14839 9.99562E-05 9.99562E-05 0.233832 0.0526899 0.564589 9.99562E-05 9.99562E-05
9.99558E-05 9.99558E-05 0.0949992 0.343319 0.340822 9.99558E-05 0.22036 9.99558E-05 9.99558E-05
0.031184 0.070187 9.99649E-05 9.99649E-05 0.135606 0.0898078 9.99649E-05 0.672816 9.99649E-05
9.99383E-05 9.99383E-05 9.99383E-05 9.99383E-05 0.476458 9.99383E-05 9.99383E-05 0.522843 9.99383E-05
9.9947E-05 9.9947E-05 0.379638 9.9947E-05 0.439709 0.180054 9.9947E-05 9.9947E-05 9.9947E-05
9.99648E-05 0.207165 0.41845 0.0444467 9.99648E-05 9.99648E-05 9.99648E-05 0.314085 0.0154544
0.0325703 9.9956E-05 0.344859 9.9956E-05 9.9956E-05 0.276596 0.345475 9.9956E-05 9.9956E-05
9.99471E-05 0.0015269 9.99471E-05 9.99471E-05 9.99471E-05 9.99471E-05 9.99471E-05 0.148703 0.84917
9.99647E-05 9.99647E-05 0.390253 0.0505546 0.185949 0.350499 9.99647E-05 0.0223446 9.99647E-05
9.99472E-05 0.0686095 9.99472E-05 9.99472E-05 0.196355 9.99472E-05 9.99472E-05 0.734435 9.99472E-05
9.99647E-05 0.369145 0.261493 9.99647E-05 9.99647E-05 0.133795 9.99647E-05 0.129709 0.105458
9.99647E-05 0.00654799 0.604575 0.126011 9.99647E-05 0.0737902 0.188676 9.99647E-05 9.99647E-05
0.40173 9.99562E-05 0.104426 9.99562E-05 9.99562E-05 9.99562E-05 0.118021 0.375323 9.99562E-05
9.99561E-05 9.99561E-05 0.124334 0.329225 9.99561E-05 0.162618 9.99561E-05 0.383323 9.99561E-05
0.203333 0.472861 9.99471E-05 9.99471E-05 0.323206 9.99471E-05 9.99471E-05 9.99471E-05 9.99471E-05
9.99648E-05 0.0957304 0.42934 0.192949 0.156246 0.125334 9.99648E-05 9.99648E-05 9.99648E-05
0.0782874 0.191381 9.99562E-05 0.0698515 9.99562E-05 9.99562E-05 9.99562E-05 0.65998 9.99562E-05
9.99472E-05 0.36713 0.556443 9.99472E-05 9.99472E-05 9.99472E-05 9.99472E-05 9.99472E-05 0.0758274
9.99471E-05 9.99471E-05 0.777819 9.99471E-05 0.0329788 9.99471E-05 9.99471E-05 0.188602 9.99471E-05
9.99736E-05 9.99736E-05 0.451292 9.99736E-05 0.118154 0.0449416 0.00448089 0.350995 0.0298363
9.99471E-05 9.99471E-05 0.316226 0.321604 0.36157 9.99471E-05 9.99471E-05 9.99471E-05 9.99471E-05
0.252461 9.9947E-05 9.9947E-05 9.9947E-05 9.9947E-05 0.728425 9.9947E-05 9.9947E-05 0.0185146
9.995E-05 9.995E-05 0.0925564 0.183596 0.129016 9.995E-05 9.995E-05 0.594331 9.995E-05
9.99562E-05 0.0844799 9.99562E-05 0.629908 9.99562E-05 9.99562E-05 9.99562E-05 0.225993 0.0591196
9.99561E-05 0.0702237 9.99561E-05 9.99561E-05 0.373851 0.155687 9.99561E-05 9.99561E-05 0.399738
9.99474E-05 9.99474E-05 9.99474E-05 9.99474E-05 9.99474E-05 0.333058 0.369993 9.99474E-05 0.296349
9.99562E-05 9.99562E-05 0.208911 0.709277 0.0303987 0.0509133 9.99562E-05 9.99562E-05 9.99562E-05
9.99388E-05 9.99388E-05 9.99388E-05 0.331543 0.667758 9.99388E-05 9.99388E-05 9.99388E-05 9.99388E-05
9.99561E-05 0.638309 0.0470242 9.99561E-05 0.0828931 9.99561E-05 0.231274 9.99561E-05 9.99561E-05
9.99824E-05 0.0594173 0.100945 9.99824E-05 0.0493551 0.343808 0.170619 0.183802 0.0918542
0.511062 9.99651E-05 9.99651E-05 0.0625576 0.206372 9.99651E-05 9.99651E-05 0.150131 0.0694778
9.99646E-05 0.36878 0.505781 0.0958404 9.99646E-05 0.0213561 9.99646E-05 9.99646E-05 0.00784304
0.0871272 9.99561E-05 9.99561E-05 9.99561E-05 9.99561E-05 0.362257 0.31138 9.99561E-05 0.238736
9.99563E-05 9.99563E-05 9.99563E-05 0.287566 9.99563E-05 0.180651 9.99563E-05 0.515598 0.0156859
9.99472E-05 0.528277 9.99472E-05 9.99472E-05 9.99472E-05 9.99472E-05 9.99472E-05 0.130611 0.340513
0.0156584 0.154703 0.10432 0.641919 9.9965E-05 9.9965E-05 9.9965E-05 9.9965E-05 0.0829999
9.99648E-05 9.99648E-05 0.220937 0.285464 9.99648E-05 0.212573 0.26164 9.99648E-05 0.0189855
9.99477E-05 9.99477E-05 0.546066 9.99477E-05 9.99477E-05 0.35282 9.99477E-05 0.100514 9.99477E-05
9.99647E-05 9.99647E-05 0.231014 0.182791 0.189842 0.392664 0.00328969 9.99647E-05 9.99647E-05
9.9956E-05 0.177185 0.405591 9.9956E-05 0.41499 9.9956E-05 9.9956E-05 9.9956E-05 0.00173464
9.99472E-05 9.99472E-05 9.99472E-05 0.118583 9.99472E-05 0.655702 9.99472E-05 0.225116 9.99472E-05
9.9956E-05 9.9956E-05 0.240736 9.9956E-05 9.9956E-05 0.000980443 0.0798922 0.677892 9.9956E-05
9.99735E-05 0.00390671 0.198977 0.116555 0.00248371 0.290728 0.387051 9.99735E-05 9.99735E-05
0.0389582 9.99736E-05 0.0588803 0.106664 0.108818 9.99736E-05 0.536426 0.149953 9.99736E-05
9.99561E-05 0.800751 0.030011 9.99561E-05 0.0417053 9.99561E-05 0.127033 9.99561E-05 9.99561E-05
