0.728067 0.125972 9.9991E-05 0.14586
0.974656 0.0251445 9.9982E-05 9.9982E-05
0.471224 9.9991E-05 0.00735217 0.521324
0.626089 9.9991E-05 0.257712 0.116099
9.9982E-05 0.415466 9.9982E-05 0.584334
0.00151067 9.9991E-05 0.960944 0.0374456
0.00237466 0.0698171 0.147697 0.780112
0.946207 9.99821E-05 9.99821E-05 0.0535932
9.9982E-05 0.272149 0.727651 9.9982E-05
9.9982E-05 0.280466 9.9982E-05 0.719334
9.99821E-05 0.0408994 9.99821E-05 0.958901
0.952539 9.9982E-05 0.0472612 9.9982E-05
0.0297503 0.403235 0.0579185 0.509096
0.0998405 9.9982E-05 9.9982E-05 0.89996
9.9982E-05 0.654501 9.9982E-05 0.345299
9.9991E-05 0.776396 0.209572 0.0139326
0.9997 9.998E-05 9.998E-05 9.998E-05
9.9991E-05 0.460257 0.260528 0.279116
0.113156 9.9982E-05 0.886644 9.9982E-05
9.9982E-05 0.806393 0.193407 9.9982E-05
0.042008 0.697647 0.260244 9.9991E-05
0.0810297 0.288548 0.630322 9.9991E-05
9.9982E-05 0.93674 0.0630605 9.9982E-05
0.590278 0.248686 0.022719 0.138317
0.0576794 9.9991E-05 0.121377 0.820843
9.9982E-05 0.829591 9.9982E-05 0.170209
0.662565 9.9991E-05 0.0112062 0.326129
0.030802 0.161309 0.622123 0.185766
0.972371 0.027429 9.99821E-05 9.99821E-05
0.38125 9.99821E-05 0.61855 9.99821E-05
9.998E-05 9.998E-05 9.998E-05 0.9997
9.998E-05 9.998E-05 9.998E-05 0.9997
9.9982E-05 0.117075 9.9982E-05 0.882725
9.9982E-05 9.9982E-05 0.945062 0.0547383
0.902203 9.9991E-05 0.0579192 0.0397777
0.0257317 0.691017 0.283151 9.9991E-05
9.9982E-05 0.0480314 0.951769 9.9982E-05
0.0328453 9.9991E-05 0.951698 0.0153563
0.0883899 0.0974502 0.0992921 0.714868
0.152742 9.99821E-05 0.847058 9.99821E-05
0.357613 9.9982E-05 0.642187 9.9982E-05
0.979767 9.9982E-05 0.0200328 9.9982E-05
9.998E-05 0.9997 9.998E-05 9.998E-05
0.0961519 9.9982E-05 9.9982E-05 0.903648
9.9982E-05 0.747969 9.9982E-05 0.251831
0.9997 9.998E-05 9.998E-05 9.998E-05
9.9982E-05 0.599613 0.400187 9.9982E-05
9.99821E-05 0.0462089 0.953591 9.99821E-05
0.0968889 0.70274 9.9991E-05 0.200272
9.9982E-05 0.486441 0.51336 9.9982E-05
