9.9991E-05 0.271018 0.728882
9.999E-05 0.0142984 0.985602
9.999E-05 0.46093 0.53897
0.0209703 0.176458 0.802572
0.137318 0.862582 9.9991E-05
0.511767 9.9991E-05 0.488133
0.0454011 0.91243 0.0421689
9.999E-05 0.0245005 0.9754
0.990016 9.9991E-05 0.00988413
9.999E-05 0.9998 9.999E-05
9.999E-05 0.9998 9.999E-05
9.999E-05 9.999E-05 0.9998
0.340585 0.659315 9.9991E-05
9.9991E-05 0.831512 0.168388
0.254008 0.745892 9.9991E-05
0.809277 0.190623 9.9991E-05
9.9991E-05 0.0590319 0.940868
0.591598 0.395426 0.0129757
0.492111 9.9991E-05 0.507789
0.90499 0.0949099 9.9991E-05
0.891807 0.108093 9.9991E-05
0.749663 0.0413999 0.208937
0.723356 0.276544 9.9991E-05
0.172397 0.277939 0.549663
9.9991E-05 0.738898 0.261002
0.401655 0.598245 9.9991E-05
9.9991E-05 0.27996 0.71994
0.500144 0.277232 0.222624
9.99911E-05 0.0602902 0.93961
0.320236 9.9991E-05 0.679664
9.999E-05 0.9998 9.999E-05
9.999E-05 0.9998 9.999E-05
9.999E-05 0.9998 9.999E-05
0.610643 9.9991E-05 0.389257
9.9991E-05 0.0725987 0.927301
0.932064 0.0678365 9.9991E-05
0.707662 9.9991E-05 0.292238
0.529156 9.9991E-05 0.470744
0.117404 0.72896 0.153636
0.512867 9.9991E-05 0.487033
0.226776 9.9991E-05 0.773124
9.999E-05 9.999E-05 0.9998
0.888981 0.110919 9.9991E-05
9.9991E-05 0.801398 0.198502
0.341655 0.658245 9.9991E-05
9.999E-05 9.999E-05 0.9998
0.9998 9.999E-05 9.999E-05
0.827358 9.9991E-05 0.172542
0.537512 0.462388 9.9991E-05
0.878674 0.121226 9.9991E-05
