9.9991E-05 0.304645 0.695255
9.999E-05 0.0793537 0.920546
9.999E-05 0.529316 0.470584
9.999E-05 0.157083 0.842817
0.219346 0.780554 9.9991E-05
0.400929 9.9991E-05 0.598971
0.132494 0.833656 0.0338508
9.999E-05 0.109674 0.890226
0.844544 9.9991E-05 0.155356
0.152277 0.847623 9.9991E-05
9.999E-05 0.9998 9.999E-05
9.9991E-05 0.00112032 0.99878
0.391963 0.607937 9.9991E-05
9.9991E-05 0.819909 0.179991
0.401672 0.598228 9.9991E-05
0.922787 0.077113 9.9991E-05
9.9991E-05 0.0533173 0.946583
0.644882 0.327213 0.0279049
0.341361 9.9991E-05 0.658539
0.935761 0.0641388 9.9991E-05
0.978712 0.0211882 9.9991E-05
0.720617 9.9991E-05 0.279283
0.816932 0.182968 9.9991E-05
0.142651 0.312319 0.54503
9.9991E-05 0.83991 0.15999
0.536431 0.463469 9.9991E-05
9.9991E-05 0.291565 0.708335
0.494841 0.151031 0.354128
9.99911E-05 0.048718 0.951182
0.274193 9.9991E-05 0.725707
9.999E-05 0.9998 9.999E-05
9.999E-05 0.9998 9.999E-05
9.999E-05 0.9998 9.999E-05
0.537784 9.9991E-05 0.462116
9.9991E-05 0.0618756 0.938024
0.994119 0.00578086 9.9991E-05
0.579587 9.9991E-05 0.420313
0.482372 9.9991E-05 0.517528
0.0482179 0.780635 0.171147
0.337144 9.9991E-05 0.662756
0.135498 9.9991E-05 0.864402
9.999E-05 9.999E-05 0.9998
0.93952 0.0603798 9.9991E-05
9.9991E-05 0.892574 0.107326
0.483174 0.516726 9.9991E-05
0.0648137 0.0161044 0.919082
0.9998 9.999E-05 9.999E-05
0.698752 9.9991E-05 0.301148
0.53792 0.46198 9.9991E-05
0.850972 0.0309507 0.118077
