0.110657 9.9991E-05 0.13596 0.753282
0.0204563 9.9982E-05 9.9982E-05 0.979344
9.9982E-05 9.9982E-05 0.502916 0.496884
9.999E-05 0.273242 0.160006 0.566652
0.345365 9.9982E-05 0.654435 9.9982E-05
9.9991E-05 0.892872 0.100177 0.0068515
9.9982E-05 0.107352 0.892448 9.9982E-05
0.0339181 9.99821E-05 9.99821E-05 0.965882
0.34793 0.65187 9.9982E-05 9.9982E-05
0.280974 9.99821E-05 0.718826 9.99821E-05
0.0971373 9.99821E-05 0.902663 9.99821E-05
9.9982E-05 0.0761704 9.9982E-05 0.92363
0.489865 0.0556236 0.454412 9.9991E-05
9.99821E-05 0.128713 0.871087 9.99821E-05
0.59748 9.9982E-05 0.40232 9.9982E-05
0.869164 0.109673 0.0210623 9.9991E-05
9.9991E-05 0.0421338 0.0335202 0.924246
0.459728 0.260663 0.279509 9.9991E-05
9.998E-05 0.9997 9.998E-05 9.998E-05
0.895562 0.104238 9.9982E-05 9.9982E-05
0.796516 0.108551 9.9991E-05 0.0948335
0.365309 0.471168 9.9991E-05 0.163423
0.941821 0.0324821 0.0137185 0.0119787
0.181284 0.177453 0.163338 0.477925
9.9991E-05 0.0553284 0.84769 0.0968811
0.75174 9.9982E-05 0.24806 9.9982E-05
9.9991E-05 0.0425258 0.255176 0.702199
0.0772342 0.634081 0.288584 9.9991E-05
0.0466359 9.99821E-05 9.99821E-05 0.953164
9.99821E-05 0.642059 9.99821E-05 0.357741
9.9982E-05 9.9982E-05 0.956709 0.0430906
9.998E-05 9.998E-05 0.9997 9.998E-05
0.074053 9.9982E-05 0.925747 9.9982E-05
9.9991E-05 0.887606 0.0685449 0.0437489
9.9991E-05 0.123387 0.0587006 0.817812
0.815534 0.184266 9.9982E-05 9.9982E-05
0.101383 0.898417 9.9982E-05 9.9982E-05
0.0028528 0.943693 0.0533544 9.9991E-05
0.109613 0.0459461 0.724112 0.120329
9.99821E-05 0.870149 9.99821E-05 0.129651
9.9982E-05 0.693368 9.9982E-05 0.306432
9.9982E-05 0.112187 9.9982E-05 0.887613
0.962823 9.9982E-05 9.9982E-05 0.0369771
9.9982E-05 9.9982E-05 0.88576 0.11404
0.725503 9.9982E-05 0.274297 9.9982E-05
9.998E-05 9.998E-05 9.998E-05 0.9997
0.728647 0.271153 9.9982E-05 9.9982E-05
0.146664 0.853136 9.99821E-05 9.99821E-05
0.781055 9.9991E-05 0.123074 0.0957706
0.684305 0.315495 9.9982E-05 9.9982E-05
