0.747614 0.116467 9.9991E-05 0.135818
0.954622 0.0451778 9.9982E-05 9.9982E-05
0.486623 9.9982E-05 9.9982E-05 0.513177
0.585266 9.9991E-05 0.199891 0.214743
9.9982E-05 0.510885 9.9982E-05 0.488915
0.0140943 9.9991E-05 0.903222 0.082584
9.9982E-05 9.9982E-05 0.127269 0.872531
0.979348 9.99821E-05 9.99821E-05 0.0204519
9.99821E-05 0.143657 0.856143 9.99821E-05
9.9982E-05 0.388654 9.9982E-05 0.611146
9.99821E-05 0.0776536 9.99821E-05 0.922146
0.925006 9.9982E-05 0.0747942 9.9982E-05
9.999E-05 0.502162 0.0546751 0.443062
0.125635 9.9991E-05 0.0597133 0.814552
9.9982E-05 0.681312 9.9982E-05 0.318488
9.9991E-05 0.668573 0.27209 0.0592374
0.950763 9.9991E-05 0.0356933 0.0134441
9.9991E-05 0.405786 0.314824 0.27929
0.0734356 9.9982E-05 0.926364 9.9982E-05
9.9982E-05 0.797005 0.202795 9.9982E-05
9.9982E-05 0.657947 0.341853 9.9982E-05
0.0163542 0.259879 0.723667 9.9991E-05
9.9991E-05 0.786183 0.186602 0.0271158
0.4153 0.13326 0.197118 0.254322
0.0126744 9.9991E-05 0.0887134 0.898512
9.9982E-05 0.877873 9.9982E-05 0.121927
0.764896 9.9991E-05 0.0261494 0.208855
9.9991E-05 0.0376679 0.683522 0.27871
0.976679 0.0231209 9.99821E-05 9.99821E-05
0.395689 9.99821E-05 0.604111 9.99821E-05
9.998E-05 9.998E-05 9.998E-05 0.9997
9.998E-05 9.998E-05 9.998E-05 0.9997
9.9982E-05 0.129074 9.9982E-05 0.870726
9.9982E-05 9.9982E-05 0.94411 0.0556905
0.855952 9.9991E-05 0.0764919 0.0674558
9.9982E-05 0.650633 0.349167 9.9982E-05
9.9982E-05 0.0568311 0.942969 9.9982E-05
9.9982E-05 9.9982E-05 0.967174 0.0326265
0.0261982 0.0414681 0.205454 0.72688
0.169676 9.99821E-05 0.830124 9.99821E-05
0.350975 9.9982E-05 0.648825 9.9982E-05
0.828997 9.9982E-05 0.170803 9.9982E-05
9.998E-05 0.9997 9.998E-05 9.998E-05
0.100642 9.9982E-05 9.9982E-05 0.899158
9.9982E-05 0.828797 9.9982E-05 0.171003
0.982526 0.0172744 9.99821E-05 9.99821E-05
9.9982E-05 0.456167 0.543633 9.9982E-05
9.99821E-05 0.067595 0.932205 9.99821E-05
0.146483 0.762391 9.9991E-05 0.0910257
9.9982E-05 0.500529 0.499271 9.9982E-05
