9.99461E-05 9.99461E-05 9.99461E-05 9.99461E-05 0.221626 9.99461E-05 0.618168 0.155581 9.99461E-05 0.00402576
0.0801694 9.99461E-05 9.99461E-05 9.99461E-05 9.99461E-05 0.0544908 0.796335 9.99461E-05 0.0684055 9.99461E-05
9.99461E-05 0.0113517 9.99461E-05 9.99461E-05 0.543418 9.99461E-05 0.422554 9.99461E-05 9.99461E-05 0.0220768
0.991548 9.99282E-05 9.99282E-05 9.99282E-05 9.99282E-05 0.00765215 9.99282E-05 9.99282E-05 9.99282E-05 9.99282E-05
0.0616269 9.9946E-05 0.812558 0.0759171 0.0492984 9.9946E-05 9.9946E-05 9.9946E-05 9.9946E-05 9.9946E-05
9.99461E-05 9.99461E-05 9.99461E-05 0.0180664 0.0755084 9.99461E-05 9.99461E-05 9.99461E-05 0.862774 0.0430511
0.140785 9.9946E-05 9.9946E-05 0.760242 0.0331067 0.0652672 9.9946E-05 9.9946E-05 9.9946E-05 9.9946E-05
9.99551E-05 0.00478701 9.99551E-05 0.0119549 0.0273403 9.99551E-05 0.911076 9.99551E-05 9.99551E-05 0.0443422
9.99371E-05 0.184143 9.99371E-05 9.99371E-05 9.99371E-05 0.34417 9.99371E-05 9.99371E-05 0.470988 9.99371E-05
9.99281E-05 9.99281E-05 0.436356 0.562845 9.99281E-05 9.99281E-05 9.99281E-05 9.99281E-05 9.99281E-05 9.99281E-05
9.99201E-05 9.99201E-05 9.99201E-05 0.999101 9.99201E-05 9.99201E-05 9.99201E-05 9.99201E-05 9.99201E-05 9.99201E-05
9.99281E-05 9.99281E-05 9.99281E-05 9.99281E-05 9.99281E-05 9.99281E-05 0.886324 9.99281E-05 0.112877 9.99281E-05
9.9973E-05 9.9973E-05 0.023873 0.0411116 0.119173 0.179486 0.0331638 0.512203 9.9973E-05 0.0906895
0.0929587 9.99461E-05 9.99461E-05 0.08253 0.520308 9.99461E-05 9.99461E-05 0.303603 9.99461E-05 9.99461E-05
9.99201E-05 9.99201E-05 0.999101 9.99201E-05 9.99201E-05 9.99201E-05 9.99201E-05 9.99201E-05 9.99201E-05 9.99201E-05
9.99201E-05 9.99201E-05 9.99201E-05 9.99201E-05 9.99201E-05 0.999101 9.99201E-05 9.99201E-05 9.99201E-05 9.99201E-05
0.221369 9.99461E-05 9.99461E-05 9.99461E-05 9.99461E-05 9.99461E-05 0.643768 9.99461E-05 0.121073 0.0131896
9.9946E-05 9.9946E-05 0.112703 0.248663 9.9946E-05 0.57637 9.9946E-05 9.9946E-05 0.0616639 9.9946E-05
9.99281E-05 9.99281E-05 9.99281E-05 9.99281E-05 9.99281E-05 9.99281E-05 0.0320549 9.99281E-05 0.967146 9.99281E-05
9.99201E-05 0.999101 9.99201E-05 9.99201E-05 9.99201E-05 9.99201E-05 9.99201E-05 9.99201E-05 9.99201E-05 9.99201E-05
9.99461E-05 0.93979 9.99461E-05 0.0370164 0.00506334 9.99461E-05 0.0175306 9.99461E-05 9.99461E-05 9.99461E-05
9.99461E-05 9.99461E-05 9.99461E-05 0.00759145 9.99461E-05 0.487531 0.104137 9.99461E-05 0.400141 9.99461E-05
9.99372E-05 9.99372E-05 0.0402095 9.99372E-05 9.99372E-05 0.871655 9.99372E-05 9.99372E-05 9.99372E-05 0.0874362
0.76482 0.166687 9.99461E-05 0.0261904 9.99461E-05 9.99461E-05 9.99461E-05 9.99461E-05 9.99461E-05 0.0417038
0.0521262 9.9946E-05 9.9946E-05 9.9946E-05 0.830793 9.9946E-05 9.9946E-05 9.9946E-05 0.0141885 0.102293
9.9946E-05 0.170119 0.774288 9.9946E-05 9.9946E-05 0.0457971 0.00919545 9.9946E-05 9.9946E-05 9.9946E-05
0.964913 9.99282E-05 9.99282E-05 9.99282E-05 0.0342878 9.99282E-05 9.99282E-05 9.99282E-05 9.99282E-05 9.99282E-05
0.0583191 9.99371E-05 9.99371E-05 9.99371E-05 9.99371E-05 9.99371E-05 9.99371E-05 0.48413 0.456851 9.99371E-05
9.99201E-05 9.99201E-05 9.99201E-05 9.99201E-05 9.99201E-05 9.99201E-05 0.999101 9.99201E-05 9.99201E-05 9.99201E-05
0.0098331 9.99552E-05 9.99552E-05 9.99552E-05 9.99552E-05 9.99552E-05 0.255089 0.04021 0.677937 0.0164318
9.99281E-05 9.99281E-05 9.99281E-05 0.342497 0.656703 9.99281E-05 9.99281E-05 9.99281E-05 9.99281E-05 9.99281E-05
9.99282E-05 9.99282E-05 0.0201347 9.99282E-05 0.979066 9.99282E-05 9.99282E-05 9.99282E-05 9.99282E-05 9.99282E-05
9.9937E-05 9.9937E-05 9.9937E-05 0.611643 0.0212957 9.9937E-05 9.9937E-05 0.366362 9.9937E-05 9.9937E-05
9.99371E-05 9.99371E-05 9.99371E-05 9.99371E-05 0.0618412 0.0902382 9.99371E-05 9.99371E-05 0.847221 9.99371E-05
0.806046 9.9946E-05 9.9946E-05 9.9946E-05 9.9946E-05 9.9946E-05 0.157189 9.9946E-05 0.026826 0.00933996
9.99281E-05 0.201777 9.99281E-05 9.99281E-05 9.99281E-05 0.797424 9.99281E-05 9.99281E-05 9.99281E-05 9.99281E-05
9.99461E-05 0.115349 9.99461E-05 9.99461E-05 9.99461E-05 0.0957917 0.00512081 9.99461E-05 0.783139 9.99461E-05
9.9955E-05 0.0149983 9.9955E-05 9.9955E-05 9.9955E-05 0.0356815 9.9955E-05 0.0946608 0.841267 0.0128927
9.99461E-05 9.99461E-05 9.99461E-05 0.825084 9.99461E-05 9.99461E-05 0.0753682 9.99461E-05 0.0235013 0.0754472
0.0159467 9.99462E-05 0.0206231 0.0453591 9.99462E-05 9.99462E-05 9.99462E-05 9.99462E-05 0.917471 9.99462E-05
9.99371E-05 9.99371E-05 9.99371E-05 9.99371E-05 0.00538038 9.99371E-05 0.225624 9.99371E-05 0.768296 9.99371E-05
9.99281E-05 9.99281E-05 9.99281E-05 9.99281E-05 9.99281E-05 9.99281E-05 0.791256 9.99281E-05 0.207945 9.99281E-05
9.99282E-05 0.921953 0.0772477 9.99282E-05 9.99282E-05 9.99282E-05 9.99282E-05 9.99282E-05 9.99282E-05 9.99282E-05
9.99201E-05 9.99201E-05 9.99201E-05 9.99201E-05 0.999101 9.99201E-05 9.99201E-05 9.99201E-05 9.99201E-05 9.99201E-05
9.99201E-05 9.99201E-05 9.99201E-05 9.99201E-05 9.99201E-05 9.99201E-05 9.99201E-05 0.999101 9.99201E-05 9.99201E-05
0.0371098 9.99462E-05 9.99462E-05 0.00832416 9.99462E-05 0.0141813 0.939785 9.99462E-05 9.99462E-05 9.99462E-05
9.99461E-05 0.338916 9.99461E-05 9.99461E-05 9.99461E-05 0.485517 9.99461E-05 9.99461E-05 0.172385 0.00258262
9.99283E-05 9.99283E-05 9.99283E-05 9.99283E-05 9.99283E-05 0.178764 9.99283E-05 9.99283E-05 0.820437 9.99283E-05
9.99201E-05 9.99201E-05 9.99201E-05 9.99201E-05 9.99201E-05 9.99201E-05 9.99201E-05 9.99201E-05 9.99201E-05 0.999101
9.99282E-05 0.884832 9.99282E-05 9.99282E-05 9.99282E-05 9.99282E-05 9.99282E-05 9.99282E-05 0.114368 9.99282E-05
