0.0962572 9.99371E-05 0.731875 9.99371E-05 9.99371E-05 9.99371E-05 0.171168 9.99371E-05 9.99371E-05 9.99371E-05
9.9928E-05 9.9928E-05 0.870967 9.9928E-05 9.9928E-05 9.9928E-05 9.9928E-05 0.128233 9.9928E-05 9.9928E-05
9.9955E-05 9.9955E-05 0.372749 9.9955E-05 0.00562095 0.0493411 0.545032 9.9955E-05 0.0267571 9.9955E-05
9.99371E-05 9.99371E-05 9.99371E-05 9.99371E-05 9.99371E-05 0.0109208 9.99371E-05 0.968047 0.0203326 9.99371E-05
9.9937E-05 9.9937E-05 9.9937E-05 0.105909 0.696334 9.9937E-05 0.197057 9.9937E-05 9.9937E-05 9.9937E-05
9.9937E-05 9.9937E-05 0.118712 9.9937E-05 9.9937E-05 0.836807 0.043781 9.9937E-05 9.9937E-05 9.9937E-05
9.9946E-05 9.9946E-05 9.9946E-05 0.291543 9.9946E-05 9.9946E-05 0.377438 0.139492 0.190927 9.9946E-05
9.99461E-05 0.217238 0.720042 0.0169687 9.99461E-05 9.99461E-05 0.0451524 9.99461E-05 9.99461E-05 9.99461E-05
0.60699 9.99281E-05 9.99281E-05 9.99281E-05 9.99281E-05 0.392211 9.99281E-05 9.99281E-05 9.99281E-05 9.99281E-05
9.99371E-05 9.99371E-05 9.99371E-05 0.843785 0.104374 9.99371E-05 9.99371E-05 9.99371E-05 0.0511417 9.99371E-05
9.99201E-05 9.99201E-05 9.99201E-05 0.999101 9.99201E-05 9.99201E-05 9.99201E-05 9.99201E-05 9.99201E-05 9.99201E-05
9.9928E-05 0.633865 0.365336 9.9928E-05 9.9928E-05 9.9928E-05 9.9928E-05 9.9928E-05 9.9928E-05 9.9928E-05
0.0648133 9.9982E-05 9.9982E-05 0.324848 0.340433 0.0617827 0.0908803 0.00171157 0.0727559 0.0425761
9.99462E-05 9.99462E-05 9.99462E-05 0.0715024 9.99462E-05 9.99462E-05 0.60137 0.289327 9.99462E-05 0.0372001
9.99282E-05 9.99282E-05 9.99282E-05 0.0358986 0.963302 9.99282E-05 9.99282E-05 9.99282E-05 9.99282E-05 9.99282E-05
9.99201E-05 9.99201E-05 9.99201E-05 9.99201E-05 9.99201E-05 9.99201E-05 9.99201E-05 9.99201E-05 0.999101 9.99201E-05
9.9937E-05 0.887542 9.9937E-05 9.9937E-05 9.9937E-05 9.9937E-05 0.0291608 0.0825978 9.9937E-05 9.9937E-05
9.993E-05 9.993E-05 9.993E-05 0.247068 9.993E-05 0.134176 9.993E-05 9.993E-05 0.618056 9.993E-05
9.99281E-05 9.99281E-05 0.0465906 9.99281E-05 9.99281E-05 0.95261 9.99281E-05 9.99281E-05 9.99281E-05 9.99281E-05
0.999101 9.99201E-05 9.99201E-05 9.99201E-05 9.99201E-05 9.99201E-05 9.99201E-05 9.99201E-05 9.99201E-05 9.99201E-05
9.99201E-05 9.99201E-05 9.99201E-05 9.99201E-05 9.99201E-05 9.99201E-05 9.99201E-05 9.99201E-05 9.99201E-05 0.999101
0.31154 0.563808 9.99551E-05 9.99551E-05 9.99551E-05 0.00125964 9.99551E-05 9.99551E-05 0.096466 0.026427
9.99281E-05 9.99281E-05 9.99281E-05 9.99281E-05 0.0216453 9.99281E-05 9.99281E-05 9.99281E-05 0.977555 9.99281E-05
0.103294 9.9946E-05 9.9946E-05 0.0654496 9.9946E-05 9.9946E-05 9.9946E-05 0.678618 9.9946E-05 0.152039
9.99551E-05 0.0317963 9.99551E-05 9.99551E-05 9.99551E-05 0.0527301 0.882618 0.00698972 9.99551E-05 0.0253657
0.102576 9.9946E-05 9.9946E-05 9.9946E-05 0.877426 9.9946E-05 0.0112313 9.9946E-05 0.0081677 9.9946E-05
9.99201E-05 9.99201E-05 9.99201E-05 9.99201E-05 9.99201E-05 9.99201E-05 9.99201E-05 0.999101 9.99201E-05 9.99201E-05
9.99821E-05 0.191086 9.99821E-05 0.0574515 0.0968744 0.364635 0.0515927 0.0558219 0.155955 0.0263835
9.99201E-05 9.99201E-05 0.999101 9.99201E-05 9.99201E-05 9.99201E-05 9.99201E-05 9.99201E-05 9.99201E-05 9.99201E-05
0.063273 0.881309 9.99371E-05 9.99371E-05 9.99371E-05 0.0547183 9.99371E-05 9.99371E-05 9.99371E-05 9.99371E-05
9.99281E-05 9.99281E-05 9.99281E-05 0.166235 9.99281E-05 9.99281E-05 0.832966 9.99281E-05 9.99281E-05 9.99281E-05
9.99201E-05 9.99201E-05 9.99201E-05 9.99201E-05 9.99201E-05 9.99201E-05 0.999101 9.99201E-05 9.99201E-05 9.99201E-05
9.9946E-05 9.9946E-05 9.9946E-05 0.764894 0.0274962 9.9946E-05 0.188194 9.9946E-05 9.9946E-05 0.018817
9.99551E-05 9.99551E-05 9.99551E-05 9.99551E-05 0.0369968 0.889053 0.062236 0.00282293 9.99551E-05 0.00839186
9.9928E-05 0.482392 9.9928E-05 9.9928E-05 9.9928E-05 9.9928E-05 9.9928E-05 0.516809 9.9928E-05 9.9928E-05
0.897521 9.99371E-05 9.99371E-05 9.99371E-05 9.99371E-05 9.99371E-05 0.0269785 9.99371E-05 0.0748008 9.99371E-05
0.190037 0.0622926 9.99371E-05 9.99371E-05 9.99371E-05 0.746971 9.99371E-05 9.99371E-05 9.99371E-05 9.99371E-05
0.11777 0.161682 9.99461E-05 9.99461E-05 9.99461E-05 0.698146 9.99461E-05 9.99461E-05 0.0218024 9.99461E-05
9.99371E-05 9.99371E-05 0.162252 0.755901 9.99371E-05 0.0811474 9.99371E-05 9.99371E-05 9.99371E-05 9.99371E-05
9.99371E-05 0.366566 9.99371E-05 9.99371E-05 9.99371E-05 0.478342 9.99371E-05 9.99371E-05 9.99371E-05 0.154393
9.9928E-05 0.398134 9.9928E-05 9.9928E-05 9.9928E-05 0.601067 9.9928E-05 9.9928E-05 9.9928E-05 9.9928E-05
9.9928E-05 0.902337 0.0968638 9.9928E-05 9.9928E-05 9.9928E-05 9.9928E-05 9.9928E-05 9.9928E-05 9.9928E-05
0.554716 9.99282E-05 9.99282E-05 9.99282E-05 0.444484 9.99282E-05 9.99282E-05 9.99282E-05 9.99282E-05 9.99282E-05
9.9946E-05 9.9946E-05 0.0555818 0.0274796 9.9946E-05 9.9946E-05 0.890025 9.9946E-05 0.0263136 9.9946E-05
9.99282E-05 9.99282E-05 9.99282E-05 9.99282E-05 0.99074 9.99282E-05 9.99282E-05 9.99282E-05 0.0084601 9.99282E-05
0.00150895 0.366433 0.533696 9.99461E-05 9.99461E-05 9.99461E-05 9.99461E-05 0.0977629 9.99461E-05 9.99461E-05
0.874941 9.99371E-05 0.0168588 9.99371E-05 9.99371E-05 0.107501 9.99371E-05 9.99371E-05 9.99371E-05 9.99371E-05
9.99373E-05 9.99373E-05 9.99373E-05 9.99373E-05 9.99373E-05 0.897506 9.99373E-05 9.99373E-05 0.0858352 0.015959
9.99372E-05 0.100232 9.99372E-05 9.99372E-05 0.898818 9.99372E-05 9.99372E-05 9.99372E-05 9.99372E-05 0.000250195
0.219893 0.0725079 9.9955E-05 0.0678489 9.9955E-05 0.0539683 9.9955E-05 9.9955E-05 9.9955E-05 0.585282
