0.207554 0.12496 0.667286 9.9982E-05 9.9982E-05
9.9973E-05 0.0259373 0.973763 9.9973E-05 9.9973E-05
0.572845 0.0849406 0.342014 9.9982E-05 9.9982E-05
0.14835 9.99821E-05 0.607601 9.99821E-05 0.243849
9.9973E-05 9.9973E-05 9.9973E-05 0.96389 0.0358101
0.101177 9.9982E-05 0.017142 9.9982E-05 0.881481
0.596806 0.0973654 9.9982E-05 0.305629 9.9982E-05
0.0824671 9.99731E-05 0.917233 9.99731E-05 9.99731E-05
9.9973E-05 0.453069 9.9973E-05 9.9973E-05 0.546631
9.997E-05 9.997E-05 9.997E-05 0.9996 9.997E-05
0.17722 9.99731E-05 9.99731E-05 0.82248 9.99731E-05
9.9973E-05 9.9973E-05 0.896589 9.9973E-05 0.103111
0.22052 0.25601 0.0281124 0.443897 0.0514614
0.802109 9.9991E-05 0.0965625 0.0947881 0.00644057
9.99731E-05 0.164682 9.99731E-05 0.835019 9.99731E-05
0.0657708 0.933929 9.99731E-05 9.99731E-05 9.99731E-05
9.9982E-05 9.9982E-05 0.863155 0.0122589 0.124386
9.9982E-05 0.255127 9.9982E-05 0.496145 0.248527
9.9973E-05 9.9973E-05 0.0461221 9.9973E-05 0.953578
9.997E-05 0.9996 9.997E-05 9.997E-05 9.997E-05
9.9982E-05 0.819011 9.9982E-05 0.00618667 0.174603
9.999E-05 0.429408 0.0753002 0.0388441 0.456347
0.0486434 0.776208 9.9982E-05 0.174948 9.9982E-05
0.155954 0.243095 0.468531 0.0651361 0.0672835
0.951068 9.9973E-05 9.9973E-05 9.9973E-05 0.0486323
9.9973E-05 0.414711 9.9973E-05 0.584989 9.9973E-05
0.253315 9.99821E-05 0.725074 9.99821E-05 0.0214113
0.1669 0.128654 9.9991E-05 0.124192 0.580154
9.99732E-05 0.072885 0.926815 9.99732E-05 9.99732E-05
9.99731E-05 9.99731E-05 0.329452 9.99731E-05 0.670248
0.934742 9.99731E-05 9.99731E-05 0.0649577 9.99731E-05
0.9996 9.997E-05 9.997E-05 9.997E-05 9.997E-05
0.24886 9.9973E-05 9.9973E-05 0.750841 9.9973E-05
0.101196 9.9973E-05 9.9973E-05 9.9973E-05 0.898504
0.0457443 9.9982E-05 0.819162 9.9982E-05 0.134893
0.0779876 0.870027 9.9982E-05 9.9982E-05 0.0517856
9.9973E-05 0.140771 9.9973E-05 9.9973E-05 0.858929
0.0495794 9.99731E-05 9.99731E-05 9.99731E-05 0.950121
0.295495 9.9991E-05 0.20965 0.42008 0.0746746
9.99821E-05 9.99821E-05 0.0595099 0.0217181 0.918572
9.9973E-05 9.9973E-05 0.212552 9.9973E-05 0.787148
9.9973E-05 9.9973E-05 0.795123 9.9973E-05 0.204577
9.99821E-05 0.936562 0.0120584 0.0511798 9.99821E-05
0.9996 9.997E-05 9.997E-05 9.997E-05 9.997E-05
9.99731E-05 0.354422 9.99731E-05 0.645278 9.99731E-05
9.99731E-05 0.0126224 0.987078 9.99731E-05 9.99731E-05
9.9973E-05 0.849718 9.9973E-05 9.9973E-05 0.149983
9.99731E-05 0.154579 9.99731E-05 9.99731E-05 0.845121
9.99821E-05 0.418245 0.0930069 0.488548 9.99821E-05
9.9982E-05 0.497847 9.9982E-05 0.131019 0.370933
