0.681129 9.9982E-05 0.216668 0.102003 9.9982E-05
0.953443 9.9973E-05 9.9973E-05 0.046257 9.9973E-05
0.39131 9.9982E-05 0.57218 0.0363096 9.9982E-05
0.614778 0.0732097 0.0954021 9.9991E-05 0.216511
0.00101038 0.988634 9.9982E-05 9.9982E-05 0.0101552
9.99731E-05 9.99731E-05 0.0905265 9.99731E-05 0.909174
0.0543455 0.401699 0.490148 0.0439836 0.00982409
0.971629 9.99731E-05 9.99731E-05 0.0280707 9.99731E-05
9.9973E-05 9.9973E-05 9.9973E-05 0.474195 0.525505
9.997E-05 0.9996 9.997E-05 9.997E-05 9.997E-05
9.99731E-05 0.780292 0.219408 9.99731E-05 9.99731E-05
0.908347 9.9973E-05 9.9973E-05 9.9973E-05 0.0913535
9.9991E-05 0.465159 0.187045 0.342531 0.00516508
0.0716905 0.268909 0.651251 9.9991E-05 0.00805008
9.99821E-05 0.8586 9.99821E-05 0.132083 0.0091168
9.99731E-05 9.99731E-05 0.1464 0.8533 9.99731E-05
0.844717 0.00529566 0.0169147 9.9991E-05 0.132972
9.999E-05 0.367456 0.0494437 0.351039 0.231961
0.0912093 9.9973E-05 9.9973E-05 9.9973E-05 0.908491
9.997E-05 9.997E-05 9.997E-05 0.9996 9.997E-05
0.0849268 9.99821E-05 9.99821E-05 0.904347 0.0105262
0.0535815 0.0252295 9.9991E-05 0.440199 0.48089
9.9982E-05 0.0659996 0.0474251 0.886375 9.9982E-05
0.514963 0.135851 0.115063 0.134403 0.09972
9.9982E-05 9.9982E-05 0.974316 0.00714797 0.0183358
9.9973E-05 0.516963 9.9973E-05 0.482737 9.9973E-05
0.589469 9.99821E-05 0.370625 9.99821E-05 0.0397063
9.99821E-05 0.34601 0.0201417 9.99821E-05 0.633648
0.992568 9.99732E-05 9.99732E-05 0.00713189 9.99732E-05
0.357333 0.0250521 9.99821E-05 9.99821E-05 0.617415
9.99731E-05 0.000264468 0.999436 9.99731E-05 9.99731E-05
9.997E-05 9.997E-05 0.9996 9.997E-05 9.997E-05
9.9973E-05 0.774274 0.225426 9.9973E-05 9.9973E-05
9.9982E-05 9.9982E-05 0.100529 0.00210346 0.897167
0.858023 0.00624216 9.9982E-05 9.9982E-05 0.135535
9.9973E-05 9.9973E-05 9.9973E-05 0.872979 0.126721
9.9973E-05 9.9973E-05 9.9973E-05 0.123444 0.876256
9.9991E-05 0.00293618 0.0507601 0.012112 0.934092
0.198053 0.568926 0.204561 9.9991E-05 0.0283596
0.0420689 0.0362979 9.99821E-05 9.99821E-05 0.921433
0.194739 9.9973E-05 9.9973E-05 9.9973E-05 0.804961
0.848462 9.9973E-05 9.9973E-05 9.9973E-05 0.151238
9.997E-05 9.997E-05 9.997E-05 0.9996 9.997E-05
9.997E-05 9.997E-05 0.9996 9.997E-05 9.997E-05
9.99731E-05 0.60351 9.99731E-05 0.396191 9.99731E-05
0.991436 0.00826385 9.99731E-05 9.99731E-05 9.99731E-05
9.9973E-05 9.9973E-05 9.9973E-05 0.74345 0.25625
9.99731E-05 9.99731E-05 9.99731E-05 0.142949 0.856751
0.0714257 0.346261 9.99821E-05 0.582113 9.99821E-05
9.99821E-05 0.030205 9.99821E-05 0.735016 0.234579
