9.99461E-05 9.99461E-05 0.31989 9.99461E-05 0.570788 0.108723 9.99461E-05 9.99461E-05 9.99461E-05
9.99371E-05 9.99371E-05 9.99371E-05 9.99371E-05 0.976197 0.0231037 9.99371E-05 9.99371E-05 9.99371E-05
9.9955E-05 9.9955E-05 0.619689 9.9955E-05 0.319938 0.0561158 0.0037571 9.9955E-05 9.9955E-05
0.261928 9.99461E-05 9.99461E-05 9.99461E-05 0.397361 9.99461E-05 9.99461E-05 0.340112 9.99461E-05
9.9946E-05 0.778833 0.12709 9.9946E-05 9.9946E-05 9.9946E-05 9.9946E-05 0.0934771 9.9946E-05
0.831633 9.9946E-05 0.0457787 9.9946E-05 9.9946E-05 9.9946E-05 9.9946E-05 9.9946E-05 0.121989
9.9955E-05 9.9955E-05 9.9955E-05 0.0498253 9.9955E-05 0.0499139 9.9955E-05 0.81394 0.0858206
9.99551E-05 9.99551E-05 0.00721471 9.99551E-05 0.822216 9.99551E-05 0.00731063 9.99551E-05 0.162759
0.395419 9.99371E-05 9.99371E-05 9.99371E-05 9.99371E-05 0.603881 9.99371E-05 9.99371E-05 9.99371E-05
9.99371E-05 0.924836 9.99371E-05 0.074464 9.99371E-05 9.99371E-05 9.99371E-05 9.99371E-05 9.99371E-05
9.993E-05 9.993E-05 9.993E-05 0.999201 9.993E-05 9.993E-05 9.993E-05 9.993E-05 9.993E-05
0.0905757 9.9964E-05 9.9964E-05 0.0202084 0.869561 0.000947718 9.9964E-05 9.9964E-05 0.0183071
9.9982E-05 0.239531 0.0257155 0.0810959 0.0130543 0.250428 0.0807355 0.30924 9.9982E-05
9.993E-05 9.993E-05 9.993E-05 9.993E-05 9.993E-05 9.993E-05 9.993E-05 0.999201 9.993E-05
0.015074 0.958051 9.99461E-05 9.99461E-05 9.99461E-05 9.99461E-05 0.0262752 9.99461E-05 9.99461E-05
9.99371E-05 9.99371E-05 0.0122432 9.99371E-05 9.99371E-05 0.987057 9.99371E-05 9.99371E-05 9.99371E-05
0.100351 9.99461E-05 0.0551732 9.99461E-05 0.843877 9.99461E-05 9.99461E-05 9.99461E-05 9.99461E-05
0.0939329 0.200229 9.9964E-05 0.0245776 9.9964E-05 0.498875 9.9964E-05 9.9964E-05 0.181985
0.999201 9.993E-05 9.993E-05 9.993E-05 9.993E-05 9.993E-05 9.993E-05 9.993E-05 9.993E-05
9.99372E-05 9.99372E-05 9.99372E-05 9.99372E-05 9.99372E-05 0.528569 0.470731 9.99372E-05 9.99372E-05
0.0128343 9.9964E-05 9.9964E-05 9.9964E-05 0.0178456 0.157578 0.761326 0.0500164 9.9964E-05
0.229637 9.9964E-05 9.9964E-05 0.0453106 0.202024 0.484967 9.9964E-05 0.0376611 9.9964E-05
9.99371E-05 0.152013 9.99371E-05 9.99371E-05 9.99371E-05 0.847287 9.99371E-05 9.99371E-05 9.99371E-05
0.102337 9.9982E-05 0.172448 0.00549832 0.370649 9.9982E-05 0.269709 0.00389584 0.0752629
0.0180384 9.99551E-05 0.960918 9.99551E-05 9.99551E-05 9.99551E-05 0.0182674 9.99551E-05 0.00227621
9.9937E-05 0.813151 9.9937E-05 9.9937E-05 9.9937E-05 0.186149 9.9937E-05 9.9937E-05 9.9937E-05
0.0808385 9.99551E-05 0.0483101 9.99551E-05 0.512661 9.99551E-05 9.99551E-05 0.35769 9.99551E-05
0.435466 9.99461E-05 9.99461E-05 9.99461E-05 9.99461E-05 9.99461E-05 0.186594 0.37734 9.99461E-05
9.995E-05 9.995E-05 9.995E-05 0.00399602 0.880028 0.0706524 9.995E-05 9.995E-05 0.0448243
0.512968 9.99642E-05 9.99642E-05 9.99642E-05 0.343032 0.0569461 0.057384 0.0292706 9.99642E-05
9.99551E-05 9.99551E-05 0.613487 0.205916 9.99551E-05 9.99551E-05 9.99551E-05 0.141008 0.0390892
9.99372E-05 0.0111008 0.9882 9.99372E-05 9.99372E-05 9.99372E-05 9.99372E-05 9.99372E-05 9.99372E-05
9.9946E-05 0.22786 9.9946E-05 0.157969 9.9946E-05 9.9946E-05 9.9946E-05 0.613571 9.9946E-05
0.872049 0.00845879 0.041041 9.99641E-05 9.99641E-05 0.0044093 9.99641E-05 0.073642 9.99641E-05
0.169228 9.99551E-05 9.99551E-05 9.99551E-05 0.699517 9.99551E-05 9.99551E-05 0.103687 0.0270687
0.018054 9.99371E-05 9.99371E-05 9.99371E-05 9.99371E-05 0.981246 9.99371E-05 9.99371E-05 9.99371E-05
0.815434 9.99461E-05 9.99461E-05 9.99461E-05 9.99461E-05 0.144248 0.0397187 9.99461E-05 9.99461E-05
0.843554 9.9955E-05 9.9955E-05 0.0422699 9.9955E-05 0.102325 9.9955E-05 9.9955E-05 0.011352
9.993E-05 9.993E-05 9.993E-05 9.993E-05 9.993E-05 9.993E-05 9.993E-05 9.993E-05 0.999201
0.873982 9.99551E-05 9.99551E-05 0.0567428 0.0549703 9.99551E-05 0.0138049 9.99551E-05 9.99551E-05
0.769342 9.99371E-05 9.99371E-05 9.99371E-05 0.229959 9.99371E-05 9.99371E-05 9.99371E-05 9.99371E-05
0.138942 0.0272369 9.99461E-05 9.99461E-05 0.833221 9.99461E-05 9.99461E-05 9.99461E-05 9.99461E-05
9.993E-05 9.993E-05 9.993E-05 9.993E-05 9.993E-05 9.993E-05 0.999201 9.993E-05 9.993E-05
0.00741474 9.99461E-05 0.987063 9.99461E-05 9.99461E-05 9.99461E-05 9.99461E-05 9.99461E-05 0.0049224
9.99461E-05 0.298209 9.99461E-05 9.99461E-05 9.99461E-05 9.99461E-05 0.495776 0.205415 9.99461E-05
9.99371E-05 9.99371E-05 9.99371E-05 9.99371E-05 0.905237 0.0940632 9.99371E-05 9.99371E-05 9.99371E-05
0.11572 9.9955E-05 9.9955E-05 9.9955E-05 9.9955E-05 0.592057 0.236598 9.9955E-05 0.0551247
0.762863 9.99372E-05 9.99372E-05 9.99372E-05 9.99372E-05 0.236437 9.99372E-05 9.99372E-05 9.99372E-05
9.99551E-05 9.99551E-05 0.026969 0.106907 9.99551E-05 9.99551E-05 0.852138 9.99551E-05 0.0134869
0.211392 9.9955E-05 9.9955E-05 0.0260343 9.9955E-05 0.0253987 0.736675 9.9955E-05 9.9955E-05
