9.99641E-05 9.99641E-05 0.0523479 9.99641E-05 0.0403233 9.99641E-05 0.656583 0.223058 0.0272878
9.99461E-05 9.99461E-05 9.99461E-05 0.0726282 0.114468 9.99461E-05 0.812305 9.99461E-05 9.99461E-05
9.99461E-05 9.99461E-05 9.99461E-05 0.0261677 9.99461E-05 9.99461E-05 0.271706 0.701527 9.99461E-05
9.99462E-05 9.99462E-05 9.99462E-05 0.98445 0.00110435 9.99462E-05 9.99462E-05 9.99462E-05 0.0138464
9.9937E-05 9.9937E-05 9.9937E-05 0.0749276 9.9937E-05 0.924373 9.9937E-05 9.9937E-05 9.9937E-05
9.99461E-05 0.891636 9.99461E-05 9.99461E-05 0.00876813 9.99461E-05 9.99461E-05 0.0989964 9.99461E-05
9.99371E-05 9.99371E-05 9.99371E-05 9.99371E-05 0.0104208 9.99371E-05 9.99371E-05 9.99371E-05 0.98888
0.0605116 9.99461E-05 9.99461E-05 9.99461E-05 9.99461E-05 9.99461E-05 0.905905 0.0329837 9.99461E-05
9.99372E-05 0.371767 9.99372E-05 9.99372E-05 0.627533 9.99372E-05 9.99372E-05 9.99372E-05 9.99372E-05
0.0144726 9.99371E-05 9.99371E-05 9.99371E-05 9.99371E-05 0.984828 9.99371E-05 9.99371E-05 9.99371E-05
0.999201 9.993E-05 9.993E-05 9.993E-05 9.993E-05 9.993E-05 9.993E-05 9.993E-05 9.993E-05
9.99371E-05 0.160171 9.99371E-05 9.99371E-05 9.99371E-05 9.99371E-05 0.839129 9.99371E-05 9.99371E-05
9.9964E-05 9.9964E-05 0.149307 9.9964E-05 0.152829 0.145824 0.00293103 9.9964E-05 0.54871
9.99371E-05 9.99371E-05 9.99371E-05 0.0458495 9.99371E-05 9.99371E-05 9.99371E-05 9.99371E-05 0.953451
9.99371E-05 9.99371E-05 0.143559 9.99371E-05 9.99371E-05 0.855741 9.99371E-05 9.99371E-05 9.99371E-05
9.993E-05 9.993E-05 9.993E-05 9.993E-05 0.999201 9.993E-05 9.993E-05 9.993E-05 9.993E-05
9.99641E-05 0.176224 9.99641E-05 0.162117 9.99641E-05 0.0121544 0.640399 9.99641E-05 0.00870604
0.240679 0.0713243 9.9973E-05 9.9973E-05 0.584073 0.0361721 9.9973E-05 0.0333414 0.0341107
9.99371E-05 0.964189 9.99371E-05 0.035111 9.99371E-05 9.99371E-05 9.99371E-05 9.99371E-05 9.99371E-05
9.99461E-05 9.99461E-05 0.649704 0.0129522 0.336744 9.99461E-05 9.99461E-05 9.99461E-05 9.99461E-05
9.99461E-05 0.0742367 0.528273 9.99461E-05 0.396891 9.99461E-05 9.99461E-05 9.99461E-05 9.99461E-05
0.0139967 0.332237 9.99641E-05 9.99641E-05 0.514211 9.99641E-05 0.110114 9.99641E-05 0.0290415
9.99461E-05 9.99461E-05 0.0182521 9.99461E-05 0.790836 0.190312 9.99461E-05 9.99461E-05 9.99461E-05
0.0845032 9.9964E-05 0.0906278 0.699983 0.0843473 9.9964E-05 9.9964E-05 0.0401392 9.9964E-05
9.99371E-05 0.033818 9.99371E-05 9.99371E-05 9.99371E-05 9.99371E-05 9.99371E-05 0.965482 9.99371E-05
9.99461E-05 9.99461E-05 0.225915 9.99461E-05 0.194459 0.579026 9.99461E-05 9.99461E-05 9.99461E-05
9.993E-05 9.993E-05 9.993E-05 0.999201 9.993E-05 9.993E-05 9.993E-05 9.993E-05 9.993E-05
9.99461E-05 0.541028 0.081441 9.99461E-05 9.99461E-05 9.99461E-05 9.99461E-05 9.99461E-05 0.376931
9.99374E-05 9.99374E-05 9.99374E-05 9.99374E-05 0.0267426 9.99374E-05 0.972558 9.99374E-05 9.99374E-05
0.034975 0.619721 9.99641E-05 0.0736289 9.99641E-05 9.99641E-05 0.265695 9.99641E-05 0.00558068
0.0831643 9.99461E-05 9.99461E-05 9.99461E-05 9.99461E-05 9.99461E-05 9.99461E-05 0.487143 0.429093
9.99371E-05 9.99371E-05 9.99371E-05 9.99371E-05 9.99371E-05 0.105628 9.99371E-05 0.893672 9.99371E-05
0.14628 9.9946E-05 9.9946E-05 9.9946E-05 9.9946E-05 0.311239 9.9946E-05 9.9946E-05 0.541882
9.995E-05 0.831661 9.995E-05 9.995E-05 0.0731255 9.995E-05 9.995E-05 0.0154062 0.0793073
9.99461E-05 0.122255 9.99461E-05 0.803794 9.99461E-05 9.99461E-05 0.0733514 9.99461E-05 9.99461E-05
9.993E-05 9.993E-05 9.993E-05 9.993E-05 0.999201 9.993E-05 9.993E-05 9.993E-05 9.993E-05
9.99371E-05 0.768472 9.99371E-05 9.99371E-05 0.230828 9.99371E-05 9.99371E-05 9.99371E-05 9.99371E-05
0.047623 0.868907 9.99461E-05 9.99461E-05 0.0828708 9.99461E-05 9.99461E-05 9.99461E-05 9.99461E-05
0.898824 0.0495992 9.99551E-05 0.0140151 9.99551E-05 9.99551E-05 0.037062 9.99551E-05 9.99551E-05
9.99552E-05 0.764905 0.0698108 0.146474 9.99552E-05 0.0183095 9.99552E-05 9.99552E-05 9.99552E-05
9.99371E-05 0.775033 9.99371E-05 9.99371E-05 9.99371E-05 9.99371E-05 0.224267 9.99371E-05 9.99371E-05
9.99371E-05 0.241994 9.99371E-05 9.99371E-05 9.99371E-05 9.99371E-05 0.757306 9.99371E-05 9.99371E-05
9.993E-05 9.993E-05 0.999201 9.993E-05 9.993E-05 9.993E-05 9.993E-05 9.993E-05 9.993E-05
9.993E-05 9.993E-05 9.993E-05 9.993E-05 9.993E-05 9.993E-05 9.993E-05 0.999201 9.993E-05
9.9946E-05 9.9946E-05 0.628299 9.9946E-05 9.9946E-05 0.104858 9.9946E-05 9.9946E-05 0.266243
9.99372E-05 9.99372E-05 9.99372E-05 0.114472 9.99372E-05 9.99372E-05 0.884829 9.99372E-05 9.99372E-05
9.99461E-05 0.160705 0.0701352 9.99461E-05 0.76856 9.99461E-05 9.99461E-05 9.99461E-05 9.99461E-05
9.99462E-05 0.712024 0.0412677 9.99462E-05 0.246108 9.99462E-05 9.99462E-05 9.99462E-05 9.99462E-05
0.0426954 9.99461E-05 0.857218 9.99461E-05 9.99461E-05 9.99461E-05 9.99461E-05 0.0994867 9.99461E-05
0.0353625 0.264196 0.449252 9.9955E-05 0.250689 9.9955E-05 9.9955E-05 9.9955E-05 9.9955E-05
