0.0451825 9.99559E-05 9.99559E-05 0.405781 9.99559E-05 0.160905 0.387631 9.99559E-05 9.99559E-05
0.144858 0.26022 9.99648E-05 0.0547601 0.202558 9.99648E-05 9.99648E-05 0.337204 9.99648E-05
9.99388E-05 9.99388E-05 0.439849 9.99388E-05 9.99388E-05 9.99388E-05 0.559451 9.99388E-05 9.99388E-05
9.99561E-05 0.0184365 9.99561E-05 9.99561E-05 0.714523 0.206909 9.99561E-05 9.99561E-05 0.0596322
0.475901 9.99558E-05 9.99558E-05 0.281104 9.99558E-05 9.99558E-05 9.99558E-05 0.168778 0.0737166
9.99473E-05 0.473421 0.429211 9.99473E-05 9.99473E-05 9.99473E-05 9.99473E-05 0.0967676 9.99473E-05
0.513805 0.169985 9.9965E-05 0.101248 0.131307 9.9965E-05 9.9965E-05 9.9965E-05 0.083254
9.99471E-05 9.99471E-05 9.99471E-05 0.321111 0.282439 9.99471E-05 9.99471E-05 0.395851 9.99471E-05
9.99738E-05 0.115966 9.99738E-05 0.271908 9.99738E-05 0.0902438 0.0423046 0.448371 0.0309063
9.99477E-05 9.99477E-05 9.99477E-05 9.99477E-05 9.99477E-05 0.694248 0.00178139 0.303371 9.99477E-05
9.99469E-05 0.53841 9.99469E-05 0.271243 9.99469E-05 9.99469E-05 0.189748 9.99469E-05 9.99469E-05
9.99649E-05 9.99649E-05 9.99649E-05 0.129408 0.071953 0.0174931 9.99649E-05 0.568128 0.212619
0.296103 9.99647E-05 0.037995 0.244067 9.99647E-05 0.11459 9.99647E-05 0.306845 9.99647E-05
9.99474E-05 9.99474E-05 9.99474E-05 0.434819 9.99474E-05 0.323493 9.99474E-05 9.99474E-05 0.241087
9.99383E-05 9.99383E-05 9.99383E-05 9.99383E-05 0.85402 9.99383E-05 9.99383E-05 9.99383E-05 0.14528
0.584805 9.99468E-05 9.99468E-05 9.99468E-05 0.114067 9.99468E-05 0.300529 9.99468E-05 9.99468E-05
0.35536 9.99649E-05 9.99649E-05 0.197763 9.99649E-05 9.99649E-05 0.131857 0.291662 0.0229582
9.99559E-05 9.99559E-05 9.99559E-05 0.21238 0.614965 0.166524 0.00563129 9.99559E-05 9.99559E-05
0.0164898 0.631697 9.99649E-05 9.99649E-05 0.133282 9.99649E-05 0.000112525 0.218019 9.99649E-05
9.99736E-05 0.457529 0.207578 0.0325318 0.108191 9.99736E-05 0.0951745 9.99736E-05 0.0986969
0.767034 9.99386E-05 9.99386E-05 9.99386E-05 9.99386E-05 0.232266 9.99386E-05 9.99386E-05 9.99386E-05
0.150528 0.0742677 9.99561E-05 9.99561E-05 0.413028 9.99561E-05 0.361677 9.99561E-05 9.99561E-05
9.99387E-05 0.750555 9.99387E-05 9.99387E-05 9.99387E-05 0.248745 9.99387E-05 9.99387E-05 9.99387E-05
9.99648E-05 0.161591 0.0691093 9.99648E-05 0.193008 0.1809 9.99648E-05 9.99648E-05 0.394992
0.702866 9.99648E-05 9.99648E-05 0.0974446 0.158209 0.0303433 9.99648E-05 0.0107373 9.99648E-05
0.309659 0.0894189 9.99645E-05 9.99645E-05 9.99645E-05 0.378933 0.10799 0.113599 9.99645E-05
0.0675674 0.474248 9.99474E-05 9.99474E-05 9.99474E-05 9.99474E-05 0.457585 9.99474E-05 9.99474E-05
9.99389E-05 9.99389E-05 9.99389E-05 0.457632 9.99389E-05 9.99389E-05 9.99389E-05 0.541669 9.99389E-05
9.99388E-05 9.99388E-05 9.99388E-05 0.7666 9.99388E-05 9.99388E-05 9.99388E-05 0.232701 9.99388E-05
9.99648E-05 9.99648E-05 9.99648E-05 0.297485 0.291832 0.0650538 9.99648E-05 0.271495 0.0737348
9.99472E-05 0.293222 9.99472E-05 0.674014 0.032164 9.99472E-05 9.99472E-05 9.99472E-05 9.99472E-05
9.99557E-05 9.99557E-05 9.99557E-05 0.211178 9.99557E-05 0.255385 0.436771 9.99557E-05 0.0961657
9.9956E-05 9.9956E-05 9.9956E-05 9.9956E-05 9.9956E-05 0.209253 0.258458 0.144272 0.387518
9.99479E-05 9.99479E-05 9.99479E-05 0.289473 9.99479E-05 0.623305 0.0866223 9.99479E-05 9.99479E-05
0.111983 0.866488 9.99474E-05 0.0209299 9.99474E-05 9.99474E-05 9.99474E-05 9.99474E-05 9.99474E-05
9.994E-05 0.766658 9.994E-05 9.994E-05 9.994E-05 9.994E-05 9.994E-05 0.0814772 0.151265
0.103589 0.398855 9.99739E-05 9.99739E-05 9.99739E-05 0.140919 0.289183 0.00438065 0.0627737
0.10977 9.99475E-05 9.99475E-05 9.99475E-05 0.549638 0.339993 9.99475E-05 9.99475E-05 9.99475E-05
0.293274 0.0250413 0.128246 9.99824E-05 0.0252788 0.274142 0.0889962 9.99824E-05 0.164822
9.99563E-05 0.461734 0.164448 9.99563E-05 9.99563E-05 0.156452 9.99563E-05 0.216865 9.99563E-05
9.99471E-05 9.99471E-05 9.99471E-05 9.99471E-05 9.99471E-05 0.311705 9.99471E-05 0.525047 0.162648
0.0726101 0.314846 9.99735E-05 0.0711717 9.99735E-05 0.16454 9.99735E-05 0.0117058 0.364826
9.99471E-05 9.99471E-05 9.99471E-05 9.99471E-05 0.677291 9.99471E-05 9.99471E-05 0.0243854 0.297724
9.9965E-05 9.9965E-05 0.0444281 0.516252 0.105292 0.116754 9.9965E-05 9.9965E-05 0.216874
0.0111982 9.99562E-05 0.180994 9.99562E-05 0.216472 9.99562E-05 9.99562E-05 9.99562E-05 0.590836
9.99472E-05 9.99472E-05 9.99472E-05 0.207245 0.204527 9.99472E-05 9.99472E-05 9.99472E-05 0.587627
9.99645E-05 0.176709 9.99645E-05 0.332558 0.06329 9.99645E-05 0.0713623 0.355681 9.99645E-05
0.242302 0.060927 9.9956E-05 0.507749 9.9956E-05 9.9956E-05 9.9956E-05 0.188522 9.9956E-05
0.442637 9.99649E-05 0.0421903 9.99649E-05 0.287352 9.99649E-05 0.15897 9.99649E-05 0.0684511
0.243129 9.99734E-05 9.99734E-05 0.167328 9.99734E-05 0.294224 0.24024 0.0146064 0.0401726
9.99387E-05 9.99387E-05 9.99387E-05 9.99387E-05 9.99387E-05 9.99387E-05 0.920034 9.99387E-05 0.0792665
9.99475E-05 0.398113 0.184474 9.99475E-05 9.99475E-05 9.99475E-05 9.99475E-05 9.99475E-05 0.416813
9.99735E-05 0.286923 0.16272 0.00947111 0.008542 0.273816 9.99735E-05 9.99735E-05 0.258229
9.99559E-05 9.99559E-05 9.99559E-05 0.466064 0.370803 0.0723553 9.99559E-05 0.0902779 9.99559E-05
9.9956E-05 0.474674 0.00887224 0.067519 9.9956E-05 9.9956E-05 9.9956E-05 0.448435 9.9956E-05
9.99384E-05 0.73056 9.99384E-05 0.268741 9.99384E-05 9.99384E-05 9.99384E-05 9.99384E-05 9.99384E-05
0.165953 0.172562 9.99738E-05 0.345176 0.2498 9.99738E-05 0.0220052 0.0442038 9.99738E-05
9.9947E-05 0.620877 9.9947E-05 0.267939 9.9947E-05 9.9947E-05 0.110585 9.9947E-05 9.9947E-05
0.0208294 0.848267 9.99476E-05 9.99476E-05 0.130304 9.99476E-05 9.99476E-05 9.99476E-05 9.99476E-05
0.0913524 9.99469E-05 9.99469E-05 9.99469E-05 9.99469E-05 0.462052 0.445996 9.99469E-05 9.99469E-05
9.9956E-05 9.9956E-05 9.9956E-05 0.0950248 9.9956E-05 0.310644 0.527976 0.0658556 9.9956E-05
9.99558E-05 0.173538 9.99558E-05 0.51244 9.99558E-05 9.99558E-05 0.184132 0.129391 9.99558E-05
0.134485 9.99648E-05 9.99648E-05 0.193129 0.527554 0.065936 9.99648E-05 9.99648E-05 0.0784957
0.090428 0.634267 9.99558E-05 0.0681173 9.99558E-05 9.99558E-05 9.99558E-05 9.99558E-05 0.206688
9.99474E-05 0.761892 9.99474E-05 9.99474E-05 9.99474E-05 9.99474E-05 9.99474E-05 0.133578 0.10393
0.436576 0.562724 9.99383E-05 9.99383E-05 9.99383E-05 9.99383E-05 9.99383E-05 9.99383E-05 9.99383E-05
0.0874489 9.99478E-05 9.99478E-05 9.99478E-05 9.99478E-05 9.99478E-05 9.99478E-05 0.474907 0.437045
9.99471E-05 9.99471E-05 9.99471E-05 0.0941839 9.99471E-05 0.162113 9.99471E-05 9.99471E-05 0.743103
9.99558E-05 0.713516 9.99558E-05 0.0946799 9.99558E-05 9.99558E-05 9.99558E-05 0.0639086 0.127396
0.111552 0.0532243 9.99823E-05 9.99823E-05 0.102172 0.234562 0.214303 0.0749781 0.209008
9.9956E-05 9.9956E-05 0.127181 9.9956E-05 9.9956E-05 0.275742 0.26384 0.332737 9.9956E-05
0.129761 0.151544 0.129736 0.101528 0.487031 9.9965E-05 9.9965E-05 9.9965E-05 9.9965E-05
0.46028 9.9956E-05 9.9956E-05 0.110459 9.9956E-05 9.9956E-05 0.0254672 0.403294 9.9956E-05
9.99473E-05 9.99473E-05 9.99473E-05 9.99473E-05 0.322479 9.99473E-05 9.99473E-05 0.38811 0.288811
9.99559E-05 0.189381 0.0563151 0.483952 0.269852 9.99559E-05 9.99559E-05 9.99559E-05 9.99559E-05
0.068273 0.233374 9.9965E-05 0.375876 9.9965E-05 0.192052 9.9965E-05 9.9965E-05 0.130026
0.0146929 0.523028 9.99559E-05 9.99559E-05 9.99559E-05 0.306775 0.155004 9.99559E-05 9.99559E-05
0.441342 0.412163 9.9956E-05 9.9956E-05 9.9956E-05 9.9956E-05 0.0568377 9.9956E-05 0.0891573
9.99472E-05 9.99472E-05 0.00363313 9.99472E-05 0.0513483 0.944419 9.99472E-05 9.99472E-05 9.99472E-05
0.580312 0.201166 9.99561E-05 0.170447 0.0475745 9.99561E-05 9.99561E-05 9.99561E-05 9.99561E-05
9.9956E-05 0.287938 9.9956E-05 9.9956E-05 0.289482 0.197353 9.9956E-05 0.224727 9.9956E-05
0.0333127 9.99474E-05 9.99474E-05 9.99474E-05 9.99474E-05 9.99474E-05 9.99474E-05 0.795994 0.170094
9.99735E-05 9.99735E-05 0.0922305 0.0238399 0.29821 9.99735E-05 0.131561 0.0638649 0.389993
0.449642 9.99563E-05 0.260332 9.99563E-05 9.99563E-05 9.99563E-05 0.181021 0.108506 9.99563E-05
9.99471E-05 0.394127 0.487532 9.99471E-05 9.99471E-05 9.99471E-05 9.99471E-05 0.117742 9.99471E-05
9.99471E-05 9.99471E-05 9.99471E-05 9.99471E-05 0.807024 9.99471E-05 9.99471E-05 0.0712305 0.121146
9.99387E-05 0.777248 9.99387E-05 0.222052 9.99387E-05 9.99387E-05 9.99387E-05 9.99387E-05 9.99387E-05
9.99559E-05 9.99559E-05 9.99559E-05 0.115373 9.99559E-05 0.229927 9.99559E-05 0.320883 0.333318
9.99738E-05 9.99738E-05 0.17766 0.0553818 0.192462 9.99738E-05 0.157411 0.0344757 0.38231
0.0634644 0.0173343 9.99559E-05 0.247155 9.99559E-05 9.99559E-05 0.671547 9.99559E-05 9.99559E-05
0.539577 0.365275 9.99559E-05 9.99559E-05 0.0786829 9.99559E-05 0.0159654 9.99559E-05 9.99559E-05
9.99646E-05 0.119808 9.99646E-05 9.99646E-05 0.339897 0.0421595 0.230789 9.99646E-05 0.266947
9.99649E-05 0.0633666 0.166828 0.0614516 0.455718 0.252236 9.99649E-05 9.99649E-05 9.99649E-05
9.99563E-05 9.99563E-05 0.0543537 0.267502 0.548417 0.129228 9.99563E-05 9.99563E-05 9.99563E-05
0.457049 0.0505412 9.99651E-05 0.0618839 9.99651E-05 0.333661 9.99651E-05 9.99651E-05 0.0964649
9.99734E-05 9.99734E-05 0.252195 0.119366 9.99734E-05 0.185005 0.222698 0.0475274 0.172908
9.99385E-05 9.99385E-05 9.99385E-05 9.99385E-05 9.99385E-05 0.644153 9.99385E-05 9.99385E-05 0.355147
9.99473E-05 0.431808 0.46891 9.99473E-05 9.99473E-05 9.99473E-05 9.99473E-05 9.99473E-05 0.0986825
9.99561E-05 0.617577 9.99561E-05 9.99561E-05 9.99561E-05 9.99561E-05 0.00539211 0.346692 0.0298394
9.99649E-05 0.0374334 9.99649E-05 9.99649E-05 0.159908 0.524915 0.0633654 0.213979 9.99649E-05
0.278808 0.138111 9.99561E-05 0.549645 9.99561E-05 9.99561E-05 0.0329365 9.99561E-05 9.99561E-05
0.396928 9.99648E-05 9.99648E-05 0.049746 0.412594 9.99648E-05 9.99648E-05 0.0360939 0.104238
0.514992 9.99473E-05 0.185145 0.299264 9.99473E-05 9.99473E-05 9.99473E-05 9.99473E-05 9.99473E-05
9.99384E-05 9.99384E-05 9.99384E-05 0.87966 0.11964 9.99384E-05 9.99384E-05 9.99384E-05 9.99384E-05
0.258515 0.337674 0.114904 9.99648E-05 9.99648E-05 9.99648E-05 0.038727 9.99648E-05 0.24978
9.99385E-05 9.99385E-05 9.99385E-05 9.99385E-05 0.352183 9.99385E-05 0.647118 9.99385E-05 9.99385E-05
0.297707 9.99469E-05 9.99469E-05 9.99469E-05 9.99469E-05 0.527138 9.99469E-05 0.174555 9.99469E-05
0.336321 9.99562E-05 0.0123785 9.99562E-05 0.297218 0.353582 9.99562E-05 9.99562E-05 9.99562E-05
9.99476E-05 0.445667 9.99476E-05 0.263635 0.290099 9.99476E-05 9.99476E-05 9.99476E-05 9.99476E-05
9.99476E-05 9.99476E-05 9.99476E-05 9.99476E-05 0.0609763 9.99476E-05 0.580081 0.358343 9.99476E-05
9.99473E-05 9.99473E-05 9.99473E-05 0.81482 0.11096 9.99473E-05 9.99473E-05 0.0736207 9.99473E-05
0.300417 0.000848703 9.9956E-05 9.9956E-05 9.9956E-05 9.9956E-05 9.9956E-05 0.682282 0.0159524
9.99649E-05 0.620026 0.0345612 0.110027 0.0733646 9.99649E-05 9.99649E-05 0.161621 9.99649E-05
9.99558E-05 9.99558E-05 9.99558E-05 0.764249 0.196433 0.00308127 9.99558E-05 9.99558E-05 0.035736
9.99395E-05 9.99395E-05 0.0203203 9.99395E-05 0.97898 9.99395E-05 9.99395E-05 9.99395E-05 9.99395E-05
9.99561E-05 9.99561E-05 9.99561E-05 9.99561E-05 0.323331 0.0314401 9.99561E-05 0.274189 0.37054
0.112868 0.0939004 9.99736E-05 0.136393 0.390164 0.0849578 9.99736E-05 0.181417 9.99736E-05
0.00958295 0.186625 0.166228 9.99736E-05 0.110519 9.99736E-05 0.242217 0.284528 9.99736E-05
9.99386E-05 0.176932 9.99386E-05 9.99386E-05 9.99386E-05 9.99386E-05 9.99386E-05 9.99386E-05 0.822368
0.284097 0.240494 9.99649E-05 0.19024 9.99649E-05 0.099736 9.99649E-05 0.185034 9.99649E-05
0.166731 9.99562E-05 9.99562E-05 9.99562E-05 0.307543 9.99562E-05 0.462931 9.99562E-05 0.062295
0.0247878 0.0505213 9.99646E-05 0.465091 0.0674415 9.99646E-05 9.99646E-05 9.99646E-05 0.391759
0.398862 9.99471E-05 9.99471E-05 9.99471E-05 0.407863 9.99471E-05 9.99471E-05 0.192675 9.99471E-05
0.373774 0.16778 9.99647E-05 0.221284 9.99647E-05 9.99647E-05 0.099529 9.99647E-05 0.137232
9.99471E-05 0.190766 9.99471E-05 0.407786 9.99471E-05 9.99471E-05 0.400848 9.99471E-05 9.99471E-05
9.99562E-05 9.99562E-05 0.0299974 0.0169679 9.99562E-05 9.99562E-05 9.99562E-05 0.00166598 0.950869
0.238636 9.99559E-05 9.99559E-05 0.305731 0.270944 0.18419 9.99559E-05 9.99559E-05 9.99559E-05
0.0208418 0.320019 9.99563E-05 0.024625 0.634015 9.99563E-05 9.99563E-05 9.99563E-05 9.99563E-05
9.99474E-05 0.219459 9.99474E-05 9.99474E-05 9.99474E-05 0.240274 0.539668 9.99474E-05 9.99474E-05
9.99386E-05 9.99386E-05 9.99386E-05 9.99386E-05 9.99386E-05 0.868975 0.130325 9.99386E-05 9.99386E-05
0.0846038 9.99561E-05 9.99561E-05 9.99561E-05 0.132011 0.474424 9.99561E-05 0.308462 9.99561E-05
9.99473E-05 9.99473E-05 0.901298 0.0418785 9.99473E-05 0.0562234 9.99473E-05 9.99473E-05 9.99473E-05
9.99472E-05 9.99472E-05 0.0380205 9.99472E-05 9.99472E-05 0.735433 9.99472E-05 0.225947 9.99472E-05
9.99648E-05 9.99648E-05 0.159453 0.542235 9.99648E-05 9.99648E-05 0.0641354 0.0496696 0.184107
9.9956E-05 0.00928305 0.736908 9.9956E-05 9.9956E-05 9.9956E-05 9.9956E-05 0.231492 0.0218176
9.99736E-05 0.0480266 0.143885 0.138793 0.503667 0.162632 9.99736E-05 9.99736E-05 0.00269644
9.99561E-05 0.454652 9.99561E-05 0.183761 0.147182 9.99561E-05 9.99561E-05 0.213905 9.99561E-05
9.99736E-05 0.278964 0.143507 0.168429 0.12083 0.104933 9.99736E-05 0.183038 9.99736E-05
9.99562E-05 0.0663705 9.99562E-05 0.460975 9.99562E-05 9.99562E-05 0.214459 9.99562E-05 0.257696
0.270788 0.477236 9.99559E-05 9.99559E-05 9.99559E-05 0.121618 9.99559E-05 9.99559E-05 0.129858
9.99475E-05 9.99475E-05 0.0488893 0.520888 9.99475E-05 9.99475E-05 9.99475E-05 9.99475E-05 0.429623
0.218567 9.9965E-05 0.421915 0.189474 9.9965E-05 0.00761778 9.9965E-05 0.162025 9.9965E-05
0.347903 9.99559E-05 9.99559E-05 0.147691 0.207476 9.99559E-05 9.99559E-05 0.29643 9.99559E-05
0.0191528 0.404402 9.99565E-05 9.99565E-05 9.99565E-05 0.226171 0.349774 9.99565E-05 9.99565E-05
9.99563E-05 9.99563E-05 9.99563E-05 0.0647063 0.234125 9.99563E-05 9.99563E-05 0.679123 0.0215457
9.99563E-05 9.99563E-05 9.99563E-05 9.99563E-05 0.834228 0.0275559 9.99563E-05 0.0582844 0.0794323
0.670461 9.99559E-05 9.99559E-05 9.99559E-05 0.00216056 0.276542 0.0503373 9.99559E-05 9.99559E-05
9.993E-05 9.993E-05 9.993E-05 0.999201 9.993E-05 9.993E-05 9.993E-05 9.993E-05 9.993E-05
0.130224 9.99563E-05 9.99563E-05 9.99563E-05 0.26072 0.3509 9.99563E-05 0.257656 9.99563E-05
9.99646E-05 0.372435 9.99646E-05 0.144993 0.00671757 0.077513 9.99646E-05 0.397942 9.99646E-05
0.00637769 9.99648E-05 9.99648E-05 9.99648E-05 9.99648E-05 0.326331 0.241094 0.116692 0.309105
9.99474E-05 9.99474E-05 9.99474E-05 9.99474E-05 9.99474E-05 0.0999859 9.99474E-05 0.00160666 0.897808
9.99561E-05 9.99561E-05 0.128764 9.99561E-05 0.397657 9.99561E-05 0.419562 9.99561E-05 0.0535162
0.147438 0.628226 9.99557E-05 9.99557E-05 9.99557E-05 9.99557E-05 9.99557E-05 0.0110325 0.212803
0.182229 9.9965E-05 9.9965E-05 9.9965E-05 9.9965E-05 0.15257 0.0787771 0.441851 0.144173
9.9956E-05 0.398082 0.196097 9.9956E-05 9.9956E-05 9.9956E-05 0.362371 0.0429493 9.9956E-05
9.99389E-05 9.99389E-05 0.00602243 9.99389E-05 9.99389E-05 9.99389E-05 0.993278 9.99389E-05 9.99389E-05
0.391623 9.99559E-05 9.99559E-05 9.99559E-05 9.99559E-05 0.156685 0.149316 9.99559E-05 0.301877
0.0346948 0.682843 9.99647E-05 9.99647E-05 9.99647E-05 0.0360817 9.99647E-05 0.126906 0.119075
0.038859 0.137494 9.99563E-05 9.99563E-05 0.0453226 9.99563E-05 9.99563E-05 9.99563E-05 0.777824
9.99565E-05 9.99565E-05 9.99565E-05 0.726432 0.0535415 9.99565E-05 9.99565E-05 0.156367 0.0631594
9.99737E-05 0.28068 9.99737E-05 0.481255 9.99737E-05 0.0451846 0.0844075 0.0297778 0.0783952
0.467069 9.99561E-05 9.99561E-05 0.207488 0.182822 9.99561E-05 0.14212 9.99561E-05 9.99561E-05
0.397156 9.9956E-05 0.147575 9.9956E-05 9.9956E-05 9.9956E-05 0.302454 0.152316 9.9956E-05
9.99647E-05 0.118142 9.99647E-05 0.147 9.99647E-05 0.52144 9.99647E-05 0.0590767 0.153941
0.60308 9.99388E-05 9.99388E-05 0.396221 9.99388E-05 9.99388E-05 9.99388E-05 9.99388E-05 9.99388E-05
9.99559E-05 9.99559E-05 0.053895 0.012387 9.99559E-05 9.99559E-05 0.820562 0.112656 9.99559E-05
0.658167 9.9947E-05 9.9947E-05 0.138965 9.9947E-05 9.9947E-05 0.202268 9.9947E-05 9.9947E-05
9.99559E-05 0.0359075 9.99559E-05 0.281958 0.104666 9.99559E-05 0.576968 9.99559E-05 9.99559E-05
0.119143 0.0023223 9.99647E-05 9.99647E-05 0.273644 0.472266 9.99647E-05 9.99647E-05 0.132224
9.993E-05 9.993E-05 9.993E-05 9.993E-05 9.993E-05 9.993E-05 9.993E-05 9.993E-05 0.999201
0.141581 0.2793 9.99739E-05 0.292813 0.0679746 9.99739E-05 0.184137 0.033895 9.99739E-05
0.0350738 9.9956E-05 0.512958 9.9956E-05 9.9956E-05 0.29573 0.155738 9.9956E-05 9.9956E-05
0.0145662 0.354834 9.99735E-05 0.0935033 9.99735E-05 0.196638 0.144805 9.99735E-05 0.195354
9.9965E-05 0.00115886 9.9965E-05 0.0400159 0.580853 9.9965E-05 0.0262311 0.351341 9.9965E-05
0.0606127 9.99823E-05 0.0665936 0.102861 0.129018 0.237783 0.31297 0.089962 9.99823E-05
0.0037933 9.99737E-05 9.99737E-05 0.507446 9.99737E-05 0.0254046 0.186392 0.246687 0.0299771
0.0642639 9.99648E-05 9.99648E-05 0.231808 9.99648E-05 0.113676 9.99648E-05 0.330733 0.259119
0.210194 9.99475E-05 9.99475E-05 0.48677 9.99475E-05 9.99475E-05 9.99475E-05 9.99475E-05 0.302436
9.99471E-05 9.99471E-05 9.99471E-05 0.0742898 9.99471E-05 0.37317 0.551941 9.99471E-05 9.99471E-05
0.374476 9.99477E-05 9.99477E-05 0.29868 9.99477E-05 0.326244 9.99477E-05 9.99477E-05 9.99477E-05
0.159657 9.99473E-05 9.99473E-05 9.99473E-05 0.383255 9.99473E-05 0.456488 9.99473E-05 9.99473E-05
0.245137 9.9956E-05 9.9956E-05 9.9956E-05 0.479481 0.202641 0.0722412 9.9956E-05 9.9956E-05
9.99563E-05 0.0615966 9.99563E-05 0.349444 9.99563E-05 0.346162 9.99563E-05 0.242297 9.99563E-05
0.75678 0.0756679 0.0499975 9.99561E-05 9.99561E-05 9.99561E-05 0.117055 9.99561E-05 9.99561E-05
0.303258 0.0293882 9.99648E-05 0.175977 0.255499 9.99648E-05 9.99648E-05 0.235478 9.99648E-05
9.99561E-05 0.22783 9.99561E-05 0.202023 0.269301 9.99561E-05 0.300347 9.99561E-05 9.99561E-05
9.99475E-05 9.99475E-05 0.0365487 9.99475E-05 9.99475E-05 0.114402 9.99475E-05 0.848449 9.99475E-05
0.232741 0.027709 9.99475E-05 9.99475E-05 0.738951 9.99475E-05 9.99475E-05 9.99475E-05 9.99475E-05
0.203361 0.0808805 9.99735E-05 0.100044 0.0191796 9.99735E-05 0.0746866 9.99735E-05 0.521548
0.183183 9.99565E-05 0.065999 0.337276 9.99565E-05 0.413043 9.99565E-05 9.99565E-05 9.99565E-05
9.99648E-05 0.0426992 9.99648E-05 0.030182 9.99648E-05 9.99648E-05 0.345411 0.0884608 0.492847
0.10986 0.117673 9.99557E-05 9.99557E-05 9.99557E-05 0.533627 9.99557E-05 0.23834 9.99557E-05
0.169838 0.525501 9.99471E-05 9.99471E-05 0.304062 9.99471E-05 9.99471E-05 9.99471E-05 9.99471E-05
0.0324136 9.99562E-05 9.99562E-05 0.691237 0.00185266 9.99562E-05 9.99562E-05 9.99562E-05 0.273997
9.99647E-05 0.149838 9.99647E-05 0.445567 0.319873 9.99647E-05 0.0810855 9.99647E-05 0.00323634
9.9947E-05 0.857622 9.9947E-05 0.044787 0.096991 9.9947E-05 9.9947E-05 9.9947E-05 9.9947E-05
0.340979 9.99471E-05 9.99471E-05 0.523362 9.99471E-05 9.99471E-05 0.135059 9.99471E-05 9.99471E-05
0.324603 0.200886 0.0759549 0.00467323 0.38419 0.00939253 9.99735E-05 9.99735E-05 9.99735E-05
9.99559E-05 0.37706 9.99559E-05 0.160422 9.99559E-05 0.301225 9.99559E-05 0.160793 9.99559E-05
0.377965 0.621335 9.99392E-05 9.99392E-05 9.99392E-05 9.99392E-05 9.99392E-05 9.99392E-05 9.99392E-05
9.99558E-05 9.99558E-05 9.99558E-05 0.272389 9.99558E-05 0.227621 9.99558E-05 0.321013 0.178477
9.9956E-05 0.0616331 0.0122415 9.9956E-05 9.9956E-05 0.604517 9.9956E-05 0.321109 9.9956E-05
0.133286 0.0967653 9.99651E-05 0.102286 0.441209 0.226055 9.99651E-05 9.99651E-05 9.99651E-05
9.99471E-05 0.612434 9.99471E-05 9.99471E-05 0.0167495 0.370217 9.99471E-05 9.99471E-05 9.99471E-05
9.99472E-05 9.99472E-05 9.99472E-05 0.217976 9.99472E-05 0.0261773 9.99472E-05 9.99472E-05 0.755247
9.99735E-05 0.05924 9.99735E-05 0.269566 0.178746 0.127381 0.181191 0.183576 9.99735E-05
0.178693 9.99472E-05 9.99472E-05 9.99472E-05 9.99472E-05 0.707952 9.99472E-05 0.112755 9.99472E-05
9.9947E-05 9.9947E-05 9.9947E-05 0.646546 9.9947E-05 9.9947E-05 0.193191 0.159663 9.9947E-05
9.9947E-05 9.9947E-05 0.0528414 9.9947E-05 0.332794 9.9947E-05 0.613765 9.9947E-05 9.9947E-05
0.668871 0.0384792 9.99561E-05 0.22054 9.99561E-05 0.0716106 9.99561E-05 9.99561E-05 9.99561E-05
9.99559E-05 0.113236 9.99559E-05 0.488754 9.99559E-05 0.222813 9.99559E-05 9.99559E-05 0.174697
0.0474662 0.20203 9.99736E-05 9.99736E-05 9.99736E-05 0.175904 0.340547 0.159421 0.0743324
9.99563E-05 0.278796 9.99563E-05 0.439569 9.99563E-05 9.99563E-05 0.250566 9.99563E-05 0.0305685
0.418167 0.458947 9.99478E-05 9.99478E-05 9.99478E-05 9.99478E-05 9.99478E-05 0.122285 9.99478E-05
9.99475E-05 9.99475E-05 0.281824 0.640024 9.99475E-05 9.99475E-05 9.99475E-05 0.0775523 9.99475E-05
9.99649E-05 9.99649E-05 9.99649E-05 0.333077 0.2508 9.99649E-05 0.0813511 0.0839169 0.250455
0.500512 9.99559E-05 9.99559E-05 9.99559E-05 0.421957 0.0539283 9.99559E-05 9.99559E-05 0.0231032
0.377715 0.621586 9.99384E-05 9.99384E-05 9.99384E-05 9.99384E-05 9.99384E-05 9.99384E-05 9.99384E-05
0.56233 0.278138 9.99469E-05 9.99469E-05 9.99469E-05 9.99469E-05 0.158932 9.99469E-05 9.99469E-05
0.27482 0.0583613 9.99734E-05 0.496352 0.0308399 9.99734E-05 9.99734E-05 0.11235 0.0269782
0.578545 9.99559E-05 0.127478 9.99559E-05 9.99559E-05 0.200052 9.99559E-05 0.0934254 9.99559E-05
0.0375597 0.0892124 9.99649E-05 0.304698 9.99649E-05 0.390696 9.99649E-05 0.177434 9.99649E-05
0.168102 9.9965E-05 0.17165 0.295742 9.9965E-05 0.0797613 9.9965E-05 9.9965E-05 0.284346
9.9956E-05 0.0558416 9.9956E-05 0.172028 9.9956E-05 9.9956E-05 0.759624 9.9956E-05 0.0120072
9.99558E-05 0.328652 9.99558E-05 0.102036 9.99558E-05 0.5076 9.99558E-05 9.99558E-05 0.0612132
0.60445 9.9947E-05 9.9947E-05 9.9947E-05 9.9947E-05 0.277701 0.117249 9.9947E-05 9.9947E-05
0.641825 9.99471E-05 0.132592 0.224983 9.99471E-05 9.99471E-05 9.99471E-05 9.99471E-05 9.99471E-05
9.99557E-05 0.35454 9.99557E-05 0.30485 9.99557E-05 0.117755 0.222355 9.99557E-05 9.99557E-05
0.932247 9.99388E-05 9.99388E-05 9.99388E-05 9.99388E-05 9.99388E-05 9.99388E-05 0.0670537 9.99388E-05
9.99471E-05 9.99471E-05 0.0978152 9.99471E-05 9.99471E-05 9.99471E-05 0.517987 9.99471E-05 0.383598
9.99384E-05 9.99384E-05 9.99384E-05 9.99384E-05 0.245229 9.99384E-05 0.754072 9.99384E-05 9.99384E-05
9.99383E-05 9.99383E-05 9.99383E-05 9.99383E-05 9.99383E-05 9.99383E-05 9.99383E-05 0.434814 0.564487
9.99558E-05 9.99558E-05 9.99558E-05 0.172548 0.655789 0.132769 9.99558E-05 9.99558E-05 0.038395
0.0461495 9.99652E-05 9.99652E-05 9.99652E-05 0.107899 0.75717 0.00484307 0.0835387 9.99652E-05
0.53315 9.99559E-05 9.99559E-05 0.264953 0.0703084 9.99559E-05 0.131089 9.99559E-05 9.99559E-05
9.99389E-05 0.506866 9.99389E-05 9.99389E-05 9.99389E-05 0.492434 9.99389E-05 9.99389E-05 9.99389E-05
0.0793957 9.99386E-05 9.99386E-05 9.99386E-05 9.99386E-05 9.99386E-05 9.99386E-05 9.99386E-05 0.919905
9.99473E-05 0.402296 9.99473E-05 0.527768 9.99473E-05 9.99473E-05 0.0693355 9.99473E-05 9.99473E-05
0.208329 9.99471E-05 9.99471E-05 0.776192 0.0148794 9.99471E-05 9.99471E-05 9.99471E-05 9.99471E-05
0.531171 0.176753 9.99562E-05 9.99562E-05 9.99562E-05 9.99562E-05 9.99562E-05 0.147308 0.144268
9.99647E-05 0.458407 9.99647E-05 9.99647E-05 0.0987651 0.18381 9.99647E-05 0.251047 0.00757074
0.215287 0.341041 9.9956E-05 0.302191 9.9956E-05 9.9956E-05 9.9956E-05 9.9956E-05 0.140982
0.239203 9.99474E-05 9.99474E-05 9.99474E-05 9.99474E-05 0.491051 0.269147 9.99474E-05 9.99474E-05
0.637812 0.298675 9.99473E-05 9.99473E-05 0.0629135 9.99473E-05 9.99473E-05 9.99473E-05 9.99473E-05
0.366599 9.99647E-05 0.168793 0.16018 0.174828 9.99647E-05 0.129199 9.99647E-05 9.99647E-05
9.99383E-05 9.99383E-05 9.99383E-05 9.99383E-05 9.99383E-05 0.72334 0.27596 9.99383E-05 9.99383E-05
9.9965E-05 0.0952927 0.0974703 9.9965E-05 0.0889116 9.9965E-05 9.9965E-05 0.370813 0.347113
9.99386E-05 0.687936 9.99386E-05 9.99386E-05 9.99386E-05 0.311365 9.99386E-05 9.99386E-05 9.99386E-05
0.342325 0.077581 9.9956E-05 0.0194997 0.560094 9.9956E-05 9.9956E-05 9.9956E-05 9.9956E-05
0.181119 9.99649E-05 9.99649E-05 0.0626782 0.306347 0.240676 9.99649E-05 9.99649E-05 0.208779
0.036519 9.99646E-05 9.99646E-05 9.99646E-05 0.184095 0.41883 9.99646E-05 0.10566 0.254497
0.4735 9.99474E-05 9.99474E-05 0.493332 9.99474E-05 9.99474E-05 9.99474E-05 0.0325688 9.99474E-05
9.99474E-05 0.0610245 9.99474E-05 0.320649 9.99474E-05 0.617727 9.99474E-05 9.99474E-05 9.99474E-05
0.295778 9.99559E-05 9.99559E-05 0.271765 0.231949 0.200008 9.99559E-05 9.99559E-05 9.99559E-05
0.803978 9.99472E-05 9.99472E-05 0.103395 0.0920277 9.99472E-05 9.99472E-05 9.99472E-05 9.99472E-05
9.99647E-05 9.99647E-05 0.281101 0.0329544 0.207347 9.99647E-05 9.99647E-05 0.259597 0.218601
9.99387E-05 9.99387E-05 9.99387E-05 9.99387E-05 0.564946 0.434354 9.99387E-05 9.99387E-05 9.99387E-05
9.99649E-05 0.150008 9.99649E-05 9.99649E-05 0.624983 0.0878621 0.0399644 0.0967829 9.99649E-05
0.543218 9.99387E-05 9.99387E-05 0.456082 9.99387E-05 9.99387E-05 9.99387E-05 9.99387E-05 9.99387E-05
9.99473E-05 0.659023 9.99473E-05 0.068103 9.99473E-05 9.99473E-05 0.272274 9.99473E-05 9.99473E-05
