9.99471E-05 9.99471E-05 9.99471E-05 9.99471E-05 0.759963 0.137052 0.102386 9.99471E-05 9.99471E-05
0.0267173 0.384131 0.186047 9.9956E-05 9.9956E-05 9.9956E-05 9.9956E-05 9.9956E-05 0.402605
9.99385E-05 9.99385E-05 0.377031 9.99385E-05 9.99385E-05 9.99385E-05 9.99385E-05 9.99385E-05 0.62227
9.99562E-05 0.380723 9.99562E-05 0.184554 9.99562E-05 0.0224435 9.99562E-05 9.99562E-05 0.41178
9.995E-05 9.995E-05 9.995E-05 0.445165 9.995E-05 0.029457 9.995E-05 0.159484 0.365395
9.995E-05 0.402703 9.995E-05 0.0469266 9.995E-05 9.995E-05 0.293318 0.256552 9.995E-05
9.995E-05 0.124648 9.995E-05 0.0704441 0.318438 9.995E-05 9.995E-05 9.995E-05 0.48597
9.99385E-05 9.99385E-05 9.99385E-05 9.99385E-05 0.392323 0.606977 9.99385E-05 9.99385E-05 9.99385E-05
0.179888 9.99558E-05 9.99558E-05 9.99558E-05 0.0833145 0.451852 9.99558E-05 0.284446 9.99558E-05
9.9956E-05 0.155774 9.9956E-05 9.9956E-05 0.05622 0.634164 9.9956E-05 0.153342 9.9956E-05
9.99469E-05 9.99469E-05 9.99469E-05 0.289082 0.480485 9.99469E-05 9.99469E-05 0.229834 9.99469E-05
0.0894097 9.99558E-05 9.99558E-05 9.99558E-05 9.99558E-05 0.331675 9.99558E-05 0.0740116 0.504404
9.9956E-05 0.1405 0.109265 9.9956E-05 9.9956E-05 0.552076 9.9956E-05 0.197658 9.9956E-05
0.520049 9.9956E-05 9.9956E-05 9.9956E-05 9.9956E-05 0.00697487 0.227134 9.9956E-05 0.245342
9.99561E-05 9.99561E-05 0.394184 0.4676 9.99561E-05 0.0617207 9.99561E-05 0.0759946 9.99561E-05
9.996E-05 0.0238512 9.996E-05 9.996E-05 0.330883 0.0517441 9.996E-05 0.590486 0.00263628
0.151884 0.345721 9.99477E-05 9.99477E-05 9.99477E-05 9.99477E-05 9.99477E-05 0.501795 9.99477E-05
0.0280953 9.99646E-05 9.99646E-05 9.99646E-05 0.0181287 0.419616 9.99646E-05 0.487124 0.046636
9.99387E-05 0.103116 9.99387E-05 9.99387E-05 9.99387E-05 9.99387E-05 9.99387E-05 0.896184 9.99387E-05
9.99474E-05 0.208805 9.99474E-05 9.99474E-05 9.99474E-05 0.771117 9.99474E-05 9.99474E-05 0.0194785
9.99471E-05 9.99471E-05 9.99471E-05 0.0468631 9.99471E-05 9.99471E-05 0.213867 0.73867 9.99471E-05
0.477343 9.99563E-05 0.11806 9.99563E-05 9.99563E-05 0.217486 9.99563E-05 0.186611 9.99563E-05
9.99474E-05 0.514738 9.99474E-05 0.322593 9.99474E-05 9.99474E-05 0.162069 9.99474E-05 9.99474E-05
9.99563E-05 0.187967 9.99563E-05 0.454328 0.165009 0.192195 9.99563E-05 9.99563E-05 9.99563E-05
9.99475E-05 9.99475E-05 9.99475E-05 9.99475E-05 9.99475E-05 0.465442 0.203453 0.330505 9.99475E-05
9.99473E-05 9.99473E-05 9.99473E-05 0.633739 9.99473E-05 0.22426 9.99473E-05 9.99473E-05 0.141401
0.0860465 9.99563E-05 9.99563E-05 9.99563E-05 0.46173 9.99563E-05 9.99563E-05 0.398494 0.0532293
0.263055 9.99383E-05 9.99383E-05 9.99383E-05 9.99383E-05 0.736245 9.99383E-05 9.99383E-05 9.99383E-05
0.274973 9.99561E-05 9.99561E-05 9.99561E-05 0.233041 0.360683 0.130804 9.99561E-05 9.99561E-05
9.99472E-05 9.99472E-05 9.99472E-05 9.99472E-05 0.589061 0.282044 9.99472E-05 9.99472E-05 0.128296
0.195153 9.99559E-05 9.99559E-05 9.99559E-05 0.259396 0.435706 0.109246 9.99559E-05 9.99559E-05
0.0950516 9.99648E-05 0.372761 9.99648E-05 9.99648E-05 0.485067 0.0441329 0.00258844 9.99648E-05
9.996E-05 0.00143905 9.996E-05 9.996E-05 0.545812 0.204037 0.0427308 0.205581 9.996E-05
0.162885 9.99561E-05 9.99561E-05 9.99561E-05 9.99561E-05 9.99561E-05 0.490609 0.101791 0.244215
9.99559E-05 9.99559E-05 9.99559E-05 0.00560888 9.99559E-05 0.0345069 9.99559E-05 0.236962 0.722422
0.176467 9.99566E-05 9.99566E-05 0.262565 9.99566E-05 0.272356 9.99566E-05 0.288112 9.99566E-05
0.00658119 9.99562E-05 0.232126 9.99562E-05 0.424125 9.99562E-05 9.99562E-05 9.99562E-05 0.336669
9.995E-05 0.107037 9.995E-05 9.995E-05 0.199432 9.995E-05 9.995E-05 0.314994 0.378037
9.99561E-05 0.140071 9.99561E-05 9.99561E-05 0.372751 0.387269 0.0994099 9.99561E-05 9.99561E-05
9.99471E-05 0.299335 9.99471E-05 9.99471E-05 9.99471E-05 0.249208 9.99471E-05 0.450858 9.99471E-05
9.99384E-05 0.0280112 9.99384E-05 9.99384E-05 9.99384E-05 9.99384E-05 9.99384E-05 0.971289 9.99384E-05
9.99559E-05 9.99559E-05 0.00400004 9.99559E-05 0.0666891 9.99559E-05 0.0756014 0.85321 9.99559E-05
0.159621 0.354532 0.0589169 9.99649E-05 0.176257 9.99649E-05 9.99649E-05 0.250273 9.99649E-05
9.99471E-05 0.369403 9.99471E-05 9.99471E-05 0.573572 0.0564258 9.99471E-05 9.99471E-05 9.99471E-05
9.99471E-05 9.99471E-05 0.115523 9.99471E-05 9.99471E-05 0.396953 9.99471E-05 0.486924 9.99471E-05
9.99477E-05 9.99477E-05 0.158898 9.99477E-05 0.429575 0.410927 9.99477E-05 9.99477E-05 9.99477E-05
0.0310941 9.99558E-05 9.99558E-05 0.434234 9.99558E-05 0.172603 9.99558E-05 0.361569 9.99558E-05
9.99473E-05 9.99473E-05 9.99473E-05 0.311739 9.99473E-05 0.340201 9.99473E-05 0.34746 9.99473E-05
9.9956E-05 9.9956E-05 9.9956E-05 0.173656 0.258873 0.267698 9.9956E-05 9.9956E-05 0.299273
9.99561E-05 0.0442089 9.99561E-05 0.167028 0.309951 0.478312 9.99561E-05 9.99561E-05 9.99561E-05
9.99473E-05 9.99473E-05 0.255311 0.310651 9.99473E-05 9.99473E-05 9.99473E-05 0.433438 9.99473E-05
9.99647E-05 9.99647E-05 0.26521 0.0375581 0.285074 9.99647E-05 9.99647E-05 0.172471 0.239287
0.120088 0.141787 9.9956E-05 9.9956E-05 9.9956E-05 9.9956E-05 0.585597 0.152029 9.9956E-05
0.279286 0.0640025 0.331376 0.136806 0.188129 9.99648E-05 9.99648E-05 9.99648E-05 9.99648E-05
9.9956E-05 0.462183 9.9956E-05 9.9956E-05 9.9956E-05 0.0250209 9.9956E-05 0.279284 0.233012
9.99469E-05 0.372686 0.354262 9.99469E-05 9.99469E-05 0.272453 9.99469E-05 9.99469E-05 9.99469E-05
9.9956E-05 9.9956E-05 0.113186 9.9956E-05 0.501433 9.9956E-05 0.168379 9.9956E-05 0.216502
9.99561E-05 0.145741 9.99561E-05 9.99561E-05 9.99561E-05 0.139635 0.416466 9.99561E-05 0.297658
9.99559E-05 9.99559E-05 0.416613 9.99559E-05 0.410757 9.99559E-05 9.99559E-05 0.0714142 0.100716
9.99559E-05 9.99559E-05 9.99559E-05 9.99559E-05 0.0999999 0.391143 9.99559E-05 0.388802 0.119555
9.99471E-05 9.99471E-05 9.99471E-05 0.0706034 9.99471E-05 0.480928 9.99471E-05 0.447869 9.99471E-05
9.99649E-05 0.140386 0.103323 9.99649E-05 9.99649E-05 0.572098 0.00675417 0.177039 9.99649E-05
9.99386E-05 9.99386E-05 0.182896 9.99386E-05 9.99386E-05 0.816404 9.99386E-05 9.99386E-05 9.99386E-05
0.0130816 9.99472E-05 9.99472E-05 9.99472E-05 9.99472E-05 0.0649343 9.99472E-05 0.921384 9.99472E-05
9.99558E-05 9.99558E-05 0.086095 0.228764 0.466753 9.99558E-05 9.99558E-05 0.217889 9.99558E-05
9.99382E-05 9.99382E-05 9.99382E-05 9.99382E-05 9.99382E-05 9.99382E-05 9.99382E-05 0.0970947 0.902206
0.0712941 9.9956E-05 0.519979 9.9956E-05 9.9956E-05 9.9956E-05 9.9956E-05 0.297448 0.110779
9.9939E-05 9.9939E-05 9.9939E-05 9.9939E-05 0.00689938 0.992401 9.9939E-05 9.9939E-05 9.9939E-05
9.99735E-05 0.122787 9.99735E-05 0.016379 9.99735E-05 0.0640386 0.31053 0.0196369 0.466329
9.99564E-05 9.99564E-05 9.99564E-05 0.360201 9.99564E-05 0.00398127 0.129669 0.505649 9.99564E-05
9.99561E-05 9.99561E-05 9.99561E-05 0.120256 0.360092 9.99561E-05 0.507732 0.0114203 9.99561E-05
0.029571 0.0808622 0.421222 9.99647E-05 0.215411 0.252534 9.99647E-05 9.99647E-05 9.99647E-05
0.123349 9.9965E-05 0.224424 9.9965E-05 0.0431505 9.9965E-05 9.9965E-05 0.580334 0.0283431
9.99477E-05 0.319242 9.99477E-05 9.99477E-05 9.99477E-05 0.110781 9.99477E-05 0.569377 9.99477E-05
0.50777 9.99559E-05 0.0777977 0.324524 9.99559E-05 0.0894092 9.99559E-05 9.99559E-05 9.99559E-05
9.99474E-05 9.99474E-05 0.189741 9.99474E-05 0.477088 9.99474E-05 9.99474E-05 0.332572 9.99474E-05
9.99385E-05 9.99385E-05 9.99385E-05 9.99385E-05 9.99385E-05 9.99385E-05 0.534834 9.99385E-05 0.464466
9.9956E-05 9.9956E-05 9.9956E-05 0.391294 0.058861 9.9956E-05 9.9956E-05 0.257992 0.291353
9.99477E-05 9.99477E-05 9.99477E-05 0.556356 9.99477E-05 9.99477E-05 9.99477E-05 0.0430326 0.400012
9.99473E-05 0.227517 9.99473E-05 0.573286 9.99473E-05 0.198597 9.99473E-05 9.99473E-05 9.99473E-05
9.99471E-05 0.276842 9.99471E-05 9.99471E-05 9.99471E-05 0.680783 9.99471E-05 9.99471E-05 0.041775
9.99476E-05 0.688224 0.10805 0.203126 9.99476E-05 9.99476E-05 9.99476E-05 9.99476E-05 9.99476E-05
9.9949E-05 9.9949E-05 0.3928 9.9949E-05 9.9949E-05 9.9949E-05 9.9949E-05 0.604185 0.00241511
0.437265 9.99384E-05 9.99384E-05 9.99384E-05 9.99384E-05 9.99384E-05 9.99384E-05 0.562035 9.99384E-05
9.99561E-05 9.99561E-05 9.99561E-05 0.456963 0.0942556 9.99561E-05 0.0113473 0.436934 9.99561E-05
9.99389E-05 9.99389E-05 9.99389E-05 0.437084 9.99389E-05 0.562217 9.99389E-05 9.99389E-05 9.99389E-05
9.9938E-05 9.9938E-05 9.9938E-05 9.9938E-05 9.9938E-05 0.594459 9.9938E-05 9.9938E-05 0.404841
0.238644 0.215281 9.997E-05 9.997E-05 9.997E-05 0.211021 0.152095 0.075951 0.106708
0.427433 0.0616907 9.99476E-05 9.99476E-05 9.99476E-05 9.99476E-05 9.99476E-05 9.99476E-05 0.510276
9.99472E-05 9.99472E-05 9.99472E-05 0.115084 0.858191 9.99472E-05 9.99472E-05 0.0261252 9.99472E-05
0.143181 9.996E-05 0.358246 0.157405 9.996E-05 9.996E-05 0.203394 9.996E-05 0.137375
9.99471E-05 0.00277833 9.99471E-05 9.99471E-05 9.99471E-05 0.78428 9.99471E-05 9.99471E-05 0.212342
0.110322 0.469371 0.302245 9.99647E-05 9.99647E-05 9.99647E-05 9.99647E-05 0.075537 0.042126
9.99558E-05 9.99558E-05 0.146479 9.99558E-05 0.0447865 0.194214 9.99558E-05 0.614021 9.99558E-05
9.99474E-05 0.139891 9.99474E-05 9.99474E-05 9.99474E-05 9.99474E-05 0.230039 9.99474E-05 0.629471
9.99472E-05 0.247178 9.99472E-05 9.99472E-05 0.397961 9.99472E-05 9.99472E-05 0.354261 9.99472E-05
0.014373 9.99736E-05 0.223525 0.119493 0.096756 0.255596 9.99736E-05 0.289956 9.99736E-05
0.0882715 0.0292764 9.99648E-05 9.99648E-05 0.459471 0.0659218 9.99648E-05 0.356659 9.99648E-05
0.00554209 0.148547 0.0730487 9.9965E-05 9.9965E-05 9.9965E-05 9.9965E-05 0.551932 0.22053
9.99736E-05 0.0379701 9.99736E-05 0.0934283 0.138705 0.48977 0.188865 9.99736E-05 0.0509618
9.99386E-05 9.99386E-05 9.99386E-05 9.99386E-05 9.99386E-05 0.489247 9.99386E-05 0.510053 9.99386E-05
9.99651E-05 9.99651E-05 0.294347 0.050265 0.162187 0.142727 0.350074 9.99651E-05 9.99651E-05
9.99565E-05 9.99565E-05 9.99565E-05 0.22263 0.0702208 0.364134 9.99565E-05 0.342515 9.99565E-05
0.432835 9.996E-05 9.996E-05 9.996E-05 9.996E-05 0.174162 0.173402 0.204928 0.0142742
0.309494 9.99472E-05 9.99472E-05 0.223501 9.99472E-05 9.99472E-05 9.99472E-05 9.99472E-05 0.466405
0.00278341 9.99559E-05 9.99559E-05 9.99559E-05 9.99559E-05 0.742721 9.99559E-05 0.181774 0.0722223
0.243297 9.99646E-05 0.375092 9.99646E-05 9.99646E-05 0.121975 0.0649614 0.194275 9.99646E-05
9.995E-05 9.995E-05 9.995E-05 0.313509 9.995E-05 0.167233 0.297737 0.221022 9.995E-05
9.994E-05 9.994E-05 9.994E-05 9.994E-05 9.994E-05 0.151569 9.994E-05 0.554214 0.293618
0.477671 9.9956E-05 9.9956E-05 9.9956E-05 0.115504 0.263093 9.9956E-05 0.143232 9.9956E-05
9.996E-05 0.0147401 9.996E-05 0.227169 9.996E-05 0.18232 9.996E-05 0.195654 0.379717
9.994E-05 0.0543667 0.324175 9.994E-05 9.994E-05 0.620859 9.994E-05 9.994E-05 9.994E-05
9.99385E-05 9.99385E-05 9.99385E-05 9.99385E-05 9.99385E-05 0.83986 9.99385E-05 9.99385E-05 0.159441
9.9956E-05 9.9956E-05 9.9956E-05 0.0706056 0.438939 0.315533 0.174422 9.9956E-05 9.9956E-05
9.99472E-05 9.99472E-05 9.99472E-05 0.355341 0.248742 9.99472E-05 9.99472E-05 9.99472E-05 0.395317
0.135532 0.257104 0.26972 9.9965E-05 9.9965E-05 0.209851 9.9965E-05 0.127393 9.9965E-05
9.99558E-05 0.151364 9.99558E-05 0.202014 0.221413 9.99558E-05 9.99558E-05 0.424709 9.99558E-05
9.99565E-05 9.99565E-05 0.0692113 0.0699306 0.616611 9.99565E-05 9.99565E-05 9.99565E-05 0.243747
0.999201 9.993E-05 9.993E-05 9.993E-05 9.993E-05 9.993E-05 9.993E-05 9.993E-05 9.993E-05
0.296058 0.395287 9.99737E-05 0.00165204 0.0700858 9.99737E-05 0.099446 0.137172 9.99737E-05
9.9947E-05 9.9947E-05 0.499533 0.110321 9.9947E-05 9.9947E-05 9.9947E-05 0.389546 9.9947E-05
9.99559E-05 0.430234 9.99559E-05 0.0361504 0.270727 9.99559E-05 9.99559E-05 9.99559E-05 0.262389
9.99476E-05 9.99476E-05 9.99476E-05 9.99476E-05 9.99476E-05 0.411834 9.99476E-05 0.33012 0.257446
9.99389E-05 9.99389E-05 9.99389E-05 9.99389E-05 9.99389E-05 9.99389E-05 0.574288 9.99389E-05 0.425013
9.99648E-05 9.99648E-05 0.0302394 0.0852415 9.99648E-05 0.187727 9.99648E-05 0.424393 0.272
0.0995511 9.996E-05 9.996E-05 0.483291 0.0833449 9.996E-05 0.0846056 0.248808 9.996E-05
0.291555 9.994E-05 0.174942 9.994E-05 9.994E-05 0.532903 9.994E-05 9.994E-05 9.994E-05
9.99477E-05 9.99477E-05 9.99477E-05 9.99477E-05 0.504078 9.99477E-05 0.262199 0.233123 9.99477E-05
9.99477E-05 9.99477E-05 9.99477E-05 9.99477E-05 9.99477E-05 0.358277 9.99477E-05 0.0934288 0.547694
9.993E-05 9.993E-05 9.993E-05 9.993E-05 0.999201 9.993E-05 9.993E-05 9.993E-05 9.993E-05
9.9965E-05 0.0290233 0.104347 0.0364048 9.9965E-05 0.551624 9.9965E-05 0.2782 9.9965E-05
0.0293058 0.0878135 9.99648E-05 9.99648E-05 0.378358 0.444766 9.99648E-05 9.99648E-05 0.0593573
9.994E-05 9.994E-05 9.994E-05 9.994E-05 0.276322 0.112555 9.994E-05 0.610524 9.994E-05
9.99647E-05 0.521849 9.99647E-05 9.99647E-05 9.99647E-05 0.0326665 0.215552 0.158098 0.0714345
9.99474E-05 9.99474E-05 0.278554 9.99474E-05 9.99474E-05 9.99474E-05 9.99474E-05 0.161964 0.558882
0.299733 9.99735E-05 9.99735E-05 0.0350378 0.219694 0.0578971 9.99735E-05 0.240698 0.14664
0.585717 0.00131796 9.99565E-05 9.99565E-05 9.99565E-05 0.0448307 9.99565E-05 0.367634 9.99565E-05
9.99385E-05 0.822217 9.99385E-05 9.99385E-05 9.99385E-05 9.99385E-05 9.99385E-05 9.99385E-05 0.177083
0.00428466 9.99649E-05 9.99649E-05 9.99649E-05 0.194316 9.99649E-05 0.417267 0.085157 0.298576
0.259238 0.188705 0.0644991 9.99646E-05 0.148155 0.339003 9.99646E-05 9.99646E-05 9.99646E-05
9.99563E-05 9.99563E-05 9.99563E-05 0.581494 9.99563E-05 9.99563E-05 0.0607597 0.266286 0.0909608
9.996E-05 9.996E-05 9.996E-05 9.996E-05 0.0182756 0.309622 0.438432 0.155152 0.0781178
0.065656 9.99649E-05 0.00460837 9.99649E-05 9.99649E-05 9.99649E-05 0.194664 0.0948612 0.639811
9.993E-05 9.993E-05 9.993E-05 9.993E-05 9.993E-05 0.999201 9.993E-05 9.993E-05 9.993E-05
9.99648E-05 9.99648E-05 0.0536727 0.208993 0.598729 0.126676 9.99648E-05 9.99648E-05 0.0115296
0.409745 0.0324358 9.99559E-05 0.43646 9.99559E-05 0.120859 9.99559E-05 9.99559E-05 9.99559E-05
9.99474E-05 0.214061 9.99474E-05 9.99474E-05 9.99474E-05 9.99474E-05 9.99474E-05 0.641825 0.143515
9.99648E-05 0.0282058 0.187161 9.99648E-05 0.469302 9.99648E-05 9.99648E-05 0.0380583 0.276872
9.99559E-05 0.298893 9.99559E-05 9.99559E-05 0.216358 0.240985 9.99559E-05 9.99559E-05 0.243264
9.99649E-05 9.99649E-05 0.419959 0.107881 0.0672903 9.99649E-05 9.99649E-05 0.167736 0.236734
9.99737E-05 0.0142514 0.0439247 0.145913 9.99737E-05 0.264807 0.264614 0.26619 9.99737E-05
0.452371 9.99647E-05 0.0320248 9.99647E-05 0.417529 0.0487269 9.99647E-05 9.99647E-05 0.0489487
0.263977 0.153038 9.9965E-05 0.358037 9.9965E-05 9.9965E-05 9.9965E-05 0.0312965 0.193252
9.99475E-05 9.99475E-05 9.99475E-05 0.355145 0.506143 9.99475E-05 9.99475E-05 9.99475E-05 0.138112
9.993E-05 9.993E-05 0.999201 9.993E-05 9.993E-05 9.993E-05 9.993E-05 9.993E-05 9.993E-05
9.99649E-05 9.99649E-05 0.24569 0.370863 9.99649E-05 9.99649E-05 0.121321 0.19319 0.0685354
9.99472E-05 9.99472E-05 9.99472E-05 9.99472E-05 0.867077 0.122903 9.99472E-05 9.99472E-05 0.00942097
9.9956E-05 0.0756828 9.9956E-05 9.9956E-05 0.152731 9.9956E-05 0.164651 9.9956E-05 0.606436
0.033059 9.99561E-05 0.0934599 9.99561E-05 0.420477 9.99561E-05 9.99561E-05 9.99561E-05 0.452504
0.0364143 9.99563E-05 0.0809707 9.99563E-05 9.99563E-05 0.46763 9.99563E-05 9.99563E-05 0.414485
9.9965E-05 0.193082 0.0652099 0.297684 0.0802651 9.9965E-05 9.9965E-05 9.9965E-05 0.363359
9.99473E-05 0.132795 0.327921 9.99473E-05 0.538684 9.99473E-05 9.99473E-05 9.99473E-05 9.99473E-05
9.9956E-05 9.9956E-05 0.0482404 0.126358 9.9956E-05 0.721047 0.103855 9.9956E-05 9.9956E-05
9.99386E-05 9.99386E-05 9.99386E-05 9.99386E-05 9.99386E-05 9.99386E-05 0.93358 9.99386E-05 0.0657202
9.9965E-05 0.185043 9.9965E-05 0.0430737 0.277235 9.9965E-05 0.0228881 0.47136 9.9965E-05
9.99558E-05 9.99558E-05 9.99558E-05 0.303295 0.296369 0.0700905 9.99558E-05 0.329746 9.99558E-05
9.99648E-05 0.0238814 0.00422581 9.99648E-05 9.99648E-05 0.273596 0.437063 0.260834 9.99648E-05
9.99559E-05 0.113237 9.99559E-05 0.61261 9.99559E-05 0.21718 9.99559E-05 9.99559E-05 0.0564737
0.157443 0.0383734 0.344243 9.9965E-05 0.0671961 9.9965E-05 9.9965E-05 0.392345 9.9965E-05
9.99561E-05 0.62663 0.199944 9.99561E-05 0.0754671 9.99561E-05 9.99561E-05 0.0974592 9.99561E-05
9.99559E-05 9.99559E-05 9.99559E-05 0.204102 0.210217 0.430807 9.99559E-05 0.154375 9.99559E-05
0.384844 9.99562E-05 9.99562E-05 9.99562E-05 9.99562E-05 0.279071 0.131935 9.99562E-05 0.203651
0.0383609 0.275096 0.389348 9.9965E-05 0.00186364 9.9965E-05 9.9965E-05 9.9965E-05 0.294931
9.99647E-05 9.99647E-05 0.175336 0.014059 0.304622 9.99647E-05 9.99647E-05 0.23843 0.267153
9.99476E-05 0.17756 9.99476E-05 0.011041 9.99476E-05 9.99476E-05 9.99476E-05 9.99476E-05 0.810799
9.99562E-05 0.237047 9.99562E-05 0.0513381 0.662587 9.99562E-05 0.0485283 9.99562E-05 9.99562E-05
0.0990302 9.996E-05 9.996E-05 9.996E-05 0.0993377 0.249507 0.0209264 0.530799 9.996E-05
0.642826 9.99646E-05 9.99646E-05 0.140401 0.0826439 0.0838506 9.99646E-05 9.99646E-05 0.0498789
9.99384E-05 9.99384E-05 9.99384E-05 9.99384E-05 9.99384E-05 0.976078 9.99384E-05 0.0232229 9.99384E-05
9.9956E-05 0.324248 9.9956E-05 0.212579 9.9956E-05 9.9956E-05 9.9956E-05 0.127361 0.335311
9.99736E-05 0.148272 9.99736E-05 0.0424004 0.0591516 0.184168 9.99736E-05 0.2284 0.337307
9.99478E-05 0.0196247 9.99478E-05 9.99478E-05 9.99478E-05 0.211552 9.99478E-05 9.99478E-05 0.768224
9.99562E-05 0.146083 9.99562E-05 9.99562E-05 9.99562E-05 0.184022 9.99562E-05 0.143383 0.526012
9.99559E-05 9.99559E-05 9.99559E-05 9.99559E-05 0.0488312 0.621455 9.99559E-05 0.0506456 0.278568
9.99474E-05 9.99474E-05 9.99474E-05 9.99474E-05 0.140844 0.550854 9.99474E-05 9.99474E-05 0.307702
9.99557E-05 9.99557E-05 9.99557E-05 9.99557E-05 0.204649 0.247819 9.99557E-05 0.211375 0.335657
9.9956E-05 0.058313 9.9956E-05 9.9956E-05 9.9956E-05 0.384775 0.0866263 9.9956E-05 0.469786
9.995E-05 9.995E-05 9.995E-05 9.995E-05 9.995E-05 0.0144555 0.0315632 0.622352 0.331129
0.0806785 9.99648E-05 9.99648E-05 0.0780611 9.99648E-05 0.136735 9.99648E-05 0.488618 0.215508
9.99558E-05 0.14047 0.244622 9.99558E-05 0.0531201 9.99558E-05 9.99558E-05 9.99558E-05 0.561288
0.195378 0.0239662 0.182445 0.209131 0.0197723 9.99736E-05 9.99736E-05 0.369008 9.99736E-05
0.416615 0.0412977 9.99561E-05 9.99561E-05 0.537673 9.99561E-05 9.99561E-05 9.99561E-05 0.0039139
0.145256 0.12667 9.99652E-05 9.99652E-05 0.0829689 0.461944 9.99652E-05 0.182761 9.99652E-05
9.9956E-05 0.0762844 9.9956E-05 0.746422 9.9956E-05 9.9956E-05 9.9956E-05 0.156447 0.0203462
9.99561E-05 0.29513 9.99561E-05 9.99561E-05 9.99561E-05 0.378185 0.104604 9.99561E-05 0.221582
9.99385E-05 9.99385E-05 9.99385E-05 0.27507 9.99385E-05 9.99385E-05 9.99385E-05 0.724231 9.99385E-05
0.0969392 0.153759 9.996E-05 9.996E-05 0.28802 0.352117 9.996E-05 9.996E-05 0.108765
0.0606369 9.9956E-05 9.9956E-05 9.9956E-05 9.9956E-05 9.9956E-05 0.133338 0.729723 0.0758031
0.500841 0.0917457 9.9956E-05 9.9956E-05 9.9956E-05 0.155332 0.251581 9.9956E-05 9.9956E-05
0.398821 9.99736E-05 9.99736E-05 0.159118 9.99736E-05 0.33184 0.00696855 0.0717645 0.0311876
9.9947E-05 9.9947E-05 9.9947E-05 9.9947E-05 9.9947E-05 0.628441 0.00763917 9.9947E-05 0.36332
0.221131 0.160123 0.0230879 0.0465551 0.279407 9.998E-05 9.998E-05 0.213384 0.0561113
9.99472E-05 9.99472E-05 9.99472E-05 0.205963 0.0471542 0.746283 9.99472E-05 9.99472E-05 9.99472E-05
0.090702 9.99559E-05 0.126308 9.99559E-05 9.99559E-05 0.625594 0.156897 9.99559E-05 9.99559E-05
9.99559E-05 9.99559E-05 0.155558 9.99559E-05 9.99559E-05 9.99559E-05 0.0935088 0.157656 0.592777
0.0719551 0.00382861 0.0826387 9.99649E-05 9.99649E-05 9.99649E-05 9.99649E-05 0.378441 0.462737
9.99737E-05 0.0864861 9.99737E-05 0.157777 0.0125775 0.0382423 9.99737E-05 0.687452 0.0171651
0.0555851 9.99561E-05 9.99561E-05 0.0138342 9.99561E-05 0.202289 9.99561E-05 9.99561E-05 0.727792
0.0178685 9.9956E-05 9.9956E-05 9.9956E-05 9.9956E-05 0.347026 0.18927 0.445335 9.9956E-05
0.384634 0.0386923 0.00666938 0.108818 9.99736E-05 0.00740313 9.99736E-05 0.453484 9.99736E-05
9.99561E-05 9.99561E-05 0.316867 9.99561E-05 0.0336842 9.99561E-05 0.385183 0.263766 9.99561E-05
9.99564E-05 0.850915 9.99564E-05 0.140906 9.99564E-05 9.99564E-05 0.000247199 0.0074313 9.99564E-05
9.99737E-05 9.99737E-05 0.0171113 0.623461 0.0365801 0.208084 9.99737E-05 0.0475704 0.0668933
0.162694 9.996E-05 0.125936 9.996E-05 9.996E-05 0.23559 0.349825 9.996E-05 0.125556
9.99475E-05 9.99475E-05 9.99475E-05 0.37492 0.421825 0.202655 9.99475E-05 9.99475E-05 9.99475E-05
0.559886 9.99474E-05 0.407857 9.99474E-05 9.99474E-05 0.0316576 9.99474E-05 9.99474E-05 9.99474E-05
9.99384E-05 9.99384E-05 0.67243 9.99384E-05 0.32687 9.99384E-05 9.99384E-05 9.99384E-05 9.99384E-05
9.99471E-05 9.99471E-05 9.99471E-05 0.181398 9.99471E-05 0.521139 9.99471E-05 0.296863 9.99471E-05
9.99382E-05 9.99382E-05 9.99382E-05 9.99382E-05 9.99382E-05 9.99382E-05 9.99382E-05 0.0272821 0.972018
9.993E-05 9.993E-05 9.993E-05 9.993E-05 9.993E-05 9.993E-05 9.993E-05 9.993E-05 0.999201
9.99469E-05 9.99469E-05 0.320523 9.99469E-05 9.99469E-05 9.99469E-05 0.501245 0.177633 9.99469E-05
9.99561E-05 0.0300014 0.357622 9.99561E-05 9.99561E-05 0.374355 9.99561E-05 0.237523 9.99561E-05
0.0513493 0.39933 9.99558E-05 9.99558E-05 0.258504 9.99558E-05 9.99558E-05 9.99558E-05 0.290317
9.9956E-05 0.301092 0.491457 9.9956E-05 9.9956E-05 0.15757 9.9956E-05 9.9956E-05 0.0493811
0.241674 9.997E-05 9.997E-05 0.125361 0.31948 9.997E-05 0.00860042 0.0160957 0.288489
9.99473E-05 9.99473E-05 9.99473E-05 9.99473E-05 0.57318 0.419963 9.99473E-05 0.00625744 9.99473E-05
0.00487956 9.99562E-05 0.188793 0.267875 9.99562E-05 9.99562E-05 9.99562E-05 0.537953 9.99562E-05
9.99385E-05 9.99385E-05 9.99385E-05 9.99385E-05 0.943452 9.99385E-05 9.99385E-05 0.0558486 9.99385E-05
9.99476E-05 9.99476E-05 9.99476E-05 9.99476E-05 9.99476E-05 0.438788 9.99476E-05 0.0659951 0.494617
0.566711 0.0657545 9.99647E-05 9.99647E-05 0.208091 0.0490115 9.99647E-05 0.110032 9.99647E-05
9.99472E-05 0.0648569 9.99472E-05 9.99472E-05 9.99472E-05 0.279053 0.65549 9.99472E-05 9.99472E-05
0.542243 0.0219369 9.99567E-05 9.99567E-05 0.223171 0.21215 9.99567E-05 9.99567E-05 9.99567E-05
9.99649E-05 9.99649E-05 0.252866 9.99649E-05 0.176805 0.44132 0.0322919 9.99649E-05 0.0963175
9.9956E-05 0.306655 9.9956E-05 0.380865 9.9956E-05 0.270221 9.9956E-05 0.0417601 9.9956E-05
9.99562E-05 0.00135151 0.208203 9.99562E-05 0.104425 9.99562E-05 9.99562E-05 0.685521 9.99562E-05
9.996E-05 9.996E-05 0.0532522 0.407567 0.235875 9.996E-05 9.996E-05 0.0512672 0.251639
9.99561E-05 9.99561E-05 0.0791796 9.99561E-05 0.0814523 9.99561E-05 0.118895 0.719974 9.99561E-05
0.583265 9.99646E-05 9.99646E-05 9.99646E-05 9.99646E-05 0.103077 0.207841 0.0852824 0.0201343
0.833551 9.99476E-05 9.99476E-05 0.139409 0.0264404 9.99476E-05 9.99476E-05 9.99476E-05 9.99476E-05
0.019699 9.99559E-05 9.99559E-05 9.99559E-05 9.99559E-05 0.254254 9.99559E-05 0.680332 0.0452152
0.191801 0.0699902 9.996E-05 0.0672182 0.0910579 0.579533 9.996E-05 9.996E-05 9.996E-05
0.565141 9.99736E-05 0.0784571 0.266211 0.0335601 0.00335006 9.99736E-05 0.0529805 9.99736E-05
9.99557E-05 0.201687 9.99557E-05 9.99557E-05 0.133249 9.99557E-05 0.196213 0.468352 9.99557E-05
9.99471E-05 0.0327916 9.99471E-05 9.99471E-05 9.99471E-05 9.99471E-05 9.99471E-05 0.143908 0.8227
0.034381 9.99559E-05 0.0430042 9.99559E-05 0.57228 0.349835 9.99559E-05 9.99559E-05 9.99559E-05
9.99393E-05 9.99393E-05 9.99393E-05 9.99393E-05 0.647966 9.99393E-05 9.99393E-05 9.99393E-05 0.351335
0.297499 9.99558E-05 9.99558E-05 0.35943 9.99558E-05 9.99558E-05 0.0904894 0.252082 9.99558E-05
9.99564E-05 0.315404 0.343148 9.99564E-05 9.99564E-05 9.99564E-05 0.282143 9.99564E-05 0.0588048
9.99473E-05 9.99473E-05 9.99473E-05 0.242348 0.493639 9.99473E-05 0.263414 9.99473E-05 9.99473E-05
9.9965E-05 9.9965E-05 0.124477 9.9965E-05 0.712231 0.0707387 9.9965E-05 0.0644287 0.027725
9.99561E-05 0.521613 9.99561E-05 9.99561E-05 0.224177 0.0945213 9.99561E-05 9.99561E-05 0.159189
9.99472E-05 0.806115 9.99472E-05 9.99472E-05 0.0970262 9.99472E-05 9.99472E-05 9.99472E-05 0.0962593
0.16716 0.44135 0.208426 9.99557E-05 0.182564 9.99557E-05 9.99557E-05 9.99557E-05 9.99557E-05
0.197141 9.99563E-05 9.99563E-05 9.99563E-05 9.99563E-05 0.26336 9.99563E-05 0.282498 0.2565
9.99559E-05 0.189012 9.99559E-05 0.00695625 9.99559E-05 0.724582 9.99559E-05 9.99559E-05 0.0789498
9.99472E-05 9.99472E-05 9.99472E-05 0.275562 9.99472E-05 0.678268 0.0455704 9.99472E-05 9.99472E-05
0.383887 9.99472E-05 9.99472E-05 9.99472E-05 9.99472E-05 0.270382 9.99472E-05 0.345131 9.99472E-05
0.163261 9.995E-05 0.0849341 9.995E-05 0.309298 0.442007 9.995E-05 9.995E-05 9.995E-05
9.99648E-05 9.99648E-05 0.244636 0.0757689 9.99648E-05 0.0483137 9.99648E-05 0.55776 0.0731215
9.9965E-05 9.9965E-05 0.292157 9.9965E-05 0.372913 0.21342 0.0605149 9.9965E-05 0.0605955
0.100167 9.9956E-05 9.9956E-05 9.9956E-05 0.0403091 9.9956E-05 0.0841551 0.774869 9.9956E-05
