0.0702088 0.153768 9.99825E-05 0.211083 0.473836 9.99825E-05 0.0394022 0.0515014
9.99649E-05 9.99649E-05 0.283979 0.252215 0.203676 9.99649E-05 9.99649E-05 0.25973
9.99736E-05 0.00257319 9.99736E-05 9.99736E-05 0.00215586 0.131074 0.776786 0.0871117
9.99647E-05 9.99647E-05 0.218021 9.99647E-05 0.109983 9.99647E-05 0.325996 0.3456
9.99472E-05 0.196321 9.99472E-05 9.99472E-05 9.99472E-05 0.80308 9.99472E-05 9.99472E-05
0.25375 0.363149 0.207535 0.175166 9.99648E-05 9.99648E-05 9.99648E-05 9.99648E-05
9.99649E-05 0.0995685 0.0495651 9.99649E-05 9.99649E-05 0.544543 0.305924 9.99649E-05
9.99649E-05 0.310308 0.207184 9.99649E-05 0.32451 9.99649E-05 0.157598 9.99649E-05
0.369341 9.99561E-05 0.267484 9.99561E-05 9.99561E-05 0.362675 9.99561E-05 9.99561E-05
0.00182144 0.180129 0.199896 9.99648E-05 9.99648E-05 9.99648E-05 0.617754 9.99648E-05
0.444724 9.99647E-05 0.365238 0.00842758 9.99647E-05 9.99647E-05 0.181211 9.99647E-05
0.191527 9.99558E-05 0.550906 9.99558E-05 9.99558E-05 9.99558E-05 9.99558E-05 0.257068
9.99647E-05 9.99647E-05 0.374374 9.99647E-05 9.99647E-05 0.0611119 0.451302 0.112813
9.99561E-05 0.28325 9.99561E-05 9.99561E-05 9.99561E-05 9.99561E-05 0.207651 0.508599
0.116019 9.99824E-05 0.0811224 9.99824E-05 0.0944086 0.543917 0.0275902 0.136742
0.012183 0.0550999 0.200819 9.99736E-05 9.99736E-05 9.99736E-05 0.491786 0.239812
9.99737E-05 9.99737E-05 0.618047 0.0847155 0.0431966 0.121347 9.99737E-05 0.132394
0.583714 0.105529 0.0787579 9.99735E-05 0.180747 9.99735E-05 9.99735E-05 0.0509514
0.412336 9.99565E-05 9.99565E-05 0.0476329 0.539532 9.99565E-05 9.99565E-05 9.99565E-05
0.705855 9.9965E-05 0.105271 9.9965E-05 0.0684786 0.119996 9.9965E-05 9.9965E-05
0.084763 0.11417 0.497276 9.99736E-05 9.99736E-05 9.99736E-05 0.254687 0.0488034
0.363945 9.99648E-05 0.349841 9.99648E-05 9.99648E-05 9.99648E-05 0.0776639 0.208151
9.99563E-05 0.342534 0.433534 9.99563E-05 9.99563E-05 9.99563E-05 9.99563E-05 0.223432
0.359969 9.99737E-05 0.404735 0.0415952 0.0332507 9.99737E-05 9.99737E-05 0.160151
9.9956E-05 9.9956E-05 0.86217 0.0205458 9.9956E-05 9.9956E-05 0.116784 9.9956E-05
9.99824E-05 0.0116675 0.359231 0.0119135 0.351498 0.25738 0.00811066 9.99824E-05
0.235309 9.99736E-05 0.426923 0.0151798 0.305091 9.99736E-05 9.99736E-05 0.0171974
9.99471E-05 0.22522 9.99471E-05 9.99471E-05 0.77418 9.99471E-05 9.99471E-05 9.99471E-05
0.150396 0.308739 0.225082 9.99737E-05 0.0269761 0.288507 9.99737E-05 9.99737E-05
9.9956E-05 9.9956E-05 0.424609 9.9956E-05 0.133426 9.9956E-05 9.9956E-05 0.441466
0.0906457 0.35967 0.275845 9.99648E-05 9.99648E-05 0.273439 9.99648E-05 9.99648E-05
0.172111 0.144685 0.399599 9.99648E-05 0.283206 9.99648E-05 9.99648E-05 9.99648E-05
9.9956E-05 9.9956E-05 0.132159 0.713929 9.9956E-05 9.9956E-05 0.153412 9.9956E-05
9.99561E-05 0.293153 0.310461 0.395886 9.99561E-05 9.99561E-05 9.99561E-05 9.99561E-05
9.994E-05 9.994E-05 9.994E-05 9.994E-05 9.994E-05 9.994E-05 9.994E-05 0.9993
0.316779 0.173441 9.99646E-05 9.99646E-05 9.99646E-05 0.358393 9.99646E-05 0.150986
9.99647E-05 0.203503 9.99647E-05 9.99647E-05 0.259044 9.99647E-05 0.384115 0.152938
9.99563E-05 0.23601 9.99563E-05 0.21089 9.99563E-05 9.99563E-05 9.99563E-05 0.552601
9.99647E-05 0.317397 9.99647E-05 0.0679491 9.99647E-05 9.99647E-05 0.0519027 0.562351
9.994E-05 0.9993 9.994E-05 9.994E-05 9.994E-05 9.994E-05 9.994E-05 9.994E-05
9.99559E-05 0.503505 9.99559E-05 9.99559E-05 0.33681 9.99559E-05 9.99559E-05 0.159185
0.404413 0.370375 9.9956E-05 9.9956E-05 9.9956E-05 9.9956E-05 0.224712 9.9956E-05
9.99561E-05 0.61726 9.99561E-05 0.188109 0.194132 9.99561E-05 9.99561E-05 9.99561E-05
9.99647E-05 9.99647E-05 0.462682 0.319205 0.0623541 9.99647E-05 9.99647E-05 0.155359
9.99649E-05 0.220797 9.99649E-05 0.129923 9.99649E-05 9.99649E-05 0.538572 0.110308
9.99475E-05 9.99475E-05 0.379616 9.99475E-05 9.99475E-05 9.99475E-05 9.99475E-05 0.619785
9.99562E-05 9.99562E-05 9.99562E-05 0.130721 0.184051 9.99562E-05 0.684728 9.99562E-05
0.309361 0.225311 0.416148 9.99647E-05 0.0487813 9.99647E-05 9.99647E-05 9.99647E-05
9.99824E-05 0.0602596 0.391225 0.106203 0.0827199 0.278667 9.99824E-05 0.0807252
0.609 9.99561E-05 0.216357 0.174143 9.99561E-05 9.99561E-05 9.99561E-05 9.99561E-05
9.99649E-05 0.0987898 0.164571 9.99649E-05 0.360592 9.99649E-05 0.375648 9.99649E-05
0.516615 9.99473E-05 9.99473E-05 9.99473E-05 0.482785 9.99473E-05 9.99473E-05 9.99473E-05
9.99649E-05 9.99649E-05 0.438323 9.99649E-05 9.99649E-05 0.384525 0.0526441 0.124108
9.9947E-05 9.9947E-05 0.328771 9.9947E-05 0.670629 9.9947E-05 9.9947E-05 9.9947E-05
9.99647E-05 9.99647E-05 9.99647E-05 0.110356 0.121032 9.99647E-05 0.527224 0.240988
9.99561E-05 9.99561E-05 0.611517 0.0249656 9.99561E-05 9.99561E-05 0.363018 9.99561E-05
0.633323 0.195558 9.99739E-05 0.149771 9.99739E-05 0.0186559 9.99739E-05 0.00239247
9.99472E-05 9.99472E-05 9.99472E-05 0.278258 9.99472E-05 9.99472E-05 9.99472E-05 0.721143
0.0628605 9.99736E-05 0.219614 9.99736E-05 0.365335 9.99736E-05 0.149523 0.202367
9.99474E-05 9.99474E-05 9.99474E-05 9.99474E-05 0.00324988 9.99474E-05 0.99615 9.99474E-05
0.238948 0.474475 0.00809632 0.118904 9.99738E-05 0.159276 9.99738E-05 9.99738E-05
9.99562E-05 0.0202551 9.99562E-05 9.99562E-05 9.99562E-05 9.99562E-05 0.458609 0.520636
0.099368 0.165571 9.99735E-05 9.99735E-05 9.99735E-05 0.356438 0.00124404 0.377079
0.290051 0.0971271 9.99648E-05 9.99648E-05 9.99648E-05 9.99648E-05 0.501766 0.110656
0.0708619 0.836911 9.99566E-05 0.0917273 9.99566E-05 9.99566E-05 9.99566E-05 9.99566E-05
9.99647E-05 0.28111 0.0874624 9.99647E-05 9.99647E-05 9.99647E-05 0.0684331 0.562594
9.99559E-05 0.159377 0.413648 9.99559E-05 0.426475 9.99559E-05 9.99559E-05 9.99559E-05
9.99648E-05 0.128482 9.99648E-05 9.99648E-05 0.608373 9.99648E-05 0.0927522 0.169993
0.231363 9.99649E-05 0.320904 9.99649E-05 9.99649E-05 0.272982 0.17435 9.99649E-05
9.99562E-05 9.99562E-05 0.7013 9.99562E-05 9.99562E-05 0.124574 0.173627 9.99562E-05
9.994E-05 0.9993 9.994E-05 9.994E-05 9.994E-05 9.994E-05 9.994E-05 9.994E-05
0.590007 9.99649E-05 9.99649E-05 9.99649E-05 0.0439917 0.180135 0.185467 9.99649E-05
0.283533 9.99558E-05 9.99558E-05 9.99558E-05 9.99558E-05 0.477955 0.238013 9.99558E-05
0.774622 9.99562E-05 9.99562E-05 9.99562E-05 0.00750681 0.217372 9.99562E-05 9.99562E-05
9.99647E-05 9.99647E-05 0.405025 9.99647E-05 0.208887 0.249333 9.99647E-05 0.136355
9.99647E-05 9.99647E-05 0.0638358 9.99647E-05 0.03471 9.99647E-05 0.418656 0.482399
9.99559E-05 0.325104 0.290396 9.99559E-05 0.384 9.99559E-05 9.99559E-05 9.99559E-05
0.225226 9.99734E-05 9.99734E-05 9.99734E-05 0.145571 0.373923 0.0692787 0.185702
9.99649E-05 0.0874864 9.99649E-05 9.99649E-05 0.492532 0.116779 0.302802 9.99649E-05
9.99472E-05 9.99472E-05 9.99472E-05 9.99472E-05 0.415707 9.99472E-05 9.99472E-05 0.583693
0.72395 0.271392 9.99564E-05 0.00415765 9.99564E-05 9.99564E-05 9.99564E-05 9.99564E-05
0.380983 9.99648E-05 0.29964 0.183601 9.99648E-05 0.135377 9.99648E-05 9.99648E-05
0.0806709 0.0546309 9.99651E-05 9.99651E-05 0.112768 9.99651E-05 9.99651E-05 0.75153
9.99736E-05 9.99736E-05 0.0993837 0.102907 0.370491 9.99736E-05 0.137198 0.28972
9.99473E-05 0.843705 9.99473E-05 9.99473E-05 9.99473E-05 9.99473E-05 9.99473E-05 0.155695
0.5667 0.0635099 0.123572 0.0735544 0.172364 9.99736E-05 9.99736E-05 9.99736E-05
0.0679536 0.00614704 9.99825E-05 0.115133 0.099383 0.0197728 0.69141 9.99825E-05
0.111227 9.99567E-05 0.147305 9.99567E-05 0.740968 9.99567E-05 9.99567E-05 9.99567E-05
9.99738E-05 0.057793 0.212964 0.504207 9.99738E-05 9.99738E-05 0.038327 0.186408
9.99564E-05 0.908186 0.0740066 9.99564E-05 9.99564E-05 0.0173072 9.99564E-05 9.99564E-05
0.16218 0.235989 9.99648E-05 9.99648E-05 0.229446 9.99648E-05 9.99648E-05 0.371985
9.99737E-05 0.121791 0.367019 9.99737E-05 9.99737E-05 0.310407 0.149183 0.0512988
9.99653E-05 0.152532 0.37325 9.99653E-05 0.186355 9.99653E-05 0.287462 9.99653E-05
0.323576 0.0356855 0.328607 9.99649E-05 9.99649E-05 9.99649E-05 9.99649E-05 0.311732
0.35527 9.99646E-05 9.99646E-05 9.99646E-05 0.0431527 0.0334762 9.99646E-05 0.567701
0.571887 9.99649E-05 0.256617 9.99649E-05 9.99649E-05 0.023262 0.147834 9.99649E-05
0.0638239 0.0468166 9.99648E-05 9.99648E-05 0.539399 9.99648E-05 9.99648E-05 0.349561
9.99647E-05 9.99647E-05 0.129849 9.99647E-05 9.99647E-05 0.351356 0.405619 0.112775
9.99912E-05 0.163119 0.0958372 0.329436 0.124402 0.0858971 0.0611992 0.14001
0.264063 0.166552 0.0591074 0.260683 9.99824E-05 9.99824E-05 0.0403785 0.209016
9.99649E-05 9.99649E-05 0.00227297 9.99649E-05 9.99649E-05 0.202651 0.46053 0.334146
9.99562E-05 9.99562E-05 9.99562E-05 0.240613 0.293413 0.465474 9.99562E-05 9.99562E-05
9.99647E-05 0.290188 0.317911 9.99647E-05 0.0456021 9.99647E-05 0.345899 9.99647E-05
9.99649E-05 9.99649E-05 0.209952 9.99649E-05 9.99649E-05 0.0874115 0.162245 0.539991
0.230745 9.99562E-05 0.7294 9.99562E-05 0.0393553 9.99562E-05 9.99562E-05 9.99562E-05
9.99649E-05 0.190967 0.391078 9.99649E-05 0.232763 9.99649E-05 9.99649E-05 0.184791
0.251051 9.99561E-05 9.99561E-05 9.99561E-05 0.256071 0.492378 9.99561E-05 9.99561E-05
0.293066 0.34797 0.156114 0.0571393 9.99735E-05 0.145411 9.99735E-05 9.99735E-05
9.99561E-05 9.99561E-05 9.99561E-05 9.99561E-05 9.99561E-05 0.0026854 0.911882 0.0849331
0.0891311 9.99559E-05 0.643577 9.99559E-05 9.99559E-05 0.266792 9.99559E-05 9.99559E-05
0.0728108 9.99473E-05 9.99473E-05 9.99473E-05 0.92659 9.99473E-05 9.99473E-05 9.99473E-05
0.142781 0.407931 9.99653E-05 9.99653E-05 9.99653E-05 0.0677156 0.381173 9.99653E-05
0.105037 9.99735E-05 9.99735E-05 9.99735E-05 0.165022 0.156452 0.0974042 0.475785
9.99558E-05 9.99558E-05 0.333363 9.99558E-05 0.52772 0.138417 9.99558E-05 9.99558E-05
9.9965E-05 0.053647 0.141233 0.360922 9.9965E-05 0.443798 9.9965E-05 9.9965E-05
0.667905 9.99472E-05 9.99472E-05 9.99472E-05 9.99472E-05 0.331495 9.99472E-05 9.99472E-05
0.137858 0.255114 0.307982 9.99734E-05 9.99734E-05 0.183353 9.99734E-05 0.115394
9.99561E-05 0.153353 9.99561E-05 0.631717 9.99561E-05 9.99561E-05 0.21443 9.99561E-05
0.271637 0.0393414 9.99736E-05 9.99736E-05 0.425661 9.99736E-05 0.222346 0.0407146
0.11305 9.99735E-05 9.99735E-05 0.0424275 9.99735E-05 0.354894 0.287995 0.201334
9.99735E-05 0.343944 0.419923 0.118725 0.0134918 9.99735E-05 0.103617 9.99735E-05
0.000197933 9.99647E-05 0.475386 9.99647E-05 9.99647E-05 9.99647E-05 0.352463 0.171553
0.115655 0.380083 0.197125 9.99824E-05 0.123702 0.0882876 9.99824E-05 0.0949472
0.127786 9.99647E-05 0.612256 9.99647E-05 9.99647E-05 9.99647E-05 0.100772 0.158786
9.9965E-05 9.9965E-05 0.256552 9.9965E-05 0.170483 0.391089 9.9965E-05 0.181476
9.99471E-05 9.99471E-05 0.832835 9.99471E-05 9.99471E-05 9.99471E-05 9.99471E-05 0.166565
9.99561E-05 9.99561E-05 9.99561E-05 9.99561E-05 0.58868 0.114434 0.296387 9.99561E-05
0.138352 9.99564E-05 9.99564E-05 9.99564E-05 9.99564E-05 9.99564E-05 0.205039 0.656109
9.99561E-05 9.99561E-05 0.344594 9.99561E-05 0.0272465 9.99561E-05 0.62766 9.99561E-05
9.99562E-05 9.99562E-05 0.0610875 9.99562E-05 9.99562E-05 0.629875 9.99562E-05 0.308538
0.539569 0.0457803 0.414151 9.99558E-05 9.99558E-05 9.99558E-05 9.99558E-05 9.99558E-05
0.387886 9.99736E-05 0.0331189 0.406733 9.99736E-05 9.99736E-05 0.100332 0.0716302
9.99648E-05 9.99648E-05 9.99648E-05 0.0750925 0.229275 9.99648E-05 0.562754 0.132478
9.99735E-05 0.072474 0.197614 9.99735E-05 0.305485 0.163499 9.99735E-05 0.260628
9.99561E-05 9.99561E-05 9.99561E-05 9.99561E-05 0.10109 0.659878 9.99561E-05 0.238532
9.99646E-05 9.99646E-05 0.34754 0.178291 0.273587 0.200182 9.99646E-05 9.99646E-05
9.99647E-05 9.99647E-05 9.99647E-05 9.99647E-05 0.339832 0.0306553 0.41307 0.216043
9.9948E-05 9.9948E-05 0.526499 9.9948E-05 9.9948E-05 0.472902 9.9948E-05 9.9948E-05
9.99471E-05 0.486248 9.99471E-05 9.99471E-05 9.99471E-05 9.99471E-05 0.513152 9.99471E-05
9.99825E-05 0.156377 0.41395 0.00379818 9.99825E-05 0.0367609 0.381259 0.00765457
0.591 9.996E-05 9.996E-05 9.996E-05 9.996E-05 0.150083 0.0495199 0.208998
9.99479E-05 0.649763 9.99479E-05 9.99479E-05 9.99479E-05 9.99479E-05 9.99479E-05 0.349637
9.99563E-05 9.99563E-05 9.99563E-05 0.149416 9.99563E-05 0.815783 0.034301 9.99563E-05
9.9956E-05 9.9956E-05 9.9956E-05 9.9956E-05 0.479226 9.9956E-05 0.504673 0.0156009
0.194267 0.0254946 9.99737E-05 9.99737E-05 0.544733 0.220486 0.01472 9.99737E-05
9.99735E-05 0.153989 0.0585483 9.99735E-05 0.120103 0.353277 0.313783 9.99735E-05
9.99562E-05 0.178485 9.99562E-05 9.99562E-05 9.99562E-05 0.621187 9.99562E-05 0.199828
0.0379866 9.99559E-05 9.99559E-05 9.99559E-05 0.149549 9.99559E-05 9.99559E-05 0.811965
9.99558E-05 0.26652 9.99558E-05 9.99558E-05 9.99558E-05 9.99558E-05 0.175919 0.557062
9.99647E-05 0.0019719 0.303377 9.99647E-05 9.99647E-05 9.99647E-05 0.581736 0.112516
0.303974 9.99649E-05 9.99649E-05 0.313835 0.131929 9.99649E-05 9.99649E-05 0.249862
0.189193 0.152863 9.99649E-05 9.99649E-05 9.99649E-05 0.041063 9.99649E-05 0.616482
9.99648E-05 0.40126 9.99648E-05 0.0660491 0.00651812 9.99648E-05 0.525773 9.99648E-05
9.99561E-05 9.99561E-05 9.99561E-05 9.99561E-05 0.368908 9.99561E-05 0.16359 0.467003
0.585518 9.99478E-05 9.99478E-05 9.99478E-05 0.413883 9.99478E-05 9.99478E-05 9.99478E-05
9.99647E-05 0.355513 0.346322 9.99647E-05 0.0453914 9.99647E-05 0.252373 9.99647E-05
9.99738E-05 0.287784 0.317055 0.168656 0.0940748 0.132131 9.99738E-05 9.99738E-05
9.99473E-05 9.99473E-05 9.99473E-05 9.99473E-05 9.99473E-05 0.446131 9.99473E-05 0.553269
9.99561E-05 0.56199 9.99561E-05 9.99561E-05 9.99561E-05 0.230996 0.206515 9.99561E-05
9.99473E-05 9.99473E-05 9.99473E-05 9.99473E-05 9.99473E-05 0.23455 0.76485 9.99473E-05
0.230114 0.263038 9.99649E-05 9.99649E-05 0.139885 9.99649E-05 9.99649E-05 0.366563
0.354699 9.99651E-05 9.99651E-05 9.99651E-05 0.0503683 0.0474925 9.99651E-05 0.547041
9.99737E-05 0.0839186 0.450209 9.99737E-05 9.99737E-05 0.170631 0.112371 0.182571
0.582584 9.99649E-05 0.019478 9.99649E-05 9.99649E-05 0.0979201 0.299618 9.99649E-05
9.99559E-05 0.0961047 0.403002 9.99559E-05 9.99559E-05 9.99559E-05 9.99559E-05 0.500394
9.99736E-05 0.165624 0.306353 9.99736E-05 0.00700521 0.165818 0.3549 9.99736E-05
0.341304 9.99649E-05 9.99649E-05 9.99649E-05 0.0845902 0.295198 9.99649E-05 0.278508
0.538477 0.222699 9.99649E-05 9.99649E-05 9.99649E-05 9.99649E-05 0.213345 0.0250798
9.99561E-05 9.99561E-05 9.99561E-05 9.99561E-05 0.191941 0.623703 0.183857 9.99561E-05
9.99647E-05 9.99647E-05 0.281299 9.99647E-05 9.99647E-05 0.50847 0.195182 0.0146489
9.99651E-05 9.99651E-05 0.311695 0.418686 0.0950067 0.174213 9.99651E-05 9.99651E-05
9.9965E-05 9.9965E-05 0.140021 9.9965E-05 9.9965E-05 0.638268 0.166546 0.0547649
0.236958 9.99736E-05 0.204369 0.133507 0.10574 9.99736E-05 9.99736E-05 0.319128
0.563091 9.9965E-05 9.9965E-05 0.031518 0.284476 9.9965E-05 9.9965E-05 0.120514
9.99649E-05 0.00939673 0.0895649 0.161784 9.99649E-05 9.99649E-05 9.99649E-05 0.738855
9.99559E-05 0.191441 9.99559E-05 9.99559E-05 0.578148 9.99559E-05 9.99559E-05 0.229911
0.0936007 9.99648E-05 0.403958 9.99648E-05 9.99648E-05 9.99648E-05 0.444963 0.0570789
9.996E-05 0.522027 9.996E-05 9.996E-05 9.996E-05 0.0589395 0.176354 0.242279
9.99559E-05 0.106983 9.99559E-05 9.99559E-05 9.99559E-05 9.99559E-05 0.153253 0.739264
0.269497 9.99649E-05 0.310747 9.99649E-05 0.238482 9.99649E-05 9.99649E-05 0.180874
9.99738E-05 0.347744 0.0722602 0.0108011 0.426601 0.142294 9.99738E-05 9.99738E-05
9.99473E-05 9.99473E-05 9.99473E-05 9.99473E-05 0.969777 9.99473E-05 0.0296231 9.99473E-05
0.0110666 9.99912E-05 0.52197 0.0723268 0.172365 0.0157359 0.168597 0.0378383
9.99648E-05 9.99648E-05 9.99648E-05 9.99648E-05 0.0478377 0.717894 0.0100208 0.223848
0.0653454 0.476952 0.136874 9.99823E-05 0.00935478 0.265845 0.0454288 9.99823E-05
0.145854 0.133566 0.283463 9.99737E-05 0.0674413 9.99737E-05 0.369376 9.99737E-05
0.218369 0.458484 0.195279 9.99648E-05 9.99648E-05 9.99648E-05 9.99648E-05 0.127469
0.354714 0.387222 9.99559E-05 9.99559E-05 9.99559E-05 9.99559E-05 0.257564 9.99559E-05
0.109188 9.9956E-05 9.9956E-05 9.9956E-05 9.9956E-05 9.9956E-05 0.683217 0.207095
0.1295 9.99648E-05 9.99648E-05 9.99648E-05 0.368347 0.211471 9.99648E-05 0.290282
9.9956E-05 9.9956E-05 9.9956E-05 9.9956E-05 0.708026 0.00894501 9.9956E-05 0.282529
9.9965E-05 9.9965E-05 9.9965E-05 0.013737 0.381247 9.9965E-05 0.0213464 0.583269
0.578078 0.122084 9.99561E-05 9.99561E-05 9.99561E-05 9.99561E-05 9.99561E-05 0.299339
0.00960766 9.9956E-05 0.754984 9.9956E-05 9.9956E-05 9.9956E-05 0.234909 9.9956E-05
0.484872 9.99648E-05 9.99648E-05 9.99648E-05 9.99648E-05 0.220392 0.231963 0.0623726
0.0775301 9.99651E-05 0.609488 0.142169 9.99651E-05 9.99651E-05 0.170412 9.99651E-05
9.99649E-05 0.07517 0.302872 9.99649E-05 0.242157 9.99649E-05 0.379401 9.99649E-05
9.99649E-05 9.99649E-05 0.651454 0.0676678 0.184606 0.0958723 9.99649E-05 9.99649E-05
9.99476E-05 9.99476E-05 9.99476E-05 9.99476E-05 0.0478145 9.99476E-05 9.99476E-05 0.951586
9.99562E-05 9.99562E-05 0.0375221 9.99562E-05 0.803301 9.99562E-05 0.158678 9.99562E-05
9.99649E-05 9.99649E-05 9.99649E-05 9.99649E-05 0.334235 0.333128 0.033894 0.298344
9.99478E-05 9.99478E-05 0.681971 9.99478E-05 9.99478E-05 9.99478E-05 0.317429 9.99478E-05
9.99562E-05 9.99562E-05 0.221479 9.99562E-05 9.99562E-05 9.99562E-05 0.141251 0.636771
9.99565E-05 0.537022 0.271324 9.99565E-05 9.99565E-05 0.191154 9.99565E-05 9.99565E-05
0.551363 9.99557E-05 0.425209 9.99557E-05 0.0229279 9.99557E-05 9.99557E-05 9.99557E-05
0.29489 0.117601 0.415364 9.99645E-05 0.171745 9.99645E-05 9.99645E-05 9.99645E-05
9.99475E-05 0.180819 0.818582 9.99475E-05 9.99475E-05 9.99475E-05 9.99475E-05 9.99475E-05
9.99647E-05 0.192904 9.99647E-05 9.99647E-05 0.281158 9.99647E-05 0.0450405 0.480498
9.996E-05 0.430707 0.469066 0.0592803 9.996E-05 9.996E-05 9.996E-05 0.040547
0.366268 9.99562E-05 9.99562E-05 9.99562E-05 0.234264 9.99562E-05 0.398968 9.99562E-05
9.99561E-05 9.99561E-05 9.99561E-05 9.99561E-05 0.481735 9.99561E-05 0.283458 0.234307
0.0167882 9.99737E-05 9.99737E-05 0.0015267 0.38784 0.214203 0.379343 9.99737E-05
0.187398 0.0301005 9.99911E-05 0.0194339 0.0368545 0.286718 0.11425 0.325144
9.99647E-05 9.99647E-05 9.99647E-05 0.162774 0.254932 0.0333978 9.99647E-05 0.548497
0.261205 0.354735 9.99736E-05 0.0536301 0.202584 9.99736E-05 0.127547 9.99736E-05
9.99564E-05 0.487875 0.186434 9.99564E-05 9.99564E-05 0.325191 9.99564E-05 9.99564E-05
9.9965E-05 0.134188 0.297603 9.9965E-05 0.413998 0.153811 9.9965E-05 9.9965E-05
9.99559E-05 0.158783 0.138953 9.99559E-05 9.99559E-05 9.99559E-05 0.701764 9.99559E-05
9.99472E-05 9.99472E-05 0.188503 9.99472E-05 9.99472E-05 9.99472E-05 9.99472E-05 0.810897
9.9956E-05 0.00201702 0.20145 9.9956E-05 9.9956E-05 9.9956E-05 9.9956E-05 0.796033
0.331446 9.9956E-05 0.638846 9.9956E-05 9.9956E-05 9.9956E-05 0.0292077 9.9956E-05
0.45034 9.99562E-05 9.99562E-05 9.99562E-05 0.321322 9.99562E-05 0.227838 9.99562E-05
9.99736E-05 9.99736E-05 0.258023 0.0103435 0.521405 9.99736E-05 0.0609749 0.148953
0.751414 9.99471E-05 0.247986 9.99471E-05 9.99471E-05 9.99471E-05 9.99471E-05 9.99471E-05
0.44791 9.99648E-05 9.99648E-05 0.341719 9.99648E-05 0.0240455 9.99648E-05 0.185925
9.994E-05 9.994E-05 9.994E-05 9.994E-05 0.9993 9.994E-05 9.994E-05 9.994E-05
0.433136 9.99472E-05 9.99472E-05 9.99472E-05 9.99472E-05 9.99472E-05 0.566264 9.99472E-05
9.994E-05 9.994E-05 9.994E-05 9.994E-05 9.994E-05 0.9993 9.994E-05 9.994E-05
9.99651E-05 0.0448438 0.146562 9.99651E-05 9.99651E-05 9.99651E-05 0.194368 0.613826
9.99736E-05 0.250789 9.99736E-05 0.0196617 9.99736E-05 0.570536 0.1502 0.0085121
0.424584 0.162338 9.99736E-05 9.99736E-05 0.185227 0.0816248 0.145927 9.99736E-05
0.459816 9.9956E-05 0.0550866 9.9956E-05 9.9956E-05 9.9956E-05 0.484597 9.9956E-05
9.99648E-05 9.99648E-05 9.99648E-05 0.0484803 0.410713 0.052748 0.487659 9.99648E-05
9.99477E-05 9.99477E-05 0.638818 9.99477E-05 9.99477E-05 9.99477E-05 9.99477E-05 0.360583
9.99738E-05 0.301079 0.152695 0.325015 0.0994197 9.99738E-05 0.121492 9.99738E-05
9.99558E-05 9.99558E-05 9.99558E-05 9.99558E-05 0.458229 9.99558E-05 0.217754 0.323517
0.203633 9.99649E-05 9.99649E-05 0.124496 0.218638 9.99649E-05 0.452834 9.99649E-05
0.13866 0.170475 0.690365 9.9956E-05 9.9956E-05 9.9956E-05 9.9956E-05 9.9956E-05
9.9965E-05 0.160083 0.160742 9.9965E-05 0.169848 0.508927 9.9965E-05 9.9965E-05
0.134496 9.99651E-05 0.654068 9.99651E-05 0.0827534 9.99651E-05 9.99651E-05 0.128283
0.0237706 0.327549 0.584313 0.0639675 9.99647E-05 9.99647E-05 9.99647E-05 9.99647E-05
0.0159243 0.570397 0.101949 9.99646E-05 0.31133 9.99646E-05 9.99646E-05 9.99646E-05
9.99559E-05 9.99559E-05 9.99559E-05 9.99559E-05 0.436669 9.99559E-05 0.417411 0.14542
0.133168 0.401013 0.0614805 9.99737E-05 9.99737E-05 0.297406 9.99737E-05 0.106632
9.99563E-05 0.000143091 9.99563E-05 9.99563E-05 9.99563E-05 9.99563E-05 0.528384 0.470974
0.333747 0.0579341 0.20155 9.99734E-05 0.262724 0.143745 9.99734E-05 9.99734E-05
9.99559E-05 9.99559E-05 9.99559E-05 0.517202 9.99559E-05 0.400906 0.0813926 9.99559E-05
0.332971 0.282365 0.25328 9.99647E-05 0.130983 9.99647E-05 9.99647E-05 9.99647E-05
0.455749 9.99823E-05 0.116568 0.00160185 9.99823E-05 0.214984 0.0894369 0.121461
0.640999 0.255535 9.9956E-05 9.9956E-05 9.9956E-05 9.9956E-05 0.102966 9.9956E-05
9.9965E-05 9.9965E-05 0.303375 0.0542117 0.0587562 9.9965E-05 0.583257 9.9965E-05
0.174841 0.327937 0.0271438 9.99739E-05 0.466194 0.00358477 9.99739E-05 9.99739E-05
0.371512 9.99562E-05 9.99562E-05 0.0596813 9.99562E-05 9.99562E-05 9.99562E-05 0.568307
9.99823E-05 0.158238 0.298284 9.99823E-05 0.0336749 0.007895 0.13329 0.368419
9.99648E-05 9.99648E-05 0.0909469 0.386002 9.99648E-05 0.514094 0.00855679 9.99648E-05
0.0967482 9.99648E-05 9.99648E-05 9.99648E-05 0.868398 0.00587167 0.0285825 9.99648E-05
0.15106 0.533948 0.03133 0.0870346 0.0265998 9.99825E-05 0.169828 9.99825E-05
9.995E-05 0.529421 0.368782 9.995E-05 9.995E-05 9.995E-05 9.995E-05 0.101297
0.289359 0.369874 9.99647E-05 9.99647E-05 0.127526 9.99647E-05 0.212841 9.99647E-05
0.0884319 9.9956E-05 0.0307053 9.9956E-05 9.9956E-05 9.9956E-05 9.9956E-05 0.880363
0.92766 0.0068462 0.0649945 9.99563E-05 9.99563E-05 9.99563E-05 9.99563E-05 9.99563E-05
