0.235339 0.153804 0.202724 0.173833 0.0670838 9.99825E-05 9.99825E-05 0.167016
9.99559E-05 9.99559E-05 9.99559E-05 0.496739 0.364037 0.138724 9.99559E-05 9.99559E-05
9.9965E-05 9.9965E-05 9.9965E-05 0.253607 0.0460706 9.9965E-05 0.004212 0.695711
0.130182 9.99649E-05 9.99649E-05 0.137189 0.0923909 9.99649E-05 0.639839 9.99649E-05
9.99736E-05 0.328818 9.99736E-05 0.00554435 9.99736E-05 0.0961284 0.063263 0.505946
0.545102 0.177963 9.99651E-05 9.99651E-05 9.99651E-05 9.99651E-05 0.228011 0.0485247
0.131457 9.99736E-05 9.99736E-05 0.394522 0.110375 0.123501 9.99736E-05 0.239845
9.99736E-05 0.0325059 9.99736E-05 0.256454 9.99736E-05 0.0860539 0.371608 0.253078
0.116402 9.99823E-05 0.51961 0.00613892 0.145588 0.191126 9.99823E-05 0.0209348
9.99561E-05 0.24248 9.99561E-05 0.428208 9.99561E-05 9.99561E-05 0.328813 9.99561E-05
9.99646E-05 0.0833109 0.0214176 0.267412 9.99646E-05 9.99646E-05 9.99646E-05 0.627459
9.99574E-05 9.99574E-05 9.99574E-05 9.99574E-05 0.578219 9.99574E-05 0.112034 0.309248
9.99738E-05 0.242683 0.206112 0.129878 9.99738E-05 0.110502 0.310524 9.99738E-05
9.99646E-05 0.399335 0.529092 9.99646E-05 0.0662636 9.99646E-05 9.99646E-05 0.00490966
0.0255311 0.194031 9.99735E-05 0.357884 0.295003 9.99735E-05 0.127252 9.99735E-05
0.10602 0.629569 9.99647E-05 0.256038 9.99647E-05 9.99647E-05 9.99647E-05 0.00797291
0.144888 0.0592797 0.0563193 0.55876 9.99736E-05 0.180453 9.99736E-05 9.99736E-05
9.99476E-05 9.99476E-05 9.99476E-05 9.99476E-05 0.157729 9.99476E-05 9.99476E-05 0.841672
0.0317651 9.99736E-05 0.150388 0.439659 0.266942 0.110946 9.99736E-05 9.99736E-05
0.280412 9.99649E-05 9.99649E-05 9.99649E-05 9.99649E-05 0.265173 0.241321 0.212695
9.99564E-05 0.0460712 9.99564E-05 0.0360622 9.99564E-05 9.99564E-05 9.99564E-05 0.917367
0.00768397 9.99735E-05 9.99735E-05 9.99735E-05 0.120682 0.496364 0.135874 0.239096
0.0556402 9.99561E-05 9.99561E-05 0.0655047 0.878355 9.99561E-05 9.99561E-05 9.99561E-05
9.99473E-05 9.99473E-05 0.744481 9.99473E-05 0.25492 9.99473E-05 9.99473E-05 9.99473E-05
9.996E-05 9.996E-05 0.35286 0.395784 9.996E-05 0.16692 9.996E-05 0.084037
9.99647E-05 0.0331944 9.99647E-05 0.286514 0.296188 9.99647E-05 0.383704 9.99647E-05
9.99648E-05 0.153535 9.99648E-05 0.0144216 9.99648E-05 9.99648E-05 0.737813 0.093831
9.9965E-05 0.0425492 9.9965E-05 9.9965E-05 0.447031 9.9965E-05 0.310796 0.199224
9.99472E-05 0.926448 0.0729525 9.99472E-05 9.99472E-05 9.99472E-05 9.99472E-05 9.99472E-05
9.99735E-05 0.162983 0.170601 0.239847 9.99735E-05 0.264462 9.99735E-05 0.161807
9.99471E-05 0.997983 0.00141775 9.99471E-05 9.99471E-05 9.99471E-05 9.99471E-05 9.99471E-05
0.480192 0.102914 9.99651E-05 0.247199 9.99651E-05 9.99651E-05 9.99651E-05 0.169295
9.99562E-05 0.183886 9.99562E-05 9.99562E-05 9.99562E-05 9.99562E-05 0.618832 0.196782
9.9956E-05 9.9956E-05 0.643465 9.9956E-05 0.288533 9.9956E-05 0.067503 9.9956E-05
9.99559E-05 9.99559E-05 0.264371 9.99559E-05 0.400997 9.99559E-05 9.99559E-05 0.334132
9.99559E-05 9.99559E-05 0.060185 0.619602 9.99559E-05 9.99559E-05 9.99559E-05 0.319713
9.99478E-05 0.987715 0.0116858 9.99478E-05 9.99478E-05 9.99478E-05 9.99478E-05 9.99478E-05
9.99558E-05 9.99558E-05 9.99558E-05 0.664071 0.0122225 9.99558E-05 9.99558E-05 0.323206
9.99649E-05 9.99649E-05 9.99649E-05 0.51977 0.322644 0.122455 0.0347305 9.99649E-05
9.99648E-05 9.99648E-05 0.318507 0.0739473 9.99648E-05 9.99648E-05 0.122998 0.484148
9.997E-05 0.0848093 9.997E-05 0.397216 0.159888 0.0822513 0.275536 9.997E-05
9.99736E-05 0.178041 9.99736E-05 0.0605234 0.164361 9.99736E-05 0.486222 0.110552
9.99562E-05 0.0544667 9.99562E-05 9.99562E-05 9.99562E-05 0.543452 9.99562E-05 0.401582
9.99472E-05 9.99472E-05 0.623042 9.99472E-05 9.99472E-05 9.99472E-05 0.376358 9.99472E-05
9.99564E-05 0.558144 9.99564E-05 0.440267 0.00108902 9.99564E-05 9.99564E-05 9.99564E-05
0.275882 9.99647E-05 0.0957627 9.99647E-05 0.623785 9.99647E-05 9.99647E-05 0.00417056
9.99823E-05 0.0820292 9.99823E-05 0.266672 0.166213 0.0721232 0.337307 0.0754556
9.99472E-05 9.99472E-05 9.99472E-05 0.953686 9.99472E-05 9.99472E-05 0.0457143 9.99472E-05
9.99562E-05 9.99562E-05 0.00697096 9.99562E-05 0.740181 9.99562E-05 0.252349 9.99562E-05
0.0423954 0.124388 0.744854 0.00816596 0.0675538 9.99823E-05 9.99823E-05 0.0124436
9.99649E-05 9.99649E-05 9.99649E-05 0.195229 0.0211165 9.99649E-05 0.18069 0.602564
0.00571298 9.99646E-05 9.99646E-05 9.99646E-05 0.585301 9.99646E-05 0.190325 0.218261
9.99562E-05 0.257611 9.99562E-05 9.99562E-05 9.99562E-05 9.99562E-05 0.12696 0.614929
9.99737E-05 0.431529 9.99737E-05 0.242426 9.99737E-05 0.0823156 0.0599622 0.183467
9.99648E-05 0.444551 0.0339212 0.182247 0.338881 9.99648E-05 9.99648E-05 9.99648E-05
0.086515 0.251855 0.490716 0.054777 9.99737E-05 9.99737E-05 0.115837 9.99737E-05
9.99564E-05 0.260367 9.99564E-05 9.99564E-05 0.614129 9.99564E-05 0.125004 9.99564E-05
0.159911 9.99735E-05 0.289893 0.226814 0.0657865 9.99735E-05 9.99735E-05 0.257295
0.36739 0.201492 9.99564E-05 0.430618 9.99564E-05 9.99564E-05 9.99564E-05 9.99564E-05
9.99559E-05 9.99559E-05 0.0954289 0.768861 9.99559E-05 9.99559E-05 9.99559E-05 0.13521
9.99563E-05 0.822265 9.99563E-05 9.99563E-05 9.99563E-05 9.99563E-05 0.035097 0.142138
9.99562E-05 0.430928 9.99562E-05 0.413436 9.99562E-05 9.99562E-05 0.155136 9.99562E-05
0.0204127 9.99649E-05 9.99649E-05 0.849842 9.99649E-05 0.0626702 9.99649E-05 0.0666753
9.99824E-05 0.0632782 9.99824E-05 0.206082 0.261387 0.0670805 0.145034 0.256938
9.99649E-05 0.274445 0.0941561 9.99649E-05 0.515581 9.99649E-05 0.115417 9.99649E-05
9.99647E-05 9.99647E-05 9.99647E-05 0.0177453 0.486293 9.99647E-05 0.191271 0.304291
9.99738E-05 0.0921909 9.99738E-05 0.537307 0.201701 9.99738E-05 0.0646701 0.10383
9.99739E-05 9.99739E-05 0.239564 0.192562 9.99739E-05 0.183472 0.283633 0.10047
9.99562E-05 0.660526 9.99562E-05 9.99562E-05 0.239714 9.99562E-05 0.0992608 9.99562E-05
9.99648E-05 0.000736041 9.99648E-05 9.99648E-05 0.619568 9.99648E-05 0.259889 0.119408
9.99561E-05 9.99561E-05 9.99561E-05 9.99561E-05 0.258168 0.149572 9.99561E-05 0.59176
9.99564E-05 0.48028 0.129708 9.99564E-05 9.99564E-05 0.389512 9.99564E-05 9.99564E-05
0.98059 9.99474E-05 0.0188107 9.99474E-05 9.99474E-05 9.99474E-05 9.99474E-05 9.99474E-05
9.99651E-05 9.99651E-05 9.99651E-05 0.565787 9.99651E-05 0.0173601 0.100413 0.31604
9.99646E-05 0.383868 9.99646E-05 0.0527763 0.308008 9.99646E-05 9.99646E-05 0.254949
9.99561E-05 0.405062 9.99561E-05 9.99561E-05 0.242795 9.99561E-05 0.351643 9.99561E-05
9.9965E-05 9.9965E-05 0.307766 9.9965E-05 0.372308 9.9965E-05 0.0145468 0.304979
9.99561E-05 9.99561E-05 9.99561E-05 0.722532 0.207167 0.0698012 9.99561E-05 9.99561E-05
0.166084 9.99559E-05 9.99559E-05 9.99559E-05 0.784858 0.0485591 9.99559E-05 9.99559E-05
9.99561E-05 0.157429 0.253856 9.99561E-05 9.99561E-05 9.99561E-05 9.99561E-05 0.588215
9.9965E-05 0.135205 0.309826 9.9965E-05 9.9965E-05 9.9965E-05 0.55168 0.00288884
0.695651 9.99561E-05 9.99561E-05 9.99561E-05 9.99561E-05 9.99561E-05 0.277606 0.026244
0.0960359 0.903364 9.99477E-05 9.99477E-05 9.99477E-05 9.99477E-05 9.99477E-05 9.99477E-05
9.99559E-05 9.99559E-05 9.99559E-05 0.405954 9.99559E-05 9.99559E-05 0.232578 0.360969
9.99562E-05 9.99562E-05 9.99562E-05 0.505121 9.99562E-05 0.200304 9.99562E-05 0.294075
0.529702 9.99736E-05 0.0772448 9.99736E-05 0.125986 9.99736E-05 0.0544512 0.212317
9.99562E-05 0.163957 9.99562E-05 9.99562E-05 0.310628 9.99562E-05 9.99562E-05 0.524915
0.370963 9.99564E-05 9.99564E-05 0.0838584 9.99564E-05 9.99564E-05 9.99564E-05 0.544679
9.99562E-05 9.99562E-05 9.99562E-05 0.104429 9.99562E-05 0.645662 0.249409 9.99562E-05
9.995E-05 9.995E-05 0.265848 0.47454 9.995E-05 9.995E-05 0.259112 9.995E-05
9.99647E-05 0.493787 0.0102664 0.276664 9.99647E-05 9.99647E-05 9.99647E-05 0.218883
9.99653E-05 0.0141418 0.0472936 0.551429 9.99653E-05 9.99653E-05 9.99653E-05 0.386736
9.99561E-05 9.99561E-05 0.617262 0.381643 9.99561E-05 9.99561E-05 9.99561E-05 0.000595795
9.9956E-05 9.9956E-05 9.9956E-05 0.0192663 0.346196 9.9956E-05 9.9956E-05 0.634038
9.99563E-05 0.0958118 0.710878 9.99563E-05 9.99563E-05 9.99563E-05 9.99563E-05 0.192811
9.9965E-05 0.0906827 9.9965E-05 0.527235 0.0310203 9.9965E-05 0.350662 9.9965E-05
9.99561E-05 9.99561E-05 9.99561E-05 0.222646 9.99561E-05 9.99561E-05 0.499725 0.277129
0.278202 0.131474 0.143782 9.99736E-05 9.99736E-05 9.99736E-05 0.134288 0.311953
0.00790327 0.444407 9.99647E-05 0.0334389 9.99647E-05 9.99647E-05 9.99647E-05 0.513851
9.99561E-05 9.99561E-05 0.551729 0.360288 0.0874828 9.99561E-05 9.99561E-05 9.99561E-05
9.99562E-05 0.161343 9.99562E-05 9.99562E-05 0.182979 9.99562E-05 9.99562E-05 0.655178
9.99738E-05 0.222656 9.99738E-05 0.132148 0.554069 0.0807813 9.99738E-05 0.0100459
9.99476E-05 9.99476E-05 9.99476E-05 9.99476E-05 9.99476E-05 0.157714 9.99476E-05 0.841686
0.247205 0.417022 9.9965E-05 0.149932 0.185441 9.9965E-05 9.9965E-05 9.9965E-05
9.99735E-05 9.99735E-05 0.180321 0.371384 0.283089 9.99735E-05 0.0804072 0.0844989
9.99648E-05 9.99648E-05 0.17972 0.655004 9.99648E-05 9.99648E-05 0.0750965 0.0897798
0.0544108 0.00517818 0.110243 0.629562 9.99738E-05 9.99738E-05 9.99738E-05 0.200307
9.99562E-05 9.99562E-05 0.688299 9.99562E-05 0.167483 9.99562E-05 0.143718 9.99562E-05
9.99559E-05 0.498002 0.0538305 9.99559E-05 9.99559E-05 9.99559E-05 9.99559E-05 0.447668
9.99738E-05 0.0237775 0.00698958 0.255967 0.185337 9.99738E-05 9.99738E-05 0.527629
0.317589 0.536368 9.99648E-05 0.133838 9.99648E-05 9.99648E-05 9.99648E-05 0.0118055
0.144735 0.165008 0.0229813 9.99824E-05 0.0997753 9.99824E-05 0.207277 0.360024
9.9965E-05 0.150999 0.232481 0.257795 9.9965E-05 0.358325 9.9965E-05 9.9965E-05
9.99735E-05 0.434798 0.118929 9.99735E-05 0.284872 0.0766777 9.99735E-05 0.0844232
9.99737E-05 0.291405 9.99737E-05 0.0829636 9.99737E-05 0.188133 0.102495 0.334704
0.212049 0.2814 9.99737E-05 0.170974 9.99737E-05 9.99737E-05 0.127562 0.207715
9.99562E-05 9.99562E-05 0.925396 0.0704842 0.00361974 9.99562E-05 9.99562E-05 9.99562E-05
0.0703604 9.99649E-05 0.151464 0.0896344 9.99649E-05 0.688141 9.99649E-05 9.99649E-05
9.99735E-05 0.155446 0.209316 0.482378 0.0882769 0.0642828 9.99735E-05 9.99735E-05
9.99562E-05 9.99562E-05 0.316478 9.99562E-05 0.647949 9.99562E-05 9.99562E-05 0.0350736
9.99735E-05 0.410321 9.99735E-05 0.0334232 9.99735E-05 0.0336014 0.251538 0.270816
9.99736E-05 0.259732 0.00654414 0.293392 9.99736E-05 0.33837 9.99736E-05 0.101661
0.0277907 0.340413 9.9965E-05 9.9965E-05 9.9965E-05 9.9965E-05 0.485143 0.146254
9.99477E-05 0.310189 9.99477E-05 0.689211 9.99477E-05 9.99477E-05 9.99477E-05 9.99477E-05
0.0132009 9.99649E-05 9.99649E-05 0.268591 0.3701 9.99649E-05 9.99649E-05 0.347708
9.9956E-05 0.667818 0.265634 0.0660482 9.9956E-05 9.9956E-05 9.9956E-05 9.9956E-05
9.99474E-05 0.941866 9.99474E-05 0.0575339 9.99474E-05 9.99474E-05 9.99474E-05 9.99474E-05
0.0342044 9.99561E-05 0.545998 9.99561E-05 0.419298 9.99561E-05 9.99561E-05 9.99561E-05
9.99648E-05 0.153014 9.99648E-05 0.715656 0.0752194 9.99648E-05 0.055711 9.99648E-05
0.215145 9.99473E-05 0.784256 9.99473E-05 9.99473E-05 9.99473E-05 9.99473E-05 9.99473E-05
0.17422 9.99558E-05 0.589344 0.235936 9.99558E-05 9.99558E-05 9.99558E-05 9.99558E-05
9.99649E-05 0.213433 9.99649E-05 0.071349 9.99649E-05 9.99649E-05 0.0820485 0.63277
9.99476E-05 9.99476E-05 9.99476E-05 0.745707 9.99476E-05 9.99476E-05 9.99476E-05 0.253693
9.99565E-05 9.99565E-05 9.99565E-05 0.584201 0.0151889 9.99565E-05 0.40011 9.99565E-05
0.136218 0.288395 9.99737E-05 0.250171 9.99737E-05 0.176196 9.99737E-05 0.14872
9.99646E-05 0.405366 9.99646E-05 0.118549 0.359391 0.116294 9.99646E-05 9.99646E-05
9.99735E-05 0.00522419 9.99735E-05 0.356884 0.00960357 0.00263436 9.99735E-05 0.625354
9.9956E-05 9.9956E-05 0.297272 0.665677 9.9956E-05 9.9956E-05 9.9956E-05 0.0365517
9.99824E-05 0.134524 0.0371441 0.38219 0.136734 0.0117302 9.99824E-05 0.297478
9.99476E-05 9.99476E-05 9.99476E-05 9.99476E-05 0.602584 9.99476E-05 9.99476E-05 0.396816
9.99475E-05 9.99475E-05 9.99475E-05 9.99475E-05 0.543509 9.99475E-05 0.455892 9.99475E-05
9.99561E-05 9.99561E-05 9.99561E-05 0.205677 0.692037 0.101786 9.99561E-05 9.99561E-05
9.99559E-05 9.99559E-05 9.99559E-05 9.99559E-05 0.489577 9.99559E-05 0.504288 0.00563475
9.99474E-05 0.260562 9.99474E-05 9.99474E-05 9.99474E-05 9.99474E-05 9.99474E-05 0.738839
9.99561E-05 0.0709846 0.106889 9.99561E-05 0.821626 9.99561E-05 9.99561E-05 9.99561E-05
9.99737E-05 0.0702248 0.166285 0.0658714 9.99737E-05 9.99737E-05 0.286108 0.41121
9.99648E-05 0.015228 0.529682 0.244773 9.99648E-05 9.99648E-05 9.99648E-05 0.209917
0.0130383 0.193572 0.0425288 0.456501 9.99736E-05 0.29406 9.99736E-05 9.99736E-05
9.99561E-05 0.314227 9.99561E-05 9.99561E-05 0.0324416 0.652832 9.99561E-05 9.99561E-05
9.99561E-05 0.46916 0.00830632 9.99561E-05 9.99561E-05 0.522034 9.99561E-05 9.99561E-05
0.130033 9.99563E-05 9.99563E-05 0.517047 9.99563E-05 9.99563E-05 9.99563E-05 0.35242
9.99471E-05 9.99471E-05 0.487052 0.512348 9.99471E-05 9.99471E-05 9.99471E-05 9.99471E-05
9.99561E-05 0.501379 0.481288 9.99561E-05 0.0168331 9.99561E-05 9.99561E-05 9.99561E-05
9.99564E-05 0.215196 0.401 9.99564E-05 0.383304 9.99564E-05 9.99564E-05 9.99564E-05
9.99472E-05 9.99472E-05 0.422891 0.576509 9.99472E-05 9.99472E-05 9.99472E-05 9.99472E-05
0.130406 9.99559E-05 9.99559E-05 0.823046 9.99559E-05 9.99559E-05 9.99559E-05 0.0460474
9.99737E-05 0.38461 0.316768 9.99737E-05 9.99737E-05 0.0513211 0.185333 0.061668
0.111647 0.367919 9.99561E-05 9.99561E-05 0.519935 9.99561E-05 9.99561E-05 9.99561E-05
9.99647E-05 0.248838 0.138612 0.143017 9.99647E-05 9.99647E-05 9.99647E-05 0.469134
0.087765 9.9956E-05 9.9956E-05 9.9956E-05 9.9956E-05 9.9956E-05 0.397463 0.514273
0.162883 0.0967029 9.99823E-05 0.0398629 0.00500825 9.99823E-05 0.15788 0.537464
9.99736E-05 0.349694 0.0816831 0.181865 0.0960177 9.99736E-05 9.99736E-05 0.29044
0.00282899 0.181104 0.183209 0.0379522 0.57454 0.00415815 9.99912E-05 0.0161076
0.517484 9.99649E-05 0.0337226 0.314195 0.134199 9.99649E-05 9.99649E-05 9.99649E-05
9.99652E-05 0.495805 9.99652E-05 0.153927 9.99652E-05 9.99652E-05 0.039843 0.310025
0.172312 0.731935 0.0303427 0.0251182 9.99736E-05 9.99736E-05 9.99736E-05 0.039992
0.221171 9.99646E-05 9.99646E-05 0.509122 0.0139448 0.255362 9.99646E-05 9.99646E-05
9.99649E-05 0.099366 9.99649E-05 0.405912 0.473537 9.99649E-05 9.99649E-05 0.0207851
9.99649E-05 0.335476 0.140229 0.500897 0.0229987 9.99649E-05 9.99649E-05 9.99649E-05
9.99651E-05 0.0854661 9.99651E-05 0.18658 0.0714933 9.99651E-05 9.99651E-05 0.65606
9.99562E-05 0.105393 9.99562E-05 0.380667 0.51344 9.99562E-05 9.99562E-05 9.99562E-05
9.99562E-05 0.971967 9.99562E-05 0.00529658 9.99562E-05 9.99562E-05 0.0222361 9.99562E-05
9.99648E-05 0.190187 9.99648E-05 0.691161 0.0870297 0.0312229 9.99648E-05 9.99648E-05
0.0370261 0.745673 0.0333884 0.0122319 9.99735E-05 9.99735E-05 9.99735E-05 0.171381
9.9956E-05 9.9956E-05 0.423295 0.286019 0.290186 9.9956E-05 9.9956E-05 9.9956E-05
9.99652E-05 9.99652E-05 0.21249 9.99652E-05 0.527468 9.99652E-05 0.17597 0.083673
9.99478E-05 0.949016 9.99478E-05 0.0503841 9.99478E-05 9.99478E-05 9.99478E-05 9.99478E-05
9.9965E-05 0.106792 0.366964 9.9965E-05 9.9965E-05 9.9965E-05 0.303643 0.222202
9.99648E-05 9.99648E-05 9.99648E-05 0.563848 0.0396254 9.99648E-05 0.206247 0.18988
0.00749278 0.0322125 0.380354 0.44865 9.99736E-05 9.99736E-05 9.99736E-05 0.130991
9.99557E-05 0.273758 9.99557E-05 0.0461723 0.67957 9.99557E-05 9.99557E-05 9.99557E-05
0.234968 9.99565E-05 0.108284 9.99565E-05 0.656248 9.99565E-05 9.99565E-05 9.99565E-05
9.99735E-05 0.344781 0.0377006 0.388656 9.99735E-05 9.99735E-05 0.0721124 0.15645
9.99648E-05 0.67462 9.99648E-05 0.160469 9.99648E-05 9.99648E-05 0.0947699 0.0697411
0.396117 9.99649E-05 0.138719 0.0431344 0.42163 9.99649E-05 9.99649E-05 9.99649E-05
9.99648E-05 9.99648E-05 9.99648E-05 0.361023 0.0752628 9.99648E-05 0.18276 0.380554
9.99736E-05 0.171275 9.99736E-05 0.317735 0.410709 9.99736E-05 0.0326728 0.0673097
9.9956E-05 9.9956E-05 0.252099 9.9956E-05 0.0117922 9.9956E-05 9.9956E-05 0.735609
0.0261405 0.76421 9.9956E-05 9.9956E-05 0.20915 9.9956E-05 9.9956E-05 9.9956E-05
9.99561E-05 0.308034 0.0211516 9.99561E-05 0.670315 9.99561E-05 9.99561E-05 9.99561E-05
0.237151 0.42097 0.0876055 9.99736E-05 0.119983 9.99736E-05 0.133991 9.99736E-05
9.99561E-05 0.141839 9.99561E-05 0.0739253 9.99561E-05 9.99561E-05 0.783736 9.99561E-05
9.9948E-05 9.9948E-05 0.0707748 9.9948E-05 9.9948E-05 9.9948E-05 9.9948E-05 0.928625
9.99651E-05 0.277124 0.336702 0.247954 9.99651E-05 9.99651E-05 0.13782 9.99651E-05
0.33201 9.99562E-05 9.99562E-05 0.188421 9.99562E-05 9.99562E-05 9.99562E-05 0.479069
0.00483888 9.99648E-05 0.291397 9.99648E-05 9.99648E-05 0.420399 9.99648E-05 0.282965
9.99563E-05 9.99563E-05 0.684897 0.168614 9.99563E-05 9.99563E-05 0.145989 9.99563E-05
9.99563E-05 9.99563E-05 0.465671 9.99563E-05 9.99563E-05 0.125202 0.408627 9.99563E-05
9.99648E-05 0.365158 9.99648E-05 9.99648E-05 0.0905002 9.99648E-05 0.127913 0.416028
9.9965E-05 0.139419 0.155443 0.547665 9.9965E-05 9.9965E-05 0.157072 9.9965E-05
9.99563E-05 9.99563E-05 9.99563E-05 0.571742 0.341184 9.99563E-05 0.0865738 9.99563E-05
0.404447 9.9965E-05 0.128349 9.9965E-05 0.0851211 9.9965E-05 9.9965E-05 0.381683
9.99477E-05 9.99477E-05 0.174316 0.825084 9.99477E-05 9.99477E-05 9.99477E-05 9.99477E-05
9.99479E-05 0.561918 9.99479E-05 9.99479E-05 0.437482 9.99479E-05 9.99479E-05 9.99479E-05
9.99476E-05 9.99476E-05 9.99476E-05 0.108312 0.891088 9.99476E-05 9.99476E-05 9.99476E-05
0.0620489 0.0336702 0.17839 0.555446 9.99736E-05 9.99736E-05 9.99736E-05 0.170145
9.99648E-05 0.415317 0.111441 9.99648E-05 0.424056 9.99648E-05 9.99648E-05 0.0487862
9.99649E-05 0.435363 0.114159 0.438193 9.99649E-05 9.99649E-05 9.99649E-05 0.0118847
9.99649E-05 0.0820846 0.212726 0.195137 9.99649E-05 9.99649E-05 0.509652 9.99649E-05
9.99647E-05 0.285278 0.245828 0.155713 9.99647E-05 9.99647E-05 9.99647E-05 0.312781
9.99475E-05 0.353344 9.99475E-05 9.99475E-05 9.99475E-05 9.99475E-05 9.99475E-05 0.646056
9.9965E-05 9.9965E-05 0.16628 0.471598 0.255634 9.9965E-05 0.106087 9.9965E-05
9.99563E-05 0.333007 9.99563E-05 9.99563E-05 9.99563E-05 9.99563E-05 0.470387 0.196106
9.99471E-05 0.675415 9.99471E-05 0.323985 9.99471E-05 9.99471E-05 9.99471E-05 9.99471E-05
9.99649E-05 9.99649E-05 9.99649E-05 0.201268 0.243126 9.99649E-05 0.343975 0.211232
0.139876 0.859524 9.99473E-05 9.99473E-05 9.99473E-05 9.99473E-05 9.99473E-05 9.99473E-05
0.689694 9.99471E-05 9.99471E-05 0.309707 9.99471E-05 9.99471E-05 9.99471E-05 9.99471E-05
9.99736E-05 0.216549 0.159523 0.339059 9.99736E-05 9.99736E-05 0.275027 0.00954171
9.99559E-05 9.99559E-05 9.99559E-05 9.99559E-05 0.557149 9.99559E-05 0.119634 0.322718
9.99735E-05 9.99735E-05 0.136033 0.0404711 0.444959 9.99735E-05 0.00689913 0.371338
9.99648E-05 0.479447 0.0682912 9.99648E-05 0.213468 9.99648E-05 0.238394 9.99648E-05
9.99561E-05 0.213959 0.708935 9.99561E-05 9.99561E-05 9.99561E-05 0.0766059 9.99561E-05
0.284098 9.99562E-05 9.99562E-05 9.99562E-05 9.99562E-05 0.543106 0.172296 9.99562E-05
9.9956E-05 0.30672 0.204755 9.9956E-05 9.9956E-05 9.9956E-05 0.488025 9.9956E-05
9.99561E-05 9.99561E-05 0.669715 0.221364 0.108422 9.99561E-05 9.99561E-05 9.99561E-05
9.99652E-05 0.307742 9.99652E-05 0.478444 0.0561305 9.99652E-05 0.157283 9.99652E-05
9.99648E-05 0.255437 0.269922 9.99648E-05 9.99648E-05 9.99648E-05 0.104454 0.369787
0.139033 9.99734E-05 0.431509 9.99734E-05 0.0199352 9.99734E-05 0.122685 0.286538
9.99473E-05 9.99473E-05 9.99473E-05 9.99473E-05 0.0651476 9.99473E-05 9.99473E-05 0.934253
9.99559E-05 0.251652 9.99559E-05 0.129014 0.618835 9.99559E-05 9.99559E-05 9.99559E-05
9.9956E-05 0.624829 9.9956E-05 9.9956E-05 0.352815 9.9956E-05 9.9956E-05 0.0218565
0.120357 0.218458 9.99737E-05 0.0136437 0.198172 9.99737E-05 9.99737E-05 0.44907
9.99648E-05 9.99648E-05 9.99648E-05 0.079015 0.111721 0.00805916 9.99648E-05 0.800805
9.99648E-05 0.561614 9.99648E-05 0.282198 0.0167785 0.139009 9.99648E-05 9.99648E-05
9.99562E-05 9.99562E-05 9.99562E-05 0.0762187 0.880319 9.99562E-05 9.99562E-05 0.0429626
9.99735E-05 9.99735E-05 9.99735E-05 0.58233 0.136889 0.0714152 0.137876 0.0711891
9.9965E-05 0.0677638 0.178384 9.9965E-05 0.647727 9.9965E-05 0.105726 9.9965E-05
0.124486 9.99737E-05 9.99737E-05 0.0163528 0.578529 9.99737E-05 0.265714 0.0146178
9.99561E-05 9.99561E-05 9.99561E-05 9.99561E-05 0.341413 9.99561E-05 0.163017 0.49507
0.11532 9.99646E-05 9.99646E-05 0.69736 9.99646E-05 9.99646E-05 0.119994 0.0669266
9.99649E-05 9.99649E-05 0.238246 0.0607032 0.451371 9.99649E-05 9.99649E-05 0.249279
0.0834906 9.99736E-05 0.186068 9.99736E-05 9.99736E-05 0.00650986 0.143339 0.580294
9.99474E-05 0.0507435 9.99474E-05 0.948657 9.99474E-05 9.99474E-05 9.99474E-05 9.99474E-05
9.994E-05 9.994E-05 0.9993 9.994E-05 9.994E-05 9.994E-05 9.994E-05 9.994E-05
9.99561E-05 9.99561E-05 9.99561E-05 9.99561E-05 9.99561E-05 0.0696896 0.148714 0.781097
0.00528406 9.9965E-05 9.9965E-05 0.636277 9.9965E-05 0.00336396 0.354675 9.9965E-05
9.99649E-05 0.122634 0.595866 0.1113 9.99649E-05 9.99649E-05 9.99649E-05 0.1698
9.99824E-05 0.219056 0.024378 0.384393 0.255982 0.0496918 0.0662987 9.99824E-05
9.99563E-05 0.19676 0.682539 9.99563E-05 9.99563E-05 9.99563E-05 9.99563E-05 0.120202
0.185124 9.99559E-05 9.99559E-05 9.99559E-05 0.443179 9.99559E-05 9.99559E-05 0.371197
9.99735E-05 9.99735E-05 0.168549 0.205855 0.100658 9.99735E-05 0.26123 0.263408
9.99648E-05 0.0261544 9.99648E-05 0.0826359 9.99648E-05 0.617611 9.99648E-05 0.273199
9.99737E-05 0.515473 0.0788861 0.0627566 0.340994 9.99737E-05 9.99737E-05 0.0015899
9.99561E-05 9.99561E-05 9.99561E-05 9.99561E-05 0.292788 9.99561E-05 0.0168886 0.689823
9.9956E-05 0.179902 9.9956E-05 0.798667 0.0209313 9.9956E-05 9.9956E-05 9.9956E-05
9.99562E-05 9.99562E-05 9.99562E-05 9.99562E-05 9.99562E-05 0.165222 0.812631 0.0216471
9.994E-05 9.994E-05 9.994E-05 0.9993 9.994E-05 9.994E-05 9.994E-05 9.994E-05
0.0282087 9.99738E-05 0.520755 0.287714 9.99738E-05 9.99738E-05 0.0506327 0.11239
9.99648E-05 9.99648E-05 0.313987 0.253706 9.99648E-05 9.99648E-05 0.0259344 0.405973
9.99473E-05 9.99473E-05 0.817213 0.182187 9.99473E-05 9.99473E-05 9.99473E-05 9.99473E-05
9.9956E-05 0.124304 9.9956E-05 9.9956E-05 9.9956E-05 9.9956E-05 0.466217 0.408979
