0.0347198 9.99562E-05 9.99562E-05 0.268288 9.99562E-05 9.99562E-05 0.270172 9.99562E-05 0.42632
0.555056 9.9947E-05 0.36297 9.9947E-05 9.9947E-05 9.9947E-05 9.9947E-05 9.9947E-05 0.0813751
0.072386 9.99475E-05 0.912098 9.99475E-05 9.99475E-05 9.99475E-05 0.0149158 9.99475E-05 9.99475E-05
9.99476E-05 9.99476E-05 9.99476E-05 9.99476E-05 0.397151 9.99476E-05 9.99476E-05 0.532574 0.0696753
9.9956E-05 0.11314 9.9956E-05 0.522123 9.9956E-05 9.9956E-05 0.276265 9.9956E-05 0.0879725
0.154364 9.99473E-05 9.99473E-05 9.99473E-05 9.99473E-05 9.99473E-05 9.99473E-05 0.571629 0.273408
9.99736E-05 9.99736E-05 9.99736E-05 0.179201 0.125075 0.11756 0.066578 0.216572 0.294714
0.483536 0.150169 9.99474E-05 9.99474E-05 0.365695 9.99474E-05 9.99474E-05 9.99474E-05 9.99474E-05
0.61896 0.152269 9.99475E-05 9.99475E-05 9.99475E-05 9.99475E-05 9.99475E-05 9.99475E-05 0.228171
0.53433 9.99558E-05 0.0902133 0.0167376 9.99558E-05 9.99558E-05 9.99558E-05 0.35822 9.99558E-05
0.261436 9.99739E-05 0.0683859 0.210216 0.182732 0.159389 9.99739E-05 0.117541 9.99739E-05
0.13609 0.480303 9.99737E-05 0.0735949 0.0975375 9.99737E-05 9.99737E-05 0.161745 0.0504302
9.99735E-05 9.99735E-05 0.0530456 0.30269 0.226368 0.312628 9.99735E-05 0.0827259 0.0222419
0.352473 9.99646E-05 9.99646E-05 9.99646E-05 0.0919568 0.103893 0.320511 0.130767 9.99646E-05
9.99556E-05 9.99556E-05 0.632268 0.133431 0.175371 9.99556E-05 9.99556E-05 0.0584298 9.99556E-05
9.993E-05 9.993E-05 0.999201 9.993E-05 9.993E-05 9.993E-05 9.993E-05 9.993E-05 9.993E-05
0.470876 9.99647E-05 0.368729 9.99647E-05 9.99647E-05 0.12718 9.99647E-05 0.001644 0.0311713
9.9956E-05 0.0762504 0.753116 9.9956E-05 9.9956E-05 0.0788021 9.9956E-05 9.9956E-05 0.0913317
0.390592 9.99558E-05 0.164231 9.99558E-05 0.216837 0.22784 9.99558E-05 9.99558E-05 9.99558E-05
0.377361 9.99561E-05 9.99561E-05 0.254215 0.177698 0.190227 9.99561E-05 9.99561E-05 9.99561E-05
0.1137 0.761432 0.0666464 9.9956E-05 9.9956E-05 9.9956E-05 9.9956E-05 0.057722 9.9956E-05
9.99648E-05 0.538573 0.144166 0.0564213 9.99648E-05 0.155174 9.99648E-05 9.99648E-05 0.105267
0.134689 9.99649E-05 0.183435 0.0600833 0.209118 9.99649E-05 9.99649E-05 0.412275 9.99649E-05
9.99475E-05 9.99475E-05 9.99475E-05 9.99475E-05 0.395342 9.99475E-05 9.99475E-05 0.35098 0.253078
0.226854 0.239443 0.23146 9.99558E-05 9.99558E-05 9.99558E-05 0.301743 9.99558E-05 9.99558E-05
9.99469E-05 0.666906 0.0838063 9.99469E-05 0.248688 9.99469E-05 9.99469E-05 9.99469E-05 9.99469E-05
9.99559E-05 0.00237161 9.99559E-05 9.99559E-05 0.267554 9.99559E-05 9.99559E-05 0.105164 0.624411
0.145184 9.99558E-05 9.99558E-05 0.555683 0.0647511 9.99558E-05 9.99558E-05 0.233882 9.99558E-05
0.28945 9.99562E-05 0.122954 9.99562E-05 9.99562E-05 0.326847 9.99562E-05 9.99562E-05 0.26025
0.460637 9.99561E-05 9.99561E-05 9.99561E-05 0.0905799 9.99561E-05 9.99561E-05 0.233954 0.214329
0.151925 9.9956E-05 0.568233 9.9956E-05 9.9956E-05 0.023659 9.9956E-05 9.9956E-05 0.255683
0.0582613 9.99474E-05 9.99474E-05 9.99474E-05 9.99474E-05 9.99474E-05 9.99474E-05 0.354123 0.587016
0.157713 9.99649E-05 0.0521235 0.233937 0.0118593 9.99649E-05 9.99649E-05 9.99649E-05 0.543967
0.0699561 0.10163 0.579834 9.99734E-05 9.99734E-05 0.062893 9.99734E-05 0.0665409 0.118846
0.0780498 0.69366 9.99475E-05 9.99475E-05 0.227691 9.99475E-05 9.99475E-05 9.99475E-05 9.99475E-05
9.9956E-05 0.339654 0.0279224 9.9956E-05 0.365353 9.9956E-05 9.9956E-05 9.9956E-05 0.26657
9.99475E-05 0.5264 0.334888 9.99475E-05 9.99475E-05 9.99475E-05 9.99475E-05 9.99475E-05 0.138112
9.99473E-05 0.16762 9.99473E-05 0.592685 9.99473E-05 0.239095 9.99473E-05 9.99473E-05 9.99473E-05
0.291949 0.124297 9.99476E-05 9.99476E-05 9.99476E-05 9.99476E-05 9.99476E-05 0.583155 9.99476E-05
9.9965E-05 0.244151 0.0187756 0.229458 0.487589 0.0196268 9.9965E-05 9.9965E-05 9.9965E-05
9.99561E-05 0.300881 9.99561E-05 9.99561E-05 0.0100869 0.336013 0.352519 9.99561E-05 9.99561E-05
0.0530046 9.9965E-05 0.492587 9.9965E-05 9.9965E-05 0.267341 9.9965E-05 0.00322395 0.183444
9.99473E-05 0.241265 9.99473E-05 9.99473E-05 0.671376 9.99473E-05 0.0867593 9.99473E-05 9.99473E-05
9.99385E-05 9.99385E-05 9.99385E-05 0.535082 9.99385E-05 9.99385E-05 9.99385E-05 9.99385E-05 0.464219
9.99474E-05 9.99474E-05 9.99474E-05 0.4807 0.405643 9.99474E-05 9.99474E-05 0.113057 9.99474E-05
0.541244 9.99561E-05 9.99561E-05 9.99561E-05 0.0357272 9.99561E-05 9.99561E-05 0.25412 0.168409
0.627784 9.99471E-05 0.300018 9.99471E-05 9.99471E-05 9.99471E-05 9.99471E-05 9.99471E-05 0.0715983
9.99474E-05 9.99474E-05 9.99474E-05 0.0541518 0.536322 9.99474E-05 9.99474E-05 9.99474E-05 0.408927
0.290256 9.99474E-05 9.99474E-05 9.99474E-05 0.0574251 9.99474E-05 9.99474E-05 0.65172 9.99474E-05
9.9947E-05 9.9947E-05 0.424109 0.181375 9.9947E-05 9.9947E-05 9.9947E-05 0.393917 9.9947E-05
9.99561E-05 9.99561E-05 9.99561E-05 9.99561E-05 0.616731 0.136606 0.0358653 0.210298 9.99561E-05
0.149957 9.99649E-05 9.99649E-05 0.187884 0.141021 0.344388 9.99649E-05 9.99649E-05 0.17635
0.413444 9.99472E-05 9.99472E-05 9.99472E-05 9.99472E-05 9.99472E-05 9.99472E-05 0.338706 0.247251
0.373405 9.99558E-05 0.109941 9.99558E-05 9.99558E-05 9.99558E-05 9.99558E-05 0.259506 0.256649
9.99472E-05 9.99472E-05 9.99472E-05 0.0778631 9.99472E-05 9.99472E-05 9.99472E-05 0.408605 0.512932
9.993E-05 0.999201 9.993E-05 9.993E-05 9.993E-05 9.993E-05 9.993E-05 9.993E-05 9.993E-05
0.0190743 9.99478E-05 9.99478E-05 9.99478E-05 0.872301 9.99478E-05 9.99478E-05 0.108025 9.99478E-05
9.99471E-05 0.267798 9.99471E-05 0.377376 9.99471E-05 9.99471E-05 9.99471E-05 0.354226 9.99471E-05
9.99387E-05 9.99387E-05 0.746542 0.252758 9.99387E-05 9.99387E-05 9.99387E-05 9.99387E-05 9.99387E-05
9.99559E-05 0.052186 9.99559E-05 0.0620066 9.99559E-05 9.99559E-05 9.99559E-05 0.813176 0.0721318
9.99475E-05 9.99475E-05 0.0902926 9.99475E-05 9.99475E-05 0.409978 9.99475E-05 9.99475E-05 0.49913
9.99561E-05 0.689618 9.99561E-05 9.99561E-05 9.99561E-05 0.184192 9.99561E-05 0.0136027 0.112088
9.99475E-05 9.99475E-05 0.618788 9.99475E-05 0.353888 9.99475E-05 0.0267245 9.99475E-05 9.99475E-05
9.99565E-05 0.0402096 0.407803 9.99565E-05 0.0238598 9.99565E-05 9.99565E-05 0.527628 9.99565E-05
0.341083 0.2978 0.0521037 0.152787 9.99646E-05 9.99646E-05 9.99646E-05 9.99646E-05 0.155827
0.0226538 0.494772 9.99471E-05 9.99471E-05 0.481975 9.99471E-05 9.99471E-05 9.99471E-05 9.99471E-05
9.99563E-05 0.0347979 9.99563E-05 9.99563E-05 9.99563E-05 0.27169 0.0831723 9.99563E-05 0.60984
0.123819 9.99647E-05 9.99647E-05 9.99647E-05 0.49409 9.99647E-05 0.0631308 0.254562 0.0639984
9.99648E-05 9.99648E-05 0.201149 9.99648E-05 0.0271412 0.0368763 9.99648E-05 0.673448 0.0609854
9.99472E-05 9.99472E-05 9.99472E-05 0.243789 0.112502 9.99472E-05 9.99472E-05 9.99472E-05 0.643109
9.99557E-05 0.0613512 9.99557E-05 0.44216 0.328351 0.167638 9.99557E-05 9.99557E-05 9.99557E-05
0.563604 9.99474E-05 0.36006 9.99474E-05 9.99474E-05 9.99474E-05 9.99474E-05 0.0757358 9.99474E-05
9.99735E-05 0.0697247 0.377732 0.315108 0.0764875 9.99735E-05 9.99735E-05 0.0343462 0.126302
9.99386E-05 9.99386E-05 0.01386 9.99386E-05 9.99386E-05 0.98544 9.99386E-05 9.99386E-05 9.99386E-05
9.99473E-05 0.0759667 9.99473E-05 9.99473E-05 0.752215 9.99473E-05 9.99473E-05 9.99473E-05 0.171218
0.148567 9.99648E-05 9.99648E-05 0.207898 0.0413084 0.46596 9.99648E-05 0.135867 9.99648E-05
9.99561E-05 0.194384 9.99561E-05 0.0486496 9.99561E-05 9.99561E-05 0.0917989 9.99561E-05 0.664667
9.99473E-05 0.450599 0.321358 9.99473E-05 9.99473E-05 9.99473E-05 9.99473E-05 0.227444 9.99473E-05
0.260535 9.99647E-05 0.491596 9.99647E-05 0.0266399 9.99647E-05 0.0491253 0.171704 9.99647E-05
9.9965E-05 9.9965E-05 0.0163668 0.385481 0.0772725 0.100846 0.419634 9.9965E-05 9.9965E-05
0.176819 0.0064614 0.214028 0.0404599 0.561832 9.99649E-05 9.99649E-05 9.99649E-05 9.99649E-05
9.99565E-05 9.99565E-05 0.152889 0.130693 9.99565E-05 0.13001 9.99565E-05 0.585908 9.99565E-05
0.074437 9.99475E-05 9.99475E-05 0.918819 9.99475E-05 9.99475E-05 9.99475E-05 0.00614473 9.99475E-05
0.139224 9.99736E-05 0.557597 9.99736E-05 0.0496449 0.0173616 0.0615238 0.174349 9.99736E-05
9.99646E-05 0.240075 9.99646E-05 0.113199 9.99646E-05 0.343146 9.99646E-05 0.00864656 0.294533
0.973744 9.99387E-05 9.99387E-05 9.99387E-05 0.0255561 9.99387E-05 9.99387E-05 9.99387E-05 9.99387E-05
9.99471E-05 0.878625 0.0443313 9.99471E-05 9.99471E-05 0.0764436 9.99471E-05 9.99471E-05 9.99471E-05
9.9947E-05 9.9947E-05 0.332391 9.9947E-05 0.45287 9.9947E-05 9.9947E-05 9.9947E-05 0.21414
0.999201 9.99308E-05 9.99308E-05 9.99308E-05 9.99308E-05 9.99308E-05 9.99308E-05 9.99308E-05 9.99308E-05
9.99563E-05 9.99563E-05 0.584305 9.99563E-05 0.166084 9.99563E-05 0.214028 9.99563E-05 0.0350829
0.242989 9.99559E-05 0.0209043 0.121238 0.614369 9.99559E-05 9.99559E-05 9.99559E-05 9.99559E-05
9.99825E-05 0.112085 0.124747 0.0658476 0.108594 0.057151 0.264445 0.26693 9.99825E-05
0.455295 9.99648E-05 9.99648E-05 9.99648E-05 0.089389 9.99648E-05 0.0129207 0.34381 0.0981848
9.99478E-05 0.136564 9.99478E-05 0.113434 9.99478E-05 0.749402 9.99478E-05 9.99478E-05 9.99478E-05
9.99472E-05 9.99472E-05 0.107017 0.876178 9.99472E-05 9.99472E-05 9.99472E-05 9.99472E-05 0.0162055
9.99469E-05 0.642514 9.99469E-05 9.99469E-05 9.99469E-05 9.99469E-05 0.0814757 0.275411 9.99469E-05
0.234921 9.99735E-05 0.0209601 0.241679 0.339172 9.99735E-05 0.00183225 0.161137 9.99735E-05
0.0548007 0.197117 0.746626 9.99564E-05 9.99564E-05 9.99564E-05 9.99564E-05 9.99564E-05 0.000957233
9.9956E-05 9.9956E-05 9.9956E-05 9.9956E-05 0.0230378 0.407286 0.104737 0.464439 9.9956E-05
0.106978 9.99471E-05 9.99471E-05 9.99471E-05 9.99471E-05 0.426415 9.99471E-05 9.99471E-05 0.466008
9.99559E-05 0.201225 9.99559E-05 0.464219 9.99559E-05 0.0264335 9.99559E-05 0.307623 9.99559E-05
0.0741305 9.99559E-05 9.99559E-05 0.0505041 0.611505 0.263361 9.99559E-05 9.99559E-05 9.99559E-05
9.99648E-05 9.99648E-05 0.511641 0.0228165 0.134486 9.99648E-05 9.99648E-05 0.319773 0.0108832
9.99647E-05 9.99647E-05 0.212806 0.0396171 9.99647E-05 9.99647E-05 0.391112 0.252144 0.103921
9.99737E-05 0.0391428 0.116554 9.99737E-05 0.067415 9.99737E-05 0.0195637 0.350436 0.406588
9.99474E-05 0.0872256 0.119958 0.792217 9.99474E-05 9.99474E-05 9.99474E-05 9.99474E-05 9.99474E-05
0.203761 9.99651E-05 0.0784973 0.179224 9.99651E-05 9.99651E-05 9.99651E-05 0.535765 0.00235346
0.554189 9.99473E-05 9.99473E-05 9.99473E-05 9.99473E-05 9.99473E-05 0.267402 9.99473E-05 0.177809
9.99475E-05 0.385416 0.0911756 9.99475E-05 9.99475E-05 9.99475E-05 9.99475E-05 0.522808 9.99475E-05
0.00303764 0.0917213 0.163624 9.99647E-05 0.519054 9.99647E-05 9.99647E-05 9.99647E-05 0.222164
9.99561E-05 9.99561E-05 9.99561E-05 0.181227 0.815804 9.99561E-05 0.00145081 9.99561E-05 0.00101795
9.99563E-05 9.99563E-05 9.99563E-05 9.99563E-05 0.203737 0.0756596 9.99563E-05 0.241354 0.47875
0.114023 0.262003 9.99735E-05 0.201279 9.99735E-05 9.99735E-05 0.0613429 0.0765165 0.284536
0.203835 9.995E-05 0.574874 0.209057 9.995E-05 9.995E-05 9.995E-05 0.0117349 9.995E-05
9.99563E-05 9.99563E-05 0.019369 9.99563E-05 9.99563E-05 9.99563E-05 0.076042 0.202489 0.7016
9.99472E-05 9.99472E-05 9.99472E-05 9.99472E-05 9.99472E-05 0.636246 9.99472E-05 0.00462593 0.358528
9.99645E-05 0.131868 9.99645E-05 9.99645E-05 0.22145 0.137646 9.99645E-05 0.113271 0.395366
0.699962 0.0495043 9.99479E-05 9.99479E-05 9.99479E-05 9.99479E-05 9.99479E-05 9.99479E-05 0.249934
9.99471E-05 0.314579 9.99471E-05 0.147839 9.99471E-05 0.536983 9.99471E-05 9.99471E-05 9.99471E-05
9.9956E-05 0.0205753 0.142276 9.9956E-05 0.689204 9.9956E-05 9.9956E-05 0.147445 9.9956E-05
0.271958 0.0694729 9.995E-05 9.995E-05 0.345869 9.995E-05 9.995E-05 9.995E-05 0.3122
9.99559E-05 0.279137 9.99559E-05 0.256612 0.303955 9.99559E-05 9.99559E-05 9.99559E-05 0.159797
0.3435 9.99476E-05 9.99476E-05 9.99476E-05 9.99476E-05 0.0734283 0.582472 9.99476E-05 9.99476E-05
0.275793 0.253664 0.172193 9.99647E-05 9.99647E-05 9.99647E-05 9.99647E-05 0.234937 0.0630128
9.99649E-05 9.99649E-05 0.437558 9.99649E-05 0.115786 0.0823544 0.0557945 0.308107 9.99649E-05
9.99558E-05 9.99558E-05 0.230797 9.99558E-05 0.156416 9.99558E-05 9.99558E-05 0.0813873 0.5309
9.99475E-05 9.99475E-05 0.482311 0.110434 9.99475E-05 9.99475E-05 9.99475E-05 9.99475E-05 0.406655
9.99476E-05 9.99476E-05 9.99476E-05 9.99476E-05 9.99476E-05 9.99476E-05 0.23881 0.722684 0.0379065
9.99568E-05 9.99568E-05 0.53958 0.240952 9.99568E-05 0.042933 9.99568E-05 0.176035 9.99568E-05
9.99646E-05 0.16385 0.0650098 0.0504828 9.99646E-05 0.182805 9.99646E-05 0.537453 9.99646E-05
0.683978 9.99474E-05 0.208797 9.99474E-05 9.99474E-05 9.99474E-05 9.99474E-05 9.99474E-05 0.106625
9.9965E-05 0.476019 0.351667 0.0484256 0.00977604 9.9965E-05 9.9965E-05 9.9965E-05 0.113713
9.99472E-05 0.180144 9.99472E-05 9.99472E-05 9.99472E-05 9.99472E-05 9.99472E-05 0.612276 0.206981
9.99647E-05 0.079303 9.99647E-05 9.99647E-05 0.398003 0.0311944 9.99647E-05 0.186405 0.304694
0.0707267 9.99569E-05 9.99569E-05 0.353632 9.99569E-05 9.99569E-05 9.99569E-05 0.282651 0.292491
9.99559E-05 0.116205 9.99559E-05 0.00918659 9.99559E-05 0.131415 9.99559E-05 9.99559E-05 0.742694
9.99474E-05 9.99474E-05 0.377336 9.99474E-05 9.99474E-05 9.99474E-05 9.99474E-05 0.37031 0.251754
0.595364 9.99384E-05 9.99384E-05 9.99384E-05 9.99384E-05 9.99384E-05 0.403936 9.99384E-05 9.99384E-05
0.365195 9.99559E-05 9.99559E-05 0.286461 0.173795 9.99559E-05 9.99559E-05 9.99559E-05 0.174049
9.99381E-05 9.99381E-05 0.0837593 0.915541 9.99381E-05 9.99381E-05 9.99381E-05 9.99381E-05 9.99381E-05
9.99385E-05 9.99385E-05 9.99385E-05 9.99385E-05 9.99385E-05 9.99385E-05 9.99385E-05 0.784707 0.214594
0.291602 9.9956E-05 9.9956E-05 9.9956E-05 0.126373 9.9956E-05 0.0903571 0.491168 9.9956E-05
9.99648E-05 0.238082 9.99648E-05 0.10561 0.339214 0.0454722 9.99648E-05 0.271221 9.99648E-05
9.9956E-05 0.181495 0.345081 0.449441 9.9956E-05 0.0234836 9.9956E-05 9.9956E-05 9.9956E-05
9.99561E-05 9.99561E-05 0.191051 9.99561E-05 0.271782 9.99561E-05 9.99561E-05 0.0767605 0.459907
9.99388E-05 0.406423 9.99388E-05 0.592878 9.99388E-05 9.99388E-05 9.99388E-05 9.99388E-05 9.99388E-05
0.0975609 9.99561E-05 0.0899663 9.99561E-05 0.380044 9.99561E-05 9.99561E-05 0.431929 9.99561E-05
0.169253 9.99472E-05 9.99472E-05 9.99472E-05 0.664716 9.99472E-05 9.99472E-05 0.165431 9.99472E-05
9.9947E-05 9.9947E-05 0.901352 9.9947E-05 0.062802 9.9947E-05 9.9947E-05 0.035246 9.9947E-05
0.184384 0.0106516 0.217319 9.99647E-05 0.273275 0.313971 9.99647E-05 9.99647E-05 9.99647E-05
0.358091 0.0541546 0.0133985 0.573856 9.9956E-05 9.9956E-05 9.9956E-05 9.9956E-05 9.9956E-05
9.99558E-05 0.0284165 9.99558E-05 9.99558E-05 0.349595 9.99558E-05 9.99558E-05 0.219582 0.401907
0.179528 9.99737E-05 0.246487 0.0026326 9.99737E-05 9.99737E-05 0.0192663 0.198563 0.353223
0.479681 0.016376 9.99559E-05 0.202526 0.300918 9.99559E-05 9.99559E-05 9.99559E-05 9.99559E-05
9.99736E-05 0.215383 0.111648 9.99736E-05 0.0609784 0.329805 0.0726731 9.99736E-05 0.209213
0.678236 9.9956E-05 0.0281572 9.9956E-05 9.9956E-05 9.9956E-05 9.9956E-05 0.248211 0.0448954
9.99735E-05 0.0339111 9.99735E-05 0.177706 0.264524 0.042412 9.99735E-05 0.236221 0.244926
9.9948E-05 9.9948E-05 0.016605 0.401609 0.581186 9.9948E-05 9.9948E-05 9.9948E-05 9.9948E-05
9.99383E-05 0.0922029 9.99383E-05 9.99383E-05 9.99383E-05 9.99383E-05 9.99383E-05 9.99383E-05 0.907098
9.99647E-05 0.0350919 0.0949405 0.343373 9.99647E-05 0.343791 9.99647E-05 0.182404 9.99647E-05
0.0165196 0.230566 9.99559E-05 9.99559E-05 0.219381 9.99559E-05 9.99559E-05 9.99559E-05 0.533033
9.99558E-05 9.99558E-05 9.99558E-05 0.493291 0.292007 9.99558E-05 0.196017 9.99558E-05 0.0181842
0.168512 9.99737E-05 0.0649694 9.99737E-05 0.141644 0.120081 0.0908905 9.99737E-05 0.413603
0.45202 9.99562E-05 0.525232 9.99562E-05 0.0214999 9.99562E-05 0.000748817 9.99562E-05 9.99562E-05
0.254671 9.99471E-05 9.99471E-05 9.99471E-05 9.99471E-05 0.558981 0.185749 9.99471E-05 9.99471E-05
9.9956E-05 0.213923 0.0395061 0.662496 9.9956E-05 0.0835749 9.9956E-05 9.9956E-05 9.9956E-05
9.99384E-05 9.99384E-05 9.99384E-05 0.523059 9.99384E-05 0.476242 9.99384E-05 9.99384E-05 9.99384E-05
9.99557E-05 9.99557E-05 0.248062 9.99557E-05 9.99557E-05 0.40039 9.99557E-05 0.0445691 0.306479
9.99559E-05 9.99559E-05 0.208914 0.207723 9.99559E-05 0.0287206 0.554143 9.99559E-05 9.99559E-05
9.99476E-05 9.99476E-05 0.773689 0.205781 9.99476E-05 9.99476E-05 9.99476E-05 0.0199304 9.99476E-05
9.99564E-05 0.345568 0.102217 0.0102166 9.99564E-05 9.99564E-05 9.99564E-05 9.99564E-05 0.541499
0.434934 0.229322 9.99648E-05 9.99648E-05 9.99648E-05 0.0447873 0.193252 9.99648E-05 0.0973053
9.99648E-05 0.291567 0.066034 9.99648E-05 0.380827 0.187481 9.99648E-05 0.0736905 9.99648E-05
9.99559E-05 9.99559E-05 9.99559E-05 9.99559E-05 0.262597 0.100933 0.0969725 9.99559E-05 0.538998
0.0573748 0.0188957 9.9965E-05 0.0474527 9.9965E-05 0.464596 9.9965E-05 0.411281 9.9965E-05
9.99472E-05 0.233555 9.99472E-05 9.99472E-05 9.99472E-05 0.0395989 9.99472E-05 0.726246 9.99472E-05
9.993E-05 9.993E-05 9.993E-05 9.993E-05 9.993E-05 9.993E-05 9.993E-05 9.993E-05 0.999201
0.489111 9.99563E-05 9.99563E-05 0.231195 9.99563E-05 0.00562095 9.99563E-05 0.273573 9.99563E-05
0.718122 9.99558E-05 0.0243767 9.99558E-05 0.232912 9.99558E-05 9.99558E-05 0.0240904 9.99558E-05
0.157236 9.99736E-05 9.99736E-05 9.99736E-05 0.150869 0.155655 0.1127 0.182457 0.240784
0.563627 9.99474E-05 9.99474E-05 9.99474E-05 9.99474E-05 0.433036 9.99474E-05 9.99474E-05 0.0027368
9.99648E-05 0.0383667 0.39166 0.230104 9.99648E-05 0.242994 0.0964752 9.99648E-05 9.99648E-05
9.995E-05 9.995E-05 0.35271 0.211984 9.995E-05 0.0412481 9.995E-05 0.393558 9.995E-05
0.0698774 0.318236 0.432967 9.99649E-05 0.067661 0.110859 9.99649E-05 9.99649E-05 9.99649E-05
9.99471E-05 9.99471E-05 0.452902 0.381174 0.165324 9.99471E-05 9.99471E-05 9.99471E-05 9.99471E-05
0.726102 9.99382E-05 0.273198 9.99382E-05 9.99382E-05 9.99382E-05 9.99382E-05 9.99382E-05 9.99382E-05
9.99389E-05 9.99389E-05 9.99389E-05 0.421239 0.578062 9.99389E-05 9.99389E-05 9.99389E-05 9.99389E-05
9.99472E-05 0.469872 0.45728 9.99472E-05 9.99472E-05 9.99472E-05 9.99472E-05 9.99472E-05 0.0722492
0.245019 9.99471E-05 0.206266 9.99471E-05 9.99471E-05 9.99471E-05 9.99471E-05 9.99471E-05 0.548116
9.99477E-05 0.23393 9.99477E-05 9.99477E-05 0.142936 9.99477E-05 9.99477E-05 9.99477E-05 0.622534
9.99647E-05 9.99647E-05 9.99647E-05 0.121941 0.515595 0.114515 0.0617071 9.99647E-05 0.185842
0.326142 9.99561E-05 0.219435 9.99561E-05 9.99561E-05 9.99561E-05 0.0756064 0.378317 9.99561E-05
0.0754543 9.99647E-05 0.249973 9.99647E-05 0.075464 9.99647E-05 9.99647E-05 0.370775 0.227933
9.99559E-05 9.99559E-05 0.355176 9.99559E-05 9.99559E-05 0.156886 9.99559E-05 0.26827 0.219167
9.9956E-05 9.9956E-05 9.9956E-05 9.9956E-05 0.136136 0.22006 0.0296298 0.613674 9.9956E-05
9.996E-05 9.996E-05 0.138108 9.996E-05 0.195506 0.260243 9.996E-05 0.247088 0.158655
9.9956E-05 9.9956E-05 9.9956E-05 0.158905 0.056507 9.9956E-05 9.9956E-05 0.782527 0.00156112
0.0827225 0.420246 0.0730107 9.99648E-05 0.0736602 9.99648E-05 9.99648E-05 9.99648E-05 0.349961
9.99559E-05 9.99559E-05 0.0413742 9.99559E-05 0.422449 9.99559E-05 0.00846287 9.99559E-05 0.527214
9.99562E-05 0.181735 0.0671568 0.420334 9.99562E-05 9.99562E-05 9.99562E-05 9.99562E-05 0.330274
9.99474E-05 9.99474E-05 9.99474E-05 0.00519944 9.99474E-05 0.571403 9.99474E-05 9.99474E-05 0.422798
9.99559E-05 9.99559E-05 0.242498 9.99559E-05 9.99559E-05 0.0521877 9.99559E-05 0.12894 0.575875
0.284725 0.667612 9.99471E-05 9.99471E-05 9.99471E-05 0.0470633 9.99471E-05 9.99471E-05 9.99471E-05
0.377782 9.99563E-05 9.99563E-05 0.44142 0.0500399 9.99563E-05 9.99563E-05 0.130258 9.99563E-05
9.99383E-05 9.99383E-05 9.99383E-05 0.547139 9.99383E-05 9.99383E-05 9.99383E-05 0.452161 9.99383E-05
0.259739 9.99564E-05 0.0780544 0.221371 9.99564E-05 9.99564E-05 9.99564E-05 0.440336 9.99564E-05
9.99472E-05 9.99472E-05 9.99472E-05 9.99472E-05 0.304529 9.99472E-05 9.99472E-05 0.179638 0.515233
0.470922 0.22182 9.99559E-05 0.0385226 9.99559E-05 9.99559E-05 9.99559E-05 0.268235 9.99559E-05
0.209898 9.99646E-05 0.110868 0.425073 9.99646E-05 9.99646E-05 0.185303 0.0684579 9.99646E-05
9.99472E-05 9.99472E-05 0.0588938 9.99472E-05 9.99472E-05 9.99472E-05 0.066257 0.87425 9.99472E-05
9.99648E-05 0.285658 0.203616 0.0922856 0.248999 9.99648E-05 0.169042 9.99648E-05 9.99648E-05
0.0601509 0.127213 0.243662 9.99735E-05 0.123666 0.0114067 9.99735E-05 0.433601 9.99735E-05
9.99384E-05 9.99384E-05 0.1445 9.99384E-05 9.99384E-05 9.99384E-05 9.99384E-05 0.854801 9.99384E-05
0.127392 0.134768 0.424802 9.99649E-05 9.99649E-05 9.99649E-05 0.266647 9.99649E-05 0.0459917
9.99647E-05 0.0912704 0.0611573 9.99647E-05 0.285638 0.432069 9.99647E-05 0.129465 9.99647E-05
0.0793651 9.99651E-05 0.188492 9.99651E-05 9.99651E-05 0.028919 0.0350791 9.99651E-05 0.667745
9.9965E-05 9.9965E-05 0.773853 0.0410586 0.0158367 0.0636348 9.9965E-05 9.9965E-05 0.105217
9.996E-05 0.143117 9.996E-05 0.189739 0.0288717 9.996E-05 9.996E-05 0.321203 0.316669
9.9947E-05 0.175511 9.9947E-05 9.9947E-05 0.822349 9.9947E-05 9.9947E-05 9.9947E-05 0.00154123
0.160857 0.477307 9.99558E-05 0.0290418 0.332294 9.99558E-05 9.99558E-05 9.99558E-05 9.99558E-05
9.9956E-05 0.103172 0.560745 9.9956E-05 9.9956E-05 0.20207 0.133513 9.9956E-05 9.9956E-05
9.9939E-05 9.9939E-05 9.9939E-05 0.747286 9.9939E-05 9.9939E-05 9.9939E-05 0.252014 9.9939E-05
9.99563E-05 9.99563E-05 0.263171 9.99563E-05 9.99563E-05 0.153346 9.99563E-05 0.108597 0.474387
9.99648E-05 0.0902159 9.99648E-05 0.250655 9.99648E-05 0.37451 9.99648E-05 0.233004 0.0512155
0.113332 9.99473E-05 0.185824 9.99473E-05 9.99473E-05 9.99473E-05 9.99473E-05 9.99473E-05 0.700244
0.763406 9.99385E-05 9.99385E-05 9.99385E-05 9.99385E-05 9.99385E-05 9.99385E-05 0.235894 9.99385E-05
0.127786 0.324255 9.99557E-05 9.99557E-05 9.99557E-05 0.415974 9.99557E-05 0.131484 9.99557E-05
9.99648E-05 0.0289078 9.99648E-05 0.483572 9.99648E-05 9.99648E-05 0.217586 0.0313392 0.238196
0.392852 0.0562433 0.097074 9.99648E-05 0.39279 9.99648E-05 9.99648E-05 0.0606407 9.99648E-05
0.450267 9.99735E-05 0.0515387 0.144447 0.0865683 9.99735E-05 9.99735E-05 0.167414 0.0994644
0.281637 9.99648E-05 0.531622 0.0706822 9.99648E-05 0.0467873 9.99648E-05 0.0688716 9.99648E-05
9.99473E-05 9.99473E-05 9.99473E-05 9.99473E-05 0.348873 9.99473E-05 9.99473E-05 0.0160895 0.634438
0.720937 9.9939E-05 9.9939E-05 9.9939E-05 9.9939E-05 0.278364 9.9939E-05 9.9939E-05 9.9939E-05
0.26404 0.315647 9.99648E-05 9.99648E-05 0.0535878 0.269319 9.99648E-05 0.0970059 9.99648E-05
9.99564E-05 9.99564E-05 9.99564E-05 9.99564E-05 0.253045 0.0796756 0.132174 0.534606 9.99564E-05
9.99648E-05 0.285959 0.549196 0.0281041 9.99648E-05 9.99648E-05 9.99648E-05 0.086068 0.0502728
9.99561E-05 9.99561E-05 0.386767 9.99561E-05 0.0110003 0.45933 0.142403 9.99561E-05 9.99561E-05
9.994E-05 9.994E-05 9.994E-05 9.994E-05 0.592962 0.106192 9.994E-05 0.300247 9.994E-05
0.384408 9.99564E-05 0.119078 9.99564E-05 9.99564E-05 0.155579 9.99564E-05 0.340436 9.99564E-05
9.99562E-05 9.99562E-05 0.207231 0.245766 0.298492 9.99562E-05 9.99562E-05 0.248012 9.99562E-05
9.99824E-05 0.149235 0.109454 0.025443 0.265446 0.342488 0.0214236 0.0863114 9.99824E-05
9.99474E-05 9.99474E-05 9.99474E-05 9.99474E-05 9.99474E-05 9.99474E-05 0.0569062 0.386276 0.556219
9.99471E-05 9.99471E-05 9.99471E-05 9.99471E-05 9.99471E-05 0.0456383 9.99471E-05 0.691625 0.262137
9.993E-05 9.993E-05 9.993E-05 0.999201 9.993E-05 9.993E-05 9.993E-05 9.993E-05 9.993E-05
9.99473E-05 0.174367 0.440748 9.99473E-05 0.384285 9.99473E-05 9.99473E-05 9.99473E-05 9.99473E-05
9.995E-05 9.995E-05 0.0590539 9.995E-05 0.281067 0.586657 9.995E-05 9.995E-05 0.072722
9.99561E-05 9.99561E-05 9.99561E-05 9.99561E-05 0.275348 9.99561E-05 0.235324 0.111588 0.37724
9.99824E-05 0.00460288 0.159323 0.0264905 0.302077 0.272961 9.99824E-05 0.0770969 0.157248
0.22632 9.99475E-05 0.068469 0.704611 9.99475E-05 9.99475E-05 9.99475E-05 9.99475E-05 9.99475E-05
9.99647E-05 9.99647E-05 0.0460273 0.0483281 0.169691 9.99647E-05 9.99647E-05 0.118838 0.616716
9.99472E-05 0.0127583 9.99472E-05 9.99472E-05 9.99472E-05 9.99472E-05 9.99472E-05 0.586797 0.399845
0.204921 0.184855 0.0565288 9.9965E-05 0.397959 9.9965E-05 9.9965E-05 0.155336 9.9965E-05
9.99559E-05 0.586637 0.258378 9.99559E-05 0.13391 9.99559E-05 9.99559E-05 0.0205758 9.99559E-05
0.799738 9.99384E-05 9.99384E-05 9.99384E-05 9.99384E-05 0.199562 9.99384E-05 9.99384E-05 9.99384E-05
9.99558E-05 9.99558E-05 0.0182141 0.504596 9.99558E-05 0.236217 9.99558E-05 0.240473 9.99558E-05
0.116049 0.222172 9.9965E-05 9.9965E-05 0.169806 9.9965E-05 0.458902 0.0326707 9.9965E-05
9.99557E-05 9.99557E-05 0.548033 9.99557E-05 0.00500118 9.99557E-05 9.99557E-05 0.228885 0.217581
0.0256224 0.0254302 0.118048 0.269774 9.99823E-05 0.0681189 9.99823E-05 0.0316002 0.461207
0.0156355 9.99735E-05 0.397029 0.0378903 0.0654623 0.0184243 9.99735E-05 0.465259 9.99735E-05
9.99561E-05 0.568303 9.99561E-05 9.99561E-05 9.99561E-05 9.99561E-05 0.0955855 0.0744517 0.26116
0.0114438 9.99648E-05 0.0879343 0.231615 9.99648E-05 9.99648E-05 0.550119 0.118487 9.99648E-05
