0.45724 9.99562E-05 0.251167 9.99562E-05 0.0618698 9.99562E-05 9.99562E-05 0.229224 9.99562E-05
0.0332878 0.195922 0.508689 9.99561E-05 9.99561E-05 9.99561E-05 9.99561E-05 9.99561E-05 0.261602
9.99473E-05 0.527685 9.99473E-05 0.000778496 9.99473E-05 0.470937 9.99473E-05 9.99473E-05 9.99473E-05
0.0570642 9.99562E-05 0.693025 9.99562E-05 9.99562E-05 9.99562E-05 0.0321983 9.99562E-05 0.217212
9.99734E-05 9.99734E-05 0.0303723 0.111273 0.064117 0.0192287 0.109841 9.99734E-05 0.664868
9.99468E-05 9.99468E-05 0.280072 9.99468E-05 9.99468E-05 0.476474 0.242854 9.99468E-05 9.99468E-05
0.00898483 9.99561E-05 9.99561E-05 0.658263 0.291139 0.0411132 9.99561E-05 9.99561E-05 9.99561E-05
0.118311 9.99647E-05 9.99647E-05 0.10733 9.99647E-05 0.0876872 0.46099 9.99647E-05 0.225281
0.32367 9.99561E-05 0.276591 9.99561E-05 9.99561E-05 9.99561E-05 0.230426 0.168814 9.99561E-05
9.9965E-05 9.9965E-05 0.106576 0.228847 9.9965E-05 0.00529833 9.9965E-05 0.452338 0.206541
9.99305E-05 9.99305E-05 0.999201 9.99305E-05 9.99305E-05 9.99305E-05 9.99305E-05 9.99305E-05 9.99305E-05
9.99561E-05 9.99561E-05 0.526268 9.99561E-05 9.99561E-05 0.126488 0.0787538 9.99561E-05 0.267991
0.546927 9.9947E-05 9.9947E-05 9.9947E-05 9.9947E-05 0.384342 9.9947E-05 0.0681306 9.9947E-05
0.356737 9.99471E-05 0.220599 9.99471E-05 9.99471E-05 0.422064 9.99471E-05 9.99471E-05 9.99471E-05
0.590173 9.99468E-05 9.99468E-05 0.174449 9.99468E-05 9.99468E-05 0.234779 9.99468E-05 9.99468E-05
9.99735E-05 0.148873 9.99735E-05 0.16431 0.40129 9.99735E-05 0.0214625 0.117426 0.146339
0.321046 9.9956E-05 9.9956E-05 0.524824 0.0957282 0.0579021 9.9956E-05 9.9956E-05 9.9956E-05
9.99559E-05 9.99559E-05 0.150164 0.383858 0.0277887 9.99559E-05 0.43769 9.99559E-05 9.99559E-05
9.99475E-05 9.99475E-05 0.392943 0.272782 9.99475E-05 9.99475E-05 0.333675 9.99475E-05 9.99475E-05
0.26012 9.99647E-05 0.478208 0.202554 9.99647E-05 9.99647E-05 0.0264949 0.0322236 9.99647E-05
0.597503 9.99383E-05 9.99383E-05 9.99383E-05 9.99383E-05 0.401798 9.99383E-05 9.99383E-05 9.99383E-05
0.208767 9.99736E-05 0.254573 0.246436 9.99736E-05 0.180968 0.0163786 9.99736E-05 0.0925777
9.99472E-05 0.527836 0.196233 9.99472E-05 9.99472E-05 9.99472E-05 0.275331 9.99472E-05 9.99472E-05
0.0302005 0.0760047 0.559834 0.104386 0.187638 9.99736E-05 0.0416361 9.99736E-05 9.99736E-05
0.893077 0.023931 9.99474E-05 9.99474E-05 9.99474E-05 9.99474E-05 9.99474E-05 0.0823927 9.99474E-05
0.114776 9.99472E-05 9.99472E-05 9.99472E-05 9.99472E-05 9.99472E-05 9.99472E-05 0.523407 0.361218
0.25526 9.99563E-05 0.201219 9.99563E-05 9.99563E-05 9.99563E-05 0.31367 0.229352 9.99563E-05
9.99647E-05 0.323725 0.406086 9.99647E-05 9.99647E-05 0.0376882 0.220809 9.99647E-05 0.0112916
9.99473E-05 9.99473E-05 0.745329 9.99473E-05 0.0886895 9.99473E-05 9.99473E-05 0.165382 9.99473E-05
0.0801795 9.99648E-05 9.99648E-05 0.12548 9.99648E-05 0.130887 0.623125 9.99648E-05 0.0399285
9.99384E-05 9.99384E-05 0.687533 9.99384E-05 9.99384E-05 9.99384E-05 9.99384E-05 0.311768 9.99384E-05
0.13563 9.99646E-05 0.00050608 0.355309 9.99646E-05 0.351058 0.157097 9.99646E-05 9.99646E-05
9.99474E-05 9.99474E-05 9.99474E-05 0.186053 9.99474E-05 0.350412 9.99474E-05 0.462936 9.99474E-05
0.415104 9.99561E-05 9.99561E-05 9.99561E-05 0.206448 9.99561E-05 0.301866 9.99561E-05 0.0760817
0.596588 0.173565 0.153479 9.9965E-05 0.0512677 0.024701 9.9965E-05 9.9965E-05 9.9965E-05
9.99383E-05 0.708025 9.99383E-05 9.99383E-05 9.99383E-05 9.99383E-05 9.99383E-05 9.99383E-05 0.291275
9.99477E-05 9.99477E-05 9.99477E-05 9.99477E-05 9.99477E-05 0.13707 9.99477E-05 0.510379 0.351952
0.203246 0.0779566 0.192931 0.0543463 9.99647E-05 9.99647E-05 9.99647E-05 9.99647E-05 0.47112
0.356641 9.99475E-05 0.151285 9.99475E-05 9.99475E-05 0.491474 9.99475E-05 9.99475E-05 9.99475E-05
0.848905 9.99472E-05 0.104758 9.99472E-05 9.99472E-05 9.99472E-05 9.99472E-05 0.0457376 9.99472E-05
0.196989 0.244941 9.99649E-05 9.99649E-05 0.0511771 9.99649E-05 9.99649E-05 0.13548 0.371012
9.9947E-05 0.21273 0.179565 0.607105 9.9947E-05 9.9947E-05 9.9947E-05 9.9947E-05 9.9947E-05
0.487315 9.99562E-05 9.99562E-05 0.143938 0.061067 0.30718 9.99562E-05 9.99562E-05 9.99562E-05
9.99559E-05 9.99559E-05 0.667187 0.0965025 0.0572148 9.99559E-05 9.99559E-05 9.99559E-05 0.178596
0.0215568 9.99654E-05 9.99654E-05 0.241253 0.0289455 9.99654E-05 0.624275 0.08357 9.99654E-05
0.0505072 9.99649E-05 9.99649E-05 0.244148 0.242375 0.182227 0.280342 9.99649E-05 9.99649E-05
9.99559E-05 9.99559E-05 9.99559E-05 0.285961 0.506173 0.0428773 0.164489 9.99559E-05 9.99559E-05
0.0938154 0.248564 9.99649E-05 0.0416578 9.99649E-05 0.507706 0.107857 9.99649E-05 9.99649E-05
0.684844 9.99561E-05 0.078966 9.99561E-05 9.99561E-05 9.99561E-05 9.99561E-05 0.0574438 0.178246
0.244142 9.99556E-05 9.99556E-05 9.99556E-05 9.99556E-05 0.265056 9.99556E-05 0.357231 0.133071
0.0695374 0.533733 9.99475E-05 9.99475E-05 9.99475E-05 0.39613 9.99475E-05 9.99475E-05 9.99475E-05
9.99476E-05 9.99476E-05 0.569272 9.99476E-05 9.99476E-05 0.0815747 9.99476E-05 0.348554 9.99476E-05
0.447531 9.99649E-05 0.247559 0.261862 9.99649E-05 0.00709562 9.99649E-05 0.035553 9.99649E-05
0.0855944 9.99649E-05 0.737882 0.0609058 9.99649E-05 9.99649E-05 0.0579264 0.0572918 9.99649E-05
0.609827 9.9947E-05 9.9947E-05 0.0402932 9.9947E-05 9.9947E-05 9.9947E-05 0.34928 9.9947E-05
0.224678 9.99649E-05 0.183956 9.99649E-05 0.248436 9.99649E-05 9.99649E-05 0.013381 0.329148
0.160707 0.024671 0.402267 0.325279 0.070279 9.99736E-05 0.0164973 9.99736E-05 9.99736E-05
0.43547 9.99473E-05 9.99473E-05 9.99473E-05 9.99473E-05 0.383073 9.99473E-05 9.99473E-05 0.180857
9.99474E-05 9.99474E-05 0.299482 9.99474E-05 0.283007 0.416911 9.99474E-05 9.99474E-05 9.99474E-05
0.603533 9.99559E-05 9.99559E-05 0.0349145 0.343465 9.99559E-05 0.0175879 9.99559E-05 9.99559E-05
9.99648E-05 9.99648E-05 9.99648E-05 0.280035 9.99648E-05 0.0493916 0.129321 0.367992 0.172861
0.56515 9.99475E-05 9.99475E-05 9.99475E-05 9.99475E-05 0.0240282 0.410222 9.99475E-05 9.99475E-05
0.152805 0.231498 0.266534 9.99647E-05 0.30853 9.99647E-05 9.99647E-05 9.99647E-05 0.0402327
0.229889 9.99475E-05 9.99475E-05 9.99475E-05 9.99475E-05 9.99475E-05 9.99475E-05 0.0125404 0.756971
9.99476E-05 9.99476E-05 0.553474 9.99476E-05 0.283452 9.99476E-05 9.99476E-05 9.99476E-05 0.162474
0.817674 9.99383E-05 9.99383E-05 9.99383E-05 9.99383E-05 0.181626 9.99383E-05 9.99383E-05 9.99383E-05
0.183105 9.99564E-05 0.409072 9.99564E-05 0.15316 9.99564E-05 9.99564E-05 0.254163 9.99564E-05
9.99385E-05 9.99385E-05 0.800562 0.198739 9.99385E-05 9.99385E-05 9.99385E-05 9.99385E-05 9.99385E-05
9.99649E-05 9.99649E-05 0.299637 0.0419541 0.0922004 9.99649E-05 9.99649E-05 0.128583 0.437226
0.3565 9.99473E-05 0.21342 0.429481 9.99473E-05 9.99473E-05 9.99473E-05 9.99473E-05 9.99473E-05
9.99558E-05 9.99558E-05 0.646472 9.99558E-05 9.99558E-05 0.0121285 0.162217 9.99558E-05 0.178682
0.275927 0.195505 0.272417 9.99558E-05 9.99558E-05 0.255652 9.99558E-05 9.99558E-05 9.99558E-05
0.381728 9.99561E-05 0.335256 9.99561E-05 9.99561E-05 0.0531765 9.99561E-05 0.22934 9.99561E-05
9.99388E-05 9.99388E-05 9.99388E-05 0.0202833 9.99388E-05 9.99388E-05 9.99388E-05 9.99388E-05 0.979017
9.99385E-05 9.99385E-05 9.99385E-05 9.99385E-05 0.123847 0.875454 9.99385E-05 9.99385E-05 9.99385E-05
0.392318 9.9965E-05 0.200021 0.0609759 9.9965E-05 0.221012 0.125273 9.9965E-05 9.9965E-05
9.9947E-05 9.9947E-05 0.640456 0.344501 0.0144434 9.9947E-05 9.9947E-05 9.9947E-05 9.9947E-05
9.99563E-05 9.99563E-05 9.99563E-05 0.281347 9.99563E-05 0.386193 0.255959 0.0760017 9.99563E-05
0.14061 9.9956E-05 0.166414 9.9956E-05 9.9956E-05 9.9956E-05 9.9956E-05 0.337461 0.355015
0.548073 9.99472E-05 9.99472E-05 0.044717 0.40661 9.99472E-05 9.99472E-05 9.99472E-05 9.99472E-05
0.354871 9.99478E-05 9.99478E-05 9.99478E-05 9.99478E-05 9.99478E-05 0.203246 9.99478E-05 0.441283
9.99386E-05 9.99386E-05 9.99386E-05 0.0299178 9.99386E-05 9.99386E-05 0.969383 9.99386E-05 9.99386E-05
9.99472E-05 9.99472E-05 9.99472E-05 0.360936 0.398378 0.240087 9.99472E-05 9.99472E-05 9.99472E-05
0.276259 0.0702331 0.365051 9.99562E-05 9.99562E-05 9.99562E-05 9.99562E-05 9.99562E-05 0.287957
9.99303E-05 9.99303E-05 0.999201 9.99303E-05 9.99303E-05 9.99303E-05 9.99303E-05 9.99303E-05 9.99303E-05
0.00945967 9.99735E-05 0.286801 9.99735E-05 9.99735E-05 0.240899 0.135718 0.0319147 0.294907
9.99473E-05 9.99473E-05 9.99473E-05 9.99473E-05 9.99473E-05 0.0283299 9.99473E-05 0.806495 0.164575
0.331149 9.99558E-05 9.99558E-05 9.99558E-05 0.0400854 0.491568 9.99558E-05 0.136698 9.99558E-05
9.99398E-05 9.99398E-05 9.99398E-05 9.99398E-05 0.382489 0.616811 9.99398E-05 9.99398E-05 9.99398E-05
9.99388E-05 0.095296 9.99388E-05 9.99388E-05 9.99388E-05 9.99388E-05 9.99388E-05 9.99388E-05 0.904004
0.154568 0.0309433 0.256462 9.99648E-05 9.99648E-05 0.455997 9.99648E-05 0.10163 9.99648E-05
0.307393 9.9947E-05 0.625402 9.9947E-05 9.9947E-05 9.9947E-05 9.9947E-05 9.9947E-05 0.0666059
9.99648E-05 9.99648E-05 9.99648E-05 0.355944 0.0471356 0.235263 0.15139 9.99648E-05 0.209868
0.153625 9.99738E-05 0.334436 0.0656582 0.346621 9.99738E-05 0.0243278 9.99738E-05 0.075033
0.485531 9.99559E-05 9.99559E-05 0.0795178 9.99559E-05 9.99559E-05 0.116015 9.99559E-05 0.318437
0.79678 9.99388E-05 9.99388E-05 9.99388E-05 9.99388E-05 9.99388E-05 9.99388E-05 9.99388E-05 0.20252
0.175793 9.9956E-05 0.195632 0.560987 9.9956E-05 9.9956E-05 9.9956E-05 9.9956E-05 0.0670882
0.314554 9.99472E-05 0.335139 9.99472E-05 9.99472E-05 0.349707 9.99472E-05 9.99472E-05 9.99472E-05
9.99737E-05 0.179146 9.99737E-05 0.200702 9.99737E-05 0.0335146 0.275814 0.0871176 0.223405
0.445295 9.9947E-05 9.9947E-05 0.0196258 9.9947E-05 9.9947E-05 0.534479 9.9947E-05 9.9947E-05
0.284038 0.160942 0.368328 0.186193 9.9956E-05 9.9956E-05 9.9956E-05 9.9956E-05 9.9956E-05
0.0985111 9.99648E-05 0.100938 9.99648E-05 0.119525 9.99648E-05 0.466864 9.99648E-05 0.213762
0.460261 0.237197 9.99563E-05 9.99563E-05 0.190499 9.99563E-05 9.99563E-05 9.99563E-05 0.111543
0.393487 9.99648E-05 0.34376 9.99648E-05 9.99648E-05 9.99648E-05 0.043731 0.0774221 0.1412
9.99645E-05 9.99645E-05 0.656731 0.0428783 9.99645E-05 0.0813224 9.99645E-05 0.198895 0.0197733
0.290468 0.0733833 0.635549 9.99473E-05 9.99473E-05 9.99473E-05 9.99473E-05 9.99473E-05 9.99473E-05
9.99475E-05 9.99475E-05 0.580927 0.198684 9.99475E-05 9.99475E-05 9.99475E-05 9.99475E-05 0.219789
9.9947E-05 9.9947E-05 0.231284 9.9947E-05 0.562583 9.9947E-05 0.205533 9.9947E-05 9.9947E-05
9.99563E-05 9.99563E-05 0.158276 9.99563E-05 0.323497 9.99563E-05 0.467176 0.0505507 9.99563E-05
9.993E-05 9.993E-05 9.993E-05 0.999201 9.993E-05 9.993E-05 9.993E-05 9.993E-05 9.993E-05
0.0573745 0.10401 0.772424 9.99561E-05 9.99561E-05 0.0656921 9.99561E-05 9.99561E-05 9.99561E-05
0.135931 9.99559E-05 0.139172 0.0135107 0.710887 9.99559E-05 9.99559E-05 9.99559E-05 9.99559E-05
9.99475E-05 9.99475E-05 9.99475E-05 0.0519926 0.675123 9.99475E-05 9.99475E-05 9.99475E-05 0.272285
9.99469E-05 9.99469E-05 0.582716 0.406409 9.99469E-05 0.0102755 9.99469E-05 9.99469E-05 9.99469E-05
0.147064 9.99563E-05 9.99563E-05 9.99563E-05 0.364916 0.336451 9.99563E-05 0.15107 9.99563E-05
9.993E-05 9.993E-05 9.993E-05 9.993E-05 9.993E-05 9.993E-05 9.993E-05 9.993E-05 0.999201
9.9956E-05 9.9956E-05 0.199783 9.9956E-05 0.0428756 9.9956E-05 0.00429729 9.9956E-05 0.752544
0.0822078 0.196503 9.99652E-05 0.0635245 0.241125 9.99652E-05 9.99652E-05 9.99652E-05 0.416239
9.99736E-05 0.174313 0.278031 0.23976 9.99736E-05 9.99736E-05 0.161883 0.0552979 0.0904161
0.197553 9.99647E-05 9.99647E-05 0.0829984 9.99647E-05 9.99647E-05 0.351385 0.085949 0.281714
9.995E-05 0.497244 0.0734389 9.995E-05 0.106706 9.995E-05 9.995E-05 0.322111 9.995E-05
0.351657 9.99649E-05 0.00424105 0.161896 0.389265 9.99649E-05 9.99649E-05 0.0925414 9.99649E-05
0.530724 0.274063 0.10163 9.99562E-05 9.99562E-05 9.99562E-05 9.99562E-05 0.0930827 9.99562E-05
9.9956E-05 9.9956E-05 0.281862 0.0394112 0.0990181 0.579209 9.9956E-05 9.9956E-05 9.9956E-05
0.226059 9.99647E-05 9.99647E-05 0.438469 9.99647E-05 0.0165361 0.298642 9.99647E-05 0.0198941
0.211486 9.99477E-05 0.48615 9.99477E-05 9.99477E-05 9.99477E-05 9.99477E-05 9.99477E-05 0.301764
0.154946 9.99647E-05 0.0483872 9.99647E-05 0.35965 0.407363 9.99647E-05 0.0292546 9.99647E-05
9.99474E-05 9.99474E-05 9.99474E-05 9.99474E-05 0.0807478 0.0552514 9.99474E-05 9.99474E-05 0.863401
0.287294 9.9947E-05 9.9947E-05 0.259901 9.9947E-05 0.452205 9.9947E-05 9.9947E-05 9.9947E-05
0.241606 9.99648E-05 9.99648E-05 9.99648E-05 0.0833818 0.128247 0.414957 0.131409 9.99648E-05
0.514795 0.423993 9.99472E-05 9.99472E-05 9.99472E-05 0.0606122 9.99472E-05 9.99472E-05 9.99472E-05
0.0966052 9.9956E-05 9.9956E-05 0.323085 0.480029 0.0997802 9.9956E-05 9.9956E-05 9.9956E-05
0.244715 9.99476E-05 9.99476E-05 9.99476E-05 0.121962 9.99476E-05 0.632723 9.99476E-05 9.99476E-05
9.99735E-05 0.069625 0.125164 9.99735E-05 0.179666 0.0698903 0.486026 9.99735E-05 0.0693296
9.99649E-05 9.99649E-05 0.627856 0.191653 9.99649E-05 0.0292732 9.99649E-05 0.023579 0.127238
0.164601 9.99647E-05 9.99647E-05 9.99647E-05 0.118348 0.490944 0.0423577 9.99647E-05 0.183349
0.0453469 0.280143 9.99566E-05 9.99566E-05 9.99566E-05 9.99566E-05 0.212692 0.461319 9.99566E-05
9.99559E-05 0.289344 9.99559E-05 9.99559E-05 0.139402 0.522013 9.99559E-05 0.0487415 9.99559E-05
9.99648E-05 9.99648E-05 9.99648E-05 0.140296 0.258811 0.576589 0.0189525 9.99648E-05 0.00495105
9.99381E-05 9.99381E-05 9.99381E-05 9.99381E-05 9.99381E-05 0.612993 9.99381E-05 0.386308 9.99381E-05
0.0772895 0.738474 9.99561E-05 9.99561E-05 0.123127 0.0606092 9.99561E-05 9.99561E-05 9.99561E-05
0.145683 9.99648E-05 0.302682 0.26232 0.0973535 9.99648E-05 9.99648E-05 9.99648E-05 0.191562
0.0580426 9.99561E-05 0.6193 0.252348 9.99561E-05 0.0698103 9.99561E-05 9.99561E-05 9.99561E-05
9.99476E-05 9.99476E-05 0.0309304 9.99476E-05 9.99476E-05 9.99476E-05 0.654433 0.314037 9.99476E-05
0.724341 9.99558E-05 0.227354 0.0473508 0.000454024 9.99558E-05 9.99558E-05 9.99558E-05 9.99558E-05
0.25371 9.99558E-05 0.0307015 9.99558E-05 0.0993611 9.99558E-05 0.615727 9.99558E-05 9.99558E-05
0.17937 0.401179 0.04899 0.304376 0.0656856 9.99648E-05 9.99648E-05 9.99648E-05 9.99648E-05
0.216716 9.99558E-05 9.99558E-05 9.99558E-05 0.403757 9.99558E-05 0.320375 9.99558E-05 0.0586526
0.238312 9.99557E-05 0.0368673 9.99557E-05 0.404126 9.99557E-05 9.99557E-05 0.320195 9.99557E-05
9.99472E-05 0.142299 0.545107 9.99472E-05 9.99472E-05 9.99472E-05 0.311994 9.99472E-05 9.99472E-05
0.328842 9.99647E-05 9.99647E-05 9.99647E-05 0.146714 0.273991 9.99647E-05 0.0317268 0.218326
9.99474E-05 9.99474E-05 9.99474E-05 9.99474E-05 0.273974 9.99474E-05 0.143895 9.99474E-05 0.581531
0.0373515 0.346321 0.176347 0.0185274 0.164307 0.256847 9.99738E-05 9.99738E-05 9.99738E-05
9.9956E-05 9.9956E-05 9.9956E-05 0.0394575 9.9956E-05 0.588062 0.371318 0.000663211 9.9956E-05
0.0596903 0.114311 0.421119 0.390011 9.99651E-05 9.99651E-05 9.99651E-05 0.0144693 9.99651E-05
0.164728 9.9956E-05 9.9956E-05 0.305157 0.158357 9.9956E-05 9.9956E-05 9.9956E-05 0.371258
0.311215 9.99473E-05 9.99473E-05 0.447175 9.99473E-05 0.24101 9.99473E-05 9.99473E-05 9.99473E-05
9.99561E-05 0.00202611 9.99561E-05 9.99561E-05 9.99561E-05 0.0427547 0.060078 0.894641 9.99561E-05
9.99559E-05 9.99559E-05 9.99559E-05 0.00644737 0.31552 0.150994 9.99559E-05 9.99559E-05 0.526539
0.24791 9.99559E-05 0.0404574 9.99559E-05 9.99559E-05 9.99559E-05 9.99559E-05 0.039802 0.671331
0.0125344 9.99561E-05 9.99561E-05 0.34359 0.45448 0.188897 9.99561E-05 9.99561E-05 9.99561E-05
0.546427 9.99385E-05 9.99385E-05 9.99385E-05 9.99385E-05 9.99385E-05 0.452873 9.99385E-05 9.99385E-05
9.99561E-05 9.99561E-05 0.333772 0.183874 9.99561E-05 9.99561E-05 0.394408 9.99561E-05 0.0874459
9.99562E-05 9.99562E-05 0.220763 9.99562E-05 0.563545 9.99562E-05 0.078505 9.99562E-05 0.136687
9.99646E-05 9.99646E-05 0.232805 0.0198113 0.274583 9.99646E-05 0.155315 0.317086 9.99646E-05
9.99382E-05 9.99382E-05 0.91437 0.0849301 9.99382E-05 9.99382E-05 9.99382E-05 9.99382E-05 9.99382E-05
0.283639 9.99561E-05 9.99561E-05 0.310122 9.99561E-05 0.267031 0.138707 9.99561E-05 9.99561E-05
9.99649E-05 0.270555 9.99649E-05 9.99649E-05 0.00434295 0.0482589 9.99649E-05 0.108432 0.568011
9.99647E-05 9.99647E-05 9.99647E-05 0.435256 0.264319 0.0206442 0.276168 0.00321332 9.99647E-05
9.99559E-05 9.99559E-05 0.159975 9.99559E-05 9.99559E-05 0.562885 0.0885195 9.99559E-05 0.188121
9.99649E-05 0.00505534 0.0712057 9.99649E-05 9.99649E-05 9.99649E-05 0.379947 0.132163 0.41123
9.99559E-05 0.0746085 9.99559E-05 9.99559E-05 0.209644 0.645422 9.99559E-05 9.99559E-05 0.0698258
0.291764 9.99387E-05 9.99387E-05 9.99387E-05 0.707537 9.99387E-05 9.99387E-05 9.99387E-05 9.99387E-05
0.950681 9.99389E-05 9.99389E-05 9.99389E-05 0.0486196 9.99389E-05 9.99389E-05 9.99389E-05 9.99389E-05
0.497583 9.99647E-05 9.99647E-05 0.117217 0.0523904 0.0836555 0.248754 9.99647E-05 9.99647E-05
9.99559E-05 9.99559E-05 0.168799 9.99559E-05 0.69347 9.99559E-05 0.0557073 0.0815238 9.99559E-05
9.99473E-05 9.99473E-05 9.99473E-05 0.069021 9.99473E-05 9.99473E-05 0.224493 9.99473E-05 0.705886
0.0605056 0.0638978 9.9956E-05 9.9956E-05 9.9956E-05 9.9956E-05 0.365491 9.9956E-05 0.509606
9.99471E-05 9.99471E-05 0.154741 9.99471E-05 9.99471E-05 0.554095 9.99471E-05 9.99471E-05 0.290564
9.99735E-05 0.0134866 0.0238917 0.0715545 0.241108 9.99735E-05 0.346017 0.303643 9.99735E-05
9.99647E-05 0.00246828 9.99647E-05 0.0613321 0.133336 9.99647E-05 9.99647E-05 0.584832 0.217632
0.057976 9.99385E-05 9.99385E-05 9.99385E-05 9.99385E-05 9.99385E-05 9.99385E-05 9.99385E-05 0.941324
0.0969068 0.432752 9.99471E-05 9.99471E-05 0.469741 9.99471E-05 9.99471E-05 9.99471E-05 9.99471E-05
0.182358 9.99561E-05 0.285398 9.99561E-05 9.99561E-05 9.99561E-05 0.161616 9.99561E-05 0.370128
0.269408 9.99562E-05 9.99562E-05 0.327481 9.99562E-05 9.99562E-05 0.0727684 9.99562E-05 0.329843
0.625198 9.99557E-05 0.231762 9.99557E-05 9.99557E-05 0.0261692 9.99557E-05 9.99557E-05 0.116371
0.255696 9.99646E-05 0.189471 0.323687 9.99646E-05 0.0221899 0.208556 9.99646E-05 9.99646E-05
9.99476E-05 9.99476E-05 0.626632 9.99476E-05 0.0302846 9.99476E-05 0.342484 9.99476E-05 9.99476E-05
9.99472E-05 9.99472E-05 0.565426 0.22827 0.205704 9.99472E-05 9.99472E-05 9.99472E-05 9.99472E-05
0.537037 9.9947E-05 9.9947E-05 0.128182 0.334182 9.9947E-05 9.9947E-05 9.9947E-05 9.9947E-05
9.99389E-05 0.0187774 9.99389E-05 9.99389E-05 0.980523 9.99389E-05 9.99389E-05 9.99389E-05 9.99389E-05
9.99474E-05 0.165298 0.397305 9.99474E-05 9.99474E-05 9.99474E-05 0.436797 9.99474E-05 9.99474E-05
0.261422 0.115887 9.99651E-05 0.0214562 9.99651E-05 9.99651E-05 9.99651E-05 0.236129 0.364706
0.442008 9.9956E-05 0.0527852 0.481583 9.9956E-05 9.9956E-05 0.0231238 9.9956E-05 9.9956E-05
9.99561E-05 9.99561E-05 0.404796 0.278784 0.244048 9.99561E-05 0.0718727 9.99561E-05 9.99561E-05
0.0410887 9.99734E-05 9.99734E-05 0.372282 0.0891251 9.99734E-05 0.202324 0.0829244 0.211956
9.99475E-05 9.99475E-05 0.0437716 9.99475E-05 0.357792 0.597837 9.99475E-05 9.99475E-05 9.99475E-05
9.99558E-05 9.99558E-05 0.435433 0.372717 9.99558E-05 9.99558E-05 9.99558E-05 0.177809 0.0135419
9.99648E-05 0.151866 0.068784 9.99648E-05 0.191979 0.0229742 0.563997 9.99648E-05 9.99648E-05
9.99472E-05 9.99472E-05 9.99472E-05 0.401065 9.99472E-05 9.99472E-05 9.99472E-05 0.463691 0.134644
0.920239 9.9939E-05 9.9939E-05 0.0790615 9.9939E-05 9.9939E-05 9.9939E-05 9.9939E-05 9.9939E-05
0.0724387 0.129815 9.99646E-05 0.0230012 9.99646E-05 9.99646E-05 0.603499 9.99646E-05 0.170846
0.214806 9.9956E-05 0.1758 0.0876683 9.9956E-05 9.9956E-05 9.9956E-05 9.9956E-05 0.521227
0.0566795 9.99472E-05 9.99472E-05 0.1406 9.99472E-05 0.802121 9.99472E-05 9.99472E-05 9.99472E-05
9.99478E-05 0.4144 9.99478E-05 0.462016 0.122984 9.99478E-05 9.99478E-05 9.99478E-05 9.99478E-05
9.99473E-05 0.111588 0.630695 9.99473E-05 9.99473E-05 0.257117 9.99473E-05 9.99473E-05 9.99473E-05
0.0525731 9.99566E-05 9.99566E-05 0.865655 9.99566E-05 9.99566E-05 9.99566E-05 0.0437189 0.0375532
0.0349927 9.99647E-05 0.029338 0.320989 9.99647E-05 0.192224 0.422056 9.99647E-05 9.99647E-05
0.197739 0.0426971 0.175796 9.99737E-05 9.99737E-05 0.347305 0.0082922 0.227871 9.99737E-05
0.218072 9.99735E-05 0.0471197 0.631839 0.0305584 9.99735E-05 0.0589285 0.0131827 9.99735E-05
9.99473E-05 9.99473E-05 9.99473E-05 0.50223 9.99473E-05 9.99473E-05 0.0732269 0.423944 9.99473E-05
9.99386E-05 9.99386E-05 9.99386E-05 0.884112 0.115188 9.99386E-05 9.99386E-05 9.99386E-05 9.99386E-05
0.359828 9.9947E-05 0.478096 0.161476 9.9947E-05 9.9947E-05 9.9947E-05 9.9947E-05 9.9947E-05
9.99383E-05 9.99383E-05 9.99383E-05 0.298174 9.99383E-05 9.99383E-05 9.99383E-05 0.701126 9.99383E-05
9.99474E-05 9.99474E-05 9.99474E-05 0.809742 0.1366 0.0530581 9.99474E-05 9.99474E-05 9.99474E-05
9.9965E-05 0.0253914 0.313194 9.9965E-05 9.9965E-05 0.0979234 9.9965E-05 0.0498289 0.513263
9.99561E-05 9.99561E-05 0.00388493 0.413436 9.99561E-05 9.99561E-05 0.180933 9.99561E-05 0.401247
0.329774 9.99559E-05 9.99559E-05 0.255573 9.99559E-05 0.233204 9.99559E-05 0.180949 9.99559E-05
0.773069 0.199818 9.9947E-05 0.0265132 9.9947E-05 9.9947E-05 9.9947E-05 9.9947E-05 9.9947E-05
0.595159 9.9956E-05 9.9956E-05 0.200076 0.161524 9.9956E-05 9.9956E-05 0.0427411 9.9956E-05
9.99558E-05 9.99558E-05 9.99558E-05 0.297991 9.99558E-05 0.114702 0.272667 9.99558E-05 0.31414
9.99474E-05 9.99474E-05 9.99474E-05 9.99474E-05 9.99474E-05 9.99474E-05 0.154547 0.215499 0.629354
0.698763 9.99474E-05 9.99474E-05 9.99474E-05 9.99474E-05 9.99474E-05 9.99474E-05 0.123796 0.176842
9.99649E-05 0.185745 9.99649E-05 9.99649E-05 0.232713 0.355754 9.99649E-05 0.0901225 0.135265
9.993E-05 9.993E-05 0.999201 9.993E-05 9.993E-05 9.993E-05 9.993E-05 9.993E-05 9.993E-05
9.99474E-05 9.99474E-05 0.588364 9.99474E-05 9.99474E-05 0.171999 0.239037 9.99474E-05 9.99474E-05
0.166759 9.99561E-05 9.99561E-05 0.315737 0.047514 9.99561E-05 9.99561E-05 0.46949 9.99561E-05
0.0569885 0.194109 9.99475E-05 9.99475E-05 9.99475E-05 9.99475E-05 0.748302 9.99475E-05 9.99475E-05
0.0555523 0.359471 9.9965E-05 0.114576 0.141274 9.9965E-05 0.328727 9.9965E-05 9.9965E-05
9.9956E-05 9.9956E-05 0.276332 9.9956E-05 0.0402836 0.152697 0.530188 9.9956E-05 9.9956E-05
0.0796419 0.043101 0.285696 9.99648E-05 9.99648E-05 0.517848 9.99648E-05 9.99648E-05 0.0733135
9.99469E-05 9.99469E-05 0.187986 9.99469E-05 0.571458 9.99469E-05 9.99469E-05 0.239956 9.99469E-05
0.561993 9.99473E-05 0.361524 9.99473E-05 9.99473E-05 9.99473E-05 9.99473E-05 0.0758834 9.99473E-05
9.99386E-05 9.99386E-05 0.181244 9.99386E-05 9.99386E-05 0.818056 9.99386E-05 9.99386E-05 9.99386E-05
9.9965E-05 9.9965E-05 0.164463 0.0392941 9.9965E-05 9.9965E-05 0.650032 0.0302205 0.11559
0.260397 0.0519361 0.303017 9.99647E-05 0.172091 9.99647E-05 9.99647E-05 0.212159 9.99647E-05
0.57157 9.99386E-05 9.99386E-05 9.99386E-05 9.99386E-05 9.99386E-05 0.427731 9.99386E-05 9.99386E-05
9.99558E-05 9.99558E-05 0.320257 0.276992 0.310836 0.0914159 9.99558E-05 9.99558E-05 9.99558E-05
0.703112 9.99387E-05 9.99387E-05 0.296188 9.99387E-05 9.99387E-05 9.99387E-05 9.99387E-05 9.99387E-05
9.99473E-05 9.99473E-05 0.681844 9.99473E-05 0.0680218 9.99473E-05 0.249535 9.99473E-05 9.99473E-05
0.165038 0.0899358 0.378191 9.99559E-05 9.99559E-05 9.99559E-05 9.99559E-05 9.99559E-05 0.366335
0.345951 9.99473E-05 9.99473E-05 9.99473E-05 0.271139 9.99473E-05 9.99473E-05 9.99473E-05 0.382311
0.379722 9.99648E-05 0.199531 0.018574 0.0349912 9.99648E-05 9.99648E-05 9.99648E-05 0.366782
0.117742 0.0914927 9.99734E-05 0.209742 0.315546 9.99734E-05 0.0598249 0.205353 9.99734E-05
9.99647E-05 0.159177 0.0366638 9.99647E-05 0.123595 9.99647E-05 0.564063 0.116101 9.99647E-05
9.99736E-05 9.99736E-05 0.398971 0.176909 0.043755 0.213449 9.99736E-05 0.138977 0.0276383
0.137314 9.99387E-05 9.99387E-05 9.99387E-05 0.861986 9.99387E-05 9.99387E-05 9.99387E-05 9.99387E-05
0.474359 0.0391733 9.99561E-05 9.99561E-05 9.99561E-05 9.99561E-05 0.275419 0.21055 9.99561E-05
0.513625 9.99559E-05 0.0345966 0.375867 9.99559E-05 9.99559E-05 9.99559E-05 9.99559E-05 0.0754124
0.102907 0.0994668 0.535426 0.181605 0.0396681 9.99736E-05 9.99736E-05 0.0406279 9.99736E-05
9.99472E-05 0.294785 0.632817 0.0717979 9.99472E-05 9.99472E-05 9.99472E-05 9.99472E-05 9.99472E-05
0.563643 0.0432978 0.103886 9.99824E-05 0.0129895 0.161984 0.0484019 9.99824E-05 0.0655976
9.99648E-05 9.99648E-05 0.0945169 9.99648E-05 0.453272 0.301934 0.0886647 0.0612127 9.99648E-05
9.99561E-05 0.0626459 0.781421 0.0159527 0.139481 9.99561E-05 9.99561E-05 9.99561E-05 9.99561E-05
0.323266 9.99558E-05 9.99558E-05 9.99558E-05 9.99558E-05 0.174729 9.99558E-05 0.0156245 0.485881
0.373335 9.99559E-05 0.172809 9.99559E-05 9.99559E-05 0.180082 9.99559E-05 9.99559E-05 0.273274
9.99559E-05 9.99559E-05 9.99559E-05 0.520039 0.0953342 9.99559E-05 0.220785 9.99559E-05 0.163342
9.99561E-05 9.99561E-05 9.99561E-05 0.195916 9.99561E-05 9.99561E-05 0.358363 0.433226 0.0119949
0.406884 0.108983 0.0782705 9.99563E-05 9.99563E-05 9.99563E-05 0.405363 9.99563E-05 9.99563E-05
0.216109 9.99558E-05 0.219189 0.3371 9.99558E-05 0.227103 9.99558E-05 9.99558E-05 9.99558E-05
0.0153517 9.99559E-05 9.99559E-05 9.99559E-05 0.342593 9.99559E-05 0.0292049 9.99559E-05 0.61235
