0.191237 0.150148 0.658314 9.99738E-05 9.99738E-05 9.99738E-05
9.99736E-05 0.451211 9.99736E-05 0.42493 9.99736E-05 0.123559
0.429438 9.99651E-05 9.99651E-05 9.99651E-05 9.99651E-05 0.570162
0.721356 0.0876978 0.190646 9.99737E-05 9.99737E-05 9.99737E-05
0.0551878 9.99736E-05 0.810311 9.99736E-05 0.134201 9.99736E-05
0.449276 0.550324 9.99648E-05 9.99648E-05 9.99648E-05 9.99648E-05
0.490321 0.21769 9.99739E-05 0.291689 9.99739E-05 9.99739E-05
0.103545 0.0786997 0.789355 9.99825E-05 9.99825E-05 0.0281999
9.9965E-05 9.9965E-05 9.9965E-05 9.9965E-05 0.508893 0.490707
0.652777 9.99647E-05 9.99647E-05 9.99647E-05 0.346823 9.99647E-05
0.0564862 0.562359 9.99738E-05 9.99738E-05 0.380855 9.99738E-05
0.553401 9.99825E-05 0.121053 0.317188 0.00815787 9.99825E-05
0.593044 0.103705 9.99825E-05 9.99825E-05 0.159309 0.143742
0.308527 9.99737E-05 9.99737E-05 0.23164 0.459533 9.99737E-05
0.162618 0.353981 9.99824E-05 0.134798 0.348404 9.99824E-05
0.188472 9.99824E-05 0.0844162 0.531433 0.195479 9.99824E-05
0.0579375 0.0536946 0.442375 9.99824E-05 0.445793 9.99824E-05
0.750566 9.99824E-05 0.117675 0.0859584 0.0455999 9.99824E-05
0.909182 9.99737E-05 9.99737E-05 0.00675076 9.99737E-05 0.0837674
9.999E-05 0.184762 0.145744 0.221761 0.140743 0.306891
0.217524 0.269939 0.512237 9.99736E-05 9.99736E-05 9.99736E-05
0.34172 9.99737E-05 9.99737E-05 9.99737E-05 0.564754 0.0932254
0.368862 9.99649E-05 9.99649E-05 9.99649E-05 9.99649E-05 0.630738
0.641306 0.0896405 0.0602074 0.108931 9.99913E-05 0.0998148
0.327632 9.99736E-05 0.613847 0.0582209 9.99736E-05 9.99736E-05
0.474141 9.9965E-05 9.9965E-05 9.9965E-05 9.9965E-05 0.52546
9.99736E-05 0.323688 9.99736E-05 0.238755 9.99736E-05 0.437257
9.99825E-05 9.99825E-05 0.0518044 0.248916 0.648143 0.050936
9.996E-05 9.996E-05 9.996E-05 9.996E-05 0.9995 9.996E-05
9.99736E-05 0.49374 0.330898 0.175062 9.99736E-05 9.99736E-05
9.996E-05 9.996E-05 9.996E-05 9.996E-05 0.9995 9.996E-05
9.99822E-05 0.0388056 0.201417 0.114708 0.64487 9.99822E-05
0.442537 9.99648E-05 0.557063 9.99648E-05 9.99648E-05 9.99648E-05
9.99823E-05 0.157252 9.99823E-05 0.0400204 0.737331 0.0651959
0.6206 0.185422 9.99735E-05 9.99735E-05 9.99735E-05 0.193678
0.236479 0.282819 9.99825E-05 9.99825E-05 0.0425628 0.437939
9.99738E-05 9.99738E-05 0.0140035 0.0151673 9.99738E-05 0.970529
0.26993 9.99823E-05 0.22369 9.99823E-05 0.161454 0.344726
0.352465 0.215624 9.99912E-05 0.0400011 0.101745 0.290065
0.316198 0.577976 0.105525 9.99737E-05 9.99737E-05 9.99737E-05
9.99738E-05 0.40056 9.99738E-05 0.361072 0.238067 9.99738E-05
0.103904 0.142301 0.500703 0.252892 9.99824E-05 9.99824E-05
0.332695 9.99735E-05 0.210874 9.99735E-05 0.456132 9.99735E-05
0.463335 9.99734E-05 9.99734E-05 0.2011 0.335266 9.99734E-05
0.248177 0.058561 9.99824E-05 0.388495 0.304567 9.99824E-05
9.99649E-05 0.794901 9.99649E-05 0.204699 9.99649E-05 9.99649E-05
0.10042 0.287653 0.180367 0.147936 0.283525 9.99913E-05
0.314464 0.0349235 0.0817239 9.99913E-05 0.462726 0.106063
9.996E-05 9.996E-05 9.996E-05 9.996E-05 9.996E-05 0.9995
0.629784 9.99646E-05 9.99646E-05 0.369816 9.99646E-05 9.99646E-05
9.99648E-05 9.99648E-05 9.99648E-05 9.99648E-05 0.160792 0.838808
0.824867 0.11014 9.99737E-05 9.99737E-05 9.99737E-05 0.0646933
0.272338 9.99824E-05 0.117204 0.492278 9.99824E-05 0.117979
0.00731635 9.99823E-05 0.0460295 9.99823E-05 0.884038 0.0624161
0.00027409 0.283378 9.99736E-05 9.99736E-05 0.716048 9.99736E-05
0.720518 0.0980459 9.99823E-05 9.99823E-05 0.130167 0.0510687
9.99738E-05 9.99738E-05 0.0400487 0.873982 9.99738E-05 0.0856694
9.99735E-05 9.99735E-05 0.496297 0.306094 0.197309 9.99735E-05
9.99648E-05 9.99648E-05 9.99648E-05 9.99648E-05 0.221398 0.778202
0.163417 0.836183 9.99647E-05 9.99647E-05 9.99647E-05 9.99647E-05
9.99647E-05 9.99647E-05 0.392688 0.606912 9.99647E-05 9.99647E-05
9.99651E-05 0.104135 9.99651E-05 9.99651E-05 0.895465 9.99651E-05
9.99739E-05 9.99739E-05 0.0467927 0.203827 9.99739E-05 0.749081
0.68297 0.184622 9.99735E-05 9.99735E-05 0.132109 9.99735E-05
0.0915852 9.99824E-05 0.604172 0.0519613 0.252082 9.99824E-05
0.415446 0.109485 9.99823E-05 0.119734 9.99823E-05 0.355136
0.55314 0.215515 9.99739E-05 0.231046 9.99739E-05 9.99739E-05
9.997E-05 9.997E-05 0.0316838 0.531721 0.436295 9.997E-05
0.242271 0.0660653 9.99736E-05 0.691364 9.99736E-05 9.99736E-05
9.99736E-05 9.99736E-05 0.611948 9.99736E-05 0.198266 0.189486
9.9965E-05 9.9965E-05 9.9965E-05 0.59709 9.9965E-05 0.40251
9.99737E-05 9.99737E-05 9.99737E-05 0.895702 0.0083563 0.0956418
0.618301 9.99737E-05 9.99737E-05 9.99737E-05 0.112394 0.269005
0.0414522 9.99738E-05 0.167762 0.790486 9.99738E-05 9.99738E-05
0.199981 0.0828214 0.202698 9.99913E-05 0.256041 0.258358
9.99823E-05 0.665153 9.99823E-05 0.0532192 0.228628 0.0527998
0.338864 9.99736E-05 0.173416 9.99736E-05 0.48742 9.99736E-05
9.99739E-05 9.99739E-05 0.249801 9.99739E-05 0.747604 0.00229496
0.149124 0.361025 9.99824E-05 0.220386 0.269264 9.99824E-05
9.99824E-05 0.053801 0.107765 9.99824E-05 0.771214 0.0670193
0.502214 0.0467506 0.0114733 9.99912E-05 0.409046 0.0304165
0.257958 9.99738E-05 0.0979434 9.99738E-05 9.99738E-05 0.643799
0.0444216 0.0585166 0.32142 0.1844 0.391141 9.99912E-05
0.0961809 9.99826E-05 0.353199 0.138214 0.412206 9.99826E-05
0.155251 0.0885266 0.369924 9.99823E-05 0.386099 9.99823E-05
9.997E-05 9.997E-05 9.997E-05 0.303304 0.355379 0.341018
9.9965E-05 0.57692 9.9965E-05 9.9965E-05 9.9965E-05 0.42268
9.99735E-05 0.162445 9.99735E-05 9.99735E-05 0.603712 0.233543
0.069782 9.99653E-05 0.929818 9.99653E-05 9.99653E-05 9.99653E-05
0.543986 0.121651 9.99736E-05 0.334063 9.99736E-05 9.99736E-05
0.266926 0.31984 9.99912E-05 0.143399 0.0515881 0.218147
0.477437 0.324294 0.0842276 9.99913E-05 0.0994129 0.0145284
9.996E-05 0.836902 9.996E-05 0.162698 9.996E-05 9.996E-05
0.287274 9.99649E-05 9.99649E-05 9.99649E-05 9.99649E-05 0.712327
0.246395 9.998E-05 0.453168 0.279987 9.998E-05 0.0202506
0.0495848 0.950015 9.99648E-05 9.99648E-05 9.99648E-05 9.99648E-05
0.400858 9.99736E-05 9.99736E-05 0.240003 0.35884 9.99736E-05
9.99647E-05 9.99647E-05 0.289558 9.99647E-05 0.710043 9.99647E-05
0.20208 0.24185 9.99912E-05 0.0981377 0.17024 0.287592
0.207949 9.99738E-05 9.99738E-05 0.0733712 9.99738E-05 0.718379
0.247331 0.504639 0.00631772 9.99824E-05 0.241513 9.99824E-05
0.532902 9.99651E-05 0.466698 9.99651E-05 9.99651E-05 9.99651E-05
0.208679 0.182387 9.99824E-05 0.378366 0.230369 9.99824E-05
0.600886 0.0866354 9.99738E-05 9.99738E-05 9.99738E-05 0.312179
9.99825E-05 0.0580242 0.3994 0.372347 0.170029 9.99825E-05
0.354277 0.355045 9.99735E-05 9.99735E-05 0.290378 9.99735E-05
9.99649E-05 9.99649E-05 0.192952 9.99649E-05 9.99649E-05 0.806648
9.99825E-05 0.234548 0.00657212 9.99825E-05 0.34415 0.41453
9.996E-05 9.996E-05 9.996E-05 0.9995 9.996E-05 9.996E-05
0.556981 9.99738E-05 9.99738E-05 9.99738E-05 0.270308 0.172411
0.225306 0.247539 9.99738E-05 0.526855 9.99738E-05 9.99738E-05
9.99654E-05 9.99654E-05 0.519199 9.99654E-05 0.480401 9.99654E-05
9.99736E-05 0.0179938 9.99736E-05 0.746217 9.99736E-05 0.23549
0.0099529 9.99825E-05 9.99825E-05 0.0684605 0.890873 0.0305132
0.0922365 0.436145 9.99742E-05 9.99742E-05 0.471319 9.99742E-05
9.99649E-05 9.99649E-05 9.99649E-05 0.478006 0.521594 9.99649E-05
0.105937 9.99736E-05 9.99736E-05 0.518739 9.99736E-05 0.375025
9.99661E-05 0.731239 9.99661E-05 9.99661E-05 0.268361 9.99661E-05
9.99826E-05 9.99826E-05 0.107632 0.174667 0.672001 0.0454997
0.0792958 9.99738E-05 0.11245 0.807955 9.99738E-05 9.99738E-05
9.99824E-05 0.158397 0.224203 9.99824E-05 0.119011 0.498189
9.99823E-05 9.99823E-05 0.320564 0.0995039 0.0335118 0.54622
0.469451 0.0430093 9.99737E-05 0.487239 9.99737E-05 9.99737E-05
0.466861 0.136801 9.99825E-05 9.99825E-05 0.18858 0.207558
0.352291 9.99648E-05 9.99648E-05 9.99648E-05 9.99648E-05 0.647309
0.393393 0.585859 9.99739E-05 9.99739E-05 9.99739E-05 0.0204484
0.344124 9.99736E-05 9.99736E-05 0.142265 0.513311 9.99736E-05
9.99646E-05 0.288273 9.99646E-05 9.99646E-05 0.711327 9.99646E-05
9.99737E-05 0.11882 0.399981 0.480899 9.99737E-05 9.99737E-05
0.0828837 0.097692 0.117154 0.181914 0.086049 0.434307
0.282716 0.0355349 0.355827 0.325722 9.99824E-05 9.99824E-05
0.984133 9.99651E-05 9.99651E-05 0.0154667 9.99651E-05 9.99651E-05
9.99735E-05 0.64607 0.100475 9.99735E-05 9.99735E-05 0.253155
9.99913E-05 0.545553 0.0813496 0.0177135 0.114237 0.241048
0.850237 0.149363 9.99652E-05 9.99652E-05 9.99652E-05 9.99652E-05
0.620929 9.99736E-05 9.99736E-05 0.358497 0.0202742 9.99736E-05
9.99735E-05 0.0085247 0.174924 9.99735E-05 9.99735E-05 0.816251
0.151011 9.99825E-05 0.0698994 9.99825E-05 0.4544 0.32449
9.99824E-05 0.0489856 0.679552 0.19811 0.0731527 9.99824E-05
9.99736E-05 9.99736E-05 0.380284 9.99736E-05 0.370706 0.24871
0.00488701 0.644669 0.0186617 0.111758 0.219924 9.99912E-05
9.99736E-05 0.204336 0.544716 9.99736E-05 0.250648 9.99736E-05
0.000760821 0.202335 9.99823E-05 0.715067 0.0816374 9.99823E-05
0.32972 0.098077 9.99825E-05 0.504286 9.99825E-05 0.0677176
9.99825E-05 0.165585 0.40798 0.11612 0.310115 9.99825E-05
0.897377 9.99648E-05 9.99648E-05 9.99648E-05 9.99648E-05 0.102223
0.594797 9.99738E-05 0.333973 9.99738E-05 0.0709299 9.99738E-05
9.99736E-05 0.486946 0.367247 9.99736E-05 0.145507 9.99736E-05
9.99912E-05 0.263987 0.377373 0.0613952 0.150978 0.146167
9.99825E-05 0.194915 9.99825E-05 0.264019 0.173753 0.367113
0.163772 0.580416 0.042223 0.204921 0.00856748 9.99912E-05
0.0752473 0.239978 9.99736E-05 9.99736E-05 0.684474 9.99736E-05
0.782486 9.99648E-05 0.217114 9.99648E-05 9.99648E-05 9.99648E-05
9.99825E-05 0.00596536 0.329047 0.340762 0.324025 9.99825E-05
9.996E-05 9.996E-05 9.996E-05 9.996E-05 9.996E-05 0.9995
0.431296 0.36305 0.0150968 9.99824E-05 9.99824E-05 0.190357
0.798959 9.99648E-05 0.200642 9.99648E-05 9.99648E-05 9.99648E-05
0.259996 0.576991 0.0456353 9.99824E-05 0.117178 9.99824E-05
0.113417 9.99738E-05 9.99738E-05 9.99738E-05 0.688664 0.197619
0.344655 0.462194 9.99824E-05 0.167958 0.0249932 9.99824E-05
0.135872 0.0797033 0.778024 9.99824E-05 9.99824E-05 0.00620091
0.371328 9.99824E-05 0.0744691 9.99824E-05 0.145108 0.408895
9.99738E-05 0.0930681 9.99738E-05 9.99738E-05 0.748021 0.158611
9.99734E-05 0.379054 9.99734E-05 9.99734E-05 0.0667301 0.553916
0.278654 0.054634 9.99823E-05 0.450126 9.99823E-05 0.216386
0.83367 9.99651E-05 9.99651E-05 9.99651E-05 0.16593 9.99651E-05
0.374131 9.99736E-05 0.393572 9.99736E-05 9.99736E-05 0.231997
0.574852 9.99651E-05 9.99651E-05 9.99651E-05 9.99651E-05 0.424748
0.0540841 9.99646E-05 9.99646E-05 9.99646E-05 9.99646E-05 0.945516
0.180061 9.99735E-05 9.99735E-05 0.135799 0.68384 9.99735E-05
9.99737E-05 9.99737E-05 9.99737E-05 0.368487 0.581065 0.0501483
0.162375 0.23426 9.99824E-05 0.0924527 9.99824E-05 0.510713
9.99737E-05 0.319668 0.424678 0.255354 9.99737E-05 9.99737E-05
0.0221667 0.863207 9.99738E-05 9.99738E-05 0.114326 9.99738E-05
0.117097 0.178735 0.399098 0.039389 0.265581 9.99912E-05
0.51714 9.99825E-05 0.0889773 0.301086 0.0925974 9.99825E-05
0.245928 0.0172314 9.99912E-05 0.141633 0.131275 0.463833
0.148946 0.127474 0.216695 0.3906 0.0650846 0.0511997
0.598954 0.0470393 0.339272 9.99826E-05 0.0145349 9.99826E-05
0.338501 9.9974E-05 0.538983 9.9974E-05 9.9974E-05 0.122215
0.767538 9.9965E-05 0.232062 9.9965E-05 9.9965E-05 9.9965E-05
0.667389 0.257047 9.99735E-05 0.0752646 9.99735E-05 9.99735E-05
0.359364 9.99823E-05 0.000684695 0.247406 0.392345 9.99823E-05
9.99738E-05 0.765754 0.135814 0.0981323 9.99738E-05 9.99738E-05
9.99738E-05 0.136024 0.219459 9.99738E-05 9.99738E-05 0.644216
0.433335 0.566265 9.99648E-05 9.99648E-05 9.99648E-05 9.99648E-05
0.38288 0.0854296 0.0963115 0.0119244 0.21687 0.206584
9.99823E-05 0.40143 9.99823E-05 0.000108894 0.539817 0.0584443
0.40643 0.116624 0.354432 9.99824E-05 0.122315 9.99824E-05
0.00738013 9.99737E-05 9.99737E-05 0.187781 9.99737E-05 0.804538
0.159594 9.99824E-05 0.280196 0.303047 9.99824E-05 0.256964
0.325012 9.99736E-05 0.120566 0.554122 9.99736E-05 9.99736E-05
9.99912E-05 0.430358 0.00377608 0.0933114 0.460088 0.0123664
0.147446 9.99823E-05 0.132654 9.99823E-05 0.265711 0.453989
9.99737E-05 0.480885 0.0738646 9.99737E-05 9.99737E-05 0.44495
0.238035 0.361051 9.99736E-05 0.400614 9.99736E-05 9.99736E-05
0.227983 9.99912E-05 0.173945 0.0941283 0.21021 0.293634
0.35047 0.0503567 0.00485829 0.103621 0.490594 9.99913E-05
9.99649E-05 9.99649E-05 9.99649E-05 9.99649E-05 0.867436 0.132165
0.337558 9.99736E-05 9.99736E-05 9.99736E-05 0.137156 0.524986
0.456691 9.99824E-05 0.129795 9.99824E-05 0.0893145 0.324
0.049286 0.385489 0.175832 9.99912E-05 0.145696 0.243597
9.99648E-05 0.160693 9.99648E-05 9.99648E-05 0.838907 9.99648E-05
0.175018 0.161058 9.99737E-05 9.99737E-05 0.663624 9.99737E-05
0.23037 9.99647E-05 9.99647E-05 9.99647E-05 0.76923 9.99647E-05
9.99736E-05 9.99736E-05 0.488077 9.99736E-05 0.0216833 0.489939
0.0148036 0.232351 0.335675 0.41697 9.99824E-05 9.99824E-05
0.253052 0.230895 0.334273 0.0971459 9.999E-05 0.0845349
0.561114 0.147484 9.99825E-05 9.99825E-05 0.199064 0.0921381
9.99824E-05 0.0416334 0.51075 0.115525 9.99824E-05 0.331892
9.99736E-05 0.0555328 9.99736E-05 0.281011 0.663157 9.99736E-05
9.99825E-05 9.99825E-05 0.0481437 0.514889 0.332823 0.103945
0.10207 0.41089 9.99912E-05 0.346727 0.13647 0.00374237
0.554079 0.238021 9.99736E-05 0.2076 9.99736E-05 9.99736E-05
9.99739E-05 9.99739E-05 0.165544 0.58961 9.99739E-05 0.244546
9.996E-05 9.996E-05 9.996E-05 9.996E-05 0.9995 9.996E-05
9.9965E-05 9.9965E-05 0.59856 0.40104 9.9965E-05 9.9965E-05
9.99735E-05 0.539577 0.0450212 0.415102 9.99735E-05 9.99735E-05
0.635079 0.0708442 9.99736E-05 9.99736E-05 9.99736E-05 0.293777
0.749284 0.0596531 9.99824E-05 0.0135784 9.99824E-05 0.177285
0.200722 9.99824E-05 0.230856 0.0736935 0.494528 9.99824E-05
9.99738E-05 0.00414717 0.176521 0.819032 9.99738E-05 9.99738E-05
0.120361 0.207508 0.671831 9.99735E-05 9.99735E-05 9.99735E-05
0.306713 9.99737E-05 0.515826 9.99737E-05 0.177161 9.99737E-05
0.58504 9.99735E-05 0.295314 9.99735E-05 0.119346 9.99735E-05
0.0893864 9.99738E-05 9.99738E-05 0.118505 0.791809 9.99738E-05
9.99738E-05 9.99738E-05 0.345859 9.99738E-05 0.611973 0.0418676
0.0919905 9.99647E-05 0.90761 9.99647E-05 9.99647E-05 9.99647E-05
0.100903 9.99824E-05 0.546826 0.160755 0.191316 9.99824E-05
9.99651E-05 9.99651E-05 0.641928 9.99651E-05 0.357672 9.99651E-05
0.677574 0.0816478 9.99739E-05 9.99739E-05 0.240479 9.99739E-05
0.225786 0.117232 0.334089 0.029942 0.187093 0.105859
9.99737E-05 0.549841 9.99737E-05 9.99737E-05 0.240377 0.209482
9.99824E-05 0.130488 0.438753 9.99824E-05 0.33885 0.0917085
0.306246 9.99739E-05 0.142105 9.99739E-05 0.55135 9.99739E-05
0.349409 9.99647E-05 0.650191 9.99647E-05 9.99647E-05 9.99647E-05
9.99823E-05 0.0422937 9.99823E-05 0.0134681 0.242632 0.701406
9.99651E-05 9.99651E-05 9.99651E-05 9.99651E-05 0.743794 0.255806
9.99649E-05 0.701024 9.99649E-05 9.99649E-05 9.99649E-05 0.298576
0.176966 9.99824E-05 0.0923513 9.99824E-05 0.716981 0.0135021
0.682311 9.99649E-05 9.99649E-05 9.99649E-05 9.99649E-05 0.317289
0.218504 0.246521 9.99826E-05 9.99826E-05 0.247098 0.287676
0.460112 0.444989 0.0945996 9.99736E-05 9.99736E-05 9.99736E-05
9.9965E-05 0.0651918 9.9965E-05 9.9965E-05 9.9965E-05 0.934408
9.99824E-05 0.432445 9.99824E-05 0.000611996 0.161601 0.405142
0.267246 9.99825E-05 0.261053 0.343488 9.99825E-05 0.128013
9.99651E-05 9.99651E-05 9.99651E-05 0.777103 9.99651E-05 0.222497
9.99735E-05 9.99735E-05 9.99735E-05 0.712018 0.258963 0.0287191
0.0154752 9.99739E-05 0.981068 9.99739E-05 9.99739E-05 0.00315736
9.99824E-05 0.00839306 9.99824E-05 0.202204 0.488584 0.300619
0.363351 9.99739E-05 9.99739E-05 9.99739E-05 0.556491 0.0798582
0.0112461 0.0880545 9.99824E-05 0.453132 9.99824E-05 0.447368
0.0727348 0.0487019 0.34532 9.99912E-05 0.417345 0.115798
9.99825E-05 9.99825E-05 0.192904 0.149432 0.407712 0.249752
0.244301 0.106799 9.99824E-05 0.402824 9.99824E-05 0.245877
9.9965E-05 0.239493 9.9965E-05 9.9965E-05 0.760107 9.9965E-05
0.0742424 0.0408049 0.593767 9.99825E-05 9.99825E-05 0.290986
0.754944 9.99648E-05 9.99648E-05 9.99648E-05 0.244656 9.99648E-05
9.99651E-05 9.99651E-05 0.609688 9.99651E-05 9.99651E-05 0.389912
9.99737E-05 9.99737E-05 0.339611 0.449067 0.211023 9.99737E-05
0.182792 0.0947164 0.167823 9.99913E-05 0.309459 0.24511
