9.99735E-05 0.0752097 9.99735E-05 0.693186 0.231304 9.99735E-05
9.99736E-05 9.99736E-05 9.99736E-05 0.128734 0.230355 0.640611
9.99651E-05 9.99651E-05 0.634979 9.99651E-05 0.364621 9.99651E-05
0.629543 0.0104265 0.135715 0.0826153 0.1416 9.99913E-05
0.386546 0.0462012 9.99825E-05 0.228036 9.99825E-05 0.339017
9.99649E-05 9.99649E-05 0.95025 9.99649E-05 9.99649E-05 0.0493498
0.70234 9.99736E-05 0.26877 9.99736E-05 9.99736E-05 0.0285903
0.427944 0.221356 9.99824E-05 9.99824E-05 0.254473 0.0960269
0.438078 0.364051 0.197571 9.99737E-05 9.99737E-05 9.99737E-05
9.99825E-05 0.245595 0.0573027 0.141165 0.555738 9.99825E-05
0.422481 9.99736E-05 0.197446 9.99736E-05 9.99736E-05 0.379774
9.99739E-05 9.99739E-05 0.41696 0.210091 0.37265 9.99739E-05
0.280499 0.592764 0.027151 9.99824E-05 0.0993857 9.99824E-05
0.418337 9.99824E-05 0.114303 0.424778 0.0423819 9.99824E-05
0.221372 9.99825E-05 0.18518 0.335131 0.258116 9.99825E-05
9.99736E-05 0.335711 0.447401 9.99736E-05 0.216588 9.99736E-05
0.220489 9.99826E-05 0.0586979 0.371137 0.349477 9.99826E-05
0.296504 0.0239853 0.670187 9.99825E-05 9.99825E-05 0.00912336
0.441764 9.99735E-05 9.99735E-05 0.082961 0.474975 9.99735E-05
9.99738E-05 0.0544227 9.99738E-05 0.132574 0.812703 9.99738E-05
0.308433 9.99651E-05 9.99651E-05 9.99651E-05 9.99651E-05 0.691168
9.99647E-05 9.99647E-05 0.644072 0.355528 9.99647E-05 9.99647E-05
9.9965E-05 0.887573 0.112027 9.9965E-05 9.9965E-05 9.9965E-05
0.125643 9.99738E-05 9.99738E-05 0.62931 0.244747 9.99738E-05
0.446227 9.99737E-05 0.106645 9.99737E-05 0.446828 9.99737E-05
9.99737E-05 9.99737E-05 0.610989 9.99737E-05 0.072195 0.316516
9.99738E-05 0.0295489 0.481125 9.99738E-05 0.489026 9.99738E-05
0.171466 9.99737E-05 9.99737E-05 0.0816738 0.74656 9.99737E-05
0.690229 9.99736E-05 0.306944 0.00252653 9.99736E-05 9.99736E-05
0.0865819 9.99737E-05 9.99737E-05 0.42198 0.491139 9.99737E-05
0.764971 0.0399483 0.0910602 0.103821 9.99823E-05 9.99823E-05
9.99737E-05 9.99737E-05 0.416635 0.178108 9.99737E-05 0.404957
0.157928 0.622163 9.99825E-05 9.99825E-05 0.000486141 0.219223
0.154929 0.217352 0.572332 9.99824E-05 9.99824E-05 0.0551869
0.154487 0.845113 9.99649E-05 9.99649E-05 9.99649E-05 9.99649E-05
9.99737E-05 0.0299579 0.401479 9.99737E-05 9.99737E-05 0.568263
0.590812 9.99737E-05 9.99737E-05 9.99737E-05 0.226076 0.182812
0.165412 0.600327 0.160656 9.99824E-05 9.99824E-05 0.0734047
9.99735E-05 0.239532 9.99735E-05 0.285619 9.99735E-05 0.474549
9.99736E-05 0.33324 0.0239628 0.642497 9.99736E-05 9.99736E-05
9.99736E-05 0.452649 0.217865 9.99736E-05 9.99736E-05 0.329186
0.646351 0.0396898 9.99824E-05 9.99824E-05 0.146244 0.167515
9.99736E-05 0.236735 9.99736E-05 0.655065 0.1079 9.99736E-05
9.99735E-05 0.583292 9.99735E-05 9.99735E-05 0.29331 0.123098
0.322528 0.184975 0.362746 0.107379 0.0222726 9.99912E-05
9.99649E-05 0.66328 9.99649E-05 0.33632 9.99649E-05 9.99649E-05
0.0353578 9.99736E-05 0.0929889 0.871353 9.99736E-05 9.99736E-05
9.99651E-05 9.99651E-05 9.99651E-05 0.542214 9.99651E-05 0.457386
0.134114 9.99735E-05 0.346624 9.99735E-05 9.99735E-05 0.518962
9.99736E-05 0.203476 9.99736E-05 0.676852 9.99736E-05 0.119372
9.99735E-05 9.99735E-05 0.133007 0.626615 0.240078 9.99735E-05
9.99913E-05 0.141211 0.423932 0.252232 0.0821251 0.1004
9.99738E-05 0.260892 0.420224 9.99738E-05 9.99738E-05 0.318584
0.0417606 9.99735E-05 0.346437 0.611502 9.99735E-05 9.99735E-05
9.99651E-05 9.99651E-05 9.99651E-05 0.724463 0.275138 9.99651E-05
0.223106 9.99738E-05 0.624408 0.152186 9.99738E-05 9.99738E-05
0.505298 0.0659944 0.226632 0.0863403 0.115635 9.99912E-05
9.99824E-05 0.221317 9.99824E-05 0.122322 0.212696 0.443466
9.99824E-05 0.340885 9.99824E-05 0.197567 0.249765 0.211584
9.99735E-05 0.119534 9.99735E-05 9.99735E-05 0.249835 0.630331
0.00344791 0.724214 9.99824E-05 9.99824E-05 0.196936 0.0752021
0.0680225 0.368659 0.417009 0.14611 9.99826E-05 9.99826E-05
0.193844 9.99824E-05 0.580699 0.00833292 9.99824E-05 0.216924
0.265217 9.99825E-05 0.0642929 0.209959 0.46033 9.99825E-05
0.412751 9.99738E-05 0.407031 9.99738E-05 9.99738E-05 0.179918
9.99735E-05 0.278353 9.99735E-05 0.508257 9.99735E-05 0.21309
9.99824E-05 0.155109 0.487119 0.34282 0.0147518 9.99824E-05
0.332493 0.119851 0.0965138 0.1407 0.269747 0.040695
9.996E-05 9.996E-05 9.996E-05 9.996E-05 0.9995 9.996E-05
0.9995 9.996E-05 9.996E-05 9.996E-05 9.996E-05 9.996E-05
9.99823E-05 0.164591 0.377913 0.356027 9.99823E-05 0.10127
0.22631 0.267741 0.329003 9.99824E-05 0.176746 9.99824E-05
0.100098 9.99825E-05 0.170305 0.177865 9.99825E-05 0.551532
0.405799 9.99738E-05 9.99738E-05 0.079229 0.514672 9.99738E-05
0.241252 0.188872 9.99912E-05 0.238067 0.148961 0.182749
0.281658 9.99737E-05 0.322357 0.395685 9.99737E-05 9.99737E-05
0.0878945 9.99647E-05 0.911706 9.99647E-05 9.99647E-05 9.99647E-05
9.99737E-05 0.00422301 0.809872 9.99737E-05 0.185605 9.99737E-05
0.0474039 9.99825E-05 9.99825E-05 0.0146778 0.373831 0.563887
9.99736E-05 0.339712 0.304139 9.99736E-05 0.35585 9.99736E-05
9.99648E-05 9.99648E-05 9.99648E-05 0.992962 0.00663849 9.99648E-05
9.9965E-05 9.9965E-05 9.9965E-05 9.9965E-05 0.912014 0.0875862
0.785199 9.99735E-05 0.0790721 9.99735E-05 0.135429 9.99735E-05
0.718636 9.99649E-05 0.280964 9.99649E-05 9.99649E-05 9.99649E-05
9.996E-05 9.996E-05 0.9995 9.996E-05 9.996E-05 9.996E-05
9.99735E-05 0.0493619 9.99735E-05 9.99735E-05 0.721132 0.229206
9.99646E-05 9.99646E-05 0.385719 9.99646E-05 9.99646E-05 0.613882
0.664748 9.99824E-05 0.182417 0.0249063 9.99824E-05 0.12773
0.532186 0.371927 9.9974E-05 9.9974E-05 0.0955869 9.9974E-05
0.313483 9.99735E-05 9.99735E-05 0.546965 0.139253 9.99735E-05
9.99648E-05 9.99648E-05 0.782409 0.217191 9.99648E-05 9.99648E-05
0.437221 9.99738E-05 9.99738E-05 0.210891 0.351588 9.99738E-05
0.31654 0.15636 0.17592 0.166438 9.99912E-05 0.184642
9.9965E-05 0.587098 0.412503 9.9965E-05 9.9965E-05 9.9965E-05
0.14426 0.436116 9.99736E-05 9.99736E-05 9.99736E-05 0.419324
0.216103 0.640228 9.99736E-05 0.14337 9.99736E-05 9.99736E-05
9.9965E-05 9.9965E-05 0.368718 0.630882 9.9965E-05 9.9965E-05
0.199485 0.119246 9.99736E-05 0.680969 9.99736E-05 9.99736E-05
9.99739E-05 0.235716 0.432317 9.99739E-05 9.99739E-05 0.331667
0.805423 0.0253132 0.0968954 0.072168 9.99825E-05 9.99825E-05
0.340858 0.140763 0.450766 9.99823E-05 9.99823E-05 0.0674128
0.271778 0.727823 9.99647E-05 9.99647E-05 9.99647E-05 9.99647E-05
0.57164 0.117381 0.156905 0.153874 9.99824E-05 9.99824E-05
0.420064 0.579536 9.99647E-05 9.99647E-05 9.99647E-05 9.99647E-05
9.9965E-05 9.9965E-05 0.0335351 0.966065 9.9965E-05 9.9965E-05
0.331016 9.99823E-05 0.317194 0.211801 0.139789 9.99823E-05
0.151596 9.99825E-05 0.46315 0.131792 9.99825E-05 0.253262
0.237136 0.415694 9.99825E-05 9.99825E-05 0.314555 0.0324143
0.103557 0.0805297 0.80451 9.99823E-05 0.0112034 9.99823E-05
0.367647 9.99737E-05 9.99737E-05 0.222771 9.99737E-05 0.409283
0.220482 9.99912E-05 0.241163 0.149877 0.220233 0.168145
9.99737E-05 9.99737E-05 0.457677 0.283258 9.99737E-05 0.258765
9.99824E-05 0.267168 0.0424168 9.99824E-05 0.00313764 0.687077
0.0420148 9.99737E-05 0.769932 0.187753 9.99737E-05 9.99737E-05
9.99653E-05 9.99653E-05 0.894742 9.99653E-05 9.99653E-05 0.104858
0.495654 9.99648E-05 9.99648E-05 9.99648E-05 0.503947 9.99648E-05
9.99649E-05 9.99649E-05 9.99649E-05 0.713772 9.99649E-05 0.285829
0.016846 9.99913E-05 0.59466 0.085308 0.130972 0.172115
0.352314 9.99736E-05 0.452531 9.99736E-05 0.194856 9.99736E-05
9.99825E-05 9.99825E-05 0.220578 0.529024 0.120836 0.129362
9.99736E-05 0.334994 9.99736E-05 9.99736E-05 0.16044 0.504266
9.99824E-05 9.99824E-05 0.587405 0.0317854 0.168569 0.212041
9.99827E-05 0.378588 0.166069 9.99827E-05 0.339472 0.115671
0.0974113 9.99739E-05 0.887217 9.99739E-05 0.0150717 9.99739E-05
9.99737E-05 0.738587 0.21346 0.0476532 9.99737E-05 9.99737E-05
0.580031 0.320757 9.99737E-05 9.99737E-05 9.99737E-05 0.0989115
9.996E-05 9.996E-05 0.9995 9.996E-05 9.996E-05 9.996E-05
0.0284522 9.99738E-05 9.99738E-05 0.549352 9.99738E-05 0.421896
0.664528 0.0878312 0.168015 0.0794257 9.99826E-05 9.99826E-05
0.401572 9.99824E-05 9.99824E-05 0.11021 0.355738 0.13228
9.99649E-05 9.99649E-05 9.99649E-05 9.99649E-05 0.761582 0.238018
9.99736E-05 0.469204 0.517208 9.99736E-05 0.0132877 9.99736E-05
0.128738 0.243902 9.99735E-05 9.99735E-05 0.62706 9.99735E-05
9.996E-05 9.996E-05 0.9995 9.996E-05 9.996E-05 9.996E-05
0.313671 0.527652 0.158378 9.99736E-05 9.99736E-05 9.99736E-05
9.99737E-05 0.0504304 0.179827 9.99737E-05 9.99737E-05 0.769443
9.99652E-05 0.838724 9.99652E-05 0.160876 9.99652E-05 9.99652E-05
9.99646E-05 9.99646E-05 0.917228 0.0823721 9.99646E-05 9.99646E-05
9.99651E-05 0.610377 9.99651E-05 9.99651E-05 9.99651E-05 0.389224
0.119328 9.99823E-05 0.290509 0.261098 9.99823E-05 0.328866
0.00343957 0.09904 0.398924 0.0704124 0.163181 0.265003
9.99648E-05 0.517488 0.482112 9.99648E-05 9.99648E-05 9.99648E-05
0.782512 9.99736E-05 9.99736E-05 9.99736E-05 0.190985 0.0262032
9.99737E-05 0.44887 9.99737E-05 0.154176 0.396654 9.99737E-05
0.560538 9.99737E-05 0.313437 9.99737E-05 9.99737E-05 0.125724
0.273335 0.596012 9.99735E-05 9.99735E-05 9.99735E-05 0.130353
9.99737E-05 0.197832 0.320164 9.99737E-05 9.99737E-05 0.481704
9.99649E-05 0.725871 0.27373 9.99649E-05 9.99649E-05 9.99649E-05
0.515229 9.9965E-05 9.9965E-05 0.484371 9.9965E-05 9.9965E-05
0.180764 9.99735E-05 9.99735E-05 0.512253 9.99735E-05 0.306683
0.137061 0.28034 9.99737E-05 9.99737E-05 9.99737E-05 0.5823
0.290409 0.215271 9.99824E-05 0.203008 0.291113 9.99824E-05
9.996E-05 9.996E-05 9.996E-05 9.996E-05 9.996E-05 0.9995
9.99737E-05 9.99737E-05 9.99737E-05 0.605434 0.185909 0.208357
0.511831 0.0248022 0.320575 9.99823E-05 0.142592 9.99823E-05
9.996E-05 9.996E-05 9.996E-05 9.996E-05 9.996E-05 0.9995
0.662647 0.0834285 0.242905 9.99828E-05 9.99828E-05 0.0108187
0.155344 0.345751 0.0153696 9.99825E-05 0.483335 9.99825E-05
9.99738E-05 9.99738E-05 0.182425 0.09691 0.720365 9.99738E-05
0.625406 9.99823E-05 0.128854 0.0759963 9.99823E-05 0.169545
9.99825E-05 0.302266 0.326704 0.316625 9.99825E-05 0.0542045
9.99737E-05 9.99737E-05 0.649244 9.99737E-05 0.0760175 0.274439
9.99735E-05 0.136717 0.0494605 9.99735E-05 9.99735E-05 0.813523
0.361151 0.101918 0.211026 0.189704 9.99912E-05 0.136101
0.140228 0.585203 0.274269 9.99737E-05 9.99737E-05 9.99737E-05
0.158394 0.197043 9.99913E-05 0.0319326 0.0982966 0.514234
0.108849 0.692435 0.198416 9.99737E-05 9.99737E-05 9.99737E-05
0.396945 0.327979 9.99825E-05 0.0455602 9.99825E-05 0.229316
0.259423 0.740177 9.99649E-05 9.99649E-05 9.99649E-05 9.99649E-05
9.996E-05 0.9995 9.996E-05 9.996E-05 9.996E-05 9.996E-05
9.99738E-05 0.258452 0.347433 0.393815 9.99738E-05 9.99738E-05
0.179459 0.152823 9.99826E-05 0.29625 9.99826E-05 0.371268
0.220546 9.99912E-05 0.279084 0.339346 0.152778 0.00814534
9.99737E-05 9.99737E-05 0.718575 9.99737E-05 0.0613065 0.219819
0.413924 0.0661547 0.0146669 9.99825E-05 0.505054 9.99825E-05
0.076306 9.99823E-05 0.141793 9.99823E-05 0.310059 0.471642
0.186541 9.99737E-05 0.678147 0.135013 9.99737E-05 9.99737E-05
0.653052 9.99739E-05 9.99739E-05 9.99739E-05 0.122558 0.224091
0.467716 0.531884 9.9965E-05 9.9965E-05 9.9965E-05 9.9965E-05
0.0562875 9.99738E-05 0.210379 9.99738E-05 9.99738E-05 0.733034
9.99823E-05 0.144595 0.238265 0.50116 9.99823E-05 0.11578
0.486906 9.99737E-05 0.247628 9.99737E-05 0.265167 9.99737E-05
0.495087 9.99823E-05 0.120101 0.333445 9.99823E-05 0.0511671
9.99823E-05 0.164192 9.99823E-05 0.228191 0.0356875 0.571729
0.40581 9.99737E-05 9.99737E-05 0.334027 0.259863 9.99737E-05
0.0814037 0.326694 9.99736E-05 0.591603 9.99736E-05 9.99736E-05
9.99648E-05 9.99648E-05 0.823674 0.175926 9.99648E-05 9.99648E-05
0.0911602 9.99823E-05 0.660301 9.99823E-05 0.0569123 0.191427
9.99913E-05 0.0985854 0.147278 0.526517 0.224237 0.00328345
9.99736E-05 0.328818 9.99736E-05 0.493152 0.17773 9.99736E-05
0.0778216 9.99737E-05 0.826131 9.99737E-05 0.0957471 9.99737E-05
0.337146 0.0626715 9.99736E-05 9.99736E-05 0.599882 9.99736E-05
0.331091 9.9965E-05 9.9965E-05 9.9965E-05 9.9965E-05 0.668509
0.509132 0.116809 0.0874605 9.99824E-05 9.99824E-05 0.286398
9.99738E-05 9.99738E-05 9.99738E-05 0.499232 0.0218006 0.478667
9.99824E-05 0.15897 0.745239 0.000559215 9.99824E-05 0.0950324
9.99652E-05 9.99652E-05 9.99652E-05 0.751986 9.99652E-05 0.247614
0.478383 0.312092 9.99736E-05 9.99736E-05 0.209225 9.99736E-05
0.110221 9.9965E-05 0.88938 9.9965E-05 9.9965E-05 9.9965E-05
0.122108 9.99825E-05 0.432605 9.99825E-05 0.00900236 0.436085
0.153966 0.0545842 0.735735 9.99823E-05 9.99823E-05 0.0555156
9.99739E-05 0.0899664 0.760382 9.99739E-05 9.99739E-05 0.149352
9.99647E-05 0.215469 9.99647E-05 9.99647E-05 0.784131 9.99647E-05
9.99648E-05 9.99648E-05 9.99648E-05 9.99648E-05 0.639621 0.359979
0.234195 0.0143197 0.539971 9.99826E-05 0.211315 9.99826E-05
9.99652E-05 9.99652E-05 9.99652E-05 0.646131 9.99652E-05 0.353469
0.646071 0.000264809 9.99825E-05 9.99825E-05 0.285578 0.0678861
9.9965E-05 0.407614 9.9965E-05 9.9965E-05 9.9965E-05 0.591986
9.99736E-05 0.383368 0.558772 9.99736E-05 0.0575598 9.99736E-05
0.259982 9.99737E-05 0.148357 0.591362 9.99737E-05 9.99737E-05
9.99824E-05 0.337774 9.99824E-05 0.069896 0.523768 0.0683619
0.14327 0.611588 0.22618 0.0179958 9.99912E-05 0.000866532
0.0724506 0.130593 0.0644923 0.732264 9.99824E-05 9.99824E-05
9.9965E-05 0.451813 9.9965E-05 0.547787 9.9965E-05 9.9965E-05
0.496153 9.99648E-05 9.99648E-05 0.503447 9.99648E-05 9.99648E-05
0.47713 9.99738E-05 0.45311 9.99738E-05 9.99738E-05 0.0694603
9.9965E-05 9.9965E-05 0.784408 9.9965E-05 9.9965E-05 0.215192
9.99736E-05 9.99736E-05 0.0332148 0.364593 9.99736E-05 0.601892
9.99647E-05 0.440968 9.99647E-05 0.558632 9.99647E-05 9.99647E-05
9.99735E-05 0.338408 9.99735E-05 0.621011 9.99735E-05 0.0402813
9.99648E-05 9.99648E-05 0.520184 9.99648E-05 0.479416 9.99648E-05
9.99737E-05 0.387969 9.99737E-05 9.99737E-05 0.203449 0.408281
9.99741E-05 9.99741E-05 0.613839 0.275172 9.99741E-05 0.110689
9.9965E-05 0.145223 9.9965E-05 9.9965E-05 0.854378 9.9965E-05
9.99738E-05 0.250676 0.665757 9.99738E-05 9.99738E-05 0.0832673
0.398473 9.99739E-05 0.150096 9.99739E-05 0.451131 9.99739E-05
0.0253482 0.0884213 0.261709 0.594009 9.99912E-05 0.030412
0.42436 9.9965E-05 9.9965E-05 9.9965E-05 9.9965E-05 0.57524
9.99648E-05 0.0477649 0.951835 9.99648E-05 9.99648E-05 9.99648E-05
9.9965E-05 9.9965E-05 0.536197 9.9965E-05 9.9965E-05 0.463403
0.100649 0.49128 0.26923 0.126833 9.99912E-05 0.011908
0.2691 0.199591 9.99737E-05 0.531008 9.99737E-05 9.99737E-05
0.106384 0.148594 0.26553 9.99913E-05 0.238504 0.240888
0.385642 0.232376 9.99735E-05 9.99735E-05 9.99735E-05 0.381682
9.99737E-05 9.99737E-05 0.788954 9.99737E-05 0.0340617 0.176684
9.99648E-05 9.99648E-05 0.965771 9.99648E-05 0.0338289 9.99648E-05
0.0306163 9.99735E-05 0.963726 9.99735E-05 9.99735E-05 0.00535807
0.45229 0.456015 0.0123435 9.99912E-05 0.0605173 0.0187338
9.996E-05 9.996E-05 9.996E-05 0.9995 9.996E-05 9.996E-05
0.0197447 0.17999 0.311899 0.0319201 0.456347 9.99912E-05
9.99735E-05 0.19865 9.99735E-05 0.464157 9.99735E-05 0.336893
9.99651E-05 0.570005 9.99651E-05 9.99651E-05 0.429595 9.99651E-05
0.161925 9.99738E-05 0.432352 0.405423 9.99738E-05 9.99738E-05
0.0814401 0.610395 0.183704 9.99912E-05 0.022838 0.101523
0.361316 0.162634 0.22623 9.99825E-05 9.99825E-05 0.24962
9.99649E-05 9.99649E-05 0.258823 9.99649E-05 9.99649E-05 0.740777
0.0806132 0.15394 0.683261 9.99823E-05 0.0819862 9.99823E-05
0.142244 0.203403 9.99825E-05 9.99825E-05 0.139849 0.514305
9.99824E-05 9.99824E-05 0.257625 0.106107 0.326255 0.309814
0.29455 9.99823E-05 0.422278 0.116868 0.166104 9.99823E-05
0.613567 9.99649E-05 0.386033 9.99649E-05 9.99649E-05 9.99649E-05
0.057008 0.238628 0.589081 9.99825E-05 9.99825E-05 0.115083
9.99737E-05 0.370738 0.103952 0.52501 9.99737E-05 9.99737E-05
9.99737E-05 0.221609 0.736584 0.0415072 9.99737E-05 9.99737E-05
0.330658 0.159442 0.205897 0.0258135 0.278089 9.99912E-05
9.99649E-05 0.694887 9.99649E-05 9.99649E-05 9.99649E-05 0.304713
9.99737E-05 0.595251 9.99737E-05 9.99737E-05 0.209203 0.195246
9.9965E-05 9.9965E-05 0.797558 9.9965E-05 0.202042 9.9965E-05
9.996E-05 9.996E-05 0.9995 9.996E-05 9.996E-05 9.996E-05
9.99736E-05 0.471356 0.431492 9.99736E-05 0.0968528 9.99736E-05
0.42265 9.99738E-05 0.106317 9.99738E-05 9.99738E-05 0.470733
