0.26976 0.66537 9.998E-05 9.998E-05 0.0646695
9.9973E-05 0.951747 9.9973E-05 9.9973E-05 0.0479534
0.535784 0.416021 9.9982E-05 9.9982E-05 0.0479949
0.240135 0.330063 0.429602 9.9982E-05 9.9982E-05
9.9982E-05 0.0775156 9.9982E-05 0.895893 0.0263917
0.10909 9.9973E-05 0.89061 9.9973E-05 9.9973E-05
0.547041 9.999E-05 0.0570428 0.308624 0.0871916
9.99731E-05 0.984494 9.99731E-05 0.0152061 9.99731E-05
9.99731E-05 9.99731E-05 0.622743 9.99731E-05 0.376957
9.997E-05 9.997E-05 9.997E-05 0.9996 9.997E-05
9.997E-05 9.997E-05 9.997E-05 0.9996 9.997E-05
9.9973E-05 0.961221 0.0384791 9.9973E-05 9.9973E-05
0.171051 9.999E-05 0.0957224 0.489541 0.243586
0.818309 0.0177539 0.00531533 0.156123 0.00249829
9.9973E-05 9.9973E-05 9.9973E-05 0.773969 0.225731
0.13544 9.99731E-05 9.99731E-05 9.99731E-05 0.86426
0.0283301 0.815751 0.101618 0.0542007 9.9991E-05
0.121912 9.9991E-05 0.26941 0.263459 0.345118
9.997E-05 9.997E-05 0.9996 9.997E-05 9.997E-05
9.997E-05 9.997E-05 9.997E-05 9.997E-05 0.9996
9.9982E-05 0.0490116 0.0450764 9.9982E-05 0.905712
9.999E-05 0.140505 0.406072 0.0280398 0.425284
0.0922855 9.9991E-05 0.0517212 0.10519 0.750703
0.193843 0.386673 0.186577 0.0786687 0.154237
0.881034 9.9982E-05 0.0636985 9.9982E-05 0.0550672
9.9973E-05 9.9973E-05 9.9973E-05 0.483259 0.516441
0.379376 0.529237 0.0911866 9.99821E-05 9.99821E-05
0.06132 9.9991E-05 0.590998 0.24541 0.102172
9.997E-05 0.9996 9.997E-05 9.997E-05 9.997E-05
9.99731E-05 0.313559 0.686141 9.99731E-05 9.99731E-05
0.888208 9.9973E-05 9.9973E-05 0.111492 9.9973E-05
0.9996 9.997E-05 9.997E-05 9.997E-05 9.997E-05
0.220001 9.997E-05 9.997E-05 0.7797 9.997E-05
0.105989 9.9973E-05 0.893711 9.9973E-05 9.9973E-05
0.074191 0.754752 0.170858 9.9982E-05 9.9982E-05
0.0387282 9.9982E-05 0.156826 9.9982E-05 0.804246
9.99731E-05 9.99731E-05 0.82819 9.99731E-05 0.17151
0.0340813 9.9991E-05 0.924995 0.0185187 0.0223051
0.201251 0.202435 0.0721832 0.524031 9.999E-05
9.99821E-05 0.0764763 0.893852 0.0294721 9.99821E-05
9.997E-05 0.167922 0.831778 9.997E-05 9.997E-05
9.99731E-05 0.881169 0.118531 9.99731E-05 9.99731E-05
9.99731E-05 9.99731E-05 9.99731E-05 0.0235745 0.976126
0.9996 9.997E-05 9.997E-05 9.997E-05 9.997E-05
9.99731E-05 9.99731E-05 9.99731E-05 0.486029 0.513671
0.00309758 0.985963 9.9982E-05 9.9982E-05 0.0107396
9.9973E-05 9.9973E-05 0.188538 9.9973E-05 0.811163
9.99731E-05 9.99731E-05 0.816813 9.99731E-05 0.182887
9.99821E-05 0.0933075 9.99821E-05 0.250043 0.65645
9.998E-05 9.998E-05 0.328093 0.0159327 0.655775
