0.0218716 9.9991E-05 0.745235 0.156941 0.0758525
9.9973E-05 9.9973E-05 0.97092 9.9973E-05 0.0287798
9.9982E-05 9.9982E-05 0.383888 0.55934 0.0565715
0.0366142 0.178185 0.631659 0.13519 0.0183514
0.968002 0.0316977 9.9973E-05 9.9973E-05 9.9973E-05
9.9973E-05 0.873533 9.9973E-05 0.126167 9.9973E-05
0.234916 9.9982E-05 9.9982E-05 0.66728 0.097604
9.99731E-05 9.99731E-05 0.949609 0.0500912 9.99731E-05
9.9973E-05 0.452303 9.9973E-05 9.9973E-05 0.547397
0.9996 9.997E-05 9.997E-05 9.997E-05 9.997E-05
0.656488 9.99731E-05 9.99731E-05 0.343212 9.99731E-05
9.9973E-05 0.0917565 0.907944 9.9973E-05 9.9973E-05
0.603624 0.158536 0.00379473 0.0992335 0.134811
0.107794 0.0538988 0.033895 0.804313 9.9991E-05
0.895581 9.99731E-05 9.99731E-05 9.99731E-05 0.104119
9.99731E-05 9.99731E-05 9.99731E-05 0.0841537 0.915546
0.0219838 0.0586951 0.919121 9.9982E-05 9.9982E-05
0.317236 0.230087 9.9991E-05 0.0981893 0.354388
9.997E-05 0.9996 9.997E-05 9.997E-05 9.997E-05
9.997E-05 9.997E-05 9.997E-05 9.997E-05 0.9996
0.0905718 0.0123895 0.107784 9.9991E-05 0.789155
9.9982E-05 0.266117 0.243771 9.9982E-05 0.489912
0.105126 9.9982E-05 9.9982E-05 0.0889145 0.805759
0.125642 0.0844286 0.521242 0.12365 0.145037
9.9973E-05 0.0842488 9.9973E-05 0.915451 9.9973E-05
0.68152 9.9973E-05 9.9973E-05 9.9973E-05 0.31818
9.998E-05 0.0417564 0.632444 0.325599 9.998E-05
0.319704 0.658488 0.00899508 0.0127128 9.9991E-05
9.997E-05 9.997E-05 0.9996 9.997E-05 9.997E-05
0.0159859 0.588337 0.395477 9.99821E-05 9.99821E-05
9.997E-05 9.997E-05 9.997E-05 0.9996 9.997E-05
9.997E-05 9.997E-05 9.997E-05 0.9996 9.997E-05
0.762675 9.9973E-05 9.9973E-05 0.237025 9.9973E-05
9.99821E-05 0.904946 9.99821E-05 0.0542699 0.0405842
9.9982E-05 0.134211 0.837298 0.028291 9.9982E-05
9.9973E-05 0.0683952 9.9973E-05 9.9973E-05 0.931305
9.9973E-05 0.7386 9.9973E-05 9.9973E-05 0.2611
0.0384271 0.940086 9.9982E-05 0.0212874 9.9982E-05
0.350518 0.123701 0.0440507 0.48163 9.9991E-05
0.0586374 0.925832 0.015331 9.99821E-05 9.99821E-05
9.9973E-05 0.82601 0.17369 9.9973E-05 9.9973E-05
9.9973E-05 0.0980008 0.901699 9.9973E-05 9.9973E-05
0.163762 9.99731E-05 9.99731E-05 9.99731E-05 0.835938
9.997E-05 9.997E-05 9.997E-05 0.9996 9.997E-05
0.791121 9.997E-05 9.997E-05 9.997E-05 0.208579
9.99731E-05 9.99731E-05 0.958499 9.99731E-05 0.0412013
9.997E-05 0.177451 9.997E-05 9.997E-05 0.822249
9.99731E-05 0.762055 9.99731E-05 9.99731E-05 0.237645
0.565005 9.99821E-05 0.119631 9.99821E-05 0.315164
0.0440976 0.317454 9.9982E-05 9.9982E-05 0.638248
